1.000000000000000000e+00 0.000000000000000000e+00 0.000000000000000000e+00 0.000000000000000000e+00 0.000000000000000000e+00 1.000000000000000000e+00 0.000000000000000000e+00 0.000000000000000000e+00 0.000000000000000000e+00 0.000000000000000000e+00 1.000000000000000000e+00 0.000000000000000000e+00
9.999999995969379718e-01 2.445824693239736632e-05 -1.441936943031328596e-05 -5.761853747959144213e-03 -2.445783138483984776e-05 9.999999992856635211e-01 2.881817725320425864e-05 2.467926568531920821e-03 1.442007426210840437e-05 -2.881782457508254625e-05 9.999999994807972081e-01 1.373867411082750492e-03
9.999999879963147320e-01 1.249787102051147514e-04 -9.158434537637265239e-05 2.796529006579763499e-03 -1.249760077099543155e-04 9.999999917549784456e-01 2.951339412703464171e-05 3.228408344901814459e-03 9.158803316718953989e-05 -2.950194792691127952e-05 9.999999953706336653e-01 -4.070154608979074939e-03
9.999999983636920220e-01 -1.068107059387352862e-05 -5.620080686382745788e-05 -8.519003696829280728e-03 1.068461820820160838e-05 9.999999979506009051e-01 6.312398224329379335e-05 -3.790949079644848063e-04 5.620013251693906965e-05 -6.312458262416785146e-05 9.999999964284160825e-01 -4.478580889623277189e-04
9.999999991031375268e-01 -1.867901454025849161e-05 -3.801077989812815108e-05 -2.061955182940652942e-03 1.868003502943940236e-05 9.999999994651425084e-01 2.684718442599595483e-05 -2.788004628525853935e-03 3.801027839884953667e-05 -2.684789444461771891e-05 9.999999989172047021e-01 -1.540552754131750690e-04
9.999999974505446865e-01 -4.460851669351541721e-05 -5.575832486498239203e-05 -4.608216335320060829e-03 4.461035594606880438e-05 9.999999984609416748e-01 3.298534310075764727e-05 1.980756780857306082e-04 5.575685335193871964e-05 -3.298783041538217727e-05 9.999999979014881912e-01 -2.112074663336176595e-03
9.999999782130877257e-01 2.087065989931735470e-04 -3.921682486180007491e-06 -7.558892039186355764e-03 -2.087066986865296022e-04 9.999999778972139541e-01 -2.543787753395116520e-05 2.967531414368404855e-03 3.916373346594182578e-06 2.543869546114334805e-05 9.999999996687674031e-01 6.284167529169246841e-05
9.999999851095120462e-01 1.400269071761253887e-04 -1.008634771815602159e-04 -9.605598944634509417e-04 -1.400240700336749446e-04 9.999999898008392618e-01 2.813505343571178207e-05 2.684905122628754824e-03 1.008674158173532417e-04 -2.812092970217439894e-05 9.999999945174888882e-01 -2.642870803503520518e-03
9.999999987149645886e-01 4.305767172889819056e-05 -2.676018925524572650e-05 -6.080853966502459441e-03 -4.305744068578673577e-05 9.999999990357523183e-01 8.634353117896704599e-06 -9.607455377604254276e-04 2.676056100458441595e-05 -8.633200881539657297e-06 9.999999996046701201e-01 -1.137654903533080047e-03
9.999999990225666435e-01 -4.035738057101750307e-05 -1.805958099566092165e-05 -1.948581450523238084e-03 4.035783444563830581e-05 9.999999988698036191e-01 2.513240952761103736e-05 -3.071521020556998178e-03 1.805856669703407528e-05 -2.513313834862576651e-05 9.999999995211067416e-01 -5.865629279844984884e-04
9.999999836720150359e-01 1.696079374859713713e-04 -6.236278657041150267e-05 -2.616784838007424775e-03 -1.696075225250284312e-04 9.999999855944714522e-01 6.659211732795985144e-06 4.035394762785653525e-03 6.236391512720989021e-05 -6.648634426336512121e-06 9.999999980332688887e-01 -1.333778459807235563e-03
9.999999919455994091e-01 1.242324229274917736e-04 -2.598280804931560315e-05 -2.733023761198662051e-03 -1.242324759341876487e-04 9.999999922810682840e-01 -2.038464019371746321e-06 3.446103247400801074e-03 2.598255460543190509e-05 2.041691911528829626e-06 9.999999996603691210e-01 -2.191903489778251196e-03
9.999999917116930703e-01 1.266228262038917142e-04 -2.330823285250433871e-05 2.199175306733305683e-03 -1.266234750991532937e-04 9.999999915957045182e-01 -2.784037499089026931e-05 8.765994439930285820e-04 2.330470742965113666e-05 2.784332612958290108e-05 9.999999993408199561e-01 -6.502883299331968167e-04
9.999999438408961883e-01 -1.180163188281291298e-04 3.136723656897257083e-04 -2.426955885571409344e-02 1.180887920185705450e-04 9.999999663380217951e-01 -2.310389414894493151e-04 1.788379113644467631e-03 -3.136450887655128808e-04 2.310759697052633182e-04 9.999999241153243457e-01 2.095754858118514634e-03
9.999993678003328279e-01 1.423752736435563598e-04 -1.115404956126730919e-03 -9.569431342089987358e-02 -1.434419857618536120e-04 9.999995324347428216e-01 -9.563235291307161561e-04 2.792906459834875593e-02 1.115268277777974005e-03 9.564829204451347515e-04 9.999989206579632528e-01 -9.608370063589929955e-03
9.999984394036056656e-01 8.487804752558070274e-05 -1.764648993479595203e-03 -1.241315476435928544e-01 -8.575820132020103024e-05 9.999998719718063978e-01 -4.987002121755608995e-04 4.040872409823063893e-02 1.764606438854462046e-03 4.988507670294502726e-04 9.999983186546006486e-01 1.887044175444656247e-03
9.999972817107685152e-01 -9.028883298131666786e-05 -2.329896778935437989e-03 -1.334730682919054723e-01 9.025811986697905630e-05 9.999999958384594434e-01 -1.328732094578597446e-05 3.509519879403801002e-02 2.329897968936180033e-03 1.307699272425368868e-05 9.999972856985396286e-01 -1.110393564159588287e-03
9.999963687244474153e-01 9.422692462646851854e-05 -2.693261815275004804e-03 -8.372270399187320411e-02 -9.403110876143065601e-05 9.999999929267979759e-01 7.283237385451617532e-05 3.231732707327546888e-02 2.693268658995621057e-03 -7.257885898542241912e-05 9.999963705115332280e-01 -9.744507672010318394e-03
9.999961995503762191e-01 4.843402392949645277e-04 -2.714092728101740338e-03 -3.726473838134181094e-02 -4.841068497293615704e-04 9.999998790663302550e-01 8.664804036369375248e-05 4.515530452665904998e-02 2.714134367009150926e-03 -8.533380018170665245e-05 9.999963130895935803e-01 -1.808694418843468862e-02
9.999967315961574288e-01 6.068910187961426214e-04 -2.483642545538866566e-03 -4.831875709399240104e-03 -6.063111794098062415e-04 9.999997887662924745e-01 2.342095730844520249e-04 4.659004036440229923e-02 2.483784160596264317e-03 -2.327029473519653436e-04 9.999968883279496401e-01 -1.797065905753971946e-02
9.999970771928624602e-01 1.462189108146107327e-04 -2.413343274859841570e-03 -1.679846000934588982e-02 -1.456238341965195851e-04 9.999999589536794353e-01 2.467515719492738811e-04 3.662130517805064350e-02 2.413379255547072437e-03 -2.463994104411007134e-04 9.999970574396204182e-01 -1.457226613043910088e-02
9.999968727376968847e-01 1.041346750771353629e-04 -2.498733838547824437e-03 -1.263473380161824963e-02 -1.038680982263372361e-04 9.999999889010611209e-01 1.068143047828340730e-04 4.444204956704428389e-02 2.498744933887452405e-03 -1.065544320147015291e-04 9.999968724550634125e-01 -1.162582271027647399e-02
9.999970413125907065e-01 -2.121806749730616802e-05 -2.432471142372094868e-03 -1.096026370192636559e-02 2.130396629826670273e-05 9.999999991504672225e-01 3.528748428456750854e-05 4.384544083045586321e-02 2.432470391573407758e-03 -3.533920116317064967e-05 9.999970409150894524e-01 -8.368840021243866695e-03
9.999972830573872207e-01 -2.328409372617252083e-04 -2.319410041733610973e-03 -9.588811577494400426e-03 2.329764514503253380e-04 9.999999711699182336e-01 5.815613252836531328e-05 5.661831618238682279e-02 2.319396433736424425e-03 -5.869634244247200439e-05 9.999973084738391638e-01 -7.923228652580013506e-04
9.999965341040958355e-01 -5.456287720906077441e-04 -2.575668658621921032e-03 -1.556059521857290281e-02 5.458612692118425128e-04 9.999998470068179879e-01 8.956458727998765966e-05 6.131503731724755046e-02 2.575619395546396764e-03 -9.097023462151597299e-05 9.999966789490581931e-01 3.830953858001649986e-03
9.999920158073531962e-01 4.161538689699611983e-04 -3.974309688943350807e-03 5.008987994490582407e-02 -4.188541028160303460e-04 9.999996820221290772e-01 -6.786139412954547787e-04 8.780461177919043902e-02 3.974026017383610471e-03 6.802731790300901339e-04 9.999918721397764720e-01 -7.370405033035060810e-03
9.999753511286396668e-01 5.391710148453476804e-04 -7.000459254259835083e-03 1.652808329489315331e-01 -5.475045091513742546e-04 9.999991437824968799e-01 -1.188559247796253625e-03 9.674710742351909365e-02 6.999812423648253852e-03 1.192362734160088387e-03 9.999747901308032594e-01 -3.985525682995066932e-02
9.999730847622007035e-01 1.377887676169802498e-04 -7.335582146228871239e-03 2.215832697643362326e-01 -1.444642125891450906e-04 9.999995759818389729e-01 -9.094867967498916888e-04 9.312921968586237997e-02 7.335453718743931151e-03 9.105220467951198431e-04 9.999726806609980923e-01 -3.594956113189608227e-02
9.999728479477797416e-01 -8.720472146740218663e-04 -7.317301474044783476e-03 2.926239263059128293e-01 8.661098494535710663e-04 9.999992931854844169e-01 -8.145442040107054096e-04 7.217115639524569748e-02 7.318006623074223456e-03 8.081845005858509685e-04 9.999728964411374044e-01 -3.084291471695789141e-02
9.999724661274870252e-01 -1.651012459050994361e-03 -7.234718016058635549e-03 3.723575692024666539e-01 1.646910411591692930e-03 9.999984797257124303e-01 -5.729156657694762372e-04 6.391784939935654664e-02 7.235652908205028079e-03 5.609849587569972363e-04 9.999736649646669973e-01 -3.103558785478766763e-02
9.999720583542155428e-01 -1.896057442533925774e-03 -7.231008021565002095e-03 4.648664891548899836e-01 1.892048935365431284e-03 9.999980526287276517e-01 -5.611502282610969332e-04 6.866117253037706814e-02 7.232057913174385136e-03 5.474531277713660157e-04 9.999736984708215148e-01 -3.007254276848984192e-02
9.999703917500559758e-01 -2.171779918529042307e-03 -7.382343477856310489e-03 5.870965891199282360e-01 2.166276376719669314e-03 9.999973698026937141e-01 -7.534151274286846924e-04 5.962542764897870579e-02 7.383960312680446815e-03 7.374006238443694267e-04 9.999724663061582142e-01 -3.331533251520767819e-02
9.999694834580488134e-01 -1.972890120524841990e-03 -7.559091031030645488e-03 7.396852546215690882e-01 1.966783184417912524e-03 9.999977335700973580e-01 -8.152414206978535844e-04 7.510708120276750333e-02 7.560682280625433474e-03 8.003494492195231290e-04 9.999710973444235762e-01 -3.831465916800975285e-02
9.999685409012188941e-01 -2.212953194183014428e-03 -7.617089079666065042e-03 8.805950784885283600e-01 2.209342094135305010e-03 9.999974430163645067e-01 -4.824606139367513570e-04 9.995589310453879828e-02 7.618137265650617475e-03 4.656166806221549584e-04 9.999708731686680618e-01 -4.874210491672437834e-02
9.999695119496641027e-01 -2.353276785532665890e-03 -7.445620156933719508e-03 1.012532488738236092e+00 2.349441520875526161e-03 9.999971028705645359e-01 -5.238081877454708185e-04 1.125036044776742822e-01 7.446831251656691256e-03 5.062991687097087318e-04 9.999721437947465263e-01 -6.064065542268583242e-02
9.999683035180915169e-01 -2.991434886924654226e-03 -7.378568727557450330e-03 1.150487377867221994e+00 2.986681771261828853e-03 9.999953252683271288e-01 -6.551133411670709674e-04 1.136282215488334940e-01 7.380493963632175913e-03 6.330551396623063402e-04 9.999725633986379369e-01 -6.301868547659963959e-02
9.999649372169993056e-01 -3.653459902360319672e-03 -7.535022716919045557e-03 1.327935167760759372e+00 3.648499341780491421e-03 9.999931184275158147e-01 -6.719748249759145003e-04 1.117460299369412852e-01 7.537425897192494284e-03 6.444597382454643301e-04 9.999713855318511646e-01 -7.433515202743296024e-02
9.999711934052242235e-01 -3.961947501242428157e-03 -6.474205104025004993e-03 1.499216762402800551e+00 3.963262429979755308e-03 9.999921281401519257e-01 1.902856826710199725e-04 1.139572840295371148e-01 6.473400238104818662e-03 -2.159391750412330887e-04 9.999790240098188621e-01 -6.846260970086580355e-02
9.999715436867704366e-01 -3.974111662608133949e-03 -6.412351611583861841e-03 1.669914821794537874e+00 3.977017737105069048e-03 9.999919946075240818e-01 4.405119571092398290e-04 1.506341196644779001e-01 6.410549634486251494e-03 -4.660014578588302352e-04 9.999793436346697817e-01 -8.158538012699818875e-02
9.999697407707057728e-01 -3.966962890034620749e-03 -6.691841928539289316e-03 1.866196192338260840e+00 3.975781448941824968e-03 9.999912450043972889e-01 1.305019703189664627e-03 2.065874775782955697e-01 6.686606376759314171e-03 -1.331585515297969806e-03 9.999767578174892924e-01 -8.587169121543894446e-02
9.999669703008186028e-01 -5.063786943415155700e-03 -6.357386978430541909e-03 2.074449126237970731e+00 5.085875784489974835e-03 9.999810699803463043e-01 3.463170291291404849e-03 1.966608494114835126e-01 6.339729876466229132e-03 -3.495388784304701360e-03 9.999737946978111136e-01 -9.737579805372764685e-02
9.999656920416208905e-01 -5.791167213138821539e-03 -5.922594197792166101e-03 2.269150349096330288e+00 5.816600617196947091e-03 9.999738977813238394e-01 4.286130339420016373e-03 2.145469792328562886e-01 5.897617907450396907e-03 -4.320432656105008783e-03 9.999732756252447397e-01 -9.875459515270093580e-02
9.999675718469956953e-01 -5.922228448653838774e-03 -5.457331273191213736e-03 2.506030683750555710e+00 5.951888646118885622e-03 9.999675184098205660e-01 5.434808814426304348e-03 2.311384097913639912e-01 5.424967831019533726e-03 -5.467114001657538171e-03 9.999703397543975303e-01 -9.746529886353534622e-02
9.999667298448630115e-01 -6.569547613307166571e-03 -4.835312557354630794e-03 2.726516798599883273e+00 6.599513463109752363e-03 9.999589549059880733e-01 6.207650551894190391e-03 2.275737182397199188e-01 4.794332635628695619e-03 -6.239354732717897548e-03 9.999690419343482128e-01 -1.028501344270451728e-01
9.999597157193645947e-01 -7.684512412569034605e-03 -4.638448817070131049e-03 2.976260535190261791e+00 7.715233978443885969e-03 9.999481775613463519e-01 6.642089761516464796e-03 2.221576600089490983e-01 4.587167220123088661e-03 -6.677608907629238935e-03 9.999671831796138610e-01 -1.097695053381535085e-01
9.999576304372218560e-01 -8.280232259457528596e-03 -4.021825966628653562e-03 3.241208984062942555e+00 8.305410586552984184e-03 9.999457605418301531e-01 6.284594609813701389e-03 2.232078307926812777e-01 3.969569921941577817e-03 -6.317731250248357668e-03 9.999721640058208960e-01 -1.233634458308642406e-01
9.999471115007616540e-01 -8.781737300640215377e-03 -5.353063727048256587e-03 3.497275825580146602e+00 8.807502707368707051e-03 9.999496504604258318e-01 4.808787802757014639e-03 2.731874786905779673e-01 5.310564691535953757e-03 -4.855680596455666347e-03 9.999741097991499128e-01 -1.310737121796380078e-01
9.999208719312657756e-01 -9.898843081781072417e-03 -7.762910656410111632e-03 3.748328460030142306e+00 9.937883523169013106e-03 9.999380835302313919e-01 5.006753136308648468e-03 2.479309277976698977e-01 7.712868940741602133e-03 -5.083503863506515057e-03 9.999573339103887681e-01 -1.256130345607725241e-01
9.998778833686789991e-01 -1.061729384973079081e-02 -1.146697089378265547e-02 4.035964083963743398e+00 1.063786557385511776e-02 9.999419119848086401e-01 1.734494796112063695e-03 2.748291078679898636e-01 1.144788915927202888e-02 -1.856267080357887648e-03 9.999327477917319129e-01 -1.193457176978876266e-01
9.998260766283064704e-01 -1.083719169120354875e-02 -1.517800284279901234e-02 4.325544371832379831e+00 1.080247723003475643e-02 9.999388493688506907e-01 -2.367278731702687159e-03 2.891346260533542711e-01 1.520272935174756153e-02 2.202906976497191836e-03 9.998820051491628114e-01 -1.280343962694419635e-01
9.997961968667350430e-01 -1.096205784322167726e-02 -1.695281742527175381e-02 4.638401411283804343e+00 1.088104692968776960e-02 9.999289721088108207e-01 -4.863492071634954554e-03 2.882330636577341010e-01 1.700492718380963372e-02 4.678036474717335753e-03 9.998444621170907709e-01 -1.231107519706628045e-01
9.997641837135295972e-01 -1.126467992627047665e-02 -1.856566588567417492e-02 4.952763361366709916e+00 1.111742019415612112e-02 9.999060685493188494e-01 -8.016049305701216862e-03 3.092562347602207384e-01 1.865422021544659720e-02 7.807756681886433500e-03 9.997955085935074093e-01 -1.367011561886487536e-01
9.997530193640968843e-01 -1.136707296421730039e-02 -1.909685640616741453e-02 5.262544548796541655e+00 1.116860279657714942e-02 9.998828397498085163e-01 -1.046752527730210325e-02 3.360981589141422976e-01 1.921360413727488115e-02 1.025165479738902874e-02 9.997628423731156344e-01 -1.441832501350114870e-01
9.997434509855843698e-01 -1.183029050265720604e-02 -1.931518672074131540e-02 5.565819107463163107e+00 1.160250675605088884e-02 9.998623188259053718e-01 -1.186276650108675050e-02 3.407914799900951808e-01 1.945286735702879063e-02 1.163561853561087024e-02 9.997430661589424838e-01 -1.562854472737749689e-01
9.997160253993908618e-01 -1.257328245347697458e-02 -2.024305135076032505e-02 5.913902022385820523e+00 1.235152897786150235e-02 9.998627413285088306e-01 -1.104256469070452606e-02 3.594849685337351830e-01 2.037911410129200976e-02 1.078939624744752745e-02 9.997341049684471681e-01 -1.706477670350048659e-01
9.997601576567454185e-01 -1.309889569653894040e-02 -1.755124194154924003e-02 6.248231906387369250e+00 1.296801551682409681e-02 9.998874060950504461e-01 -7.550212319337695765e-03 3.729330937087591002e-01 1.764816522234005300e-02 7.320796680885411495e-03 9.998174574392277858e-01 -1.865610948457115392e-01
9.998659544629392437e-01 -1.391040954684241368e-02 -8.635601435600138986e-03 6.606217946998721224e+00 1.388233489791545691e-02 9.998981819106574909e-01 -3.302512610691354759e-03 4.065296171840143136e-01 8.680661478109970991e-03 3.182187612440883981e-03 9.999572589857537164e-01 -1.899737081229000146e-01
9.998703688652342825e-01 -1.575818972086403050e-02 3.305286980224566174e-03 6.977053078385965890e+00 1.576071398907765223e-02 9.998755190997814513e-01 -7.390531083627623803e-04 4.404362233783908342e-01 -3.293229396030412839e-03 7.910509868168147428e-04 9.999942644227922672e-01 -2.035661751611630155e-01
9.997282784810711531e-01 -1.683541459790223460e-02 1.612259348214879762e-02 7.326962235321928141e+00 1.684737271703987821e-02 9.998578892054981182e-01 -6.061567940732538219e-04 4.535141976442476630e-01 -1.611009738664005708e-02 8.776154297875377996e-04 9.998698388057069009e-01 -2.187741512328963134e-01
9.995785526351581574e-01 -1.816550668795808773e-02 2.264357477458251930e-02 7.680714876409183489e+00 1.827889454308244746e-02 9.998213540550358047e-01 -4.810612210279473222e-03 4.649345695424199620e-01 -2.255214238349053865e-02 5.222484305823170067e-03 9.997320273611275399e-01 -2.409940306418053291e-01
9.995556064991273360e-01 -1.988308864698032363e-02 2.220928414015146957e-02 8.037506568366774573e+00 2.006738742484626137e-02 9.997657653485779727e-01 -8.106441815824965563e-03 4.681343525780618520e-01 -2.204290085498693263e-02 8.548521675035725131e-03 9.997204775831435297e-01 -2.428351700698797855e-01
9.996051157949882304e-01 -2.068019407021980116e-02 1.902477462957602797e-02 8.435935944426825372e+00 2.083915795687487499e-02 9.997492489624557610e-01 -8.195650959748473907e-03 5.153030723324889539e-01 -1.885051649521923486e-02 8.588874910234359922e-03 9.997854216058762455e-01 -2.709722882579188585e-01
9.995717067008919043e-01 -2.253175729965069957e-02 1.867412852199128864e-02 8.807878865951710878e+00 2.263667972796615940e-02 9.997290309166712019e-01 -5.426368334985614758e-03 5.209716502489571965e-01 -1.854680279616131855e-02 5.846764524340443414e-03 9.998108978455061413e-01 -2.868133141615852311e-01
9.995825700124770785e-01 -2.348292418366636561e-02 1.682967614173323107e-02 9.214678588362636091e+00 2.351938249727955274e-02 9.997214368387452588e-01 -1.971641960751864889e-03 5.804587009175803392e-01 -1.677868809526262411e-02 2.366642528755551894e-03 9.998564270078694749e-01 -3.194937322281655168e-01
9.996279161182630713e-01 -2.477832379840159277e-02 1.140455991260857539e-02 9.628334082781018211e+00 2.477663597373503529e-02 9.996929701793881851e-01 2.892814164197779567e-04 6.374298435766079240e-01 -1.140822628122936146e-02 -6.607150072088029775e-06 9.999349240472911182e-01 -3.419270801904390478e-01
9.996488022582644684e-01 -2.601787909394514403e-02 5.034094861060530411e-03 1.003686330778062086e+01 2.600315095076402572e-02 9.996574508806977954e-01 2.969349985618296214e-03 6.592720603826364156e-01 -5.109626625212815472e-03 -2.837404828036302253e-03 9.999829202789379812e-01 -3.415636133192394008e-01
9.996222725960288713e-01 -2.748012200934755317e-02 3.937312558929216815e-04 1.045993120462422610e+01 2.747878513620308910e-02 9.996176648971677459e-01 3.072522249248083818e-03 6.628659398721364893e-01 -4.780140048984838751e-04 -3.060542416813142892e-03 9.999952022798539453e-01 -3.733212643134704023e-01
9.995875445924217173e-01 -2.871827896166812347e-02 -3.389945583916304200e-05 1.090218704025066643e+01 2.871826893217748963e-02 9.995840954416247426e-01 2.626246311361331732e-03 6.763819144512170922e-01 -4.153591729077353220e-05 -2.626136635558021844e-03 9.999965508346211340e-01 -3.903574702308384992e-01
9.995916027742063337e-01 -2.857476644349601219e-02 3.322438758106330248e-04 1.136710655693843641e+01 2.857320223468479831e-02 9.995836207893351588e-01 4.019597459745397755e-03 7.591552077813631394e-01 -4.469645949769693294e-04 -4.008462595839257236e-03 9.999918661920549345e-01 -4.029677033649732287e-01
9.995489653682808617e-01 -3.001293702085973403e-02 1.043763661534447299e-03 1.181704209757984714e+01 3.000652746588640396e-02 9.995334899205240431e-01 5.693051619015584638e-03 7.942789462502330977e-01 -1.214141934963769128e-03 -5.659164132597515814e-03 9.999832497200551451e-01 -4.220208275898887362e-01
9.995087690471538000e-01 -3.133574498187535057e-02 5.400780261168883168e-04 1.231430719868282608e+01 3.133160465985882631e-02 9.994881349683343297e-01 6.465184216940745437e-03 8.150640760223115677e-01 -7.423929429438486842e-04 -6.445086807137760318e-03 9.999789546329296286e-01 -4.444892161829506749e-01
9.994747346326353643e-01 -3.240347949047754639e-02 -5.189874114769927205e-04 1.280047982182743560e+01 3.240568670868815282e-02 9.994620890709142724e-01 5.040236000633712722e-03 8.374429750944986095e-01 3.553870586026002887e-04 -5.054406682681312525e-03 9.999871632541712518e-01 -4.460156311239061311e-01
9.994550447448498076e-01 -3.290540869124859713e-02 -2.616794400040394451e-03 1.331315758910987590e+01 3.291523682794270100e-02 9.994509005611433849e-01 3.805857601099740459e-03 9.076892248735329849e-01 2.490124219918847699e-03 -3.889915986407031442e-03 9.999893338606107296e-01 -4.668883364469839092e-01
9.994336220412456395e-01 -3.341040972783881208e-02 -4.022394229123691690e-03 1.383415286564926383e+01 3.342659232355429250e-02 9.994330686613672743e-01 4.025443051101589183e-03 9.629455715147429151e-01 3.885622106105479905e-03 -4.157618060944758866e-03 9.999838079453625683e-01 -5.060017124653303222e-01
9.993649722933782842e-01 -3.541133307536772912e-02 -3.961015385054401580e-03 1.436773724041067268e+01 3.543304132032276677e-02 9.993566329904690626e-01 5.551547599118162625e-03 9.640644156097497586e-01 3.761879297315281426e-03 -5.688373034387160694e-03 9.999767450677911063e-01 -5.069169453991819729e-01
9.993249405672528507e-01 -3.648883662102125891e-02 -4.269421775945318222e-03 1.488668399855709268e+01 3.651620307116905384e-02 9.993118057738711313e-01 6.517802868301212672e-03 1.011935810383670420e+00 4.028656540540736554e-03 -6.669306036561070856e-03 9.999696446810117934e-01 -5.321539263116953355e-01
9.992645692321610040e-01 -3.831472055807304267e-02 -1.517519627715972026e-03 1.544150495161534309e+01 3.832350563344813499e-02 9.992457811825184999e-01 6.259209606759938253e-03 1.057009544699670345e+00 1.276555218859438132e-03 -6.312763063434413853e-03 9.999792594995549067e-01 -5.421865328358349556e-01
9.992208253116532379e-01 -3.944385054929756135e-02 1.387413904834495408e-03 1.600081706747953092e+01 3.943832629152364128e-02 9.992147577387726631e-01 3.806092007437479521e-03 1.085386465718303217e+00 -1.536451373120844644e-03 -3.748409114603505361e-03 9.999917943394773800e-01 -5.576335140257072664e-01
9.992106073230073715e-01 -3.965173300844260229e-02 2.429461383492314240e-03 1.656509221106336227e+01 3.964626664462628236e-02 9.992112256237974943e-01 2.258346415336150072e-03 1.129820285122182577e+00 -2.517092435706524099e-03 -2.160244619401012218e-03 9.999944987792954709e-01 -5.862763571331925938e-01
9.991817077362867838e-01 -4.036971157414832867e-02 2.490243485623642485e-03 1.714735513140590228e+01 4.036441286661711370e-02 9.991827277911422556e-01 2.142582037035007519e-03 1.183653618652082962e+00 -2.574703697688607643e-03 -2.040311562537614094e-03 9.999946040002399839e-01 -6.170975713161046539e-01
9.991400511540088347e-01 -4.138148737006649980e-02 2.594355990520777391e-03 1.772950975823134101e+01 4.137145145049671291e-02 9.991365724065044418e-01 3.809551766424779974e-03 1.245469424560743388e+00 -2.749760870279132578e-03 -3.698943473872363767e-03 9.999893782597559788e-01 -6.354437787818768557e-01
9.990627721747687984e-01 -4.323349228645094466e-02 2.107699974737028276e-03 1.830039824392337522e+01 4.322122120779230137e-02 9.990500764405907397e-01 5.556149868099951109e-03 1.283260343033092221e+00 -2.345909583339723936e-03 -5.459845122994645347e-03 9.999823432438493809e-01 -6.523769128439661502e-01
9.990274057857871925e-01 -4.394378225759966450e-02 3.631320671143281956e-03 1.887648185920070532e+01 4.392481309417772817e-02 9.990215751429454283e-01 5.148125246123692531e-03 1.359022163829142427e+00 -3.853995791585210391e-03 -4.983613127530277589e-03 9.999801549614040219e-01 -6.665173766871177463e-01
9.989584306925201052e-01 -4.545631719888404421e-02 3.972024049767787328e-03 1.945583144205735948e+01 4.544684352762966284e-02 9.989637694547820468e-01 2.443712353798882780e-03 1.418007996397678383e+00 -4.078990281018191576e-03 -2.260651102537078027e-03 9.999891255883135432e-01 -6.894754653685704060e-01
9.988896491057053240e-01 -4.699237308917169481e-02 3.344515051383412877e-03 2.006415605403934421e+01 4.698956541321343966e-02 9.988949628362222555e-01 9.132155821607917858e-04 1.433614805784866553e+00 -3.383733405304565397e-03 -7.550442836399980616e-04 9.999939901101263517e-01 -7.049862440654059981e-01
9.988715125809830564e-01 -4.743522411053401056e-02 2.366615254421037054e-03 2.068164297965817511e+01 4.743691901322394378e-02 9.988740141745581225e-01 -6.652227728019973439e-04 1.489288645628322083e+00 -2.332395487878990807e-03 7.767370134314777186e-04 9.999969783008847424e-01 -7.302514127353417761e-01
9.988438558408245793e-01 -4.806726628196750228e-02 6.996865102058229388e-04 2.129143716057815539e+01 4.806769710865335665e-02 9.988438923636014932e-01 -6.125215104271526786e-04 1.570231531363346145e+00 -6.694353627431541076e-04 6.454456665040871890e-04 9.999995676279999079e-01 -7.574845480732089742e-01
9.988130734779823161e-01 -4.870470133488291609e-02 -5.443503894665678057e-04 2.189844484533729840e+01 4.870464130170025496e-02 9.988132171654392488e-01 -1.230093403996261440e-04 1.629632522291086794e+00 5.496954969539272293e-04 9.635094688963990919e-05 9.999998442756656836e-01 -7.742948276540140284e-01
9.987849658213022730e-01 -4.925427638834645183e-02 -1.615025324989246202e-03 2.249449021854611175e+01 4.925468358538950819e-02 9.987862287016263663e-01 2.133093660345496080e-04 1.701924168909803026e+00 1.602558655132739094e-03 -2.925977492289174773e-04 9.999986730952766800e-01 -8.011173228953488712e-01
9.987297264200661884e-01 -5.033468083962729794e-02 -2.313756614815825566e-03 2.310767874597811300e+01 5.033774537696689838e-02 9.987314243274052483e-01 1.285865979045513249e-03 1.733953873106719223e+00 2.246097785804174619e-03 -1.400701868805867816e-03 9.999964965333685285e-01 -8.184476120213297623e-01
9.987299935569230458e-01 -5.030484779712550425e-02 -2.796829972743392154e-03 2.374980363210901402e+01 5.030867256516671771e-02 9.987328520961114009e-01 1.314385292703667022e-03 1.800454599076395601e+00 2.727166023409659679e-03 -1.453420818232439458e-03 9.999952250553029165e-01 -8.369346664165239202e-01
9.987009382508788002e-01 -5.090847899839071738e-02 -2.182361767614859546e-03 2.438667926093301830e+01 5.091052873319387023e-02 9.987028179304021647e-01 8.941599300800875472e-04 1.825213730057659633e+00 2.134010525038848756e-03 -1.004103552593703765e-03 9.999972188837000786e-01 -8.550977294855617306e-01
9.987008938770622901e-01 -5.094494043534118777e-02 -1.066589516291879640e-03 2.501603463419601781e+01 5.094593328628208018e-02 9.987009840860695542e-01 9.253470192402645216e-04 1.862508514525743175e+00 1.018062250759369132e-03 -9.784832936025813100e-04 9.999990030593519652e-01 -8.864866294906583732e-01
9.987312454729551092e-01 -5.033017602942282953e-02 1.665141701825658760e-03 2.566978435472666575e+01 5.032601480973412922e-02 9.987298306425178573e-01 2.453083394008587475e-03 1.923640217499763549e+00 -1.786490808895440383e-03 -2.366171087400836381e-03 9.999956048328286773e-01 -9.125206003122455778e-01
9.987601577936539021e-01 -4.959622815720898803e-02 4.285015352793698426e-03 2.633135925933580523e+01 4.958612623261558772e-02 9.987668892588561498e-01 2.432489554123770225e-03 2.012392903957577861e+00 -4.400373761252551405e-03 -2.216996338715747448e-03 9.999878607453169810e-01 -9.333780466967218636e-01
9.987946639157428974e-01 -4.882049009052364524e-02 5.077310386343579333e-03 2.700085149535325613e+01 4.881159733758438229e-02 9.988062699107451703e-01 1.860954684328570106e-03 2.082344177711926925e+00 -5.162102167888091460e-03 -1.610879978360243905e-03 9.999853787765616842e-01 -9.643469515980760409e-01
9.988106081406221692e-01 -4.852814845268476479e-02 4.731582559224750510e-03 2.767097652835451882e+01 4.852192627595738189e-02 9.988211066190012533e-01 1.421141394908733650e-03 2.121095275860704010e+00 -4.794969888448417754e-03 -1.189865600795295044e-03 9.999877961673436788e-01 -9.827188259555447170e-01
9.988703868080784920e-01 -4.746868455754795629e-02 2.162023185724792646e-03 2.838947308564245020e+01 4.746470641902330451e-02 9.988711920761462748e-01 1.855609046782316337e-03 2.186536715960129218e+00 -2.247665997325033142e-03 -1.750893130542473209e-03 9.999959411771679463e-01 -1.020625569603813565e+00
9.989245018312008506e-01 -4.636596203429328017e-02 -1.928883656573201241e-04 2.907175496171864282e+01 4.636631477080557090e-02 9.989208294015763379e-01 2.709509594260419221e-03 2.261735096489172037e+00 6.705118722529277006e-05 -2.715539044331142376e-03 9.999963106691128756e-01 -1.046691332368253846e+00
9.989566252329228346e-01 -4.558174792499582878e-02 -2.822261389705392910e-03 2.978982426098130531e+01 4.558995323797678662e-02 9.989559854983471876e-01 2.914652772632918363e-03 2.309497096649625991e+00 2.686459939916041682e-03 -3.040278462257177839e-03 9.999917697860634114e-01 -1.070323925588345881e+00
9.990167818525638177e-01 -4.413961589417310372e-02 -4.142932012696950474e-03 3.050003568874221926e+01 4.415049778633042821e-02 9.990215781253484195e-01 2.572933181710668551e-03 2.345930280296629089e+00 4.025310195028451547e-03 -2.753315937769763855e-03 9.999881079938803818e-01 -1.078220023258726235e+00
9.991206232087116446e-01 -4.160007347305434006e-02 -5.235853900944635250e-03 3.123372663589754339e+01 4.161375431842077172e-02 9.991305652006370330e-01 2.531626627620833705e-03 2.417097772285635937e+00 5.125985813643405692e-03 -2.747283911801351539e-03 9.999830882072687777e-01 -1.111253597280153382e+00
9.992570675008949355e-01 -3.846848568638873422e-02 -2.342788617880365524e-03 3.194919868704735322e+01 3.847974850139716796e-02 9.992470268270113865e-01 4.968735517947962463e-03 2.487645467938373489e+00 2.149884829749486043e-03 -5.055193999660192658e-03 9.999849113905892040e-01 -1.139504077344331012e+00
9.993668600565877025e-01 -3.555046474723434075e-02 1.429502323308075870e-03 3.266777627841784692e+01 3.554025241548611908e-02 9.993462703008213488e-01 6.627404777232023467e-03 2.551794819121062208e+00 -1.664175135082924173e-03 -6.572403829147503360e-03 9.999770167503982954e-01 -1.167804186207072492e+00
9.994277471416700420e-01 -3.340790587418068780e-02 5.300006455467611011e-03 3.340474218938935280e+01 3.337907406781046027e-02 9.994279678952298074e-01 5.438235300833058582e-03 2.595269975622767067e+00 -5.478654734671470697e-03 -5.258213947100958720e-03 9.999711673485315311e-01 -1.172036381730365617e+00
9.995099294295334280e-01 -3.090270026266038819e-02 4.992403053164867766e-03 3.414406169680253100e+01 3.089299937907683327e-02 9.995206789508427336e-01 2.008715761567963099e-03 2.618693314110037029e+00 -5.052084830388225284e-03 -1.853501044667262747e-03 9.999855203815423144e-01 -1.212632641549532986e+00
9.996291912633606946e-01 -2.698705652465472130e-02 3.630255403484872450e-03 3.488624101715015513e+01 2.698401501663308041e-02 9.996354741068611549e-01 8.842175824582467489e-04 2.696986930323594045e+00 -3.652794511269488991e-03 -7.859308405317320034e-04 9.999930196781237068e-01 -1.257195423756208630e+00
9.997135999822875929e-01 -2.378725269895063527e-02 2.623855844171892569e-03 3.559011976919018849e+01 2.378039700487492858e-02 9.997137894232092092e-01 2.613800944555685294e-03 2.731244597543275532e+00 -2.685280012450217899e-03 -2.550656018260898539e-03 9.999931416890474045e-01 -1.265746736375866766e+00
9.997895660047992905e-01 -2.050924714153749828e-02 4.410097759536100873e-04 3.632694591546196961e+01 2.050732460460540085e-02 9.997817255457672747e-01 3.993858070761757001e-03 2.788116532240820789e+00 -5.228245370069295591e-04 -3.983973696622376132e-03 9.999919272714595797e-01 -1.297703186481421467e+00
9.998404533571586539e-01 -1.779914981111284725e-02 -1.502696427454272262e-03 3.707150478911856339e+01 1.780808537785584164e-02 9.998224562397372006e-01 6.158578887521384999e-03 2.816398035944446487e+00 1.392812164837458786e-03 -6.184356453212312525e-03 9.999799067028962707e-01 -1.319437702427772363e+00
9.998896702152719751e-01 -1.479115926712321061e-02 -1.367115331374707532e-03 3.778277237808380562e+01 1.480074546358940354e-02 9.998638863680178179e-01 7.290176319238231978e-03 2.818269044912617982e+00 1.259099089318352696e-03 -7.309606321693348785e-03 9.999724917841016358e-01 -1.322784216779503197e+00
9.999380392977558207e-01 -1.081885503470933658e-02 -2.621057248082227058e-03 3.851633440319082524e+01 1.083472996503538101e-02 9.999225731770304826e-01 6.120153397651892022e-03 2.868009670690051305e+00 2.554641255547307130e-03 -6.148172636155401286e-03 9.999778366450385869e-01 -1.332752237513978422e+00
9.999616745091447489e-01 -6.081140556775334674e-03 -6.298352355650307065e-03 3.922577060820495376e+01 6.112633589419873281e-03 9.999688519450821156e-01 4.993080235280799618e-03 2.906762581970470993e+00 6.267792551503240973e-03 -5.031388393197053395e-03 9.999676994320206846e-01 -1.369084200532967532e+00
9.999608674330371372e-01 -2.069018219336293644e-03 -8.601323513038867594e-03 3.993108107407225305e+01 2.128299739525642276e-03 9.999740076778678155e-01 6.888708796443702986e-03 2.893738538643005676e+00 8.586847080659808576e-03 -6.906745418177814150e-03 9.999392796189885413e-01 -1.389925458912066425e+00
9.999596549883008612e-01 3.074319515298930532e-03 -8.440198765198450928e-03 4.067278884112381121e+01 -2.994144137408224788e-03 9.999504341877647473e-01 9.495486748199454680e-03 2.926466234522394405e+00 8.468972580108478573e-03 -9.469832481024131193e-03 9.999192961315521710e-01 -1.424104269257119304e+00
9.999442316750550841e-01 7.974755879080615631e-03 -6.923641271245875063e-03 4.136580679888115952e+01 -7.899201848873020279e-03 9.999096961308077125e-01 1.087208322938128593e-02 2.954264267793877075e+00 7.009718249301543670e-03 -1.081678567158016191e-02 9.999169270483425631e-01 -1.432750706830463239e+00
9.998994951041899615e-01 1.247822614251816939e-02 -6.730049236242941109e-03 4.206585104070326508e+01 -1.240167032025413230e-02 9.998592504431346173e-01 1.129946355189991904e-02 2.936888105367069013e+00 6.870099246285006449e-03 -1.121486404862596410e-02 9.999135105401452117e-01 -1.464177304470101637e+00
9.998116464508850498e-01 1.868563918070290444e-02 -5.245808763102524988e-03 4.276756824756409259e+01 -1.861632511795376435e-02 9.997426383871798050e-01 1.296493076507789118e-02 2.963281651421520557e+00 5.486716711577747235e-03 -1.286483109291373071e-02 9.999021912470628104e-01 -1.463990212816966840e+00
9.996956775367749071e-01 2.453088661437316520e-02 -2.605362969218721729e-03 4.344224389321045265e+01 -2.449370782430603660e-02 9.996094495077109121e-01 1.345387423415962680e-02 2.962617156860185119e+00 2.934380906790707948e-03 -1.338596491866845747e-02 9.999060982671773568e-01 -1.476830133795696831e+00
9.995078266841745940e-01 3.134182560298785086e-02 1.339539081153411949e-03 4.412560001841995216e+01 -3.135656001234032181e-02 9.994244226010590149e-01 1.294564222942990589e-02 3.006219818218026418e+00 -9.330280116598347988e-04 -1.298127406735542083e-02 9.999153044044868377e-01 -1.507655500101378498e+00
9.992760248138781165e-01 3.767496897253602012e-02 5.293670285556825901e-03 4.483799147677520835e+01 -3.773638687462466806e-02 9.992153693158990491e-01 1.202542425613762830e-02 2.968021853514125397e+00 -4.836459223687697255e-03 -1.221648213725607182e-02 9.999136793875598173e-01 -1.516932266916285466e+00
9.990189606687269741e-01 4.371908421080189511e-02 7.053927994050739059e-03 4.553151278419277048e+01 -4.379364275608275958e-02 9.989823695025085160e-01 1.078620773516683444e-02 2.957976299904911954e+00 -6.575186577507921917e-03 -1.108454324374194382e-02 9.999169464623292036e-01 -1.556148050211775935e+00
9.987570824902025635e-01 4.938195619629732330e-02 6.761107741020312527e-03 4.623294476530171693e+01 -4.944680500859292144e-02 9.987288160868476039e-01 9.785979368763433189e-03 2.938197590996673991e+00 -6.269262325098693030e-03 -1.010813137976779991e-02 9.999292585127752542e-01 -1.582060753902077899e+00
9.984797664853949373e-01 5.481360553900459925e-02 5.798669423726404010e-03 4.691322091333903899e+01 -5.487077558526758797e-02 9.984412830305164910e-01 1.020795410683503907e-02 2.918399059697851516e+00 -5.230096169522899241e-03 -1.051061312152872310e-02 9.999310841782382830e-01 -1.598390331469779824e+00
9.981773013837620390e-01 6.023735213884742062e-02 3.679185987507569821e-03 4.761636659709387231e+01 -6.027168589892072798e-02 9.981312198742836594e-01 1.006934909397408894e-02 2.916671763814491225e+00 -3.065759470672599785e-03 -1.027274644751685097e-02 9.999425342484902224e-01 -1.631137042014086935e+00
9.978427778111264024e-01 6.561803667974887289e-02 2.015944560262748070e-03 4.832426720701797507e+01 -6.563559301322281769e-02 9.977890597178450394e-01 1.043844994149688808e-02 2.881997090272900852e+00 -1.326536836087006824e-03 -1.054824960236027016e-02 9.999434857682452105e-01 -1.646097132076811409e+00
9.975225592022121113e-01 7.032247610415570671e-02 1.869020398391408504e-03 4.898975162524491367e+01 -7.033890483717647468e-02 9.974619700155894497e-01 1.104793369485555093e-02 2.860398819361406275e+00 -1.087358715322040174e-03 -1.115202794112985646e-02 9.999372229914358368e-01 -1.681240619129179992e+00
9.971397173748897114e-01 7.544048906183711822e-02 4.595284935232537941e-03 4.967911609093889069e+01 -7.548602701545906180e-02 9.970893629729740137e-01 1.070803303927332119e-02 2.846343532287840983e+00 -3.774090479377225759e-03 -1.102428484118667638e-02 9.999321083877614758e-01 -1.696576585515085833e+00
9.967326343151194923e-01 8.061175158235370231e-02 5.079487972927490026e-03 5.036504730330982227e+01 -8.065389672465395066e-02 9.967039821899863483e-01 8.724725196371177147e-03 2.807967873033775597e+00 -4.359430509948795072e-03 -9.105898827037156931e-03 9.999490376875116437e-01 -1.717518405087064215e+00
9.962897867422363385e-01 8.595729222009484971e-02 4.243200124712085200e-03 5.105869093204091058e+01 -8.597974338281030859e-02 9.962821037815701164e-01 5.427099814333458637e-03 2.782734128240667459e+00 -3.760925542366093475e-03 -5.771793374495765884e-03 9.999762706386121636e-01 -1.743494033721332936e+00
9.959855045181310595e-01 8.950201515145063402e-02 1.504683884894000888e-03 5.175187776581609711e+01 -8.950607546630458267e-02 9.959820794341671668e-01 2.891349271982116172e-03 2.709513218490817277e+00 -1.239856598218728794e-03 -3.014420312747493995e-03 9.999946879987883230e-01 -1.769201161099349440e+00
