1.000000000000000000e+00 0.000000000000000000e+00 0.000000000000000000e+00 0.000000000000000000e+00 0.000000000000000000e+00 1.000000000000000000e+00 0.000000000000000000e+00 0.000000000000000000e+00 0.000000000000000000e+00 0.000000000000000000e+00 1.000000000000000000e+00 0.000000000000000000e+00
9.999999210722472220e-01 3.972360751776795955e-04 7.681133442547896490e-06 2.754426811501886879e-03 -3.972358552484902606e-04 9.999999206924898854e-01 -2.861274579415462965e-05 -3.539028643478759614e-05 -7.692498848215653415e-06 2.860969231420257527e-05 9.999999995611554837e-01 -6.484240410728249211e-04
9.999999928729048637e-01 -1.193790609143712678e-04 -1.682297430842618176e-06 1.011724873002418056e-03 1.193790326695009309e-04 9.999999927335462280e-01 -1.677957364187439193e-05 -1.261327372063617024e-04 1.684300548362192337e-06 1.677937269124481535e-05 9.999999998578078531e-01 -5.801395531451862542e-04
9.999999009760657254e-01 4.449679548882301701e-04 7.167842084309797208e-06 1.294312583527553037e-03 -4.449679818035301286e-04 9.999999009946969331e-01 3.753850404045499060e-06 -2.064660176723783890e-03 -7.166171031518174676e-06 -3.757039492550604756e-06 9.999999999672652962e-01 -4.060287365746109928e-04
9.999999866508708646e-01 -1.621017632183305746e-04 -2.052502186152752915e-05 1.560491179579852512e-03 1.621014828577634558e-04 9.999999867682515253e-01 -1.366037965281659650e-05 1.026944633852064706e-04 2.052723596157355487e-05 1.365705233398298243e-05 9.999999996960587945e-01 -4.139155963023325412e-04
9.999999942648837292e-01 -1.065466072426323775e-04 -1.086521579984894131e-05 -2.098155724793308689e-03 1.065465192040042862e-04 9.999999942910898776e-01 -8.103053024172328250e-06 -1.917327544987285255e-03 1.086607909062843427e-05 8.101895326776504405e-06 9.999999999081438107e-01 -7.465007805996191079e-04
9.999999981963404450e-01 -5.715810484559119054e-05 -1.844641415394846694e-05 -1.703804372061784762e-03 5.715765046029644652e-05 9.999999980631263385e-01 -2.463230391875178543e-05 -1.173312021701207377e-03 1.844782205403006667e-05 2.463124952063103682e-05 9.999999995264896580e-01 -1.434147028369502259e-04
9.999999889892509097e-01 1.472137789055659831e-04 -1.869762947310209882e-05 -2.432556871983503847e-03 -1.472136160500090352e-04 9.999999891261345253e-01 8.711035081610463208e-06 -1.360966239064829260e-03 1.869891165417913556e-05 -8.708282440049143957e-06 9.999999997872582869e-01 -4.535954885546866116e-04
9.999999299982668122e-01 3.741662737568442827e-04 -1.749608508177924242e-06 -3.441513120999214331e-04 -3.741662884271953712e-04 9.999999299645778716e-01 -8.392137608373098244e-06 -3.036789707289476795e-04 1.746468330785573955e-06 8.392791665430625699e-06 9.999999999632555037e-01 -1.276382030498744539e-04
9.999998781891374922e-01 4.932829383878077232e-04 1.713629976669485495e-05 1.683564532776202520e-03 -4.932824197651305845e-04 9.999998778785184061e-01 -3.025562098384453340e-05 2.156845631513773683e-04 -1.715122225560619453e-05 3.024716426296651374e-05 9.999999993954723498e-01 -2.112219474455056926e-04
9.999999993080525007e-01 3.562743826971471225e-05 -1.070423933286435635e-05 9.919428687940818126e-04 -3.562751343693678187e-05 9.999999993406852861e-01 -7.022083219051900542e-06 -1.771722692894623285e-04 1.070398914697048349e-05 7.022464579623650499e-06 9.999999999180547716e-01 -5.428933678646311392e-04
9.999999542606943237e-01 -3.022922663871441804e-04 -9.899241780413506621e-06 -1.270252311520274563e-03 3.022921432937987680e-04 9.999999542324298218e-01 -1.243375991521351481e-05 -1.561271483102475376e-04 9.902999956813745547e-06 1.243076688348718359e-05 9.999999998737033602e-01 -6.164031110892001898e-04
9.999998632181628100e-01 5.230030102268661951e-04 5.613110618236227185e-06 6.793049296513527929e-04 -5.230030036722245999e-04 9.999998632332363080e-01 -1.169142151531034885e-06 -4.203689996483884377e-04 -5.613721315413887890e-06 1.166206317900341488e-06 9.999999999835630371e-01 -1.660367383395876511e-04
9.999999388754829965e-01 -3.145865362265860832e-04 1.525920755028654940e-04 -2.454977996166510072e-03 3.145997299454968837e-04 9.999999467769019601e-01 -8.644768990057485425e-05 3.194113067092189170e-04 -1.525648721021119058e-04 8.649569004224660028e-05 9.999999846212276333e-01 8.542496943015294225e-04
9.999997461380661923e-01 4.319494712038509428e-04 5.666952068569692516e-04 -1.054051320304473863e-02 -4.316995017327757839e-04 9.999998095117201835e-01 -4.411485730050253035e-04 -4.463599649749011057e-04 -5.668856528010058965e-04 4.409038189757609905e-04 9.999997421222063254e-01 4.561988611250547901e-03
9.999998233539373338e-01 -2.907070515301534287e-04 5.184414184468652846e-04 -1.378392262514724007e-02 2.908681909091341577e-04 9.999999094098699359e-01 -3.107667090570755044e-04 -1.750526937039460426e-03 -5.183510294074861148e-04 3.109174522788359834e-04 9.999998173212574226e-01 3.026326447490884815e-03
9.999999662189297256e-01 1.557917799384184144e-04 2.080650398774115206e-04 -6.995382903672343194e-03 -1.557774197287340649e-04 9.999999854839676239e-01 -6.903231096508640288e-05 -3.199159993717188861e-03 -2.080757915237311910e-04 6.899989679805319819e-05 9.999999759717392855e-01 -8.999652211647629022e-04
9.999999646082498028e-01 6.440322439587045590e-05 -2.581389623464425392e-04 6.254886776062768168e-03 -6.442029121860456617e-05 9.999999957399389183e-01 -6.610709593701222285e-05 -1.273283170178766098e-03 2.581347037366209848e-04 6.612372298449561221e-05 9.999999644970634094e-01 -1.261614510325574645e-03
9.999999162537823727e-01 -2.768191192287260474e-04 -3.014359026400915400e-04 1.825621881538187774e-02 2.768171170531129191e-04 9.999999616638043376e-01 -6.683828270233888369e-06 -3.470083639036479874e-04 3.014377412956406425e-04 6.600385092943418595e-06 9.999999545458604366e-01 -1.420967764743455821e-03
9.999999939129843307e-01 1.311301347810361546e-05 -1.095540055070775838e-04 3.929708410505977634e-02 -1.312025794374457160e-05 9.999999977275768615e-01 -6.612643273538137913e-05 2.512504704784074457e-03 1.095531381413208103e-04 6.612786970967977462e-05 9.999999918126073473e-01 -2.794795112562981597e-04
9.999999917581305908e-01 1.252134800001970013e-04 2.837821816436427824e-05 5.726478624672955153e-02 -1.252118345435631523e-04 9.999999904803060780e-01 -5.797744628982615740e-05 1.549643921327848502e-03 -2.838547745202379941e-05 5.797389252322617892e-05 9.999999979166461772e-01 5.829294651680568939e-04
9.999999884410946116e-01 3.358984487481903828e-05 -1.482886808704943443e-04 8.037865316765757662e-02 -3.360028487810556527e-05 9.999999969573383218e-01 -7.040130807874402650e-05 5.142635718597451510e-04 1.482863156502847149e-04 7.040628980690341327e-05 9.999999865270613464e-01 7.480363667210354747e-04
9.999999546845667053e-01 -1.804504993720037044e-04 -2.409740274497648737e-04 1.046634341953878305e-01 1.804168480956951819e-04 9.999999739722353898e-01 -1.396613386480037534e-04 -1.189197248351548221e-03 2.409992231360516156e-04 1.396178565446842758e-04 9.999999612131135196e-01 1.247391408889313505e-03
9.999998975908760412e-01 -3.786197417912905714e-04 -2.479220209217338302e-04 1.396071296257878624e-01 3.785525821726804961e-04 9.999998916607056865e-01 -2.708810060639107098e-04 -2.697845088436286003e-04 2.480245549586090783e-04 2.707871268020267588e-04 9.999999325790738247e-01 2.342439729906472048e-03
9.999997463217386029e-01 -6.910096813873711384e-04 -1.728064774233893002e-04 1.717631387418303568e-01 6.909776811943214988e-04 9.999997441308224877e-01 -1.851705530068699964e-04 -1.957315484324796250e-03 1.729343878523736662e-04 1.850511006140606628e-04 9.999999679248933182e-01 2.437334138140216482e-03
9.999995564429352557e-01 -8.918968672917354859e-04 -3.027109361873225228e-04 2.123166718560902111e-01 8.918326266817893158e-04 9.999995797844475343e-01 -2.122863497531462921e-04 -5.255834099306461518e-03 3.029001465137928957e-04 2.120162881026908580e-04 9.999999316502951041e-01 3.055738068607744603e-03
9.999994793348054856e-01 -8.197991465322401880e-04 -6.076672422360708233e-04 2.572553560178014731e-01 8.196419375415380784e-04 9.999996305755306514e-01 -2.589129130729061600e-04 -4.319923254217134141e-03 6.078792743340856930e-04 2.584147087101569627e-04 9.999997818522893267e-01 3.322164379290820386e-03
9.999989155247394068e-01 -1.022068433313569162e-03 -1.060342144231620062e-03 3.158907281696638480e-01 1.021819950451084789e-03 9.999994503628364395e-01 -2.348574330480845788e-04 -5.901270989384468577e-03 1.060581601796818868e-03 2.337736995937287048e-04 9.999994102580878064e-01 3.145987884630239984e-03
9.999978554419387544e-01 -1.455009663980172873e-03 -1.473790487529983611e-03 3.940588610215092213e-01 1.454746274853679780e-03 9.999989256971322238e-01 -1.797716809350343890e-04 -3.011164287505598523e-03 1.474050473765706757e-03 1.776273041825778064e-04 9.999988978112633875e-01 3.023239562064891205e-03
9.999971312956036362e-01 -1.699124173807225547e-03 -1.688306134953046446e-03 4.742414515424922539e-01 1.698706062338492138e-03 9.999985261836815686e-01 -2.490545693362208185e-04 -3.373657637551260441e-03 1.688726821339270453e-03 2.461859190057548528e-04 9.999985437960478007e-01 3.840497832076208290e-03
9.999963003190095456e-01 -1.922178865441667847e-03 -1.924727695668175835e-03 5.703235268458950458e-01 1.921876883974051606e-03 9.999981405948192847e-01 -1.587329419829085024e-04 -7.377729112004481615e-03 1.925029229925855892e-03 1.550332650554111906e-04 9.999981351118364392e-01 2.792223665935140292e-03
9.999943872620357110e-01 -2.263331200085327150e-03 -2.470379789519180479e-03 6.783387584343965049e-01 2.263063506711737727e-03 9.999974330911970410e-01 -1.111511648665023473e-04 -1.096219244700842414e-02 2.470625020178920331e-03 1.055599146547604565e-04 9.999969424298826848e-01 1.627301674894364187e-03
9.999922923688157050e-01 -2.504549180459941706e-03 -3.023646203459335810e-03 7.914553093208986922e-01 2.503422332490962219e-03 9.999967955925326279e-01 -3.764057539598859642e-04 -9.259587341672020216e-03 3.024579241187463560e-03 3.688333893318671442e-04 9.999953579303979545e-01 2.721041765926569996e-03
9.999895406137162546e-01 -3.048388938786159887e-03 -3.409690315345303632e-03 9.119571940686018729e-01 3.046646092592707016e-03 9.999952257196343952e-01 -5.162223590882133659e-04 -1.013811623218280680e-03 3.411247683057176856e-03 5.058288400429534343e-04 9.999940537455357381e-01 2.798193054679698304e-03
9.999880639497537027e-01 -3.511352222026074311e-03 -3.397405421233027668e-03 1.044766685476032686e+00 3.510457482989215276e-03 9.999938020671949035e-01 -2.692869396506591311e-04 -2.552002566719646301e-04 3.398329925636420223e-03 2.573572781445011880e-04 9.999941925436106605e-01 7.114009330795878234e-04
9.999866200142387695e-01 -3.837964746808733042e-03 -3.468402961120282089e-03 1.183795777743066768e+00 3.837308288362628259e-03 9.999926183162907156e-01 -1.959031122200269293e-04 -6.243390478012649132e-03 3.469129227705137347e-03 1.825911596090864868e-04 9.999939658832296407e-01 1.208625650911105678e-03
9.999831653284999566e-01 -4.041544793258569288e-03 -4.163529185428582226e-03 1.334539469690370739e+00 4.040815105584256300e-03 9.999918190087441205e-01 -1.836542011692056701e-04 -7.299407743927470785e-03 4.164237370313217911e-03 1.668270577860386566e-04 9.999913156102189227e-01 -1.424911387614568106e-03
9.999774404570140884e-01 -4.603893466082460348e-03 -4.891088017184317370e-03 1.502477922882175854e+00 4.601670940542401320e-03 9.999893038821686675e-01 -4.655596747496651509e-04 -4.947181826842532090e-03 4.893179088675213111e-03 4.430419943398578768e-04 9.999879301832584888e-01 6.106060750697009723e-04
9.999730431811206799e-01 -5.286332379529807245e-03 -5.095841545975814298e-03 1.672799627686052837e+00 5.282726673474453898e-03 9.999857865374075505e-01 -7.207787841937035068e-04 -1.779860002066990755e-03 5.099579392647984356e-03 6.938394162318401413e-04 9.999867563507441881e-01 6.000631473825342871e-03
9.999654332133781631e-01 -5.978327939168239999e-03 -5.778578841960538975e-03 1.865105524419751193e+00 5.972537288689353657e-03 9.999816452266845346e-01 -1.018826809812739672e-03 3.114512418061131990e-03 5.784563658238086811e-03 9.842788146345595682e-04 9.999827848610689518e-01 1.018864761009975577e-02
9.999557988314896617e-01 -6.957778345521249165e-03 -6.323741279643317094e-03 2.062862238746356436e+00 6.952608582855649040e-03 9.999754782443045498e-01 -8.391328667203420098e-04 1.179524513779741345e-02 6.329424710893659205e-03 7.951292781704908698e-04 9.999796528691271558e-01 1.094022451016012608e-02
9.999502654687686398e-01 -7.558836271401357318e-03 -6.506195751844393374e-03 2.272599031906094247e+00 7.554868770145894280e-03 9.999712604833116414e-01 -6.341650279926294926e-04 1.615642564814985874e-02 6.510802316538650755e-03 5.849800329941738262e-04 9.999786333975121400e-01 1.232850775309606885e-02
9.999398525797318360e-01 -8.176155463526853240e-03 -7.310383345653831237e-03 2.490273181578431583e+00 8.172256451245092645e-03 9.999664480278758205e-01 -5.630657231298303927e-04 1.487975048105960423e-02 7.314741780764094474e-03 5.032895287215485023e-04 9.999731202649054795e-01 1.427286284792463056e-02
9.999329191986408016e-01 -8.838636656873778003e-03 -7.485693350137320040e-03 2.726361357391169360e+00 8.835264291575682660e-03 9.999608514200986065e-01 -4.834584672838141599e-04 2.009603834485371165e-02 7.489673409604095944e-03 4.172879573482510393e-04 9.999718649356981182e-01 1.558651753299723428e-02
9.999204853631219470e-01 -9.673044993479188239e-03 -8.090435818463616313e-03 2.965887975528174625e+00 9.669551605220498905e-03 9.999531379624998495e-01 -4.707979435958320165e-04 1.731192877996250504e-02 8.094610733848140588e-03 3.925296216129457640e-04 9.999671610595838311e-01 1.443008716378255292e-02
9.999119033235954745e-01 -1.011244667472392146e-02 -8.597907538210203954e-03 3.226823282968380280e+00 1.011056790851424560e-02 9.999488525905521064e-01 -2.619530599015926827e-04 1.881456628639471135e-02 8.600116763862488550e-03 1.750002546714405369e-04 9.999630029988904045e-01 1.597616284082708019e-02
9.999105395308632849e-01 -1.063469555910600411e-02 -8.112717514062707524e-03 3.485425668432803104e+00 1.062509659160574410e-02 9.999428012411782918e-01 -1.225384986264963514e-03 1.953995067867654589e-02 8.125285072961858229e-03 1.139076955541891206e-03 9.999663405566071583e-01 2.743409115191362477e-02
9.999028150968743978e-01 -1.124123556471019574e-02 -8.245907125628667428e-03 3.756076155607616762e+00 1.123240209902871649e-02 9.999362909361801943e-01 -1.116786407733432775e-03 2.492895920832057660e-02 8.257935845690147353e-03 1.024056528448277943e-03 9.999653783025664877e-01 1.745192952333196948e-02
9.998882695213721084e-01 -1.197226700369992576e-02 -8.950603127611023863e-03 4.033995342395864547e+00 1.196767357314702622e-02 9.999282243101476064e-01 -5.665837992928075655e-04 1.573313475859024549e-02 8.956743984422050470e-03 4.594025980996921995e-04 9.999597820344827692e-01 6.964265219392499692e-03
9.998580330886043255e-01 -1.258674755280987656e-02 -1.120211829205808654e-02 4.325925434406708625e+00 1.258177104349316941e-02 9.999207139625057028e-01 -5.146125940595392030e-04 -2.378048177011470379e-03 1.120770741929609168e-02 3.735970485461936300e-04 9.999371218829955499e-01 -1.711733320225483721e-03
9.998371441266874493e-01 -1.259660193255941057e-02 -1.292326755671158525e-02 4.611770432897285943e+00 1.258267595465947103e-02 9.999201640754902254e-01 -1.158335471620217626e-03 -1.293770612213667251e-02 1.293682690653887024e-02 9.955375419439323366e-04 9.999158201641740185e-01 -5.965385044228023285e-03
9.998188456229872845e-01 -1.297573125916182298e-02 -1.392502550830928762e-02 4.913993609510142413e+00 1.296052869017317970e-02 9.999153108667715451e-01 -1.181435685421595560e-03 -2.728756346352367856e-02 1.393917620192281978e-02 1.000745970564186679e-03 9.999023441688263958e-01 -8.237241136141867925e-03
9.997987169030700949e-01 -1.306683397838212871e-02 -1.522443853664562363e-02 5.236947508540803931e+00 1.304480096243595955e-02 9.999137183819764019e-01 -1.545625886168625800e-03 -2.999993130441006364e-02 1.524332138430243774e-02 1.346715007328180879e-03 9.998829069005349401e-01 -1.024865484378633361e-02
9.997722546212245431e-01 -1.324252095599744508e-02 -1.673542734211609997e-02 5.538509363498783422e+00 1.319638278755342828e-02 9.999088213288270799e-01 -2.864351605533947426e-03 -3.187082043938169185e-02 1.677183266425116490e-02 2.642852157372747434e-03 9.998558500911801650e-01 -2.145383415279748796e-03
9.997330573509132234e-01 -1.396137472141994323e-02 -1.840907536200162703e-02 5.879206566491401276e+00 1.389427282109192280e-02 9.998963705822411230e-01 -3.767927710899518848e-03 -3.084529410682594272e-02 1.845977309093547319e-02 3.511141174831111135e-03 9.998234387456025329e-01 9.079798008417520189e-04
9.996758483228066483e-01 -1.456663182300155408e-02 -2.088088880795059207e-02 6.226485976978316295e+00 1.450350583301096043e-02 9.998897891554395789e-01 -3.171413130207320717e-03 -1.865351945930409511e-02 2.092478431498625766e-02 2.867539018697526278e-03 9.997769404328885612e-01 -4.179760722042291654e-04
9.996877593292605724e-01 -1.511093525308506921e-02 -1.990084126411523560e-02 6.606328813117563925e+00 1.508899234808411607e-02 9.998853704372928641e-01 -1.252316013257294197e-03 -6.098828552222676155e-03 1.991748370557635747e-02 9.516413477106656308e-04 9.998011743449711775e-01 -6.831403521699877524e-03
9.997129822117878373e-01 -1.731646820321315616e-02 -1.655575809743373844e-02 6.988268264728834112e+00 1.732006536690936654e-02 9.998499936858181725e-01 7.390639592107366997e-05 6.670464375017929118e-03 1.655199483142807265e-02 -3.606319959170730229e-04 9.998629413132901211e-01 2.904869826096218369e-02
9.997205595733187344e-01 -1.870219292552119383e-02 -1.445789563480941349e-02 7.375714026569666792e+00 1.872121276710252136e-02 9.998240448803059621e-01 1.181300856213873384e-03 -2.636006139214684685e-04 1.443325877753647186e-02 -1.451640093342403820e-03 9.998947813555684183e-01 4.817122636257673007e-02
9.997274031542627837e-01 -1.982552065024556151e-02 -1.233159005889873823e-02 7.760642206519682063e+00 1.982601889001997172e-02 9.998034418198075146e-01 -8.185498977293012557e-05 -4.539331866223818117e-03 1.233078900178795172e-02 -1.626536610907986565e-04 9.999239597021265524e-01 7.017428559238307606e-02
9.997084130357372089e-01 -2.128337002997771760e-02 -1.140644842774578109e-02 8.147634156647226789e+00 2.126752718412475152e-02 9.997726825908944681e-01 -1.508453671509003662e-03 -1.119675875621054320e-02 1.143596052110589477e-02 1.265426874070797129e-03 9.999338065601073300e-01 8.874312818686194704e-02
9.996547434823342959e-01 -2.223365981396947452e-02 -1.400207857945076108e-02 8.521839094226002942e+00 2.219353807137195225e-02 9.997491488819274519e-01 -3.014328737269538101e-03 -6.105040442508209708e-03 1.406558570209568738e-02 2.702532356595226115e-03 9.998974225477924582e-01 1.006393275032664014e-01
9.995828419780022900e-01 -2.409399085462857193e-02 -1.592550243719467046e-02 8.894885625931820528e+00 2.403216993333780194e-02 9.997029335551603779e-01 -4.061951440113405198e-03 4.440091330012619839e-03 1.601864012565340500e-02 3.677532583640749295e-03 9.998649303394039345e-01 1.134801451017134061e-01
9.995450904381891766e-01 -2.544473923921160632e-02 -1.619189383490127199e-02 9.291323277721190266e+00 2.536917879944972434e-02 9.996663611763074719e-01 -4.855007678883110044e-03 2.227744592351416086e-02 1.631002599488239058e-02 4.442024039668003403e-03 9.998571155292526047e-01 1.410287324378743934e-01
9.995137179301356589e-01 -2.689525146557806071e-02 -1.577888202885667848e-02 9.676520367907116338e+00 2.681257291159892461e-02 9.996257401552356425e-01 -5.428218212033753681e-03 4.436932921528018159e-02 1.591896992074067971e-02 5.002506141983692478e-03 9.998607709721198944e-01 1.633236577892049068e-01
9.994782212551144296e-01 -2.772096936072008383e-02 -1.657809079522252343e-02 1.009273425375645594e+01 2.766521200972506256e-02 9.996108223131099368e-01 -3.583288847556152876e-03 5.199596155340871495e-02 1.667097121254750014e-02 3.122782767032409538e-03 9.998561531273487679e-01 1.407598036527487606e-01
9.993990000941095353e-01 -2.871856534695236760e-02 -1.941346479397521724e-02 1.051222852143162001e+01 2.868896963747151127e-02 9.995867637180009257e-01 -1.801338644897646770e-03 6.207990929667298041e-02 1.945717430754852206e-02 1.243303738509109408e-03 9.998099182163474596e-01 1.160978353554605880e-01
9.993097357719161744e-01 -2.984960299674687886e-02 -2.211454707652123902e-02 1.094873459245719438e+01 2.981478731119585265e-02 9.995536299495899613e-01 -1.902448997029715459e-03 6.509283629930848192e-02 2.216146315231079522e-02 1.241795286971403203e-03 9.997536333994561097e-01 1.159687592918770688e-01
9.992478820174822696e-01 -3.055849140547003961e-02 -2.387150784088953870e-02 1.140387248217658112e+01 3.050157614782518511e-02 9.995309499512862184e-01 -2.744802721099092076e-03 8.001263736871075394e-02 2.394418793933631578e-02 2.014619691441791455e-03 9.997112669023114906e-01 1.292319882612989745e-01
9.992048112826663608e-01 -3.137015959478712396e-02 -2.461012386333708696e-02 1.187190575378257762e+01 3.131317451285172554e-02 9.995059820808203099e-01 -2.697570496321718362e-03 1.060287868072502665e-01 2.468258923814316969e-02 1.924804315383260318e-03 9.996934854828496420e-01 1.434067379750627313e-01
9.991813997641960654e-01 -3.237813453144355175e-02 -2.425256212290747421e-02 1.235097513497156108e+01 3.233465653658717381e-02 9.994747146420774886e-01 -2.182837098504249000e-03 1.263605656851416459e-01 2.431049880036779964e-02 1.396851961164235177e-03 9.997034802643611773e-01 1.499518057378749492e-01
9.991406943297322929e-01 -3.321675338404956462e-02 -2.478951852948670098e-02 1.284503740654667325e+01 3.318710920769166878e-02 9.994478652017618758e-01 -1.606401592861482486e-03 1.327715438162700434e-01 2.482919081922082410e-02 7.823287442198385280e-04 9.996914020061384853e-01 1.553363676174085717e-01
9.990503359321820653e-01 -3.409474360047936442e-02 -2.712885424436127513e-02 1.334213386646170107e+01 3.404613986012015175e-02 9.994177257810384907e-01 -2.251611707645402929e-03 1.410549486557822196e-01 2.718982593580483026e-02 1.325840667063635670e-03 9.996294090872407390e-01 1.635437578072899134e-01
9.989622737303421873e-01 -3.516437914418747007e-02 -2.894550229152416040e-02 1.385369287609423594e+01 3.510588631860405567e-02 9.993804044191074709e-01 -2.526659630111181224e-03 1.515786461298123111e-01 2.901641620341915626e-02 1.507880136157390989e-03 9.995777978167607047e-01 1.720871823553153934e-01
9.988978122800377113e-01 -3.621983146693548428e-02 -2.985438712587054622e-02 1.438056138281635832e+01 3.614844813748564756e-02 9.993421433788407526e-01 -2.927484284516783993e-03 1.769926778943145540e-01 2.994078020703643678e-02 1.845067882592056011e-03 9.995499714396987034e-01 1.835272455072533004e-01
9.988106086794216187e-01 -3.733727208125440372e-02 -3.135755256670665764e-02 1.492691450292144850e+01 3.728520588128291652e-02 9.993021461163850150e-01 -2.243699974910661789e-03 1.955228533048376238e-01 3.141944321329926543e-02 1.071858534251712066e-03 9.995057126937538783e-01 1.839645987651188919e-01
9.987443152726022122e-01 -3.878665292792339570e-02 -3.170785810031434560e-02 1.547872581944887216e+01 3.878879734264786827e-02 9.992472813156236811e-01 -5.477079932237552276e-04 1.987643634708159968e-01 3.170523476291969844e-02 -6.828894373609380479e-04 9.994970293856028087e-01 1.888373042747445996e-01
9.987128421288995472e-01 -3.930254498685937375e-02 -3.206195446899215429e-02 1.603949688967781739e+01 3.929543124281369842e-02 9.992272728702826790e-01 -8.521946132850647879e-04 2.099633737035417058e-01 3.207067274406839863e-02 -4.087906230656390347e-04 9.994855200751882052e-01 2.132262693582485102e-01
9.986280136577081468e-01 -4.076719961597916053e-02 -3.286526697793828306e-02 1.662867715700150129e+01 4.072869542907854579e-02 9.991685473700933073e-01 -1.840465968970897339e-03 2.150353987140163625e-01 3.291297170882034190e-02 4.993814258582152501e-04 9.994580966261096266e-01 2.393100429615137303e-01
9.985666088127158613e-01 -4.116147425774518975e-02 -3.421199791303287940e-02 1.720839173644823106e+01 4.109649531756057184e-02 9.991517976526670397e-01 -2.600638394230704240e-03 2.371152180597277948e-01 3.429002532641392542e-02 1.190917450037753695e-03 9.994112146052499535e-01 2.667410488129692281e-01
9.984927195468866756e-01 -4.203181961335977768e-02 -3.529327346467509702e-02 1.779147674166510740e+01 4.194052094804918973e-02 9.991145813686265198e-01 -3.323552196147892650e-03 2.740547571757910306e-01 3.540171908917138371e-02 1.838324395817302883e-03 9.993714719006877578e-01 2.925713146686642618e-01
9.984005003804230505e-01 -4.357489090939486998e-02 -3.602318312358465668e-02 1.837645766996597274e+01 4.350785569077519899e-02 9.990495886850043750e-01 -2.643074254405655861e-03 2.955318804942616007e-01 3.610411795504299415e-02 1.071555205277930148e-03 9.993474593133913064e-01 3.072534538722358488e-01
9.983127369547023511e-01 -4.517138449558078667e-02 -3.648595972101766061e-02 1.895840067975812460e+01 4.515261004028570807e-02 9.989792036759895799e-01 -1.338816430888785641e-03 3.174791826205739520e-01 3.650919117922513113e-02 -3.108788158281719461e-04 9.993332688917149209e-01 3.194289674633169485e-01
9.982313277784568006e-01 -4.678193890409382272e-02 -3.668332637633710258e-02 1.956007435742528600e+01 4.675782840789781403e-02 9.989051051851431939e-01 -1.515360562872956028e-03 3.306810883035031234e-01 3.671405349776594995e-02 -2.025522933959014813e-04 9.993257913455109165e-01 3.479203533708065121e-01
9.981044206569932298e-01 -4.815771331961238994e-02 -3.831970919506094697e-02 2.016267774089153875e+01 4.810123537840938629e-02 9.988395943279894107e-01 -2.394985964144966638e-03 3.438330817069102929e-01 3.839057983462698664e-02 5.472207266007173736e-04 9.992626601296765720e-01 3.655054458801309525e-01
9.980067870503512850e-01 -4.882261508164578018e-02 -3.998506293635582104e-02 2.077075505441502301e+01 4.873134914916656818e-02 9.988066196339357994e-01 -3.254563800636635362e-03 3.638428084922322725e-01 4.009624186300887044e-02 1.299550699220793906e-03 9.991949772474055802e-01 3.943577490252530571e-01
9.979078247260390055e-01 -4.959102305776083575e-02 -4.148136669192113019e-02 2.137974114433366069e+01 4.947337678411352357e-02 9.987679894904122335e-01 -3.858517702050402731e-03 3.960913404889019884e-01 4.162160905253577819e-02 1.798221722850641994e-03 9.991318271672229301e-01 4.187918407067288684e-01
9.977773110239620546e-01 -5.052088082855555468e-02 -4.345202188734732102e-02 2.199374734183457747e+01 5.040193710883867501e-02 9.987216736672731576e-01 -3.829266629187682430e-03 4.159507159641923635e-01 4.358993394659246151e-02 1.630689286046716749e-03 9.990481762712867253e-01 4.365233378708263667e-01
9.976885883175795611e-01 -5.117800474667637267e-02 -4.470226583769897066e-02 2.261363499906903129e+01 5.106689931194671739e-02 9.986886570370020477e-01 -3.624651747804645899e-03 4.435350371042934836e-01 4.482914828031683840e-02 1.333467576860415844e-03 9.989937784234108609e-01 4.606637245992275531e-01
9.975981360604720960e-01 -5.164853663834687025e-02 -4.615612193186451745e-02 2.323177333094180952e+01 5.153679768121359472e-02 9.986645772158219136e-01 -3.608420583776053743e-03 4.737978847548062755e-01 4.628085363773511846e-02 1.221014930745304913e-03 9.989277209633845578e-01 4.805462053619879437e-01
9.975257457724369115e-01 -5.182782974997408171e-02 -4.750013246877564377e-02 2.386509405790287985e+01 5.174301333708148515e-02 9.986558839898582729e-01 -3.014289838980956614e-03 5.012619438787428994e-01 4.759251088083228665e-02 5.490317317587622634e-04 9.988666835330004545e-01 4.987515148029849077e-01
9.974759469245538801e-01 -5.182163030151386990e-02 -4.854126017995101516e-02 2.448903388223992295e+01 5.176224929143725256e-02 9.986563558869816504e-01 -2.480402149937689475e-03 5.276388550197198546e-01 4.860457648468488601e-02 -3.846332709234482825e-05 9.988180983869470175e-01 5.206882908543313260e-01
9.974136067269954165e-01 -5.181523769122937245e-02 -4.981243076630555155e-02 2.515194450472873200e+01 5.173882126759069694e-02 9.986566598227335501e-01 -2.823148161407294798e-03 5.544995632202035507e-01 4.989179781975075501e-02 2.386099376718176651e-04 9.987546002775710141e-01 5.533999988842508433e-01
9.973987271387250164e-01 -5.146772646426651249e-02 -5.046634754616886182e-02 2.581191376018460915e+01 5.140296015201731988e-02 9.986746581092924568e-01 -2.581266723534647589e-03 5.901915755896647298e-01 5.053231431135311175e-02 -1.956750747456981014e-05 9.987224263164672378e-01 5.895089010641009208e-01
9.974244264536413773e-01 -5.090504037407317384e-02 -5.052910426811983713e-02 2.647413007174865029e+01 5.084865859065550164e-02 9.987034828165559652e-01 -2.401526517050320275e-03 6.315505076235311543e-01 5.058584222048204126e-02 -1.739959629391328675e-04 9.987197015640821851e-01 6.310208023343455430e-01
9.974315596341463142e-01 -5.049960646334426123e-02 -5.079442482046387514e-02 2.715472327208500047e+01 5.043496867674430312e-02 9.987240807893719152e-01 -2.554287767657882277e-03 6.595568768450698061e-01 5.085860576510350256e-02 -1.408799292391526431e-05 9.987058636160890401e-01 6.656346999814812815e-01
9.974175006080064909e-01 -4.992353087823964836e-02 -5.163303734554912372e-02 2.783518510623390085e+01 4.984891208061974915e-02 9.987530315381933921e-01 -2.732756419269905500e-03 6.892479519477805461e-01 5.170508142587207367e-02 1.518483383850402577e-04 9.986623861429978488e-01 7.034928709190250151e-01
9.973642903760464584e-01 -4.945222250488688631e-02 -5.309378468344901070e-02 2.850735964473572892e+01 4.932128862244228307e-02 9.987758332223355406e-01 -3.774315785834067832e-03 7.154714673684413606e-01 5.321543734018382987e-02 1.145713906963311771e-03 9.985823974857239715e-01 7.390161665603973695e-01
9.973111552107667421e-01 -4.851906286783248118e-02 -5.492140047916898443e-02 2.923780573572682684e+01 4.840734199569527579e-02 9.988220143632632331e-01 -3.363460156606651232e-03 7.443808819878071636e-01 5.501989579304689820e-02 6.958173184130902154e-04 9.984850158641248585e-01 7.674223590115645255e-01
9.972332402480779123e-01 -4.728077208695607991e-02 -5.736194849532701839e-02 2.995825806370240940e+01 4.717347837842544855e-02 9.988815092431682086e-01 -3.223884267567394234e-03 7.757773859764474089e-01 5.745021742343071197e-02 5.090019172423710606e-04 9.983482425662143500e-01 7.933691434292270417e-01
9.972411982577554790e-01 -4.575063847585451871e-02 -5.845401249262333065e-02 3.067650123092841241e+01 4.571557571889736660e-02 9.989526172821281413e-01 -1.937669186375140518e-03 7.993693117793402303e-01 5.848143837257993582e-02 -7.399352929320186442e-04 9.982882218385812356e-01 8.139935675443190632e-01
9.972031585508277507e-01 -4.350938715856051547e-02 -6.076836187803018319e-02 3.140282268042659908e+01 4.346492490210777243e-02 9.990528421975019002e-01 -2.053971846822150518e-03 8.209870224814773687e-01 6.080017170622854794e-02 -5.930650722271652627e-04 9.981497820439141355e-01 8.440280862153894947e-01
9.972046847597049180e-01 -4.099841891447472686e-02 -6.246556123025605312e-02 3.214475824772743096e+01 4.096354524539858044e-02 9.991589486370423545e-01 -1.839380180488079611e-03 8.552608917087928253e-01 6.248843616402806334e-02 -7.245723106979446273e-04 9.980454249886328011e-01 8.785527685780482043e-01
9.974223609881495145e-01 -3.829901865103479963e-02 -6.067799412631516565e-02 3.289306082306271861e+01 3.827432645504910691e-02 9.992660368111251357e-01 -1.569589181711824113e-03 8.918519601711732969e-01 6.069357243759652965e-02 -7.568660084236729195e-04 9.981561588341814062e-01 9.335652065037328695e-01
9.976402311097796183e-01 -3.550402709807886498e-02 -5.876591980939713938e-02 3.362905059943921771e+01 3.553381193303040836e-02 9.993683296606783450e-01 -5.384057334125402728e-04 9.047709168698010451e-01 5.874791469263942328e-02 -1.551041922266146664e-03 9.982716447882418187e-01 9.693920492502887676e-01
9.977354330586124531e-01 -3.267372996584881617e-02 -5.879143636161601044e-02 3.436859205943144957e+01 3.262706231650409905e-02 9.994660569628760483e-01 -1.753791229303059817e-03 9.125010688739493281e-01 5.881734798457093766e-02 -1.683722061841460031e-04 9.982687469949472758e-01 1.014982797798395842e+00
9.976854709387146247e-01 -2.955754681593112873e-02 -6.123767226160053978e-02 3.510266462602130844e+01 2.940826818874659257e-02 9.995619106307053192e-01 -3.337750504849603100e-03 9.221625470324736895e-01 6.130950040518937105e-02 1.529131295183092359e-03 9.981176318037610073e-01 1.061964110349940427e+00
9.977083079808787280e-01 -2.612620697387975713e-02 -6.241436929978545073e-02 3.583624536236059299e+01 2.595578634506109580e-02 9.996568244286175853e-01 -3.539848655173386850e-03 9.490492657782140240e-01 6.248543303155979639e-02 1.911722377854457823e-03 9.980440451084353626e-01 1.105989419015445785e+00
9.976992264458094395e-01 -2.258831073785500659e-02 -6.392199752388535994e-02 3.655632184246722005e+01 2.244842973342075360e-02 9.997437794477711526e-01 -2.905762892929580204e-03 9.664755932792115090e-01 6.397125566953623665e-02 1.464128920675943774e-03 9.979506675054465870e-01 1.139098246149796489e+00
9.976013312243766640e-01 -2.014940014571696761e-02 -6.622375414546731454e-02 3.729111067846258010e+01 1.999272934307047209e-02 9.997955409395685722e-01 -3.027720391669744618e-03 9.820156199058425184e-01 6.627122084861759854e-02 1.696464300592558832e-03 9.978002040970479491e-01 1.187115371631099370e+00
9.976294598819901438e-01 -1.669371075423878650e-02 -6.675912519515460330e-02 3.800934946937052672e+01 1.662386824225117396e-02 9.998605312058767014e-01 -1.601605871129722480e-03 9.978480210988647237e-01 6.677655112562182194e-02 4.880142989467690798e-04 9.977678357522912211e-01 1.217881625582472260e+00
9.976560648342335247e-01 -1.296667385574686547e-02 -6.718810660072532803e-02 3.872545196583429572e+01 1.288916102903935566e-02 9.999156718481921891e-01 -1.587047682308126515e-03 9.964017053874891783e-01 6.720301948156223726e-02 7.173294202228053945e-04 9.977390638894838570e-01 1.256300748654304966e+00
9.975351563737895333e-01 -8.702765733907259077e-03 -6.962667353033676065e-02 3.944807349006274677e+01 8.572829346483550744e-03 9.999609093844187280e-01 -2.164786382642675498e-03 9.939395445450526223e-01 6.964279140955965952e-02 1.562552932586411345e-03 9.975707694359420286e-01 1.294751626745041184e+00
9.972844980881685473e-01 -3.971815013711447843e-03 -7.353811636509785532e-02 4.016454532167978897e+01 3.787672823021995348e-03 9.999893331227338589e-01 -2.643326566231488876e-03 1.003537456016500018e+00 7.354783074717810565e-02 2.357610283074981859e-03 9.972889041126135057e-01 1.344190575418817701e+00
9.972236681796970981e-01 7.689120872089385975e-04 -7.446048882750914977e-02 4.086996688899738217e+01 -8.471507180684592587e-04 9.999991218213898359e-01 -1.019162455168658946e-03 1.015242078783565205e+00 7.445963979156995649e-02 1.079412178592269091e-03 9.972234438236289300e-01 1.387866158131294991e+00
9.971686032262881971e-01 5.765886162074621533e-03 -7.497687174388804887e-02 4.159432605995006327e+01 -5.779847968819327129e-03 9.999832960658687764e-01 3.076846380006963990e-05 1.008494032364549708e+00 7.497579674262074001e-02 4.026735737864045508e-04 9.971852725330444533e-01 1.428392031432970555e+00
9.970718532445160820e-01 1.124576827253889223e-02 -7.563895929682376562e-02 4.230169621656731493e+01 -1.127442482906188502e-02 9.999364404933831496e-01 4.814765447727219379e-05 9.863697920931397967e-01 7.563469317925497482e-02 8.047790896614806467e-04 9.971352694184960619e-01 1.486722938941734240e+00
9.969561677227442020e-01 1.708812596200258091e-02 -7.606836129880910347e-02 4.301355322125383651e+01 -1.710443917135464134e-02 9.998536128439946546e-01 4.370851685685872914e-04 9.759978935047994852e-01 7.606469483415322086e-02 8.653519040755194066e-04 9.971025089557589149e-01 1.539420353439087119e+00
9.967976128635435140e-01 2.301120484493233628e-02 -7.658331046073785231e-02 4.372940686182130321e+01 -2.297656346934578639e-02 9.997351145366166758e-01 1.333526751559764535e-03 9.645473865014579928e-01 7.659371071230536288e-02 4.303650108493066863e-04 9.970622940745864637e-01 1.590267412706298789e+00
9.966500190139584436e-01 2.903144442927725957e-02 -7.645858247329699597e-02 4.443136229821632810e+01 -2.897867222306206234e-02 9.995784097529790690e-01 1.799808849227993880e-03 9.356683617713601464e-01 7.647859933121488318e-02 4.218886763290606101e-04 9.970711337985270761e-01 1.649349702682294971e+00
9.965061442678443404e-01 3.558561199323966723e-02 -7.555904085879372456e-02 4.513126653404058430e+01 -3.559801736891591434e-02 9.993654894837556979e-01 1.183041967034364822e-03 9.057512670304704860e-01 7.555319712518210329e-02 1.510843459793505131e-03 9.971406278736231199e-01 1.705545677424908702e+00
9.962972218307160066e-01 4.199924788391542346e-02 -7.501939049060982190e-02 4.582896639025996421e+01 -4.205496132734905940e-02 9.991149476796254980e-01 8.375863503393975477e-04 8.653369355490779791e-01 7.498817240173510923e-02 2.320452611997422115e-03 9.971817234082878123e-01 1.766263672899623050e+00
9.960137459019375861e-01 4.780982297715804380e-02 -7.530497195592954218e-02 4.651889200231643429e+01 -4.794944487683525797e-02 9.988497627799269862e-01 -4.615719679939471812e-05 8.298060081855176406e-01 7.521614660692117760e-02 3.656804804236966563e-03 9.971605482911113372e-01 1.821791363400738106e+00
9.956511539265026078e-01 5.360477596732599742e-02 -7.619256970542931384e-02 4.723865205179987470e+01 -5.376791145975378522e-02 9.985534555632809006e-01 -8.988819092816584602e-05 7.947799253015229715e-01 7.607753533126579426e-02 4.186212622834636216e-03 9.970931171369082913e-01 1.861329927413611252e+00
9.952924629377253307e-01 5.839490370038369349e-02 -7.734952127311148229e-02 4.789945693453628195e+01 -5.859609532914121510e-02 9.982817174154748896e-01 -3.320936435236552554e-04 7.565422634097637156e-01 7.719722036145346133e-02 4.862910222571298000e-03 9.970039825761141117e-01 1.905610560806664244e+00
9.948219492923939811e-01 6.377685953156279897e-02 -7.913154487543344606e-02 4.859037171989717763e+01 -6.398544814522207080e-02 9.979508265994669891e-01 -1.005738324526398754e-04 7.050483490204084713e-01 7.896297633534674065e-02 5.163320417326701731e-03 9.968641775540595384e-01 1.943715804833680227e+00
9.943646376136676679e-01 6.879935278585397329e-02 -8.065740213822344962e-02 4.928609403292642099e+01 -6.897975207490567029e-02 9.976179079337655908e-01 5.509750822419593255e-04 6.588713232304785894e-01 8.050317550956628820e-02 5.015857464512932760e-03 9.967417317975462154e-01 1.996215011267442385e+00
9.940652005995935792e-01 7.384855333741933980e-02 -7.987971035788790641e-02 4.999325620632029654e+01 -7.399804874998526516e-02 9.972577892385382503e-01 1.091138972787551427e-03 5.960525330477469685e-01 7.974124239115248924e-02 4.826279419331600852e-03 9.968039131588930513e-01 2.045481815114996937e+00
9.936823453837776432e-01 7.928683657859536549e-02 -7.942917611277390544e-02 5.068404943377373684e+01 -7.948427808473734757e-02 9.968358892357862544e-01 6.778413144046045551e-04 5.210282328843451882e-01 7.923159729516425498e-02 5.639811775093707749e-03 9.968402813456117562e-01 2.097422969325402509e+00
9.932664047051602552e-01 8.412208223985268019e-02 -7.965754555417939309e-02 5.137630083927491143e+01 -8.433182106696282543e-02 9.964374571089585908e-01 7.335023940536608208e-04 4.487974586330916726e-01 7.943546588026326183e-02 5.989102592524187321e-03 9.968220189233992778e-01 2.138986180780737545e+00
9.927331694024335018e-01 8.826158059080543850e-02 -8.179699114155776496e-02 5.206130982703727028e+01 -8.862441929746320279e-02 9.960647862100807659e-01 -8.086881064112575249e-04 3.755907731206398759e-01 8.140372640356675904e-02 8.052022347135995989e-03 9.966486834706271836e-01 2.192049492463965521e+00
