1.000000000000000000e+00 0.000000000000000000e+00 0.000000000000000000e+00 0.000000000000000000e+00 0.000000000000000000e+00 1.000000000000000000e+00 0.000000000000000000e+00 0.000000000000000000e+00 0.000000000000000000e+00 0.000000000000000000e+00 1.000000000000000000e+00 0.000000000000000000e+00
9.999999995969379718e-01 2.445824693239740698e-05 -1.441936943031325378e-05 -5.761853747959136407e-03 -2.445783138483988842e-05 9.999999992856635211e-01 2.881817725320422476e-05 2.467926568531900438e-03 1.442007426210837218e-05 -2.881782457508251237e-05 9.999999994807972081e-01 1.373867411082757865e-03
9.999999879963147320e-01 1.249787102051148598e-04 -9.158434537637273371e-05 2.796529006579706253e-03 -1.249760077099544239e-04 9.999999917549784456e-01 2.951339412703471625e-05 3.228408344901794076e-03 9.158803316718962121e-05 -2.950194792691135406e-05 9.999999953706336653e-01 -4.070154608979050653e-03
9.999999983636920220e-01 -1.068107059387398940e-05 -5.620080686382450343e-05 -8.519003696827827030e-03 1.068461820820206917e-05 9.999999979506009051e-01 6.312398224328953785e-05 -3.790949079641708214e-04 5.620013251693611520e-05 -6.312458262416359596e-05 9.999999964284160825e-01 -4.478580889620189381e-04
9.999999991031375268e-01 -1.867901454033048264e-05 -3.801077989812584037e-05 -2.061955182937721259e-03 1.868003502951139338e-05 9.999999994651425084e-01 2.684718442600196877e-05 -2.788004628528725336e-03 3.801027839884722596e-05 -2.684789444462373285e-05 9.999999989172047021e-01 -1.540552754133320615e-04
9.999999974505446865e-01 -4.460851669351573569e-05 -5.575832486498258177e-05 -4.608216335317233230e-03 4.461035594606912286e-05 9.999999984609416748e-01 3.298534310076041198e-05 1.980756780845258427e-04 5.575685335193890938e-05 -3.298783041538494199e-05 9.999999979014881912e-01 -2.112074663336202182e-03
9.999999782130877257e-01 2.087065989932077536e-04 -3.921682486182540120e-06 -7.558892039184366037e-03 -2.087066986865638088e-04 9.999999778972139541e-01 -2.543787753394802101e-05 2.967531414373324964e-03 3.916373346596715207e-06 2.543869546114020387e-05 9.999999996687674031e-01 6.284167529160486487e-05
9.999999851095120462e-01 1.400269071762040476e-04 -1.008634771815648102e-04 -9.605598944675587669e-04 -1.400240700337536035e-04 9.999999898008392618e-01 2.813505343571132128e-05 2.684905122634455559e-03 1.008674158173578360e-04 -2.812092970217392460e-05 9.999999945174888882e-01 -2.642870803503757308e-03
9.999999987149645886e-01 4.305767172885574404e-05 -2.676018925524401549e-05 -6.080853966495139776e-03 -4.305744068574428925e-05 9.999999990357523183e-01 8.634353117897621089e-06 -9.607455377613652141e-04 2.676056100458270494e-05 -8.633200881540573787e-06 9.999999996046701201e-01 -1.137654903532912647e-03
9.999999990225666435e-01 -4.035738057105168255e-05 -1.805958099565948508e-05 -1.948581450514663346e-03 4.035783444567248528e-05 9.999999988698036191e-01 2.513240952761077308e-05 -3.071521020558854332e-03 1.805856669703263871e-05 -2.513313834862550224e-05 9.999999995211067416e-01 -5.865629279843921282e-04
9.999999836720150359e-01 1.696079374858216430e-04 -6.236278657040473996e-05 -2.616784838011982327e-03 -1.696075225248787029e-04 9.999999855944714522e-01 6.659211732797158285e-06 4.035394762780170931e-03 6.236391512720312750e-05 -6.648634426337695426e-06 9.999999980332688887e-01 -1.333778459806807086e-03
9.999999919455994091e-01 1.242324229274263420e-04 -2.598280804931275712e-05 -2.733023761201862183e-03 -1.242324759341222171e-04 9.999999922810682840e-01 -2.038464019366275758e-06 3.446103247400357852e-03 2.598255460542905906e-05 2.041691911523357369e-06 9.999999996603691210e-01 -2.191903489778248160e-03
9.999999917116930703e-01 1.266228262038694610e-04 -2.330823285250437259e-05 2.199175306731886246e-03 -1.266234750991310405e-04 9.999999915957045182e-01 -2.784037499088425199e-05 8.765994439935563716e-04 2.330470742965117732e-05 2.784332612957688376e-05 9.999999993408199561e-01 -6.502883299332753129e-04
9.999999438408961883e-01 -1.180163188281326534e-04 3.136723656897287982e-04 -2.426955885571371874e-02 1.180887920185740687e-04 9.999999663380217951e-01 -2.310389414894511312e-04 1.788379113645543594e-03 -3.136450887655159708e-04 2.310759697052651343e-04 9.999999241153243457e-01 2.095754858118912753e-03
9.999993678003328279e-01 1.423752736433998281e-04 -1.115404956126725064e-03 -9.569431342090448100e-02 -1.434419857616970803e-04 9.999995324347428216e-01 -9.563235291307174571e-04 2.792906459834168520e-02 1.115268277777968151e-03 9.564829204451358357e-04 9.999989206579632528e-01 -9.608370063589685359e-03
9.999984394036056656e-01 8.487804752547829985e-05 -1.764648993479589348e-03 -1.241315476435911891e-01 -8.575820132009862734e-05 9.999998719718063978e-01 -4.987002121755587311e-04 4.040872409822940381e-02 1.764606438854456625e-03 4.988507670294478873e-04 9.999983186546006486e-01 1.887044175444798494e-03
9.999972817107685152e-01 -9.028883298133119617e-05 -2.329896778935434086e-03 -1.334730682919056111e-01 9.025811986699358461e-05 9.999999958384594434e-01 -1.328732094578653181e-05 3.509519879403706633e-02 2.329897968936176129e-03 1.307699272425421214e-05 9.999972856985396286e-01 -1.110393564159418284e-03
9.999963687244474153e-01 9.422692462642058325e-05 -2.693261815275006538e-03 -8.372270399187257961e-02 -9.403110876138272073e-05 9.999999929267979759e-01 7.283237385452185383e-05 3.231732707327542031e-02 2.693268658995622792e-03 -7.257885898542823316e-05 9.999963705115332280e-01 -9.744507672010667074e-03
9.999961995503762191e-01 4.843402392948234730e-04 -2.714092728101735567e-03 -3.726473838133916722e-02 -4.841068497292205157e-04 9.999998790663302550e-01 8.664804036369365761e-05 4.515530452665370009e-02 2.714134367009146155e-03 -8.533380018170693706e-05 9.999963130895935803e-01 -1.808694418843440760e-02
9.999967315961574288e-01 6.068910187961147574e-04 -2.483642545538862229e-03 -4.831875709410245190e-03 -6.063111794097783775e-04 9.999997887662924745e-01 2.342095730844496126e-04 4.659004036440007879e-02 2.483784160596259980e-03 -2.327029473519629855e-04 9.999968883279496401e-01 -1.797065905753960496e-02
9.999970771928624602e-01 1.462189108145645728e-04 -2.413343274859840269e-03 -1.679846000934942171e-02 -1.456238341964733710e-04 9.999999589536794353e-01 2.467515719492755616e-04 3.662130517805128188e-02 2.413379255547071136e-03 -2.463994104411025023e-04 9.999970574396204182e-01 -1.457226613043906965e-02
9.999968727376968847e-01 1.041346750771062656e-04 -2.498733838547817498e-03 -1.263473380161806575e-02 -1.038680982263081389e-04 9.999999889010611209e-01 1.068143047828287333e-04 4.444204956704378429e-02 2.498744933887445466e-03 -1.065544320146962707e-04 9.999968724550634125e-01 -1.162582271027592234e-02
9.999970413125907065e-01 -2.121806749732768943e-05 -2.432471142372091832e-03 -1.096026370192637080e-02 2.130396629828821737e-05 9.999999991504672225e-01 3.528748428456495389e-05 4.384544083045278928e-02 2.432470391573404722e-03 -3.533920116316814923e-05 9.999970409150894524e-01 -8.368840021243688018e-03
9.999972830573872207e-01 -2.328409372617777379e-04 -2.319410041733607503e-03 -9.588811577488779922e-03 2.329764514503778676e-04 9.999999711699182336e-01 5.815613252836566565e-05 5.661831618238557379e-02 2.319396433736420956e-03 -5.869634244247247872e-05 9.999973084738391638e-01 -7.923228652577966533e-04
9.999965341040958355e-01 -5.456287720906400534e-04 -2.575668658621924935e-03 -1.556059521857359670e-02 5.458612692118748220e-04 9.999998470068179879e-01 8.956458727999131884e-05 6.131503731724714801e-02 2.575619395546400667e-03 -9.097023462151971349e-05 9.999966789490581931e-01 3.830953858001231050e-03
9.999920158073531962e-01 4.161538689699388637e-04 -3.974309688943347338e-03 5.008987994490816942e-02 -4.188541028160080114e-04 9.999996820221290772e-01 -6.786139412954569471e-04 8.780461177918744142e-02 3.974026017383607001e-03 6.802731790300920855e-04 9.999918721397764720e-01 -7.370405033034682640e-03
9.999753511286396668e-01 5.391710148453730507e-04 -7.000459254259826410e-03 1.652808329489283412e-01 -5.475045091513996249e-04 9.999991437824968799e-01 -1.188559247796264467e-03 9.674710742351849690e-02 6.999812423648245178e-03 1.192362734160099230e-03 9.999747901308032594e-01 -3.985525682995021829e-02
9.999730847622007035e-01 1.377887676169754251e-04 -7.335582146228866035e-03 2.215832697643329574e-01 -1.444642125891403201e-04 9.999995759818389729e-01 -9.094867967498949414e-04 9.312921968585753663e-02 7.335453718743925947e-03 9.105220467951230957e-04 9.999726806609980923e-01 -3.594956113189579777e-02
9.999728479477797416e-01 -8.720472146739370817e-04 -7.317301474044780006e-03 2.926239263059156048e-01 8.661098494534860649e-04 9.999992931854844169e-01 -8.145442040107101801e-04 7.217115639524358806e-02 7.318006623074219986e-03 8.081845005858563896e-04 9.999728964411374044e-01 -3.084291471695787060e-02
9.999724661274870252e-01 -1.651012459051017130e-03 -7.234718016058630345e-03 3.723575692024641004e-01 1.646910411591715698e-03 9.999984797257124303e-01 -5.729156657694764541e-04 6.391784939935540866e-02 7.235652908205022875e-03 5.609849587569974531e-04 9.999736649646669973e-01 -3.103558785478733456e-02
9.999720583542155428e-01 -1.896057442533945724e-03 -7.231008021565000360e-03 4.648664891548857092e-01 1.892048935365451233e-03 9.999980526287276517e-01 -5.611502282610929216e-04 6.866117253037713752e-02 7.232057913174383401e-03 5.474531277713617873e-04 9.999736984708215148e-01 -3.007254276848989050e-02
9.999703917500559758e-01 -2.171779918529047077e-03 -7.382343477856307887e-03 5.870965891199310116e-01 2.166276376719674084e-03 9.999973698026937141e-01 -7.534151274286884871e-04 5.962542764897957315e-02 7.383960312680444213e-03 7.374006238443732214e-04 9.999724663061582142e-01 -3.331533251520743533e-02
9.999694834580488134e-01 -1.972890120524902705e-03 -7.559091031030644621e-03 7.396852546215736401e-01 1.966783184417973240e-03 9.999977335700973580e-01 -8.152414206978523918e-04 7.510708120276635147e-02 7.560682280625432607e-03 8.003494492195215027e-04 9.999710973444235762e-01 -3.831465916800967653e-02
9.999685409012188941e-01 -2.212953194182978433e-03 -7.617089079666064175e-03 8.805950784885256954e-01 2.209342094135269014e-03 9.999974430163645067e-01 -4.824606139367537965e-04 9.995589310453660559e-02 7.618137265650616607e-03 4.656166806221577231e-04 9.999708731686680618e-01 -4.874210491672444079e-02
9.999695119496641027e-01 -2.353276785532726605e-03 -7.445620156933715171e-03 1.012532488738231207e+00 2.349441520875586876e-03 9.999971028705645359e-01 -5.238081877454730953e-04 1.125036044776721866e-01 7.446831251656686919e-03 5.062991687097103581e-04 9.999721437947465263e-01 -6.064065542268570058e-02
9.999683035180915169e-01 -2.991434886924670272e-03 -7.378568727557454666e-03 1.150487377867219330e+00 2.986681771261845766e-03 9.999953252683271288e-01 -6.551133411670570896e-04 1.136282215488350344e-01 7.380493963632180250e-03 6.330551396622922456e-04 9.999725633986379369e-01 -6.301868547660038899e-02
9.999649372169993056e-01 -3.653459902360446307e-03 -7.535022716919041220e-03 1.327935167760759594e+00 3.648499341780618056e-03 9.999931184275158147e-01 -6.719748249759182951e-04 1.117460299369355953e-01 7.537425897192489947e-03 6.444597382454670407e-04 9.999713855318511646e-01 -7.433515202743275208e-02
9.999711934052242235e-01 -3.961947501242451576e-03 -6.474205104024998922e-03 1.499216762402796999e+00 3.963262429979778727e-03 9.999921281401519257e-01 1.902856826710171265e-04 1.139572840295351025e-01 6.473400238104812590e-03 -2.159391750412304053e-04 9.999790240098188621e-01 -6.846260970086535946e-02
9.999715436867704366e-01 -3.974111662608192930e-03 -6.412351611583867045e-03 1.669914821794528770e+00 3.977017737105128029e-03 9.999919946075240818e-01 4.405119571092531647e-04 1.506341196644759850e-01 6.410549634486256698e-03 -4.660014578588440046e-04 9.999793436346697817e-01 -8.158538012699878550e-02
9.999697407707057728e-01 -3.966962890034656311e-03 -6.691841928539284980e-03 1.866196192338258175e+00 3.975781448941858795e-03 9.999912450043972889e-01 1.305019703189657038e-03 2.065874775782884365e-01 6.686606376759309835e-03 -1.331585515297962650e-03 9.999767578174892924e-01 -8.587169121543876404e-02
9.999669703008186028e-01 -5.063786943415235497e-03 -6.357386978430536704e-03 2.074449126237975616e+00 5.085875784490054632e-03 9.999810699803463043e-01 3.463170291291403548e-03 1.966608494114777395e-01 6.339729876466223928e-03 -3.495388784304700059e-03 9.999737946978111136e-01 -9.737579805372716113e-02
9.999656920416208905e-01 -5.791167213138867509e-03 -5.922594197792160030e-03 2.269150349096328068e+00 5.816600617196993062e-03 9.999738977813238394e-01 4.286130339420012036e-03 2.145469792328515146e-01 5.897617907450390835e-03 -4.320432656105004446e-03 9.999732756252447397e-01 -9.875459515270060273e-02
9.999675718469956953e-01 -5.922228448653819692e-03 -5.457331273191215470e-03 2.506030683750550825e+00 5.951888646118866540e-03 9.999675184098205660e-01 5.434808814426306083e-03 2.311384097913644631e-01 5.424967831019535461e-03 -5.467114001657539905e-03 9.999703397543975303e-01 -9.746529886353513805e-02
9.999667298448630115e-01 -6.569547613307177847e-03 -4.835312557354629059e-03 2.726516798599883273e+00 6.599513463109763639e-03 9.999589549059880733e-01 6.207650551894191258e-03 2.275737182397190028e-01 4.794332635628693884e-03 -6.239354732717898415e-03 9.999690419343482128e-01 -1.028501344270450896e-01
9.999597157193645947e-01 -7.684512412569090983e-03 -4.638448817070134518e-03 2.976260535190256018e+00 7.715233978443942348e-03 9.999481775613463519e-01 6.642089761516471735e-03 2.221576600089474329e-01 4.587167220123092130e-03 -6.677608907629245874e-03 9.999671831796138610e-01 -1.097695053381539387e-01
9.999576304372218560e-01 -8.280232259457540739e-03 -4.021825966628651827e-03 3.241208984062939003e+00 8.305410586552996327e-03 9.999457605418301531e-01 6.284594609813698787e-03 2.232078307926803618e-01 3.969569921941576082e-03 -6.317731250248355065e-03 9.999721640058208960e-01 -1.233634458308640602e-01
9.999471115007616540e-01 -8.781737300640236193e-03 -5.353063727048254852e-03 3.497275825580149267e+00 8.807502707368727868e-03 9.999496504604258318e-01 4.808787802757015506e-03 2.731874786905730268e-01 5.310564691535952023e-03 -4.855680596455667214e-03 9.999741097991499128e-01 -1.310737121796380911e-01
9.999208719312657756e-01 -9.898843081781030784e-03 -7.762910656410115101e-03 3.748328460030137421e+00 9.937883523168971472e-03 9.999380835302313919e-01 5.006753136308651070e-03 2.479309277976746440e-01 7.712868940741607338e-03 -5.083503863506517659e-03 9.999573339103887681e-01 -1.256130345607729404e-01
9.998778833686789991e-01 -1.061729384973089489e-02 -1.146697089378265200e-02 4.035964083963739846e+00 1.063786557385522184e-02 9.999419119848086401e-01 1.734494796112059575e-03 2.748291078679837574e-01 1.144788915927202541e-02 -1.856267080357884829e-03 9.999327477917319129e-01 -1.193457176978875711e-01
9.998260766283064704e-01 -1.083719169120358691e-02 -1.517800284279900887e-02 4.325544371832376278e+00 1.080247723003479460e-02 9.999388493688506907e-01 -2.367278731702691496e-03 2.891346260533535495e-01 1.520272935174755806e-02 2.202906976497195305e-03 9.998820051491628114e-01 -1.280343962694415472e-01
9.997961968667350430e-01 -1.096205784322171715e-02 -1.695281742527175381e-02 4.638401411283800790e+00 1.088104692968780950e-02 9.999289721088108207e-01 -4.863492071634953687e-03 2.882330636577336014e-01 1.700492718380963372e-02 4.678036474717334886e-03 9.998444621170907709e-01 -1.231107519706629155e-01
9.997641837135295972e-01 -1.126467992627037777e-02 -1.856566588567416798e-02 4.952763361366708139e+00 1.111742019415602224e-02 9.999060685493188494e-01 -8.016049305701222066e-03 3.092562347602216821e-01 1.865422021544659026e-02 7.807756681886441306e-03 9.997955085935074093e-01 -1.367011561886480320e-01
9.997530193640968843e-01 -1.136707296421717722e-02 -1.909685640616742841e-02 5.262544548796537214e+00 1.116860279657702626e-02 9.998828397498085163e-01 -1.046752527730208764e-02 3.360981589141509573e-01 1.921360413727489502e-02 1.025165479738901660e-02 9.997628423731156344e-01 -1.441832501350121531e-01
9.997434509855843698e-01 -1.183029050265723379e-02 -1.931518672074131193e-02 5.565819107463164883e+00 1.160250675605091659e-02 9.998623188259053718e-01 -1.186276650108675050e-02 3.407914799900974012e-01 1.945286735702879410e-02 1.163561853561086677e-02 9.997430661589424838e-01 -1.562854472737751355e-01
9.997160253993908618e-01 -1.257328245347694336e-02 -2.024305135076032852e-02 5.913902022385837398e+00 1.235152897786147112e-02 9.998627413285088306e-01 -1.104256469070452606e-02 3.594849685337353495e-01 2.037911410129201323e-02 1.078939624744752745e-02 9.997341049684471681e-01 -1.706477670350049491e-01
9.997601576567454185e-01 -1.309889569653896989e-02 -1.755124194154924003e-02 6.248231906387370138e+00 1.296801551682412630e-02 9.998874060950504461e-01 -7.550212319337693163e-03 3.729330937087600439e-01 1.764816522234005300e-02 7.320796680885408893e-03 9.998174574392277858e-01 -1.865610948457116502e-01
9.998659544629392437e-01 -1.391040954684240848e-02 -8.635601435600135517e-03 6.606217946998716783e+00 1.388233489791545171e-02 9.998981819106574909e-01 -3.302512610691356928e-03 4.065296171840128703e-01 8.680661478109967522e-03 3.182187612440886149e-03 9.999572589857537164e-01 -1.899737081228999314e-01
9.998703688652342825e-01 -1.575818972086413111e-02 3.305286980224567042e-03 6.977053078385959672e+00 1.576071398907775284e-02 9.998755190997814513e-01 -7.390531083627580435e-04 4.404362233783867819e-01 -3.293229396030413706e-03 7.910509868168106229e-04 9.999942644227922672e-01 -2.035661751611628489e-01
9.997282784810711531e-01 -1.683541459790231093e-02 1.612259348214879762e-02 7.326962235321922812e+00 1.684737271703995454e-02 9.998578892054981182e-01 -6.061567940732436304e-04 4.535141976442451095e-01 -1.611009738664005708e-02 8.776154297875289091e-04 9.998698388057069009e-01 -2.187741512328965077e-01
9.995785526351581574e-01 -1.816550668795805651e-02 2.264357477458252277e-02 7.680714876409193259e+00 1.827889454308241624e-02 9.998213540550358047e-01 -4.810612210279477559e-03 4.649345695424203506e-01 -2.255214238349054212e-02 5.222484305823174404e-03 9.997320273611275399e-01 -2.409940306418051070e-01
9.995556064991273360e-01 -1.988308864698034792e-02 2.220928414015147304e-02 8.037506568366767468e+00 2.006738742484628565e-02 9.997657653485779727e-01 -8.106441815824967298e-03 4.681343525780595205e-01 -2.204290085498693610e-02 8.548521675035726866e-03 9.997204775831435297e-01 -2.428351700698798687e-01
9.996051157949882304e-01 -2.068019407021976300e-02 1.902477462957602797e-02 8.435935944426834254e+00 2.083915795687483682e-02 9.997492489624557610e-01 -8.195650959748466968e-03 5.153030723324936169e-01 -1.885051649521923486e-02 8.588874910234352983e-03 9.997854216058762455e-01 -2.709722882579189696e-01
9.995717067008919043e-01 -2.253175729965069610e-02 1.867412852199129211e-02 8.807878865951703773e+00 2.263667972796615593e-02 9.997290309166712019e-01 -5.426368334985615625e-03 5.209716502489588619e-01 -1.854680279616132202e-02 5.846764524340444281e-03 9.998108978455061413e-01 -2.868133141615850645e-01
9.995825700124770785e-01 -2.348292418366635867e-02 1.682967614173323453e-02 9.214678588362636091e+00 2.351938249727954580e-02 9.997214368387452588e-01 -1.971641960751861419e-03 5.804587009175828927e-01 -1.677868809526262758e-02 2.366642528755548425e-03 9.998564270078694749e-01 -3.194937322281650172e-01
9.996279161182630713e-01 -2.477832379840155808e-02 1.140455991260857713e-02 9.628334082781025316e+00 2.477663597373500060e-02 9.996929701793881851e-01 2.892814164197781736e-04 6.374298435766059256e-01 -1.140822628122936319e-02 -6.607150072088680296e-06 9.999349240472911182e-01 -3.419270801904393253e-01
9.996488022582644684e-01 -2.601787909394514056e-02 5.034094861060528676e-03 1.003686330778062086e+01 2.600315095076402225e-02 9.996574508806977954e-01 2.969349985618302719e-03 6.592720603826346393e-01 -5.109626625212813737e-03 -2.837404828036308758e-03 9.999829202789379812e-01 -3.415636133192396784e-01
9.996222725960288713e-01 -2.748012200934758786e-02 3.937312558929298672e-04 1.045993120462423853e+01 2.747878513620312380e-02 9.996176648971677459e-01 3.072522249248085986e-03 6.628659398721372664e-01 -4.780140048984922777e-04 -3.060542416813145060e-03 9.999952022798539453e-01 -3.733212643134699027e-01
9.995875445924217173e-01 -2.871827896166807489e-02 -3.389945583915581850e-05 1.090218704025066643e+01 2.871826893217744106e-02 9.995840954416247426e-01 2.626246311361328262e-03 6.763819144512206449e-01 -4.153591729078052531e-05 -2.626136635558018375e-03 9.999965508346211340e-01 -3.903574702308378885e-01
9.995916027742063337e-01 -2.857476644349604342e-02 3.322438758106352474e-04 1.136710655693843641e+01 2.857320223468482953e-02 9.995836207893351588e-01 4.019597459745395153e-03 7.591552077813593646e-01 -4.469645949769715521e-04 -4.008462595839254634e-03 9.999918661920549345e-01 -4.029677033649730067e-01
9.995489653682808617e-01 -3.001293702085980689e-02 1.043763661534450552e-03 1.181704209757984358e+01 3.000652746588647682e-02 9.995334899205239321e-01 5.693051619015584638e-03 7.942789462502257702e-01 -1.214141934963772814e-03 -5.659164132597515814e-03 9.999832497200551451e-01 -4.220208275898885142e-01
9.995087690471538000e-01 -3.133574498187526036e-02 5.400780261168950389e-04 1.231430719868282964e+01 3.133160465985873611e-02 9.994881349683343297e-01 6.465184216940739366e-03 8.150640760223137882e-01 -7.423929429438547558e-04 -6.445086807137754246e-03 9.999789546329296286e-01 -4.444892161829505084e-01
9.994747346326353643e-01 -3.240347949047764353e-02 -5.189874114769938047e-04 1.280047982182742139e+01 3.240568670868824996e-02 9.994620890709142724e-01 5.040236000633710120e-03 8.374429750944961670e-01 3.553870586026009934e-04 -5.054406682681309923e-03 9.999871632541712518e-01 -4.460156311239064642e-01
9.994550447448498076e-01 -3.290540869124872897e-02 -2.616794400040390114e-03 1.331315758910987412e+01 3.291523682794283284e-02 9.994509005611433849e-01 3.805857601099732652e-03 9.076892248735225488e-01 2.490124219918842495e-03 -3.889915986407024504e-03 9.999893338606107296e-01 -4.668883364469837982e-01
9.994336220412456395e-01 -3.341040972783894392e-02 -4.022394229123691690e-03 1.383415286564926738e+01 3.342659232355442434e-02 9.994330686613672743e-01 4.025443051101590050e-03 9.629455715147389183e-01 3.885622106105479472e-03 -4.157618060944761468e-03 9.999838079453625683e-01 -5.060017124653305443e-01
9.993649722933782842e-01 -3.541133307536781238e-02 -3.961015385054392907e-03 1.436773724041067446e+01 3.543304132032285003e-02 9.993566329904690626e-01 5.551547599118155686e-03 9.640644156097446515e-01 3.761879297315273186e-03 -5.688373034387153755e-03 9.999767450677911063e-01 -5.069169453991811958e-01
9.993249405672528507e-01 -3.648883662102127973e-02 -4.269421775945319956e-03 1.488668399855709268e+01 3.651620307116907466e-02 9.993118057738711313e-01 6.517802868301211805e-03 1.011935810383667755e+00 4.028656540540738289e-03 -6.669306036561069989e-03 9.999696446810117934e-01 -5.321539263116958907e-01
9.992645692321610040e-01 -3.831472055807313981e-02 -1.517519627715968556e-03 1.544150495161534309e+01 3.832350563344823213e-02 9.992457811825184999e-01 6.259209606759929580e-03 1.057009544699663239e+00 1.276555218859434229e-03 -6.312763063434405179e-03 9.999792594995549067e-01 -5.421865328358350666e-01
9.992208253116532379e-01 -3.944385054929765155e-02 1.387413904834496276e-03 1.600081706747953092e+01 3.943832629152373148e-02 9.992147577387726631e-01 3.806092007437477786e-03 1.085386465718299220e+00 -1.536451373120845945e-03 -3.748409114603503626e-03 9.999917943394773800e-01 -5.576335140257072664e-01
9.992106073230073715e-01 -3.965173300844266474e-02 2.429461383492327251e-03 1.656509221106335872e+01 3.964626664462634481e-02 9.992112256237974943e-01 2.258346415336145302e-03 1.129820285122178580e+00 -2.517092435706537110e-03 -2.160244619401006580e-03 9.999944987792954709e-01 -5.862763571331917056e-01
9.991817077362867838e-01 -4.036971157414835643e-02 2.490243485623644219e-03 1.714735513140590584e+01 4.036441286661714145e-02 9.991827277911422556e-01 2.142582037035009254e-03 1.183653618652082296e+00 -2.574703697688609377e-03 -2.040311562537615829e-03 9.999946040002399839e-01 -6.170975713161049869e-01
9.991400511540088347e-01 -4.138148737006664551e-02 2.594355990520776957e-03 1.772950975823133746e+01 4.137145145049685863e-02 9.991365724065044418e-01 3.809551766424782143e-03 1.245469424560741167e+00 -2.749760870279133011e-03 -3.698943473872365936e-03 9.999893782597559788e-01 -6.354437787818766337e-01
9.990627721747687984e-01 -4.323349228645091691e-02 2.107699974737041286e-03 1.830039824392337877e+01 4.322122120779227361e-02 9.990500764405907397e-01 5.556149868099942435e-03 1.283260343033090223e+00 -2.345909583339736079e-03 -5.459845122994636674e-03 9.999823432438493809e-01 -6.523769128439651510e-01
9.990274057857871925e-01 -4.394378225759978246e-02 3.631320671143284558e-03 1.887648185920069821e+01 4.392481309417784613e-02 9.990215751429454283e-01 5.148125246123690796e-03 1.359022163829138208e+00 -3.853995791585213861e-03 -4.983613127530275855e-03 9.999801549614040219e-01 -6.665173766871171912e-01
9.989584306925201052e-01 -4.545631719888405115e-02 3.972024049767783858e-03 1.945583144205737014e+01 4.544684352762966978e-02 9.989637694547820468e-01 2.443712353798882346e-03 1.418007996397679049e+00 -4.078990281018188106e-03 -2.260651102537077593e-03 9.999891255883135432e-01 -6.894754653685708501e-01
9.988896491057053240e-01 -4.699237308917181277e-02 3.344515051383418515e-03 2.006415605403934777e+01 4.698956541321355762e-02 9.988949628362222555e-01 9.132155821607877743e-04 1.433614805784864554e+00 -3.383733405304571035e-03 -7.550442836399933995e-04 9.999939901101263517e-01 -7.049862440654057760e-01
9.988715125809830564e-01 -4.743522411053403831e-02 2.366615254421038789e-03 2.068164297965817156e+01 4.743691901322397153e-02 9.988740141745581225e-01 -6.652227728020008134e-04 1.489288645628319863e+00 -2.332395487878992542e-03 7.767370134314814049e-04 9.999969783008847424e-01 -7.302514127353412210e-01
9.988438558408245793e-01 -4.806726628196738432e-02 6.996865102058268419e-04 2.129143716057816604e+01 4.806769710865323869e-02 9.988438923636014932e-01 -6.125215104271549554e-04 1.570231531363356581e+00 -6.694353627431580108e-04 6.454456665040894658e-04 9.999995676279999079e-01 -7.574845480732089742e-01
9.988130734779823161e-01 -4.870470133488291609e-02 -5.443503894665622763e-04 2.189844484533729840e+01 4.870464130170025496e-02 9.988132171654392488e-01 -1.230093403996257375e-04 1.629632522291089014e+00 5.496954969539216999e-04 9.635094688963976011e-05 9.999998442756656836e-01 -7.742948276540138064e-01
9.987849658213022730e-01 -4.925427638834656979e-02 -1.615025324989251190e-03 2.249449021854610820e+01 4.925468358538962615e-02 9.987862287016263663e-01 2.133093660345501501e-04 1.701924168909797030e+00 1.602558655132744082e-03 -2.925977492289184531e-04 9.999986730952766800e-01 -8.011173228953496483e-01
9.987297264200661884e-01 -5.033468083962750611e-02 -2.313756614815816893e-03 2.310767874597809524e+01 5.033774537696710655e-02 9.987314243274052483e-01 1.285865979045503925e-03 1.733953873106709231e+00 2.246097785804165945e-03 -1.400701868805858492e-03 9.999964965333685285e-01 -8.184476120213290962e-01
9.987299935569230458e-01 -5.030484779712555282e-02 -2.796829972743382180e-03 2.374980363210901757e+01 5.030867256516676628e-02 9.987328520961114009e-01 1.314385292703668107e-03 1.800454599076393825e+00 2.727166023409649705e-03 -1.453420818232440109e-03 9.999952250553029165e-01 -8.369346664165234762e-01
9.987009382508788002e-01 -5.090847899839047452e-02 -2.182361767614839163e-03 2.438667926093302185e+01 5.091052873319362737e-02 9.987028179304021647e-01 8.941599300800863546e-04 1.825213730057672068e+00 2.134010525038829240e-03 -1.004103552593700946e-03 9.999972188837000786e-01 -8.550977294855606203e-01
9.987008938770622901e-01 -5.094494043534110450e-02 -1.066589516291877038e-03 2.501603463419601425e+01 5.094593328628199691e-02 9.987009840860695542e-01 9.253470192402648469e-04 1.862508514525746284e+00 1.018062250759366964e-03 -9.784832936025815268e-04 9.999990030593519652e-01 -8.864866294906581512e-01
9.987312454729551092e-01 -5.033017602942290586e-02 1.665141701825653339e-03 2.566978435472666220e+01 5.032601480973420555e-02 9.987298306425178573e-01 2.453083394008593980e-03 1.923640217499763105e+00 -1.786490808895435396e-03 -2.366171087400842886e-03 9.999956048328286773e-01 -9.125206003122464660e-01
9.987601577936539021e-01 -4.959622815720914069e-02 4.285015352793694957e-03 2.633135925933579458e+01 4.958612623261574037e-02 9.987668892588561498e-01 2.432489554123770659e-03 2.012392903957568535e+00 -4.400373761252549670e-03 -2.216996338715747014e-03 9.999878607453169810e-01 -9.333780466967218636e-01
9.987946639157428974e-01 -4.882049009052365218e-02 5.077310386343579333e-03 2.700085149535326323e+01 4.881159733758438923e-02 9.988062699107451703e-01 1.860954684328569239e-03 2.082344177711929589e+00 -5.162102167888091460e-03 -1.610879978360243037e-03 9.999853787765616842e-01 -9.643469515980759299e-01
9.988106081406221692e-01 -4.852814845268449417e-02 4.731582559224776531e-03 2.767097652835453303e+01 4.852192627595711127e-02 9.988211066190012533e-01 1.421141394908729096e-03 2.121095275860716889e+00 -4.794969888448443775e-03 -1.189865600795290490e-03 9.999877961673436788e-01 -9.827188259555432737e-01
9.988703868080784920e-01 -4.746868455754790772e-02 2.162023185724810427e-03 2.838947308564246796e+01 4.746470641902325593e-02 9.988711920761462748e-01 1.855609046782308530e-03 2.186536715960128774e+00 -2.247665997325050055e-03 -1.750893130542464969e-03 9.999959411771679463e-01 -1.020625569603812455e+00
9.989245018312008506e-01 -4.636596203429351609e-02 -1.928883656573180641e-04 2.907175496171862861e+01 4.636631477080580682e-02 9.989208294015763379e-01 2.709509594260418354e-03 2.261735096489160490e+00 6.705118722529011376e-05 -2.715539044331141509e-03 9.999963106691128756e-01 -1.046691332368253180e+00
9.989566252329228346e-01 -4.558174792499574551e-02 -2.822261389705381634e-03 2.978982426098129821e+01 4.558995323797670335e-02 9.989559854983471876e-01 2.914652772632907087e-03 2.309497096649628212e+00 2.686459939916031273e-03 -3.040278462257165696e-03 9.999917697860634114e-01 -1.070323925588344993e+00
9.990167818525638177e-01 -4.413961589417306208e-02 -4.142932012696953943e-03 3.050003568874221926e+01 4.415049778633038657e-02 9.990215781253484195e-01 2.572933181710675057e-03 2.345930280296629533e+00 4.025310195028455017e-03 -2.753315937769770360e-03 9.999881079938803818e-01 -1.078220023258726901e+00
9.991206232087116446e-01 -4.160007347305432618e-02 -5.235853900944634383e-03 3.123372663589756826e+01 4.161375431842075784e-02 9.991305652006370330e-01 2.531626627620838475e-03 2.417097772285646151e+00 5.125985813643404825e-03 -2.747283911801356310e-03 9.999830882072687777e-01 -1.111253597280154048e+00
9.992570675008949355e-01 -3.846848568638872728e-02 -2.342788617880356417e-03 3.194919868704734611e+01 3.847974850139716102e-02 9.992470268270113865e-01 4.968735517947952922e-03 2.487645467938369048e+00 2.149884829749476936e-03 -5.055193999660183117e-03 9.999849113905892040e-01 -1.139504077344330124e+00
9.993668600565877025e-01 -3.555046474723429911e-02 1.429502323308076304e-03 3.266777627841784692e+01 3.554025241548607744e-02 9.993462703008213488e-01 6.627404777232021732e-03 2.551794819121064872e+00 -1.664175135082924173e-03 -6.572403829147501625e-03 9.999770167503982954e-01 -1.167804186207072936e+00
9.994277471416700420e-01 -3.340790587418082658e-02 5.300006455467604072e-03 3.340474218938933859e+01 3.337907406781059905e-02 9.994279678952296964e-01 5.438235300833049908e-03 2.595269975622763514e+00 -5.478654734671465493e-03 -5.258213947100950046e-03 9.999711673485315311e-01 -1.172036381730366505e+00
9.995099294295334280e-01 -3.090270026266030146e-02 4.992403053164887715e-03 3.414406169680253100e+01 3.089299937907674654e-02 9.995206789508427336e-01 2.008715761567960063e-03 2.618693314110041470e+00 -5.052084830388245233e-03 -1.853501044667259495e-03 9.999855203815423144e-01 -1.212632641549532320e+00
9.996291912633606946e-01 -2.698705652465456517e-02 3.630255403484888496e-03 3.488624101715016934e+01 2.698401501663292429e-02 9.996354741068611549e-01 8.842175824582523868e-04 2.696986930323600706e+00 -3.652794511269505037e-03 -7.859308405317378581e-04 9.999930196781237068e-01 -1.257195423756208630e+00
9.997135999822875929e-01 -2.378725269895061098e-02 2.623855844171904712e-03 3.559011976919019560e+01 2.378039700487490429e-02 9.997137894232092092e-01 2.613800944555694835e-03 2.731244597543279529e+00 -2.685280012450230909e-03 -2.550656018260908080e-03 9.999931416890474045e-01 -1.265746736375866544e+00
9.997895660047992905e-01 -2.050924714153751910e-02 4.410097759536176225e-04 3.632694591546197671e+01 2.050732460460542167e-02 9.997817255457672747e-01 3.993858070761755266e-03 2.788116532240819456e+00 -5.228245370069371485e-04 -3.983973696622374397e-03 9.999919272714595797e-01 -1.297703186481421245e+00
9.998404533571586539e-01 -1.779914981111278827e-02 -1.502696427454259685e-03 3.707150478911859182e+01 1.780808537785578266e-02 9.998224562397372006e-01 6.158578887521378928e-03 2.816398035944451816e+00 1.392812164837446643e-03 -6.184356453212304719e-03 9.999799067028962707e-01 -1.319437702427772141e+00
9.998896702152719751e-01 -1.479115926712326265e-02 -1.367115331374707315e-03 3.778277237808378430e+01 1.480074546358945559e-02 9.998638863680178179e-01 7.290176319238221569e-03 2.818269044912615762e+00 1.259099089318352479e-03 -7.309606321693338377e-03 9.999724917841016358e-01 -1.322784216779502753e+00
9.999380392977558207e-01 -1.081885503470925679e-02 -2.621057248082186725e-03 3.851633440319083945e+01 1.083472996503530121e-02 9.999225731770304826e-01 6.120153397651883348e-03 2.868009670690053525e+00 2.554641255547267665e-03 -6.148172636155390877e-03 9.999778366450385869e-01 -1.332752237513975757e+00
9.999616745091447489e-01 -6.081140556775298245e-03 -6.298352355650294054e-03 3.922577060820496087e+01 6.112633589419836852e-03 9.999688519450821156e-01 4.993080235280789210e-03 2.906762581970473214e+00 6.267792551503229698e-03 -5.031388393197042987e-03 9.999676994320206846e-01 -1.369084200532967088e+00
9.999608674330371372e-01 -2.069018219336266756e-03 -8.601323513038838103e-03 3.993108107407226015e+01 2.128299739525615387e-03 9.999740076778678155e-01 6.888708796443702119e-03 2.893738538643005231e+00 8.586847080659779086e-03 -6.906745418177813282e-03 9.999392796189885413e-01 -1.389925458912065759e+00
9.999596549883008612e-01 3.074319515298921859e-03 -8.440198765198459602e-03 4.067278884112379700e+01 -2.994144137408216114e-03 9.999504341877647473e-01 9.495486748199451210e-03 2.926466234522391741e+00 8.468972580108487247e-03 -9.469832481024127724e-03 9.999192961315521710e-01 -1.424104269257119970e+00
9.999442316750550841e-01 7.974755879080606957e-03 -6.923641271245852512e-03 4.136580679888116663e+01 -7.899201848873011605e-03 9.999096961308077125e-01 1.087208322938127900e-02 2.954264267793875742e+00 7.009718249301521119e-03 -1.081678567158015497e-02 9.999169270483425631e-01 -1.432750706830462128e+00
9.998994951041899615e-01 1.247822614251819021e-02 -6.730049236242932435e-03 4.206585104070322956e+01 -1.240167032025415311e-02 9.998592504431346173e-01 1.129946355189990863e-02 2.936888105367066792e+00 6.870099246284997775e-03 -1.121486404862595369e-02 9.999135105401452117e-01 -1.464177304470101415e+00
9.998116464508850498e-01 1.868563918070297730e-02 -5.245808763102512845e-03 4.276756824756409259e+01 -1.861632511795383721e-02 9.997426383871798050e-01 1.296493076507788597e-02 2.963281651421525886e+00 5.486716711577735092e-03 -1.286483109291372551e-02 9.999021912470628104e-01 -1.463990212816967285e+00
9.996956775367749071e-01 2.453088661437321030e-02 -2.605362969218704382e-03 4.344224389321043844e+01 -2.449370782430608171e-02 9.996094495077109121e-01 1.345387423415961986e-02 2.962617156860187340e+00 2.934380906790691468e-03 -1.338596491866845054e-02 9.999060982671773568e-01 -1.476830133795696165e+00
9.995078266841745940e-01 3.134182560298791331e-02 1.339539081153414118e-03 4.412560001841993795e+01 -3.135656001234038426e-02 9.994244226010590149e-01 1.294564222942989895e-02 3.006219818218028639e+00 -9.330280116598365335e-04 -1.298127406735541389e-02 9.999153044044868377e-01 -1.507655500101378276e+00
9.992760248138781165e-01 3.767496897253610338e-02 5.293670285556859728e-03 4.483799147677522967e+01 -3.773638687462475133e-02 9.992153693158990491e-01 1.202542425613760402e-02 2.968021853514127173e+00 -4.836459223687731082e-03 -1.221648213725605100e-02 9.999136793875598173e-01 -1.516932266916283023e+00
9.990189606687269741e-01 4.371908421080192980e-02 7.053927994050748600e-03 4.553151278419277048e+01 -4.379364275608279428e-02 9.989823695025085160e-01 1.078620773516683097e-02 2.957976299904911510e+00 -6.575186577507931458e-03 -1.108454324374194035e-02 9.999169464623292036e-01 -1.556148050211775935e+00
9.987570824902025635e-01 4.938195619629730942e-02 6.761107741020317731e-03 4.623294476530172403e+01 -4.944680500859290756e-02 9.987288160868476039e-01 9.785979368763429720e-03 2.938197590996673547e+00 -6.269262325098698234e-03 -1.010813137976779644e-02 9.999292585127752542e-01 -1.582060753902078121e+00
9.984797664853949373e-01 5.481360553900462007e-02 5.798669423726397938e-03 4.691322091333902478e+01 -5.487077558526760879e-02 9.984412830305164910e-01 1.020795410683503386e-02 2.918399059697855069e+00 -5.230096169522893169e-03 -1.051061312152871789e-02 9.999310841782382830e-01 -1.598390331469780490e+00
9.981773013837621500e-01 6.023735213884735817e-02 3.679185987507586734e-03 4.761636659709390074e+01 -6.027168589892066553e-02 9.981312198742836594e-01 1.006934909397407853e-02 2.916671763814493001e+00 -3.065759470672618434e-03 -1.027274644751684403e-02 9.999425342484902224e-01 -1.631137042014084937e+00
9.978427778111264024e-01 6.561803667974888676e-02 2.015944560262760213e-03 4.832426720701796796e+01 -6.563559301322283157e-02 9.977890597178450394e-01 1.043844994149687594e-02 2.881997090272899964e+00 -1.326536836087019834e-03 -1.054824960236026149e-02 9.999434857682452105e-01 -1.646097132076811187e+00
9.975225592022121113e-01 7.032247610415572059e-02 1.869020398391422599e-03 4.898975162524492077e+01 -7.033890483717648856e-02 9.974619700155894497e-01 1.104793369485554573e-02 2.860398819361405387e+00 -1.087358715322054702e-03 -1.115202794112985125e-02 9.999372229914358368e-01 -1.681240619129179992e+00
9.971397173748897114e-01 7.544048906183711822e-02 4.595284935232557023e-03 4.967911609093894043e+01 -7.548602701545906180e-02 9.970893629729740137e-01 1.070803303927330731e-02 2.846343532287836098e+00 -3.774090479377246142e-03 -1.102428484118666251e-02 9.999321083877614758e-01 -1.696576585515084501e+00
9.967326343151194923e-01 8.061175158235377169e-02 5.079487972927509108e-03 5.036504730330982937e+01 -8.065389672465402005e-02 9.967039821899863483e-01 8.724725196371166738e-03 2.807967873033779149e+00 -4.359430509948814154e-03 -9.105898827037149992e-03 9.999490376875116437e-01 -1.717518405087064215e+00
9.962897867422364495e-01 8.595729222009472481e-02 4.243200124712093006e-03 5.105869093204093900e+01 -8.597974338281018369e-02 9.962821037815702274e-01 5.427099814333452565e-03 2.782734128240665239e+00 -3.760925542366102582e-03 -5.771793374495759812e-03 9.999762706386121636e-01 -1.743494033721331826e+00
9.959855045181310595e-01 8.950201515145075892e-02 1.504683884894039486e-03 5.175187776581606869e+01 -8.950607546630470757e-02 9.959820794341671668e-01 2.891349271982115738e-03 2.709513218490823050e+00 -1.239856598218766958e-03 -3.014420312747497031e-03 9.999946879987883230e-01 -1.769201161099348107e+00
