1.000000000000000000e+00 0.000000000000000000e+00 0.000000000000000000e+00 0.000000000000000000e+00 0.000000000000000000e+00 1.000000000000000000e+00 0.000000000000000000e+00 0.000000000000000000e+00 0.000000000000000000e+00 0.000000000000000000e+00 1.000000000000000000e+00 0.000000000000000000e+00
9.999999995969379718e-01 2.445824693239741375e-05 -1.441936943031326902e-05 -5.761853747959138142e-03 -2.445783138483989519e-05 9.999999992856635211e-01 2.881817725320416377e-05 2.467926568531919954e-03 1.442007426210838743e-05 -2.881782457508245138e-05 9.999999994807972081e-01 1.373867411082755697e-03
9.999999879963147320e-01 1.249787102051146158e-04 -9.158434537637269305e-05 2.796529006579763499e-03 -1.249760077099541799e-04 9.999999917549784456e-01 2.951339412703462816e-05 3.228408344901216413e-03 9.158803316718958055e-05 -2.950194792691126597e-05 9.999999953706336653e-01 -4.070154608979063664e-03
9.999999983636920220e-01 -1.068107059389358636e-05 -5.620080686382804063e-05 -8.519003696827332633e-03 1.068461820822166612e-05 9.999999979506009051e-01 6.312398224329491821e-05 -3.790949079645698078e-04 5.620013251693965241e-05 -6.312458262416897632e-05 9.999999964284160825e-01 -4.478580889623658828e-04
9.999999991031375268e-01 -1.867901454033357261e-05 -3.801077989812678905e-05 -2.061955182936805325e-03 1.868003502951448336e-05 9.999999994651425084e-01 2.684718442600009852e-05 -2.788004628528690642e-03 3.801027839884817464e-05 -2.684789444462186260e-05 9.999999989172047021e-01 -1.540552754132882597e-04
9.999999974505446865e-01 -4.460851669351748397e-05 -5.575832486498269696e-05 -4.608216335316867203e-03 4.461035594607087114e-05 9.999999984609416748e-01 3.298534310076064915e-05 1.980756780845050261e-04 5.575685335193902457e-05 -3.298783041538517916e-05 9.999999979014881912e-01 -2.112074663336262464e-03
9.999999782130877257e-01 2.087065989932042841e-04 -3.921682486184816945e-06 -7.558892039183943631e-03 -2.087066986865603394e-04 9.999999778972139541e-01 -2.543787753394628629e-05 2.967531414372896921e-03 3.916373346598992031e-06 2.543869546113846914e-05 9.999999996687674031e-01 6.284167529134552371e-05
9.999999851095120462e-01 1.400269071761992771e-04 -1.008634771815648508e-04 -9.605598944663583383e-04 -1.400240700337488330e-04 9.999999898008392618e-01 2.813505343571173124e-05 2.684905122634527550e-03 1.008674158173578767e-04 -2.812092970217433457e-05 9.999999945174888882e-01 -2.642870803503796339e-03
9.999999987149645886e-01 4.305767172888562059e-05 -2.676018925524607548e-05 -6.080853966502759549e-03 -4.305744068577416580e-05 9.999999990357523183e-01 8.634353117898205542e-06 -9.607455377603052980e-04 2.676056100458476492e-05 -8.633200881541158240e-06 9.999999996046701201e-01 -1.137654903533141630e-03
9.999999990225666435e-01 -4.035738057103690352e-05 -1.805958099566033889e-05 -1.948581450515341623e-03 4.035783444565770625e-05 9.999999988698036191e-01 2.513240952760915356e-05 -3.071521020559773735e-03 1.805856669703349252e-05 -2.513313834862388271e-05 9.999999995211067416e-01 -5.865629279843643726e-04
9.999999836720150359e-01 1.696079374859587945e-04 -6.236278657041239713e-05 -2.616784838007387478e-03 -1.696075225250158545e-04 9.999999855944714522e-01 6.659211732799496096e-06 4.035394762785500002e-03 6.236391512721078468e-05 -6.648634426340023073e-06 9.999999980332688887e-01 -1.333778459807321648e-03
9.999999919455994091e-01 1.242324229274625001e-04 -2.598280804931636209e-05 -2.733023761197223098e-03 -1.242324759341583752e-04 9.999999922810682840e-01 -2.038464019368171842e-06 3.446103247401808081e-03 2.598255460543266404e-05 2.041691911525254300e-06 9.999999996603691210e-01 -2.191903489778331861e-03
9.999999917116930703e-01 1.266228262038949397e-04 -2.330823285250366108e-05 2.199175306733470048e-03 -1.266234750991565192e-04 9.999999915957045182e-01 -2.784037499089131963e-05 8.765994439907300734e-04 2.330470742965045904e-05 2.784332612958395140e-05 9.999999993408199561e-01 -6.502883299332458227e-04
9.999999438408961883e-01 -1.180163188281289671e-04 3.136723656897256541e-04 -2.426955885571195973e-02 1.180887920185703824e-04 9.999999663380217951e-01 -2.310389414894470112e-04 1.788379113644848403e-03 -3.136450887655128266e-04 2.310759697052610143e-04 9.999999241153243457e-01 2.095754858118508996e-03
9.999993678003328279e-01 1.423752736433903955e-04 -1.115404956126722462e-03 -9.569431342090364834e-02 -1.434419857616876478e-04 9.999995324347428216e-01 -9.563235291307212518e-04 2.792906459834034599e-02 1.115268277777965548e-03 9.564829204451396304e-04 9.999989206579632528e-01 -9.608370063589499743e-03
9.999984394036056656e-01 8.487804752550475438e-05 -1.764648993479586963e-03 -1.241315476435947696e-01 -8.575820132012508187e-05 9.999998719718063978e-01 -4.987002121755642605e-04 4.040872409822565681e-02 1.764606438854454239e-03 4.988507670294534168e-04 9.999983186546006486e-01 1.887044175445235644e-03
9.999972817107685152e-01 -9.028883298134618527e-05 -2.329896778935431484e-03 -1.334730682919049727e-01 9.025811986700857370e-05 9.999999958384594434e-01 -1.328732094578781083e-05 3.509519879403379117e-02 2.329897968936173527e-03 1.307699272425545728e-05 9.999972856985396286e-01 -1.110393564159251750e-03
9.999963687244474153e-01 9.422692462649555584e-05 -2.693261815275006105e-03 -8.372270399187323187e-02 -9.403110876145769331e-05 9.999999929267979759e-01 7.283237385452349369e-05 3.231732707327594767e-02 2.693268658995622358e-03 -7.257885898542968328e-05 9.999963705115332280e-01 -9.744507672010621971e-03
9.999961995503762191e-01 4.843402392949293996e-04 -2.714092728101731664e-03 -3.726473838134369831e-02 -4.841068497293264422e-04 9.999998790663302550e-01 8.664804036368925304e-05 4.515530452665533767e-02 2.714134367009142252e-03 -8.533380018170226144e-05 9.999963130895935803e-01 -1.808694418843404678e-02
9.999967315961574288e-01 6.068910187961613781e-04 -2.483642545538863097e-03 -4.831875709407358610e-03 -6.063111794098249982e-04 9.999997887662924745e-01 2.342095730844528652e-04 4.659004036440132085e-02 2.483784160596260848e-03 -2.327029473519661297e-04 9.999968883279496401e-01 -1.797065905753975762e-02
9.999970771928624602e-01 1.462189108144770777e-04 -2.413343274859834197e-03 -1.679846000934876599e-02 -1.456238341963858758e-04 9.999999589536794353e-01 2.467515719492810369e-04 3.662130517804838836e-02 2.413379255547065064e-03 -2.463994104411081944e-04 9.999970574396204182e-01 -1.457226613043880944e-02
9.999968727376968847e-01 1.041346750771092472e-04 -2.498733838547814896e-03 -1.263473380162069559e-02 -1.038680982263111204e-04 9.999999889010611209e-01 1.068143047828338155e-04 4.444204956704270182e-02 2.498744933887442864e-03 -1.065544320147013529e-04 9.999968724550634125e-01 -1.162582271027596224e-02
9.999970413125907065e-01 -2.121806749733814860e-05 -2.432471142372087496e-03 -1.096026370192586599e-02 2.130396629829866975e-05 9.999999991504672225e-01 3.528748428456401199e-05 4.384544083045083251e-02 2.432470391573400385e-03 -3.533920116316723443e-05 9.999970409150894524e-01 -8.368840021243398319e-03
9.999972830573872207e-01 -2.328409372617506871e-04 -2.319410041733604901e-03 -9.588811577496657301e-03 2.329764514503508167e-04 9.999999711699182336e-01 5.815613252836259600e-05 5.661831618238381825e-02 2.319396433736418354e-03 -5.869634244246934131e-05 9.999973084738391638e-01 -7.923228652576240483e-04
9.999965341040958355e-01 -5.456287720906515459e-04 -2.575668658621920164e-03 -1.556059521857450743e-02 5.458612692118863146e-04 9.999998470068179879e-01 8.956458727998587073e-05 6.131503731724358836e-02 2.575619395546395896e-03 -9.097023462151429248e-05 9.999966789490581931e-01 3.830953858001754937e-03
9.999920158073531962e-01 4.161538689699167460e-04 -3.974309688943346471e-03 5.008987994490288198e-02 -4.188541028159858937e-04 9.999996820221290772e-01 -6.786139412954531524e-04 8.780461177918849613e-02 3.974026017383606134e-03 6.802731790300882908e-04 9.999918721397764720e-01 -7.370405033034715600e-03
9.999753511286396668e-01 5.391710148453061555e-04 -7.000459254259824675e-03 1.652808329489318107e-01 -5.475045091513327297e-04 9.999991437824968799e-01 -1.188559247796265117e-03 9.674710742351438908e-02 6.999812423648243444e-03 1.192362734160099446e-03 9.999747901308032594e-01 -3.985525682995001706e-02
9.999730847622007035e-01 1.377887676168584126e-04 -7.335582146228862566e-03 2.215832697643383420e-01 -1.444642125890232534e-04 9.999995759818389729e-01 -9.094867967498930983e-04 9.312921968585288757e-02 7.335453718743922477e-03 9.105220467951203852e-04 9.999726806609980923e-01 -3.594956113189568675e-02
9.999728479477797416e-01 -8.720472146740218663e-04 -7.317301474044780873e-03 2.926239263059093321e-01 8.661098494535710663e-04 9.999992931854844169e-01 -8.145442040107049760e-04 7.217115639523985493e-02 7.318006623074220854e-03 8.081845005858505349e-04 9.999728964411374044e-01 -3.084291471695791917e-02
9.999724661274870252e-01 -1.651012459051121864e-03 -7.234718016058626876e-03 3.723575692024628236e-01 1.646910411591820432e-03 9.999984797257124303e-01 -5.729156657694781888e-04 6.391784939935034326e-02 7.235652908205019405e-03 5.609849587569983205e-04 9.999736649646669973e-01 -3.103558785478716456e-02
9.999720583542155428e-01 -1.896057442533973479e-03 -7.231008021564997758e-03 4.648664891548878186e-01 1.892048935365478989e-03 9.999980526287276517e-01 -5.611502282610985595e-04 6.866117253037479218e-02 7.232057913174380799e-03 5.474531277713674251e-04 9.999736984708215148e-01 -3.007254276848956437e-02
9.999703917500559758e-01 -2.171779918529063123e-03 -7.382343477856301815e-03 5.870965891199283471e-01 2.166276376719690130e-03 9.999973698026937141e-01 -7.534151274286975944e-04 5.962542764897738740e-02 7.383960312680438141e-03 7.374006238443823287e-04 9.999724663061582142e-01 -3.331533251520674838e-02
9.999694834580488134e-01 -1.972890120524911379e-03 -7.559091031030639417e-03 7.396852546215677560e-01 1.966783184417981913e-03 9.999977335700973580e-01 -8.152414206978570539e-04 7.510708120276730904e-02 7.560682280625427402e-03 8.003494492195261647e-04 9.999710973444235762e-01 -3.831465916800942673e-02
9.999685409012188941e-01 -2.212953194183142798e-03 -7.617089079666055501e-03 8.805950784885283600e-01 2.209342094135433379e-03 9.999974430163645067e-01 -4.824606139367526038e-04 9.995589310453446841e-02 7.618137265650607934e-03 4.656166806221552295e-04 9.999708731686680618e-01 -4.874210491672398282e-02
9.999695119496641027e-01 -2.353276785532743519e-03 -7.445620156933709967e-03 1.012532488738229430e+00 2.349441520875603789e-03 9.999971028705645359e-01 -5.238081877454745048e-04 1.125036044776698968e-01 7.446831251656681715e-03 5.062991687097117676e-04 9.999721437947465263e-01 -6.064065542268535364e-02
9.999683035180915169e-01 -2.991434886924730120e-03 -7.378568727557446860e-03 1.150487377867217775e+00 2.986681771261905614e-03 9.999953252683271288e-01 -6.551133411670659800e-04 1.136282215488327585e-01 7.380493963632172444e-03 6.330551396623007024e-04 9.999725633986379369e-01 -6.301868547659955633e-02
9.999649372169993056e-01 -3.653459902360422021e-03 -7.535022716919038618e-03 1.327935167760758484e+00 3.648499341780593770e-03 9.999931184275158147e-01 -6.719748249759199214e-04 1.117460299369372745e-01 7.537425897192487345e-03 6.444597382454688838e-04 9.999713855318511646e-01 -7.433515202743251615e-02
9.999711934052242235e-01 -3.961947501242467189e-03 -6.474205104024999789e-03 1.499216762402795000e+00 3.963262429979794339e-03 9.999921281401519257e-01 1.902856826710196743e-04 1.139572840295367401e-01 6.473400238104813458e-03 -2.159391750412330616e-04 9.999790240098188621e-01 -6.846260970086534559e-02
9.999715436867704366e-01 -3.974111662608149562e-03 -6.412351611583866177e-03 1.669914821794535875e+00 3.977017737105084660e-03 9.999919946075240818e-01 4.405119571092530020e-04 1.506341196644792602e-01 6.410549634486255831e-03 -4.660014578588435167e-04 9.999793436346697817e-01 -8.158538012699864672e-02
9.999697407707057728e-01 -3.966962890034650240e-03 -6.691841928539282378e-03 1.866196192338255289e+00 3.975781448941852723e-03 9.999912450043972889e-01 1.305019703189654219e-03 2.065874775782896577e-01 6.686606376759307233e-03 -1.331585515297959831e-03 9.999767578174892924e-01 -8.587169121543859751e-02
9.999669703008186028e-01 -5.063786943415178252e-03 -6.357386978430534970e-03 2.074449126237967178e+00 5.085875784489995652e-03 9.999810699803463043e-01 3.463170291291398778e-03 1.966608494114792105e-01 6.339729876466222193e-03 -3.495388784304695289e-03 9.999737946978111136e-01 -9.737579805372698072e-02
9.999656920416208905e-01 -5.791167213138844090e-03 -5.922594197792160030e-03 2.269150349096329844e+00 5.816600617196969643e-03 9.999738977813238394e-01 4.286130339420012904e-03 2.145469792328530967e-01 5.897617907450390835e-03 -4.320432656105005313e-03 9.999732756252447397e-01 -9.875459515270057498e-02
9.999675718469956953e-01 -5.922228448653839641e-03 -5.457331273191214603e-03 2.506030683750555266e+00 5.951888646118886489e-03 9.999675184098205660e-01 5.434808814426306950e-03 2.311384097913645463e-01 5.424967831019534593e-03 -5.467114001657540773e-03 9.999703397543975303e-01 -9.746529886353494376e-02
9.999667298448630115e-01 -6.569547613307219480e-03 -4.835312557354629927e-03 2.726516798599887270e+00 6.599513463109805272e-03 9.999589549059880733e-01 6.207650551894196463e-03 2.275737182397183922e-01 4.794332635628694751e-03 -6.239354732717903619e-03 9.999690419343482128e-01 -1.028501344270451867e-01
9.999597157193645947e-01 -7.684512412569108331e-03 -4.638448817070131049e-03 2.976260535190258683e+00 7.715233978443959695e-03 9.999481775613463519e-01 6.642089761516473470e-03 2.221576600089458786e-01 4.587167220123088661e-03 -6.677608907629247609e-03 9.999671831796138610e-01 -1.097695053381537583e-01
9.999576304372218560e-01 -8.280232259457542474e-03 -4.021825966628650093e-03 3.241208984062941223e+00 8.305410586552998062e-03 9.999457605418301531e-01 6.284594609813700522e-03 2.232078307926769756e-01 3.969569921941574348e-03 -6.317731250248356800e-03 9.999721640058208960e-01 -1.233634458308641574e-01
9.999471115007616540e-01 -8.781737300640270888e-03 -5.353063727048251383e-03 3.497275825580147046e+00 8.807502707368762562e-03 9.999496504604258318e-01 4.808787802757014639e-03 2.731874786905742480e-01 5.310564691535948553e-03 -4.855680596455666347e-03 9.999741097991499128e-01 -1.310737121796376747e-01
9.999208719312657756e-01 -9.898843081781218134e-03 -7.762910656410109897e-03 3.748328460030142306e+00 9.937883523169158823e-03 9.999380835302313919e-01 5.006753136308651937e-03 2.479309277976664561e-01 7.712868940741600399e-03 -5.083503863506518526e-03 9.999573339103887681e-01 -1.256130345607728294e-01
9.998778833686789991e-01 -1.061729384973092612e-02 -1.146697089378264506e-02 4.035964083963742510e+00 1.063786557385525307e-02 9.999419119848086401e-01 1.734494796112063695e-03 2.748291078679818700e-01 1.144788915927201847e-02 -1.856267080357889383e-03 9.999327477917319129e-01 -1.193457176978873213e-01
9.998260766283064704e-01 -1.083719169120355569e-02 -1.517800284279901060e-02 4.325544371832374502e+00 1.080247723003476337e-02 9.999388493688506907e-01 -2.367278731702685424e-03 2.891346260533554369e-01 1.520272935174755979e-02 2.202906976497190101e-03 9.998820051491628114e-01 -1.280343962694417970e-01
9.997961968667350430e-01 -1.096205784322181777e-02 -1.695281742527175034e-02 4.638401411283803455e+00 1.088104692968791011e-02 9.999289721088108207e-01 -4.863492071634952819e-03 2.882330636577291050e-01 1.700492718380963025e-02 4.678036474717332284e-03 9.998444621170907709e-01 -1.231107519706629017e-01
9.997641837135295972e-01 -1.126467992627038124e-02 -1.856566588567417145e-02 4.952763361366705475e+00 1.111742019415602571e-02 9.999060685493188494e-01 -8.016049305701218597e-03 3.092562347602231809e-01 1.865422021544659373e-02 7.807756681886437837e-03 9.997955085935074093e-01 -1.367011561886481708e-01
9.997530193640968843e-01 -1.136707296421731080e-02 -1.909685640616741453e-02 5.262544548796543431e+00 1.116860279657715983e-02 9.998828397498085163e-01 -1.046752527730209804e-02 3.360981589141440740e-01 1.921360413727488115e-02 1.025165479738902354e-02 9.997628423731156344e-01 -1.441832501350116258e-01
9.997434509855843698e-01 -1.183029050265723206e-02 -1.931518672074130846e-02 5.565819107463162219e+00 1.160250675605091486e-02 9.998623188259053718e-01 -1.186276650108675050e-02 3.407914799900940706e-01 1.945286735702879063e-02 1.163561853561087024e-02 9.997430661589424838e-01 -1.562854472737748579e-01
9.997160253993908618e-01 -1.257328245347687223e-02 -2.024305135076032505e-02 5.913902022385836510e+00 1.235152897786140000e-02 9.998627413285088306e-01 -1.104256469070452606e-02 3.594849685337362932e-01 2.037911410129200976e-02 1.078939624744753092e-02 9.997341049684471681e-01 -1.706477670350048381e-01
9.997601576567454185e-01 -1.309889569653901326e-02 -1.755124194154923656e-02 6.248231906387372803e+00 1.296801551682416967e-02 9.998874060950504461e-01 -7.550212319337696633e-03 3.729330937087578235e-01 1.764816522234004953e-02 7.320796680885410627e-03 9.998174574392277858e-01 -1.865610948457113449e-01
9.998659544629392437e-01 -1.391040954684246572e-02 -8.635601435600137252e-03 6.606217946998717672e+00 1.388233489791550895e-02 9.998981819106574909e-01 -3.302512610691352157e-03 4.065296171840130368e-01 8.680661478109969256e-03 3.182187612440881379e-03 9.999572589857537164e-01 -1.899737081229000146e-01
9.998703688652342825e-01 -1.575818972086405478e-02 3.305286980224565740e-03 6.977053078385962337e+00 1.576071398907767651e-02 9.998755190997814513e-01 -7.390531083627531646e-04 4.404362233783893910e-01 -3.293229396030412405e-03 7.910509868168055271e-04 9.999942644227922672e-01 -2.035661751611629045e-01
9.997282784810711531e-01 -1.683541459790229011e-02 1.612259348214880109e-02 7.326962235321926364e+00 1.684737271703993372e-02 9.998578892054981182e-01 -6.061567940732444978e-04 4.535141976442463863e-01 -1.611009738664006055e-02 8.776154297875295596e-04 9.998698388057069009e-01 -2.187741512328964522e-01
9.995785526351581574e-01 -1.816550668795811202e-02 2.264357477458251930e-02 7.680714876409179936e+00 1.827889454308247175e-02 9.998213540550358047e-01 -4.810612210279466283e-03 4.649345695424182412e-01 -2.255214238349053865e-02 5.222484305823164863e-03 9.997320273611275399e-01 -2.409940306418056344e-01
9.995556064991273360e-01 -1.988308864698036527e-02 2.220928414015147304e-02 8.037506568366767468e+00 2.006738742484630300e-02 9.997657653485779727e-01 -8.106441815824960359e-03 4.681343525780613524e-01 -2.204290085498693610e-02 8.548521675035719927e-03 9.997204775831435297e-01 -2.428351700698797577e-01
9.996051157949882304e-01 -2.068019407021967973e-02 1.902477462957602797e-02 8.435935944426837807e+00 2.083915795687475356e-02 9.997492489624557610e-01 -8.195650959748473907e-03 5.153030723324962814e-01 -1.885051649521923486e-02 8.588874910234356452e-03 9.997854216058762455e-01 -2.709722882579189140e-01
9.995717067008919043e-01 -2.253175729965073426e-02 1.867412852199129905e-02 8.807878865951701997e+00 2.263667972796619410e-02 9.997290309166712019e-01 -5.426368334985620830e-03 5.209716502489524226e-01 -1.854680279616132202e-02 5.846764524340449486e-03 9.998108978455061413e-01 -2.868133141615847870e-01
9.995825700124770785e-01 -2.348292418366640377e-02 1.682967614173323453e-02 9.214678588362637868e+00 2.351938249727959090e-02 9.997214368387452588e-01 -1.971641960751858384e-03 5.804587009175811163e-01 -1.677868809526262758e-02 2.366642528755546256e-03 9.998564270078694749e-01 -3.194937322281655723e-01
9.996279161182630713e-01 -2.477832379840163787e-02 1.140455991260858407e-02 9.628334082781027092e+00 2.477663597373508039e-02 9.996929701793881851e-01 2.892814164197780652e-04 6.374298435766031501e-01 -1.140822628122937013e-02 -6.607150072087487674e-06 9.999349240472911182e-01 -3.419270801904387702e-01
9.996488022582644684e-01 -2.601787909394508158e-02 5.034094861060531279e-03 1.003686330778062263e+01 2.600315095076396327e-02 9.996574508806977954e-01 2.969349985618300117e-03 6.592720603826365267e-01 -5.109626625212816339e-03 -2.837404828036306156e-03 9.999829202789379812e-01 -3.415636133192395119e-01
9.996222725960288713e-01 -2.748012200934762603e-02 3.937312558929349088e-04 1.045993120462423320e+01 2.747878513620316196e-02 9.996176648971677459e-01 3.072522249248079481e-03 6.628659398721342688e-01 -4.780140048984972108e-04 -3.060542416813138555e-03 9.999952022798539453e-01 -3.733212643134696251e-01
9.995875445924217173e-01 -2.871827896166812347e-02 -3.389945583915477496e-05 1.090218704025066465e+01 2.871826893217748963e-02 9.995840954416247426e-01 2.626246311361328696e-03 6.763819144512163151e-01 -4.153591729078171793e-05 -2.626136635558018809e-03 9.999965508346211340e-01 -3.903574702308381661e-01
9.995916027742063337e-01 -2.857476644349595321e-02 3.322438758106347053e-04 1.136710655693843286e+01 2.857320223468473933e-02 9.995836207893351588e-01 4.019597459745396020e-03 7.591552077813623622e-01 -4.469645949769706847e-04 -4.008462595839255502e-03 9.999918661920549345e-01 -4.029677033649730622e-01
9.995489653682808617e-01 -3.001293702085983117e-02 1.043763661534454238e-03 1.181704209757984536e+01 3.000652746588650110e-02 9.995334899205239321e-01 5.693051619015584638e-03 7.942789462502261033e-01 -1.214141934963776500e-03 -5.659164132597515814e-03 9.999832497200551451e-01 -4.220208275898885142e-01
9.995087690471538000e-01 -3.133574498187547547e-02 5.400780261168975326e-04 1.231430719868282964e+01 3.133160465985895121e-02 9.994881349683343297e-01 6.465184216940743703e-03 8.150640760223057946e-01 -7.423929429438587673e-04 -6.445086807137758583e-03 9.999789546329296286e-01 -4.444892161829506194e-01
9.994747346326353643e-01 -3.240347949047763659e-02 -5.189874114769842638e-04 1.280047982182743560e+01 3.240568670868824303e-02 9.994620890709142724e-01 5.040236000633699712e-03 8.374429750944916151e-01 3.553870586025917235e-04 -5.054406682681299515e-03 9.999871632541712518e-01 -4.460156311239058535e-01
9.994550447448498076e-01 -3.290540869124894408e-02 -2.616794400040389247e-03 1.331315758910985458e+01 3.291523682794304795e-02 9.994509005611433849e-01 3.805857601099732652e-03 9.076892248735155544e-01 2.490124219918840760e-03 -3.889915986407024504e-03 9.999893338606107296e-01 -4.668883364469841313e-01
9.994336220412456395e-01 -3.341040972783901331e-02 -4.022394229123674343e-03 1.383415286564926205e+01 3.342659232355449372e-02 9.994330686613672743e-01 4.025443051101575305e-03 9.629455715147338113e-01 3.885622106105462124e-03 -4.157618060944744988e-03 9.999838079453625683e-01 -5.060017124653293230e-01
9.993649722933782842e-01 -3.541133307536783320e-02 -3.961015385054385968e-03 1.436773724041067979e+01 3.543304132032287085e-02 9.993566329904690626e-01 5.551547599118153084e-03 9.640644156097467610e-01 3.761879297315266248e-03 -5.688373034387151153e-03 9.999767450677911063e-01 -5.069169453991808627e-01
9.993249405672528507e-01 -3.648883662102118258e-02 -4.269421775945315620e-03 1.488668399855708380e+01 3.651620307116897751e-02 9.993118057738711313e-01 6.517802868301218744e-03 1.011935810383676859e+00 4.028656540540733952e-03 -6.669306036561075193e-03 9.999696446810117934e-01 -5.321539263116950025e-01
9.992645692321610040e-01 -3.831472055807329941e-02 -1.517519627715967906e-03 1.544150495161533954e+01 3.832350563344839173e-02 9.992457811825184999e-01 6.259209606759932182e-03 1.057009544699657022e+00 1.276555218859432277e-03 -6.312763063434409516e-03 9.999792594995549067e-01 -5.421865328358349556e-01
9.992208253116532379e-01 -3.944385054929745726e-02 1.387413904834503432e-03 1.600081706747953092e+01 3.943832629152353719e-02 9.992147577387726631e-01 3.806092007437475184e-03 1.085386465718307658e+00 -1.536451373120852233e-03 -3.748409114603501024e-03 9.999917943394773800e-01 -5.576335140257067113e-01
9.992106073230073715e-01 -3.965173300844272719e-02 2.429461383492316408e-03 1.656509221106335517e+01 3.964626664462640726e-02 9.992112256237974943e-01 2.258346415336151807e-03 1.129820285122178580e+00 -2.517092435706527135e-03 -2.160244619401013953e-03 9.999944987792954709e-01 -5.862763571331925938e-01
9.991817077362867838e-01 -4.036971157414834255e-02 2.490243485623648122e-03 1.714735513140589518e+01 4.036441286661712757e-02 9.991827277911422556e-01 2.142582037035001448e-03 1.183653618652079409e+00 -2.574703697688613280e-03 -2.040311562537608023e-03 9.999946040002399839e-01 -6.170975713161046539e-01
9.991400511540088347e-01 -4.138148737006659694e-02 2.594355990520779559e-03 1.772950975823133390e+01 4.137145145049681005e-02 9.991365724065044418e-01 3.809551766424781709e-03 1.245469424560741611e+00 -2.749760870279135613e-03 -3.698943473872365502e-03 9.999893782597559788e-01 -6.354437787818767447e-01
9.990627721747686873e-01 -4.323349228645109732e-02 2.107699974737038684e-03 1.830039824392337167e+01 4.322122120779245402e-02 9.990500764405907397e-01 5.556149868099940700e-03 1.283260343033086004e+00 -2.345909583339735212e-03 -5.459845122994634939e-03 9.999823432438493809e-01 -6.523769128439650400e-01
9.990274057857871925e-01 -4.394378225759967838e-02 3.631320671143301905e-03 1.887648185920071597e+01 4.392481309417774205e-02 9.990215751429454283e-01 5.148125246123680387e-03 1.359022163829143315e+00 -3.853995791585230341e-03 -4.983613127530263712e-03 9.999801549614040219e-01 -6.665173766871163030e-01
9.989584306925201052e-01 -4.545631719888412747e-02 3.972024049767788195e-03 1.945583144205736659e+01 4.544684352762974611e-02 9.989637694547820468e-01 2.443712353798884514e-03 1.418007996397675496e+00 -4.078990281018192443e-03 -2.260651102537078894e-03 9.999891255883135432e-01 -6.894754653685704060e-01
9.988896491057053240e-01 -4.699237308917180583e-02 3.344515051383421984e-03 2.006415605403933355e+01 4.698956541321355068e-02 9.988949628362222555e-01 9.132155821607916774e-04 1.433614805784864998e+00 -3.383733405304574504e-03 -7.550442836399970858e-04 9.999939901101263517e-01 -7.049862440654055540e-01
9.988715125809830564e-01 -4.743522411053394811e-02 2.366615254421040957e-03 2.068164297965817866e+01 4.743691901322388133e-02 9.988740141745581225e-01 -6.652227728019949587e-04 1.489288645628326746e+00 -2.332395487878994710e-03 7.767370134314755502e-04 9.999969783008847424e-01 -7.302514127353416651e-01
9.988438558408245793e-01 -4.806726628196755779e-02 6.996865102058381176e-04 2.129143716057815539e+01 4.806769710865341216e-02 9.988438923636014932e-01 -6.125215104271603764e-04 1.570231531363347255e+00 -6.694353627431688528e-04 6.454456665040955374e-04 9.999995676279999079e-01 -7.574845480732079750e-01
9.988130734779823161e-01 -4.870470133488285364e-02 -5.443503894665530606e-04 2.189844484533730551e+01 4.870464130170019251e-02 9.988132171654392488e-01 -1.230093403996325137e-04 1.629632522291093677e+00 5.496954969539127010e-04 9.635094688964703782e-05 9.999998442756656836e-01 -7.742948276540129182e-01
9.987849658213022730e-01 -4.925427638834649346e-02 -1.615025324989240348e-03 2.249449021854611175e+01 4.925468358538954983e-02 9.987862287016263663e-01 2.133093660345459759e-04 1.701924168909801471e+00 1.602558655132733240e-03 -2.925977492289136284e-04 9.999986730952766800e-01 -8.011173228953484271e-01
9.987297264200661884e-01 -5.033468083962733264e-02 -2.313756614815813423e-03 2.310767874597811655e+01 5.033774537696693308e-02 9.987314243274052483e-01 1.285865979045505876e-03 1.733953873106715449e+00 2.246097785804162476e-03 -1.400701868805860010e-03 9.999964965333685285e-01 -8.184476120213290962e-01
9.987299935569230458e-01 -5.030484779712556670e-02 -2.796829972743404731e-03 2.374980363210901757e+01 5.030867256516678016e-02 9.987328520961114009e-01 1.314385292703671142e-03 1.800454599076394935e+00 2.727166023409671389e-03 -1.453420818232444012e-03 9.999952250553029165e-01 -8.369346664165249194e-01
9.987009382508788002e-01 -5.090847899839048840e-02 -2.182361767614838730e-03 2.438667926093303251e+01 5.091052873319364125e-02 9.987028179304021647e-01 8.941599300800864630e-04 1.825213730057673178e+00 2.134010525038828807e-03 -1.004103552593701163e-03 9.999972188837000786e-01 -8.550977294855607314e-01
9.987008938770622901e-01 -5.094494043534132655e-02 -1.066589516291873568e-03 2.501603463419599649e+01 5.094593328628221895e-02 9.987009840860695542e-01 9.253470192402584501e-04 1.862508514525734737e+00 1.018062250759363494e-03 -9.784832936025750216e-04 9.999990030593519652e-01 -8.864866294906578181e-01
9.987312454729551092e-01 -5.033017602942281565e-02 1.665141701825668518e-03 2.566978435472667996e+01 5.032601480973411534e-02 9.987298306425178573e-01 2.453083394008587041e-03 1.923640217499768434e+00 -1.786490808895450141e-03 -2.366171087400835947e-03 9.999956048328286773e-01 -9.125206003122455778e-01
9.987601577936539021e-01 -4.959622815720909905e-02 4.285015352793703630e-03 2.633135925933580523e+01 4.958612623261569874e-02 9.987668892588561498e-01 2.432489554123766756e-03 2.012392903957570756e+00 -4.400373761252556609e-03 -2.216996338715743111e-03 9.999878607453169810e-01 -9.333780466967221967e-01
9.987946639157428974e-01 -4.882049009052368688e-02 5.077310386343598415e-03 2.700085149535324902e+01 4.881159733758442393e-02 9.988062699107451703e-01 1.860954684328562517e-03 2.082344177711926925e+00 -5.162102167888110542e-03 -1.610879978360235014e-03 9.999853787765616842e-01 -9.643469515980748197e-01
9.988106081406221692e-01 -4.852814845268446642e-02 4.731582559224781735e-03 2.767097652835454014e+01 4.852192627595708352e-02 9.988211066190012533e-01 1.421141394908719989e-03 2.121095275860716445e+00 -4.794969888448447244e-03 -1.189865600795281383e-03 9.999877961673436788e-01 -9.827188259555431626e-01
9.988703868080784920e-01 -4.746868455754767180e-02 2.162023185724810861e-03 2.838947308564247862e+01 4.746470641902302001e-02 9.988711920761462748e-01 1.855609046782310699e-03 2.186536715960143429e+00 -2.247665997325050489e-03 -1.750893130542467572e-03 9.999959411771679463e-01 -1.020625569603812899e+00
9.989245018312008506e-01 -4.636596203429348834e-02 -1.928883656573128057e-04 2.907175496171863571e+01 4.636631477080577907e-02 9.989208294015763379e-01 2.709509594260415752e-03 2.261735096489160934e+00 6.705118722528507222e-05 -2.715539044331138040e-03 9.999963106691128756e-01 -1.046691332368253846e+00
9.989566252329228346e-01 -4.558174792499584266e-02 -2.822261389705377731e-03 2.978982426098130176e+01 4.558995323797680049e-02 9.989559854983471876e-01 2.914652772632907955e-03 2.309497096649628212e+00 2.686459939916027370e-03 -3.040278462257166563e-03 9.999917697860634114e-01 -1.070323925588344993e+00
9.990167818525638177e-01 -4.413961589417314535e-02 -4.142932012696941800e-03 3.050003568874222637e+01 4.415049778633046984e-02 9.990215781253484195e-01 2.572933181710668985e-03 2.345930280296627757e+00 4.025310195028442874e-03 -2.753315937769764288e-03 9.999881079938803818e-01 -1.078220023258726012e+00
9.991206232087116446e-01 -4.160007347305443026e-02 -5.235853900944623107e-03 3.123372663589756826e+01 4.161375431842086192e-02 9.991305652006370330e-01 2.531626627620836307e-03 2.417097772285641710e+00 5.125985813643393549e-03 -2.747283911801354141e-03 9.999830882072687777e-01 -1.111253597280153160e+00
9.992570675008949355e-01 -3.846848568638887994e-02 -2.342788617880359019e-03 3.194919868704734256e+01 3.847974850139731368e-02 9.992470268270112754e-01 4.968735517947955524e-03 2.487645467938367716e+00 2.149884829749478671e-03 -5.055193999660187454e-03 9.999849113905892040e-01 -1.139504077344330790e+00
9.993668600565877025e-01 -3.555046474723448646e-02 1.429502323308073268e-03 3.266777627841782561e+01 3.554025241548626479e-02 9.993462703008213488e-01 6.627404777232024334e-03 2.551794819121056879e+00 -1.664175135082922438e-03 -6.572403829147504227e-03 9.999770167503982954e-01 -1.167804186207072936e+00
9.994277471416700420e-01 -3.340790587418072249e-02 5.300006455467609276e-03 3.340474218938935280e+01 3.337907406781049496e-02 9.994279678952298074e-01 5.438235300833049041e-03 2.595269975622767067e+00 -5.478654734671468962e-03 -5.258213947100949179e-03 9.999711673485315311e-01 -1.172036381730366505e+00
9.995099294295334280e-01 -3.090270026266035350e-02 4.992403053164892919e-03 3.414406169680252390e+01 3.089299937907679858e-02 9.995206789508427336e-01 2.008715761567960063e-03 2.618693314110040138e+00 -5.052084830388250437e-03 -1.853501044667259278e-03 9.999855203815423144e-01 -1.212632641549532098e+00
9.996291912633606946e-01 -2.698705652465474905e-02 3.630255403484887629e-03 3.488624101715015513e+01 2.698401501663310817e-02 9.996354741068611549e-01 8.842175824582546636e-04 2.696986930323593157e+00 -3.652794511269504170e-03 -7.859308405317394844e-04 9.999930196781237068e-01 -1.257195423756208630e+00
9.997135999822875929e-01 -2.378725269895045832e-02 2.623855844171916855e-03 3.559011976919021691e+01 2.378039700487475164e-02 9.997137894232092092e-01 2.613800944555686595e-03 2.731244597543282637e+00 -2.685280012450242185e-03 -2.550656018260899840e-03 9.999931416890474045e-01 -1.265746736375866099e+00
9.997895660047992905e-01 -2.050924714153750175e-02 4.410097759536330182e-04 3.632694591546197671e+01 2.050732460460540432e-02 9.997817255457672747e-01 3.993858070761753531e-03 2.788116532240822121e+00 -5.228245370069524358e-04 -3.983973696622372662e-03 9.999919272714595797e-01 -1.297703186481420579e+00
9.998404533571586539e-01 -1.779914981111289235e-02 -1.502696427454257300e-03 3.707150478911856339e+01 1.780808537785588674e-02 9.998224562397372006e-01 6.158578887521387601e-03 2.816398035944447376e+00 1.392812164837443391e-03 -6.184356453212313393e-03 9.999799067028962707e-01 -1.319437702427771919e+00
9.998896702152719751e-01 -1.479115926712327826e-02 -1.367115331374716422e-03 3.778277237808379851e+01 1.480074546358947120e-02 9.998638863680178179e-01 7.290176319238216365e-03 2.818269044912615762e+00 1.259099089318361587e-03 -7.309606321693333172e-03 9.999724917841016358e-01 -1.322784216779504085e+00
9.999380392977558207e-01 -1.081885503470927067e-02 -2.621057248082198868e-03 3.851633440319086077e+01 1.083472996503531509e-02 9.999225731770304826e-01 6.120153397651882481e-03 2.868009670690053525e+00 2.554641255547279808e-03 -6.148172636155391745e-03 9.999778366450385869e-01 -1.332752237513976867e+00
9.999616745091447489e-01 -6.081140556775319929e-03 -6.298352355650281044e-03 3.922577060820498218e+01 6.112633589419858536e-03 9.999688519450821156e-01 4.993080235280790945e-03 2.906762581970472326e+00 6.267792551503214953e-03 -5.031388393197044721e-03 9.999676994320206846e-01 -1.369084200532966422e+00
9.999608674330371372e-01 -2.069018219336363467e-03 -8.601323513038855451e-03 3.993108107407225305e+01 2.128299739525712098e-03 9.999740076778678155e-01 6.888708796443699517e-03 2.893738538643003011e+00 8.586847080659796433e-03 -6.906745418177812415e-03 9.999392796189885413e-01 -1.389925458912066203e+00
9.999596549883008612e-01 3.074319515298899307e-03 -8.440198765198433581e-03 4.067278884112382542e+01 -2.994144137408194430e-03 9.999504341877647473e-01 9.495486748199447741e-03 2.926466234522392629e+00 8.468972580108461226e-03 -9.469832481024124254e-03 9.999192961315521710e-01 -1.424104269257119082e+00
9.999442316750550841e-01 7.974755879080567059e-03 -6.923641271245844706e-03 4.136580679888116663e+01 -7.899201848872971707e-03 9.999096961308077125e-01 1.087208322938127726e-02 2.954264267793873522e+00 7.009718249301513313e-03 -1.081678567158015324e-02 9.999169270483425631e-01 -1.432750706830461684e+00
9.998994951041899615e-01 1.247822614251813816e-02 -6.730049236242927231e-03 4.206585104070322956e+01 -1.240167032025410107e-02 9.998592504431346173e-01 1.129946355189991383e-02 2.936888105367066792e+00 6.870099246284992571e-03 -1.121486404862595890e-02 9.999135105401452117e-01 -1.464177304470100971e+00
9.998116464508850498e-01 1.868563918070292526e-02 -5.245808763102504171e-03 4.276756824756409259e+01 -1.861632511795378517e-02 9.997426383871798050e-01 1.296493076507788597e-02 2.963281651421522334e+00 5.486716711577726419e-03 -1.286483109291372551e-02 9.999021912470628104e-01 -1.463990212816966618e+00
9.996956775367749071e-01 2.453088661437315132e-02 -2.605362969218733872e-03 4.344224389321043134e+01 -2.449370782430602272e-02 9.996094495077109121e-01 1.345387423415961639e-02 2.962617156860185119e+00 2.934380906790720091e-03 -1.338596491866844707e-02 9.999060982671773568e-01 -1.476830133795697497e+00
9.995078266841745940e-01 3.134182560298788556e-02 1.339539081153395036e-03 4.412560001841993085e+01 -3.135656001234035650e-02 9.994244226010590149e-01 1.294564222942990242e-02 3.006219818218027751e+00 -9.330280116598175600e-04 -1.298127406735541736e-02 9.999153044044868377e-01 -1.507655500101379831e+00
9.992760248138781165e-01 3.767496897253611032e-02 5.293670285556870136e-03 4.483799147677520835e+01 -3.773638687462475827e-02 9.992153693158990491e-01 1.202542425613761443e-02 2.968021853514131170e+00 -4.836459223687741490e-03 -1.221648213725606141e-02 9.999136793875598173e-01 -1.516932266916282801e+00
9.990189606687270851e-01 4.371908421080183960e-02 7.053927994050753804e-03 4.553151278419279180e+01 -4.379364275608270407e-02 9.989823695025085160e-01 1.078620773516683097e-02 2.957976299904911954e+00 -6.575186577507938397e-03 -1.108454324374194035e-02 9.999169464623292036e-01 -1.556148050211775713e+00
9.987570824902025635e-01 4.938195619629728167e-02 6.761107741020322935e-03 4.623294476530170982e+01 -4.944680500859287980e-02 9.987288160868476039e-01 9.785979368763426250e-03 2.938197590996670439e+00 -6.269262325098703438e-03 -1.010813137976779297e-02 9.999292585127752542e-01 -1.582060753902077899e+00
9.984797664853949373e-01 5.481360553900460619e-02 5.798669423726399673e-03 4.691322091333901056e+01 -5.487077558526759491e-02 9.984412830305164910e-01 1.020795410683503386e-02 2.918399059697853293e+00 -5.230096169522894904e-03 -1.051061312152871789e-02 9.999310841782382830e-01 -1.598390331469780046e+00
9.981773013837621500e-01 6.023735213884735817e-02 3.679185987507589770e-03 4.761636659709390784e+01 -6.027168589892066553e-02 9.981312198742836594e-01 1.006934909397408026e-02 2.916671763814489893e+00 -3.065759470672621469e-03 -1.027274644751684576e-02 9.999425342484902224e-01 -1.631137042014085381e+00
9.978427778111264024e-01 6.561803667974884513e-02 2.015944560262768453e-03 4.832426720701797507e+01 -6.563559301322278994e-02 9.977890597178450394e-01 1.043844994149686553e-02 2.881997090272897744e+00 -1.326536836087029159e-03 -1.054824960236025108e-02 9.999434857682452105e-01 -1.646097132076810077e+00
9.975225592022121113e-01 7.032247610415573447e-02 1.869020398391411973e-03 4.898975162524489235e+01 -7.033890483717650244e-02 9.974619700155894497e-01 1.104793369485554226e-02 2.860398819361407607e+00 -1.087358715322044077e-03 -1.115202794112984779e-02 9.999372229914358368e-01 -1.681240619129180658e+00
9.971397173748897114e-01 7.544048906183706271e-02 4.595284935232553554e-03 4.967911609093891911e+01 -7.548602701545900628e-02 9.970893629729740137e-01 1.070803303927329864e-02 2.846343532287839206e+00 -3.774090479377244407e-03 -1.102428484118665383e-02 9.999321083877614758e-01 -1.696576585515084723e+00
9.967326343151194923e-01 8.061175158235364679e-02 5.079487972927502169e-03 5.036504730330984358e+01 -8.065389672465389514e-02 9.967039821899863483e-01 8.724725196371159799e-03 2.807967873033772488e+00 -4.359430509948808950e-03 -9.105898827037139584e-03 9.999490376875116437e-01 -1.717518405087063993e+00
9.962897867422364495e-01 8.595729222009478032e-02 4.243200124712097343e-03 5.105869093204091058e+01 -8.597974338281023921e-02 9.962821037815702274e-01 5.427099814333440422e-03 2.782734128240664795e+00 -3.760925542366107353e-03 -5.771793374495747669e-03 9.999762706386121636e-01 -1.743494033721332492e+00
9.959855045181310595e-01 8.950201515145055076e-02 1.504683884893990263e-03 5.175187776581608290e+01 -8.950607546630449940e-02 9.959820794341671668e-01 2.891349271982117473e-03 2.709513218490817277e+00 -1.239856598218718603e-03 -3.014420312747493561e-03 9.999946879987883230e-01 -1.769201161099350106e+00
