1.000000000000000000e+00 0.000000000000000000e+00 0.000000000000000000e+00 0.000000000000000000e+00 0.000000000000000000e+00 1.000000000000000000e+00 0.000000000000000000e+00 0.000000000000000000e+00 0.000000000000000000e+00 0.000000000000000000e+00 1.000000000000000000e+00 0.000000000000000000e+00
9.999999383849531576e-01 2.452305367488838731e-04 2.511813562861945097e-04 -1.882447254466174114e-02 -2.452709845761981465e-04 9.999999569586022208e-01 1.610122287502924264e-04 1.058719617684148948e-02 -2.511418603597182289e-04 -1.610738263280799031e-04 9.999999554914932309e-01 2.959496322724157989e-03
9.999998377728346322e-01 2.088618347712411366e-04 5.299349379602582080e-04 -1.447614236500629689e-02 -2.085438364317478100e-04 9.999997982218050696e-01 -6.000548452772690080e-04 1.529704469333674141e-02 -5.300601595868909607e-04 5.999442332670508991e-04 9.999996795515208037e-01 8.446388933798209750e-03
9.999999351027953898e-01 3.484063485467902232e-04 9.169199175044161730e-05 -8.703864736805256089e-03 -3.483498635557322610e-04 9.999997500128812167e-01 -6.153263748995633489e-04 1.713790302202878452e-02 -9.190635244406806809e-05 6.152943940737862520e-04 9.999998064829968003e-01 -3.530725859118791915e-03
9.999999821238745312e-01 1.791347600226862074e-04 6.052262625855541123e-05 -6.604208832960704184e-03 -1.791382159600988621e-04 9.999999823244885011e-01 5.710098235314632999e-05 1.029912431787412264e-04 -6.051239641801614246e-05 -5.711182324769518222e-05 9.999999965382447842e-01 -5.930946036545909836e-03
9.999999929506835361e-01 -6.680812562827225854e-05 -9.815960070688849453e-05 -7.895549378967357465e-03 6.680358651187193750e-05 9.999999966993516898e-01 -4.624475626563246750e-05 -2.006474078196587504e-03 9.816268990838442228e-05 4.623819852626075876e-05 9.999999941130576220e-01 -6.157254430296919649e-03
9.999999698136836646e-01 -3.573915525737733937e-05 2.430953404449824292e-04 -2.175480575301619313e-03 3.565720288801625714e-05 9.999999425405936559e-01 3.371162607231823448e-04 6.455202122490887387e-03 -2.431073747272502353e-04 -3.371075824470089275e-04 9.999999136286373824e-01 -7.857421082129757706e-05
9.999999373362469246e-01 2.350883184108142315e-04 2.646903563898671502e-04 -3.310762972335905014e-03 -2.350950058088346125e-04 9.999999720467874775e-01 2.523415529693723199e-05 1.504149589018022141e-02 -2.646844167357860727e-04 -2.529638109654337057e-05 9.999999646511257279e-01 2.372759364283168193e-03
9.999999268759864890e-01 3.622901698651924711e-04 -1.224493960498994523e-04 -1.336400730091647122e-02 -3.622971038386334696e-04 9.999999327680660910e-01 -5.660982017926081088e-05 1.817982006482959240e-02 1.224288786360209558e-04 5.665417910127922094e-05 9.999999909007367682e-01 -7.055664716385400340e-03
9.999999799164702718e-01 1.736499401117398971e-04 1.000637659786372965e-04 -2.500701386574020330e-03 -1.736301183159816351e-04 9.999999653111623088e-01 -1.980662925829958329e-04 -1.693495789555823222e-03 -1.000981567073867481e-04 1.980489145215995740e-04 9.999999753784929446e-01 -2.255043359946107620e-03
9.999999208686751739e-01 1.826840928813328480e-04 3.533966122637916571e-04 -1.729131745518872054e-02 -1.826600691941328075e-04 9.999999810049370330e-01 -6.801047436048224444e-05 1.280294370147567681e-02 -3.534090299828157133e-04 6.794591752907424393e-05 9.999999352427028088e-01 1.380730883867327136e-03
9.999998687224304073e-01 7.336130967164159204e-05 5.071225100554713162e-04 -1.720391699486279943e-02 -7.327962825992753563e-05 9.999999843408423628e-01 -1.610851052545663950e-04 6.739032889695149853e-04 -5.071343195286499720e-04 1.610479223586861646e-04 9.999998584391642797e-01 5.252140798973556346e-03
9.999999984105822914e-01 4.444722339279478498e-05 3.468832277947981127e-05 -5.536151095855354476e-03 -4.446661996262690753e-05 9.999998425657299350e-01 5.593668161937594401e-04 -1.209898694995414567e-03 -3.466345501651115358e-05 -5.593683577771581348e-04 9.999998429527302557e-01 -5.951313484921300773e-03
9.999999996088001497e-01 2.576066981127019714e-05 1.089897160840682790e-05 1.568880914205443046e-03 -2.575997485642630841e-05 9.999999976356274134e-01 -6.375867727068866390e-05 3.204051033592493231e-03 -1.090061404887037252e-05 6.375839648851169524e-05 9.999999979080217427e-01 -7.364690356631039062e-03
9.999998509682691550e-01 3.829637908839172208e-04 -3.891043232930201557e-04 -9.192628994454674421e-03 -3.831559710594687699e-04 9.999998046026555842e-01 -4.939495445210217344e-04 9.331704744722092715e-03 3.889150824729935350e-04 4.940985585517009828e-04 9.999998023058169760e-01 7.700184534851403292e-03
9.999972255931607323e-01 1.540273577040753657e-04 -2.350549202688422424e-03 -5.914628688046810398e-03 -1.555763030853655777e-04 9.999997708872359059e-01 -6.588030734236252671e-04 1.323700979197072608e-02 2.350447190450950883e-03 6.591669353910471546e-04 9.999970204440392640e-01 -6.547123646196424673e-03
9.999952351148062579e-01 2.538755851887472634e-04 -3.076571934896933473e-03 5.822231850253524466e-03 -2.552161389546075358e-04 9.999998726697458817e-01 -4.353449373665210440e-04 2.460522992897650960e-03 3.076461019705514083e-03 4.361280538083153703e-04 9.999951725783055023e-01 -4.236734095268254036e-03
9.999934024089948137e-01 2.338589072037127424e-04 -3.624975654208255176e-03 3.943924796360284701e-03 -2.357389391690244357e-04 9.999998379404849702e-01 -5.182143921676705392e-04 1.519243344150435215e-02 3.624853877695009483e-03 5.190655211162947336e-04 9.999932954801997731e-01 -1.143085928069039608e-02
9.999949980889379919e-01 1.651677852850261328e-05 -3.162834851980404847e-03 2.158792011191386709e-02 -1.560806621122551156e-05 9.999999585978054384e-01 2.873339096526723283e-04 3.402470978726274825e-03 3.162839466862650290e-03 -2.872831066982263113e-04 9.999949569447454945e-01 -9.587975796260321884e-03
9.999964083142858229e-01 2.146141733597805668e-04 -2.671572436723455238e-03 4.544690332009541228e-02 -2.129057894402423118e-04 9.999997727047574836e-01 6.397355377480183148e-04 1.176156738732536504e-02 2.671709125801352818e-03 -6.391644467803391872e-04 9.999962267124596904e-01 -4.002180470974378568e-03
9.999962767941320552e-01 1.717741998123316913e-04 -2.723397051076159592e-03 7.133317155422219669e-02 -1.705441290406894419e-04 9.999998833534290421e-01 4.518936029495036711e-04 1.537857013686348175e-02 2.723474357063279151e-03 -4.514274610784817232e-04 9.999961894430767773e-01 -3.694579304695341793e-03
9.999939997615140408e-01 -1.514683005609507012e-04 -3.460852253865339713e-03 9.752144112916472096e-02 1.498253786292686135e-04 9.999998759777635193e-01 -4.749703291759459016e-04 7.653243655229905601e-03 3.460923767591279898e-03 4.744489557413817424e-04 9.999938984338171410e-01 -1.151291931746824607e-02
9.999944407291486703e-01 2.955983915192466542e-04 -3.321314858320959570e-03 1.277781640969664068e-01 -2.972469096753953201e-04 9.999998328823750393e-01 -4.958623768063357166e-04 2.423651411931181110e-02 3.321167727149709672e-03 4.968468707507730326e-04 9.999943614781611201e-01 -2.243370544706826258e-03
9.999934196401020214e-01 -3.538623211285088022e-04 -3.610465060419075327e-03 1.534287292805749103e-01 3.527014709842228373e-04 9.999998859087914083e-01 -3.221553608350610711e-04 6.090068442937968118e-04 3.610578647140502348e-03 3.208798245990967840e-04 9.999934303574053995e-01 -1.929277943292333208e-03
9.999877853011277518e-01 2.760719179138593966e-05 -4.942518223388434398e-03 1.947234595018851877e-01 -2.964046706198909822e-05 9.999999149720607550e-01 -4.113116991630401051e-04 2.358042297011925595e-02 4.942506447975331466e-03 4.114531736630958319e-04 9.999877010925172227e-01 -1.478374227639391025e-02
9.999839276344244521e-01 -1.763079862360387767e-04 -5.666867593666467459e-03 2.469457455907337062e-01 1.727793178522031559e-04 9.999997909046794975e-01 -6.231676376148226944e-04 1.987940623947196186e-02 5.666976278182246987e-03 6.221785043195437320e-04 9.999837490048382183e-01 -9.437905068001288533e-03
9.999798746341136413e-01 -4.251389806029356381e-04 -6.330053995786020030e-03 3.012642046433098852e-01 4.191254124966533267e-04 9.999994596819929971e-01 -9.512989071377748887e-04 1.655480177111317078e-02 6.330455009791489257e-03 9.486266754070916312e-04 9.999795125135313434e-01 -8.531133457724054611e-04
9.999733777637127563e-01 -3.785553130839385862e-04 -7.287006223817552551e-03 3.667186720630673524e-01 3.744274245018752592e-04 9.999997686874770864e-01 -5.678284038405239948e-04 2.419835074589254953e-02 7.287219492700951380e-03 5.650848320058732537e-04 9.999732881988387945e-01 -6.822003041298927914e-03
9.999712225253305498e-01 -6.604035300783355541e-04 -7.557644366691114619e-03 4.477262202553283776e-01 6.568324480654415091e-04 9.999996714801807629e-01 -4.749849109338040464e-04 2.406895881752971200e-02 7.557955565567067886e-03 4.700071360165794976e-04 9.999713277894326513e-01 -9.262564252557092467e-03
9.999683261971352710e-01 -1.032976750761075389e-03 -7.891740082647917542e-03 5.271369474916912656e-01 1.029640196029650481e-03 9.999993788233171310e-01 -4.268419455869732122e-04 2.401737291704202429e-02 7.892176098289033909e-03 4.187027730736216286e-04 9.999687686345115623e-01 -1.553595944383088547e-02
9.999692013315718553e-01 -1.461079200286990879e-03 -7.711137132022805735e-03 6.296990717498034407e-01 1.460736584786017376e-03 9.999989318705861940e-01 -5.006312485827336327e-05 3.141507036620348747e-02 7.711202041720852801e-03 3.879764286164273169e-05 9.999702674868962138e-01 -5.730228918047905462e-03
9.999657909352355212e-01 -1.887035666582089020e-03 -8.053325751626873655e-03 7.334621365176254848e-01 1.885821169575021758e-03 9.999982092927042210e-01 -1.583979211070629732e-04 2.261816736308221165e-02 8.053610233004335553e-03 1.432053702744196140e-04 9.999675589010059706e-01 -1.396410559324584404e-02
9.999648343038310960e-01 -2.084709401324042269e-03 -8.123062379646934020e-03 8.535298895984485545e-01 2.081268868462032157e-03 9.999977408533994305e-01 -4.319814747846050873e-04 3.556960489527455360e-02 8.123944584299854291e-03 4.150600070079779385e-04 9.999669140774517517e-01 -1.563523202073986360e-02
9.999649786510600435e-01 -2.682517781735815985e-03 -7.927519772013499194e-03 9.764968200561292555e-01 2.680664256944800209e-03 9.999963771411295443e-01 -2.444253614918897449e-04 3.494680470849093751e-02 7.928146727106680919e-03 2.231657824869554072e-04 9.999685468486031459e-01 -1.989017967452457250e-02
9.999710137323524206e-01 -2.721649956191715680e-03 -7.110859062554030288e-03 1.116596300785683393e+00 2.722274207779958391e-03 9.999962915540305808e-01 7.811097173633946170e-05 5.507062230977260997e-02 7.110620101594597106e-03 -9.746641581195570031e-05 9.999747144713553304e-01 -1.333290981261762639e-02
9.999699369933818804e-01 -3.136876364569113427e-03 -7.091199907301094785e-03 1.250741379489328065e+00 3.134355215922861749e-03 9.999950206921323081e-01 -3.666174058938153203e-04 6.800201721407773958e-02 7.092314631508993272e-03 3.443800448557147163e-04 9.999747899200021051e-01 -1.304896634555438237e-02
9.999656625488264616e-01 -3.666294204462428822e-03 -7.431824143021306672e-03 1.404109295718499961e+00 3.667677317251291907e-03 9.999932591730645859e-01 1.724863140083714034e-04 6.710993123029226903e-02 7.431141660807546317e-03 -1.997379241031458003e-04 9.999723687374459935e-01 -2.232247481888614826e-02
9.999706183761203349e-01 -3.885341915711811121e-03 -6.608063458943571472e-03 1.561324144428255289e+00 3.886221301513700325e-03 9.999924413843013227e-01 1.202425068450397797e-04 7.007854434388116616e-02 6.607546327879477641e-03 -1.459193709008301193e-04 9.999781592810225161e-01 -1.941764327611598603e-02
9.999720629923141146e-01 -4.515183407917486985e-03 -5.957042360792613733e-03 1.745118140334680046e+00 4.517506835802768267e-03 9.999897250872112897e-01 3.766324363575467298e-04 8.474775971452076784e-02 5.955280588174353268e-03 -4.035328939603247231e-04 9.999821857384858514e-01 -1.391078375730284838e-02
9.999695997103692502e-01 -5.133920715650811331e-03 -5.868774418001860768e-03 1.927384042317066060e+00 5.145769183390026813e-03 9.999847492260933723e-01 2.005585884107538314e-03 9.225511007188003099e-02 5.858388395732666218e-03 -2.035724272260203572e-03 9.999807673710989775e-01 -7.498894357344750884e-03
9.999659617262499633e-01 -5.444558309333992832e-03 -6.199368815631541713e-03 2.142960645149433851e+00 5.464616808748381030e-03 9.999798741325651719e-01 3.223242614619559101e-03 1.175398300332851642e-01 6.181694915596152445e-03 -3.257010076038611025e-03 9.999755889687182986e-01 -1.946983043294524957e-02
9.999660571716301183e-01 -5.990339913033349353e-03 -5.656883625321288377e-03 2.342747410258076535e+00 6.019094147134999503e-03 9.999689826812789839e-01 5.079781591365005802e-03 1.318901189725269485e-01 5.626278545542667646e-03 -5.113658484330489001e-03 9.999710973256344948e-01 -1.452731788984123334e-02
9.999609990231398404e-01 -6.743606447525138554e-03 -5.702999625203735400e-03 2.576520615650104151e+00 6.773297268047140211e-03 9.999635250242903117e-01 5.202986172788533203e-03 1.323221807816996609e-01 5.667704717329732043e-03 -5.241411363026270143e-03 9.999702019211176296e-01 -1.748863637002218488e-02
9.999604291457749872e-01 -7.244753090729387154e-03 -5.162721690346745371e-03 2.804421176519412473e+00 7.275908726210178132e-03 9.999552783861451744e-01 6.041719945072869871e-03 1.434111434172079258e-01 5.118720035855481992e-03 -6.079044360851442938e-03 9.999684214638246971e-01 -1.646311727484946544e-02
9.999576499343237890e-01 -7.767988294755901954e-03 -4.935250315522150474e-03 3.045668898503439248e+00 7.799796175383217831e-03 9.999487221085046063e-01 6.458818250350511006e-03 1.571814683072848273e-01 4.884825221725289796e-03 -6.497038665508986580e-03 9.999669629398423298e-01 -1.798084629442853882e-02
9.999558411898077370e-01 -8.517592328372416977e-03 -3.970678948442821730e-03 3.299841166271110460e+00 8.543565159233382916e-03 9.999419147402895947e-01 6.570741198168861263e-03 1.661463491842934959e-01 3.914481415703631277e-03 -6.604374796377886908e-03 9.999705291001306229e-01 -1.500294511633465909e-02
9.999438908515285718e-01 -9.186416579374931043e-03 -5.274931197324172691e-03 3.576205747654321865e+00 9.212646172528529340e-03 9.999452120233587316e-01 4.969919723683728988e-03 1.708892946730694862e-01 5.228986441569138596e-03 -5.018236940425441217e-03 9.999737371545333042e-01 -2.578267183759026804e-02
9.999196301779289531e-01 -9.868142127850282330e-03 -7.959457002734747835e-03 3.843467077041724078e+00 9.906555998056627843e-03 9.999394020391834115e-01 4.801291261490467366e-03 1.710516751723150097e-01 7.911594851305580808e-03 -4.879756189077785397e-03 9.999567963899460565e-01 -1.801377141184046238e-02
9.998775751835301540e-01 -1.045745807354516582e-02 -1.163942506072112963e-02 4.123809504570602691e+00 1.048595353313375167e-02 9.999421650159355801e-01 2.389853916985006967e-03 1.932864803702747380e-01 1.161376009761945320e-02 -2.511611809896944179e-03 9.999294036993368051e-01 -1.575247630302255980e-02
9.998195744491589210e-01 -1.074093694066942904e-02 -1.566687020241614575e-02 4.421641064645040586e+00 1.071700412225274658e-02 9.999412739029146513e-01 -1.610766295832974457e-03 2.087326288201324653e-01 1.568325128748531555e-02 1.442573759894680112e-03 9.998759696132319963e-01 -2.013149419547215213e-02
9.997792259294003836e-01 -1.072335359082376982e-02 -1.806956246772763869e-02 4.712252827551766110e+00 1.065433492085649664e-02 9.999355903473640117e-01 -3.911560310529828104e-03 2.144522888650710335e-01 1.811034365778745048e-02 3.718177569033168268e-03 9.998290806973769707e-01 -1.962462584278860250e-02
9.997439562616993181e-01 -1.174993001562134147e-02 -1.933807288313335593e-02 5.025467034605503258e+00 1.161688513313967851e-02 9.999081737884190080e-01 -6.977963235239366402e-03 2.101858437392359058e-01 1.941828772082686283e-02 6.751528400067248123e-03 9.997886511489587624e-01 -1.655353047073936795e-02
9.997261042532586961e-01 -1.195441907940920402e-02 -2.011984938006165097e-02 5.338281030140123562e+00 1.176406332515035451e-02 9.998851668161319317e-01 -9.553009743417554406e-03 2.211970524519734915e-01 2.023173963564088573e-02 9.313702032480723064e-03 9.997519350647768865e-01 -1.879655174024886730e-02
9.997302681552294734e-01 -1.196302523211132708e-02 -1.990670644704430059e-02 5.667264135343839548e+00 1.171969044253797811e-02 9.998557200178485038e-01 -1.229585310260752906e-02 2.469034358626582271e-01 2.005092990871025493e-02 1.205923608217730064e-02 9.997262300424603065e-01 -7.601327905695644954e-03
9.997054079764282619e-01 -1.272465214969538232e-02 -2.066834512853627653e-02 5.993737770222826278e+00 1.247411630585976323e-02 9.998476964724420935e-01 -1.220574787300112568e-02 2.619922972717239062e-01 2.082051116257523787e-02 1.194433281605300143e-02 9.997118781071416826e-01 -5.858147968851265888e-03
9.997307452661473581e-01 -1.327195625464220458e-02 -1.903397348870044387e-02 6.335674464211701107e+00 1.310499545429612625e-02 9.998747850331501930e-01 -8.869799831707969248e-03 2.715713070756231584e-01 1.914930974569489797e-02 8.617971460068344844e-03 9.997794929404067998e-01 -1.917587603082769598e-02
9.998396885376770182e-01 -1.415883452420983388e-02 -1.096013821979208852e-02 6.697029547827415108e+00 1.410996470221934432e-02 9.998902177109358913e-01 -4.523430344258799578e-03 3.030055188997658466e-01 1.102298149245601114e-02 4.368058023112883319e-03 9.999297045033334053e-01 -1.023542224553426749e-02
9.998697601244148636e-01 -1.613424518463744267e-02 3.859029245260142639e-04 7.065738672611591831e+00 1.613501666074138724e-02 9.998676432627123800e-01 -2.087389189156712253e-03 3.235189498724712065e-01 -3.521733987003983300e-04 2.093343877965074887e-03 9.999977469401147845e-01 -2.132406070440039797e-02
9.997580312227015709e-01 -1.751566175369182604e-02 1.330716344823391906e-02 7.426785215980685528e+00 1.754029822192616772e-02 9.998446484734967443e-01 -1.736910243959635626e-03 3.637109931539103669e-01 -1.327467302774908847e-02 1.969901581281565880e-03 9.999099472171313341e-01 -3.188481347890349815e-02
9.995781868871702613e-01 -1.946254888376033193e-02 2.155591543647927474e-02 7.796282618793286545e+00 1.956766892006365360e-02 9.997975980401176965e-01 -4.676460867586667777e-03 3.694990915567070711e-01 -2.146053662870947912e-02 5.096287291600999983e-03 9.997567070159866232e-01 -3.731096912482918804e-02
9.995495392656525979e-01 -2.064934050971799911e-02 2.177896439997389910e-02 8.176819113257590033e+00 2.083984818480812129e-02 9.997462077467611508e-01 -8.556916711300880524e-03 3.777646257327642032e-01 -2.159674238064067386e-02 9.006932468033156114e-03 9.997261904571973501e-01 -3.953296159097124951e-02
9.995850747775503198e-01 -2.159859002863672231e-02 1.905726084026795886e-02 8.553239479480847507e+00 2.177396698843346926e-02 9.997220150834492669e-01 -9.043612059032916928e-03 4.082096905677358722e-01 -1.885663393996250131e-02 9.454811804713535855e-03 9.997774921902331524e-01 -3.802562283240911584e-02
9.995535759805579401e-01 -2.344736481355636989e-02 1.851674452432045329e-02 8.945753691241161931e+00 2.357125206876995935e-02 9.997010227727005649e-01 -6.500857107095653169e-03 4.134047746522108713e-01 -1.835878047119308618e-02 6.934417821011858336e-03 9.998074159702428076e-01 -3.472838996102792231e-02
9.995412085619496123e-01 -2.479317551597974220e-02 1.739743758003053919e-02 9.341094603155195131e+00 2.485524992494692401e-02 9.996854110367421331e-01 -3.360879567665203248e-03 4.518595841231540233e-01 -1.730863766116969710e-02 3.791755284000562169e-03 9.998430045032973279e-01 -3.838631454565173684e-02
9.995858729111383179e-01 -2.585253647270941216e-02 1.263839524642593193e-02 9.731761700168860330e+00 2.586596842002058735e-02 9.996650143163726687e-01 -9.004607381487611441e-04 4.831103239280648554e-01 -1.261088237087912289e-02 1.226992165288428660e-03 9.999197268461375021e-01 -5.544797804079783232e-02
9.996246299239046618e-01 -2.696397772328966436e-02 4.852128897157771507e-03 1.015640202444192042e+01 2.695235181454933016e-02 9.996337275630233776e-01 2.445700333221948169e-03 5.017996326794830209e-01 -4.916297505384924042e-03 -2.314006005416022627e-03 9.999852375885582845e-01 -7.625220326425452555e-02
9.996073476153599646e-01 -2.801922689057721044e-02 -2.711417328233444043e-04 1.056570303167086422e+01 2.801993559262236366e-02 9.996025222453488457e-01 3.111387170081866306e-03 5.272618751852367058e-01 1.838552969532348093e-04 -3.117762850380177350e-03 9.999951228641260625e-01 -9.304246118441714120e-02
9.995808554034207871e-01 -2.892661919298602363e-02 -1.167995303751963700e-03 1.101174122674544797e+01 2.892841860145714539e-02 9.995802773434001587e-01 1.554266164462719813e-03 5.743688538994905501e-01 1.122545404196220948e-03 -1.587402959269712185e-03 9.999981100200442397e-01 -9.947884409556147223e-02
9.995449606559854150e-01 -3.015918241213758413e-02 -5.434551094782208479e-04 1.148237009861475677e+01 3.016032157298069102e-02 9.995425941987989837e-01 2.226518571557966567e-03 5.751985108162976923e-01 4.760565502148244232e-04 -2.241896198870071185e-03 9.999973736323483076e-01 -9.346784456121327855e-02
9.995298416801009500e-01 -3.066070581192332015e-02 1.292674241778236108e-04 1.194247231752841465e+01 3.065964853467368148e-02 9.995168742274900264e-01 5.099420186477507388e-03 6.358622148910593186e-01 -2.855567939026273016e-04 -5.093059357857900038e-03 9.999869895172111001e-01 -9.648782274652742408e-02
9.994899797405244479e-01 -3.193347957789791081e-02 1.824289836536885270e-04 1.242173937274075257e+01 3.193193173415366515e-02 9.994739441212948661e-01 5.673337496396026365e-03 6.668866621359459401e-01 -3.635024228940762336e-04 -5.664618669481661685e-03 9.999838898508904839e-01 -9.723555926681808070e-02
9.994538508875133731e-01 -3.302316090158574635e-02 -1.212761389658404201e-03 1.291592166877443049e+01 3.302861420181431307e-02 9.994429194719354204e-01 4.791801469402525576e-03 6.742467656940199783e-01 1.053845352970502088e-03 -4.829240259340682878e-03 9.999877838496276095e-01 -1.003682094555689713e-01
9.994264059962705282e-01 -3.369795775715161978e-02 -3.362534813943939514e-03 1.341795582957402999e+01 3.370858060257155009e-02 9.994267271536243502e-01 3.154147231001558100e-03 7.262726125666183474e-01 3.254318843889985637e-03 -3.265684306867757802e-03 9.999893723009610769e-01 -1.064398743241476292e-01
9.993828418488188703e-01 -3.485361264008466492e-02 -4.377339844436244944e-03 1.392223393347442872e+01 3.486955703525940892e-02 9.993853138702680772e-01 3.620554182789920139e-03 7.446645380366794242e-01 4.248459761319348278e-03 -3.770955629632501832e-03 9.999838651114806298e-01 -1.097597901766856482e-01
9.993658464072725511e-01 -3.526592170558929401e-02 -4.921361694798562399e-03 1.446662655191183156e+01 3.528843900427030417e-02 9.993667377467013724e-01 4.566131640435612711e-03 8.326833361900495278e-01 4.757216341273400907e-03 -4.736903183635814661e-03 9.999774650665439468e-01 -1.178410441417149374e-01
9.993118117433239522e-01 -3.672355623543821501e-02 -5.223344493524894119e-03 1.500737695130082905e+01 3.675079775426683126e-02 9.993108349684929337e-01 5.218618495199128619e-03 8.477176972527218357e-01 5.028098517372698445e-03 -5.406989180317056491e-03 9.999727409751245633e-01 -1.207179127742017272e-01
9.992547993659957051e-01 -3.851580664213528210e-02 -2.525585621053127224e-03 1.557202971221889065e+01 3.852998391252594051e-02 9.992404481292654905e-01 5.828135390083102017e-03 8.641513760683541268e-01 2.299191972001329593e-03 -5.921103033244233364e-03 9.999798269240962600e-01 -1.192902263991742345e-01
9.992180093467956103e-01 -3.953946574656932306e-02 2.110694291155741100e-05 1.613829778356754829e+01 3.953906633127938358e-02 9.992100470988481975e-01 3.992995162559214405e-03 9.124819494668547915e-01 -1.789711648769970291e-04 -3.989038128847971661e-03 9.999920277402859492e-01 -1.193845379374020715e-01
9.991738414016756442e-01 -4.061986736721327762e-02 1.288810959389656953e-03 1.670989849992999510e+01 4.061766310132652880e-02 9.991733283663837284e-01 1.692727216602657458e-03 9.458950171885608382e-01 -1.356503890955707654e-03 -1.638980266108256909e-03 9.999977368178796233e-01 -1.376475599231161417e-01
9.991440740627662853e-01 -4.132784332551701217e-02 1.768793746844087933e-03 1.729313180512994563e+01 4.132647148677399268e-02 9.991453719764907815e-01 8.052405930597129197e-04 9.878579879498396998e-01 -1.800560943209545501e-03 -7.314533624054634590e-04 9.999981114763509815e-01 -1.456189811372212151e-01
9.990957707536233245e-01 -4.248802308601638822e-02 1.552016902469679095e-03 1.787789301576398060e+01 4.248366732139852164e-02 9.990934062993136466e-01 2.739251751736643259e-03 1.032008109961735309e+00 -1.666995245388738518e-03 -2.670839470427824672e-03 9.999950438594058522e-01 -1.488374219521935993e-01
9.990440629899521863e-01 -4.368781419672551625e-02 1.528101842441561631e-03 1.846337123065083574e+01 4.368113564212021405e-02 9.990368608818319673e-01 4.160407238464436212e-03 1.095137309088183963e+00 -1.708389166197307697e-03 -4.089680927353653121e-03 9.999901779099479304e-01 -1.419828886754475605e-01
9.989765243949974005e-01 -4.515527060885576871e-02 2.627783083178035928e-03 1.903692732684250188e+01 4.514184622128020186e-02 9.989682663651628935e-01 4.961503312033779811e-03 1.151280333278740686e+00 -2.849109935667684234e-03 -4.837802354586069262e-03 9.999842389962716460e-01 -1.517233795227095061e-01
9.988914317901407269e-01 -4.699245694656473127e-02 2.759798247676431386e-03 1.963336487863490021e+01 4.698615005025155722e-02 9.988928760951318875e-01 2.307333926999408178e-03 1.178087283005092134e+00 -2.865170099289683463e-03 -2.175103795384660758e-03 9.999935298409592388e-01 -1.665469845230016788e-01
9.988350830790658774e-01 -4.820377805600174065e-02 2.207394745664375407e-03 2.022024652043736026e+01 4.820303965472478441e-02 9.988374830576332020e-01 3.865321944302675997e-04 1.215132860347122978e+00 -2.223460923985865270e-03 -2.796787800775990345e-04 9.999974889974971859e-01 -1.680288415911579403e-01
9.988098811070251770e-01 -4.875172131941939851e-02 1.446053720935246058e-03 2.082340176528787623e+01 4.875392179622495964e-02 9.988096522871261485e-01 -1.527614990031885304e-03 1.279192761786986487e+00 -1.369858553918436132e-03 1.596297736594673921e-03 9.999977876580919967e-01 -1.745227719857991022e-01
9.987656613645782278e-01 -4.967038728449110763e-02 7.941023432720378643e-05 2.142910294468103061e+01 4.967044615820337405e-02 9.987636039690384049e-01 -2.027354242049417277e-03 1.323480359381806748e+00 2.138741853678657163e-05 2.028796142149329011e-03 9.999979417622777422e-01 -1.755158648814463818e-01
9.987363998835716572e-01 -5.023133158423145200e-02 -1.554630141673735665e-03 2.203826067040623471e+01 5.022913207335139713e-02 9.987367068084908039e-01 -1.422942194373401662e-03 1.377415512024415367e+00 1.624142469191208315e-03 1.343056441739577450e-03 9.999977791778510428e-01 -1.808156341173282333e-01
9.987016795602632335e-01 -5.088588869612313548e-02 -2.362535738378966285e-03 2.266100717997213820e+01 5.088394925204696440e-02 9.987041904153478589e-01 -8.739309696434638050e-04 1.428522330876456747e+00 2.403945095974463833e-03 7.525811785848342001e-04 9.999968273297397126e-01 -1.807098664166519875e-01
9.986615128538610664e-01 -5.161196012669962141e-02 -3.374657955624947754e-03 2.327167437376375858e+01 5.161210911434988002e-02 9.986672060027793618e-01 -4.298105013119579894e-05 1.473387276930447687e+00 3.372378568004592674e-03 -1.312496940812560688e-04 9.999943049019388575e-01 -1.849974197830717981e-01
9.986457409562493615e-01 -5.187783814475015881e-02 -3.920966637307136439e-03 2.389426447129622488e+01 5.187919814519723755e-02 9.986533374224271231e-01 2.458756986491969802e-04 1.515334661320773435e+00 3.902930918570512824e-03 -4.489593243582274198e-04 9.999922827531070313e-01 -1.857870959155251411e-01
9.986380783350928825e-01 -5.204743917016066423e-02 -3.612834762538963927e-03 2.453930376075604514e+01 5.204761749618483369e-02 9.986446032068854173e-01 -4.470719538302319365e-05 1.573286492796775127e+00 3.610264832919931992e-03 -1.433931341124939382e-04 9.999934726918197070e-01 -1.951461835581204673e-01
9.986687764155489644e-01 -5.152624012388528491e-02 -2.391984817253479511e-03 2.517818200626163616e+01 5.152608732541483910e-02 9.986716410183830162e-01 -1.255013296219957986e-04 1.633299622768467518e+00 2.395274014383559202e-03 2.084640717253777547e-06 9.999971313249105265e-01 -1.985718904889968439e-01
9.986755428122300327e-01 -5.145009223639246398e-02 2.195394369926982527e-04 2.584658302036501354e+01 5.144983508744227496e-02 9.986750289179342488e-01 1.049326087619577991e-03 1.680690823620901053e+00 -2.732364775813900682e-04 -1.036641032312051510e-03 9.999994253584336690e-01 -2.038629617875241662e-01
9.987062562531442422e-01 -5.076953952127676029e-02 2.875339567153088575e-03 2.650222773099670803e+01 5.076388238181327173e-02 9.987086654005208342e-01 2.007460942548858381e-03 1.730104712916427312e+00 -2.973544409344925851e-03 -1.858900402912645440e-03 9.999938512425652348e-01 -2.115257310718664241e-01
9.987089549372155650e-01 -5.059856618702888303e-02 4.495378519266447076e-03 2.717068189577154769e+01 5.059270546459247037e-02 9.987183764470507485e-01 1.408084067112331519e-03 1.780614984161679182e+00 -4.560864171143416690e-03 -1.178832805752397630e-03 9.999889043740577410e-01 -2.147876916630187538e-01
9.987479464025570408e-01 -4.986066838718464234e-02 4.056267330724007761e-03 2.786528560894457129e+01 4.985954529420887071e-02 9.987561680239082085e-01 3.775940326639910631e-04 1.846651809839392699e+00 -4.070049106562115965e-03 -1.748776199953678027e-04 9.999917020246158472e-01 -2.247540026104374866e-01
9.988125111996656313e-01 -4.867953109389722838e-02 1.967415435587201861e-03 2.853893825906453685e+01 4.867891585992959597e-02 9.988144141751208460e-01 3.594255306917073980e-04 1.915085662126565502e+00 -1.982579562032368500e-03 -2.632270664489806417e-04 9.999980000428959626e-01 -2.329027119566158266e-01
9.988548474727282356e-01 -4.784218975361941711e-02 -3.443251537366696425e-04 2.923743490527120059e+01 4.784267445874191421e-02 9.988536447017223319e-01 1.573202695227774112e-03 1.961319770263659334e+00 2.686649729063607275e-04 -1.587874574423603054e-03 9.999987032358933492e-01 -2.388365811163792318e-01
9.989002470904572162e-01 -4.676348077927034580e-02 -3.387215379976501930e-03 2.995732044057581689e+01 4.676942961088203371e-02 9.989042668966592320e-01 1.698831810567917079e-03 2.010746300282360011e+00 3.304060607235810836e-03 -1.855381646632129049e-03 9.999928203454507836e-01 -2.479889543260448137e-01
9.989514629357540976e-01 -4.547558712051959218e-02 -5.286366858312675082e-03 3.067998195128084404e+01 4.548874341840060398e-02 9.989619787961289132e-01 2.395650629224455562e-03 2.058109786158261567e+00 5.171935878522680718e-03 -2.633608886380051778e-03 9.999831574499152831e-01 -2.555298294445557672e-01
9.990607721201910651e-01 -4.298024716794320021e-02 -5.501996364054843013e-03 3.138977738169073817e+01 4.298521607017874446e-02 9.990753976754964683e-01 7.880094851327479897e-04 2.112876575734299323e+00 5.463040362985538932e-03 -1.023773867180992770e-03 9.999845534192322027e-01 -2.399047320791269367e-01
9.991854788641476581e-01 -4.015749128468742990e-02 -3.969221679886180548e-03 3.215099922431532065e+01 4.017128713288196928e-02 9.991868198063693640e-01 3.459308503378840261e-03 2.156768777962922989e+00 3.827076836356486673e-03 -3.615939567284172634e-03 9.999861391359053941e-01 -2.642800839014451397e-01
9.993058910952204998e-01 -3.724354527012185140e-02 8.089240382105416464e-04 3.287436080978876873e+01 3.723937745236156199e-02 9.992954673384266684e-01 4.668803255232737738e-03 2.207650100922010417e+00 -9.822369101984431382e-04 -4.635438769729406487e-03 9.999887738960194783e-01 -2.553552922811995196e-01
9.993830636796626754e-01 -3.478785765008363812e-02 4.826695595207630349e-03 3.360167571908166906e+01 3.476321459619017423e-02 9.993825696386570145e-01 5.098863929752050876e-03 2.265770460003183828e+00 -5.001093999367548643e-03 -4.927926800634640191e-03 9.999753519943664903e-01 -2.561740457842043850e-01
9.994682380567887492e-01 -3.214544725983545237e-02 5.469125718366376829e-03 3.434476551156841850e+01 3.213909779744451856e-02 9.994826304225655766e-01 1.244940301999345822e-03 2.301311012638114217e+00 -5.506315321924092759e-03 -1.068505523796076584e-03 9.999842692700326996e-01 -2.621619105736064936e-01
9.995749460471976544e-01 -2.881635804695455508e-02 4.420943751251067526e-03 3.507813839641746512e+01 2.881587794493713564e-02 9.995847215227204874e-01 1.722689981497392922e-04 2.326785731778372668e+00 -4.424071993592982970e-03 -4.480239899364713138e-05 9.999902127419750819e-01 -2.720595255620041897e-01
9.996750531027963627e-01 -2.528183633680334760e-02 3.258366977555482262e-03 3.581185548598297430e+01 2.527915939865699527e-02 9.996800609428285744e-01 8.601473360775041673e-04 2.379097848053655095e+00 -3.279070602873013912e-03 -7.774990556645625496e-04 9.999943215794776519e-01 -2.742999622991457165e-01
9.997653437177298485e-01 -2.160167356303869385e-02 1.620246970477571234e-03 3.653899605462240174e+01 2.159781378863943890e-02 9.997639473845025826e-01 2.363038236853025071e-03 2.427811157986355717e+00 -1.670910087551915647e-03 -2.327489942725521638e-03 9.999958954165990566e-01 -2.781248001830854411e-01
9.998225891480836403e-01 -1.883011568104919070e-02 -4.658032423439429671e-04 3.723931009400435954e+01 1.883189146734049607e-02 9.998140175740560798e-01 4.158139750831758678e-03 2.448857054684418610e+00 3.874183586007882204e-04 -4.166174007821133417e-03 9.999912464122633349e-01 -2.786687291481374507e-01
9.998779582810443101e-01 -1.556536389346576538e-02 -1.337157654955247214e-03 3.797224523274154961e+01 1.557334755368785378e-02 9.998596077094461521e-01 6.183503625327232620e-03 2.474946479350975448e+00 1.240721444264453318e-03 -6.203573000810320981e-03 9.999799879459195795e-01 -2.919794179024449154e-01
9.999262086541516048e-01 -1.191255364095314580e-02 -2.380821766862737353e-03 3.870834320647254856e+01 1.192392403542922620e-02 9.999172899124187941e-01 4.820100600722934843e-03 2.494930845508900763e+00 2.323205141924982245e-03 -4.848133656902450968e-03 9.999855490545417336e-01 -2.964343054682682665e-01
9.999563365329507958e-01 -7.692817494306339147e-03 -5.305241427061852498e-03 3.940835340433737599e+01 7.713279508589355495e-03 9.999628510015250438e-01 3.847328439870876388e-03 2.516422517527785452e+00 5.275447547127587976e-03 -3.888081262159790233e-03 9.999785260080720217e-01 -2.917560177393644927e-01
9.999641623675979973e-01 -2.465949144783468466e-03 -8.098955197031010994e-03 4.012847107900945076e+01 2.511898439819743381e-03 9.999807806333508298e-01 5.668221073866165118e-03 2.539452923163864284e+00 8.084821995332062278e-03 -5.688361691166539218e-03 9.999511379035348480e-01 -2.955702329690147456e-01
9.999690983731724936e-01 2.775253148049122535e-03 -7.355288485760509698e-03 4.082972404814134393e+01 -2.712394021325645159e-03 9.999598347498518391e-01 8.542353640656872096e-03 2.556511105635262293e+00 7.378700252591548561e-03 -8.522139227518538487e-03 9.999364619442423496e-01 -2.957640341854546051e-01
9.999560177749140522e-01 7.221017084997425478e-03 -5.984933415990682445e-03 4.153826455999981704e+01 -7.163454328675445890e-03 9.999284113270706653e-01 9.584213217658002146e-03 2.556954521629954513e+00 6.053712729940827555e-03 -9.540918885449377676e-03 9.999361596767089022e-01 -2.951278956749349702e-01
9.999063208408535131e-01 1.266708005133189950e-02 -5.186002842382682158e-03 4.224372486872100296e+01 -1.261393873376496534e-02 9.998688772309418660e-01 1.015464891350325617e-02 2.581707148447981215e+00 5.313952590010161646e-03 -1.008828171240466580e-02 9.999349921269693464e-01 -2.921986063595990446e-01
9.998226814662082296e-01 1.841124467095800812e-02 -3.953693891450211703e-03 4.295142408195195571e+01 -1.836620565186363949e-02 9.997692556728463575e-01 1.114082139324643755e-02 2.595306611765065163e+00 4.157897987519960578e-03 -1.106623156403685818e-02 9.999301227602339637e-01 -2.882886713482430419e-01
9.997010814968487757e-01 2.436163715128969801e-02 -2.063562293686366147e-03 4.365243294432485044e+01 -2.433536005820370954e-02 9.996327452437245853e-01 1.192329179935220154e-02 2.587418626341554173e+00 2.353275349083905604e-03 -1.186951017539551387e-02 9.999267857314991792e-01 -3.025140244067089923e-01
9.995347939306629126e-01 3.042279960793355109e-02 2.156150737470853822e-03 4.435286135692950893e+01 -3.044528156062219215e-02 9.994725559959426464e-01 1.130020538006683631e-02 2.576201193367657183e+00 -1.811229604886264912e-03 -1.136059307222871823e-02 9.999338259966834563e-01 -3.030211167065347544e-01
9.993073004733914466e-01 3.668484434147063766e-02 6.256310112591164860e-03 4.505274568055097006e+01 -3.675001858041673786e-02 9.992678282456209926e-01 1.064159610298293437e-02 2.568238904452059490e+00 -5.861344122457361194e-03 -1.086414418728261222e-02 9.999238046052089102e-01 -3.158271598194442031e-01
9.990391212520974840e-01 4.288174479256303545e-02 9.054842427257570048e-03 4.574387023505256877e+01 -4.296084964649835719e-02 9.990386122890092535e-01 8.730209235846041541e-03 2.544565779358483493e+00 -8.671770608585819412e-03 -9.110824287416720638e-03 9.999208935087394723e-01 -3.180643727307798097e-01
9.987526269849588134e-01 4.904669615698158819e-02 9.360111469872971213e-03 4.643819587028129092e+01 -4.912436109883363405e-02 9.987585466329655937e-01 8.256068933682782218e-03 2.536784637142038612e+00 -8.943558423531446783e-03 -8.705580031855959799e-03 9.999221097860742091e-01 -3.248804399616217475e-01
9.984793635521614918e-01 5.446140700967343901e-02 8.539069445627983992e-03 4.712398611042060992e+01 -5.452986888884004540e-02 9.984800861353544388e-01 8.000686851828789706e-03 2.511057934561141902e+00 -8.090362132592012270e-03 -8.454155053096950104e-03 9.999315343076753404e-01 -3.289756805304687726e-01
9.981848433347962901e-01 5.984858266796592302e-02 6.720542338516624810e-03 4.780116907834105433e+01 -5.989680899942049358e-02 9.981784648523485126e-01 7.219735223389429912e-03 2.487742701610296869e+00 -6.276209714077889308e-03 -7.609169313700337237e-03 9.999513536837580929e-01 -3.389251788025828827e-01
9.978703618163706768e-01 6.503559438398257009e-02 5.011234537275549399e-03 4.849924460924972891e+01 -6.507518028515599240e-02 9.978467634760345151e-01 8.188866298660462187e-03 2.443693761248811658e+00 -4.467876376975383167e-03 -8.497533967274607455e-03 9.999539139366149243e-01 -3.446501815077372965e-01
9.975052431458556468e-01 7.040776959444564054e-02 5.102536355862335657e-03 4.918033602987814845e+01 -7.044834658107365644e-02 9.974811934689272741e-01 8.264329361620682129e-03 2.428165007260517427e+00 -4.507811056418552578e-03 -8.603177118941190277e-03 9.999528313790304601e-01 -3.479738035353590053e-01
9.971145691437158787e-01 7.554078731318114581e-02 7.491692295235789258e-03 4.987701763893724660e+01 -7.560574327680089080e-02 9.970989306841289146e-01 8.803068336046479536e-03 2.397127510954472740e+00 -6.804967663717446762e-03 -9.344082655422056988e-03 9.999331880352928525e-01 -3.594671212079422196e-01
9.967166798680179296e-01 8.053048368267305690e-02 8.408404766058757626e-03 5.057694446036799008e+01 -8.058520510757706534e-02 9.967272720368952621e-01 6.385130825496914027e-03 2.345534915615387295e+00 -7.866688670901360661e-03 -7.041759419612593669e-03 9.999442628635014652e-01 -3.670372780591023565e-01
9.963028298818408235e-01 8.552222550098032006e-02 8.162114603160035634e-03 5.125871826125796815e+01 -8.555058086676467499e-02 9.963287222524956910e-01 3.189879005288554382e-03 2.312562368519777145e+00 -7.859343661833743597e-03 -3.876359125351101689e-03 9.999616015413473891e-01 -3.733350364688318712e-01
9.959572631520536845e-01 8.965371270579254592e-02 5.598372329350091367e-03 5.195751497138872566e+01 -8.965607918371119867e-02 9.959727695315216955e-01 1.726763288262656666e-04 2.248227530775791294e+00 -5.560345319755766527e-03 -6.739063567290610535e-04 9.999843140820496856e-01 -3.816914916973160876e-01
