1.000000000000000000e+00 0.000000000000000000e+00 0.000000000000000000e+00 0.000000000000000000e+00 0.000000000000000000e+00 1.000000000000000000e+00 0.000000000000000000e+00 0.000000000000000000e+00 0.000000000000000000e+00 0.000000000000000000e+00 1.000000000000000000e+00 0.000000000000000000e+00
9.999999999024742348e-01 -1.082566160091140576e-05 8.823634205901191373e-06 -3.360287789428633570e-03 1.082605176476344809e-05 9.999999989637295972e-01 -4.421919647071239810e-05 -2.821175310378455994e-03 -8.823155494700266055e-06 4.421929199152055314e-05 9.999999989834030822e-01 -1.444422461334174965e-03
9.999999996070149111e-01 1.953340860875834090e-05 -2.011009798216934692e-05 1.696177460323647357e-03 -1.953391677971212374e-05 9.999999994899377853e-01 -2.526955567042167480e-05 -3.100197327604257806e-03 2.010960437135567210e-05 2.526994848947153235e-05 9.999999994785168100e-01 -1.605943072959354788e-03
9.999999998486315267e-01 -1.015344306498895967e-05 1.412955988482925199e-05 1.132380293167749297e-03 1.015366307346624342e-05 9.999999998272265378e-01 -1.557081015822933318e-05 -2.683066908330199261e-03 -1.412940178505362036e-05 1.557095362266284921e-05 9.999999997789527084e-01 -8.116337228286184388e-04
9.999999999857311916e-01 4.388028343481560005e-07 -5.324002208814658227e-06 -1.491842620458299490e-03 -4.388959824453137836e-07 9.999999998468506179e-01 -1.749589020520866869e-05 -2.830858413667612216e-03 5.323994530753078820e-06 1.749589254164220556e-05 9.999999998327744333e-01 -1.136470605900966871e-03
9.999999999971279641e-01 1.095445296764873625e-06 2.131660216416350106e-06 -1.410192681190617150e-03 -1.095404584567459592e-06 9.999999998170193694e-01 -1.909872868164247698e-05 -2.868640971960993453e-03 -2.131681137638806344e-06 1.909872634655725393e-05 9.999999998153472625e-01 -1.352747244566806758e-03
9.999999998699053982e-01 -8.300677890746266567e-06 -1.383068501516002988e-05 6.446996830309901540e-04 8.300218504396607037e-06 9.999999994139437964e-01 -3.321473696395456734e-05 -1.602730269947668946e-03 1.383096071188723366e-05 3.321462216192581701e-05 9.999999993527467490e-01 -1.003039035239063894e-03
9.999999999743826029e-01 -3.747741403127618723e-06 6.098293055246321866e-06 7.948512571721269744e-04 3.747868990506108219e-06 9.999999997741129132e-01 -2.092194125295329036e-05 -1.876819476900751585e-05 -6.098214643843329062e-06 2.092196410802075866e-05 9.999999997625416137e-01 -1.212199765044671886e-03
9.999999997788107109e-01 -1.125931404617618651e-05 1.776531696206816444e-05 -1.012660910001664163e-04 1.125952062698947722e-05 9.999999998690033420e-01 -1.162826411580538229e-05 -2.555449315609122172e-03 -1.776518603346347548e-05 1.162846414218611545e-05 9.999999997745885327e-01 -8.393931610169381909e-04
9.999999999969420017e-01 6.226250488369051799e-07 -2.393402284717462375e-06 -4.016958809566912583e-04 -6.226825657011511643e-07 9.999999997110496919e-01 -2.403149801302940613e-05 -3.250037092402423278e-03 2.393387321413263870e-06 2.403149950328579041e-05 9.999999997083793835e-01 -1.288319570230003633e-03
9.999999999349974411e-01 -1.115886974644514986e-05 -2.341967047523270043e-06 1.743633386648269900e-03 1.115882757709188124e-05 9.999999997756467973e-01 -1.800519573434837447e-05 -3.633964322846076206e-04 2.342167964631800646e-06 1.800516959957151636e-05 9.999999998351640773e-01 -7.284110994338910145e-04
9.999999998951066837e-01 -1.354353732213249425e-05 5.134129383832480148e-06 1.730218292094238067e-03 1.354358212332778975e-05 9.999999998702122639e-01 -8.726218040161061402e-06 3.885009202053745295e-05 -5.134011199306424294e-06 8.726287573748682595e-06 9.999999999487468871e-01 -8.389045509429312675e-04
9.999999996331456753e-01 -7.762948642677442430e-06 2.595082396716624971e-05 -1.464477485390602331e-03 7.763067430160354413e-06 9.999999999593914835e-01 -4.577309390551884913e-06 -2.999552645393301249e-03 -2.595078843269470526e-05 4.577510846869004522e-06 9.999999996528015078e-01 -1.109624201106818725e-03
9.999999954457143847e-01 -4.308801151054232072e-05 8.515864347100492767e-05 -6.149454432914310681e-03 4.308830748548382985e-05 9.999999990656653903e-01 -3.473739735715172066e-06 -6.358718554069255069e-03 -8.515849371490054624e-05 3.477409061709694697e-06 9.999999963679693238e-01 -7.927758584647749728e-04
9.999999856259087494e-01 6.785170538055227904e-05 1.553844536171820943e-04 -2.367962490249563706e-02 -6.778966940166934686e-05 9.999999180170325852e-01 -3.992123354019991147e-04 8.227724734311131494e-04 -1.554115281160695051e-04 3.992017962029436521e-04 9.999999082425872210e-01 -9.387067382057988352e-03
9.999979656178410448e-01 -1.792065164815174992e-06 -2.017116002522894875e-03 1.246018453647853436e-02 1.005836992156824663e-06 9.999999240355361696e-01 -3.897793095679874379e-04 -4.960149601713202336e-03 2.017116547803681544e-03 3.897764877180212866e-04 9.999978896553343155e-01 -2.643383091487932698e-03
9.999960699625835003e-01 -3.087622980928957951e-05 -2.803409717868722128e-03 -5.579342655901660397e-03 3.039333220427471434e-05 9.999999846951483917e-01 -1.722961065279954686e-04 -3.842206692927140066e-03 2.803414994817132484e-03 1.722102244349902386e-04 9.999960555962235098e-01 -7.878655212792433013e-04
9.999949067919871037e-01 8.692441670727827198e-05 -3.190428534044929300e-03 -3.729327789165064189e-03 -8.725669994944588981e-05 9.999999907839912661e-01 -1.040109888685442210e-04 -5.342309247576438463e-05 3.190419463547373123e-03 1.042888453842476059e-04 9.999949051607629480e-01 -6.629885376494830829e-04
9.999950017540428782e-01 -3.822373655579305174e-05 -3.161487921500402178e-03 1.314488338198713420e-02 3.831425689141556250e-05 9.999999988578397447e-01 2.857163381401232964e-05 7.891299211053590459e-03 3.161486825774872771e-03 -2.869262106634260315e-05 9.999950020764023506e-01 3.640898210690642501e-04
9.999956835064672811e-01 8.850397736363609479e-06 -2.938178024518241661e-03 1.575296447192192639e-02 -8.669485125168501007e-06 9.999999980660152499e-01 6.158579035887994687e-05 7.492098781914731734e-03 2.938178563894589933e-03 -6.156005203353549370e-05 9.999956816492192591e-01 -1.097672880704902943e-03
9.999961400987775750e-01 1.120963240841489033e-05 -2.778427953016209331e-03 1.734845659968355797e-02 -1.097300284942863284e-05 9.999999963118154644e-01 8.518193609924221230e-05 4.000781358989095524e-03 2.778428897627045931e-03 -8.515111960753754994e-05 9.999961365336106356e-01 -1.411602274552138485e-03
9.999957590546664221e-01 6.100666222893288107e-06 -2.912359089024330657e-03 1.739598533503960293e-02 -6.044453662154347343e-06 9.999999997952906394e-01 1.931018530632846843e-05 9.438031357033357244e-07 2.912359206233138421e-03 -1.929249979332703935e-05 9.999957588868331193e-01 -1.579609673167371720e-03
9.999954821729771792e-01 6.939009298323383572e-05 -3.005132051978583532e-03 1.698309371762296224e-02 -6.952616512419435880e-05 9.999999965626443776e-01 -4.517547646599752296e-05 -3.885003506067944215e-04 3.005128906918363464e-03 4.538420767827505367e-05 9.999954835600641800e-01 -2.955686964969597187e-03
9.999953799444764035e-01 1.501279687180525119e-05 -3.039714512620165284e-03 2.591020273842503316e-02 -1.544195289886009562e-05 9.999999899177589580e-01 -1.411595838873150929e-04 6.245724659777723148e-04 3.039712362772871174e-03 1.412058708505296964e-04 9.999953700941087709e-01 -5.378655620001121171e-03
9.999946816850319165e-01 1.293315196550975060e-06 -3.261380072774722368e-03 4.079591670416438109e-02 -1.609923721234642530e-06 9.999999952868816600e-01 -9.707545935559532446e-05 -3.588245459361242076e-03 3.261379931854285590e-03 9.708019365086992887e-05 9.999946769740207797e-01 -6.996323697997771165e-03
9.999871317451574093e-01 -2.745613375078783915e-05 -5.073025749374894706e-03 7.690409596711712814e-02 2.484037805618262478e-05 9.999998667271380315e-01 -5.156827142234113705e-04 -6.081612778475131709e-03 5.073039231931809369e-03 5.155500624093237302e-04 9.999869991560312865e-01 -6.382998778105764687e-03
9.999831494023438960e-01 -1.422332016301427766e-04 -5.803505930548766983e-03 1.070388993792257548e-01 1.385875631005894517e-04 9.999997928428495664e-01 -6.285759662951804052e-04 -1.205248713335280684e-02 5.803594132683168733e-03 6.277610806701214166e-04 9.999829619604369002e-01 -1.184192839563790942e-02
9.999796649984027397e-01 -2.295707137876475991e-04 -6.373137921739154693e-03 1.616582938769295930e-01 2.260086587005037369e-04 9.999998178662812265e-01 -5.596315668684609130e-04 -1.405182235018057404e-02 6.373265235994109157e-03 5.581798024062493112e-04 9.999795347533567691e-01 -1.292577131777159979e-02
9.999767518499043106e-01 -1.461089054340928509e-03 -6.660403778318399817e-03 2.887455900969088107e-01 1.458593876104006398e-03 9.999988642522822380e-01 -3.794707500994230287e-04 -6.600372021222326163e-03 6.660950654339421739e-03 3.697471039430325892e-04 9.999777472641376841e-01 -1.316555011610874570e-02
9.999765750031179845e-01 -1.616460901351503320e-03 -6.651052487238286355e-03 3.437185811729667195e-01 1.614187937165365060e-03 9.999986369588876878e-01 -3.470989343863806632e-04 -8.426066075071540415e-03 6.651604493436643305e-03 3.363547549005711703e-04 9.999778212656227350e-01 -1.408198970573584438e-02
9.999760327765396806e-01 -1.757116856246898227e-03 -6.696746437370271025e-03 4.263126114036328573e-01 1.755265978933068282e-03 9.999984196863568320e-01 -2.822518946650303924e-04 -1.245493086609974348e-02 6.697231803972335425e-03 2.704905586797415416e-04 9.999775367082109900e-01 -1.592580704982528989e-02
9.999753982624073334e-01 -1.320056952963614061e-03 -6.889145054420360743e-03 5.484339248562253299e-01 1.317816938669835085e-03 9.999990773342104511e-01 -3.296805178243655821e-04 -1.030158445649390769e-02 6.889573895101710165e-03 3.205937750651079990e-04 9.999762152127296133e-01 -1.746300628695280494e-02
9.999722270227159315e-01 -2.367014113526630555e-03 -7.066995642863531032e-03 7.060552287044781217e-01 2.363071092110561808e-03 9.999970476255130025e-01 -5.662466521813767873e-04 -3.775156464200026506e-03 7.068315092263346630e-03 5.495311127142464861e-04 9.999748681528514149e-01 -2.078452039202302593e-02
9.999713602778638188e-01 -2.591833400272959727e-03 -7.110627515481456572e-03 8.148520014044963178e-01 2.588743133616612686e-03 9.999965507336097126e-01 -4.437678122878397692e-04 -3.497696394737046660e-04 7.111753161270806776e-03 4.253475147445948405e-04 9.999746207011780408e-01 -2.125924412332989150e-02
9.999726603017535798e-01 -2.906213299039009639e-03 -6.799453896756784722e-03 9.333633510343383177e-01 2.905565649953137462e-03 9.999957733094051449e-01 -1.051264881581781151e-04 1.023456867829500294e-02 6.799730677566915259e-03 8.536735435085764123e-05 9.999768779202483637e-01 -2.356034844773734552e-02
9.999702861796816444e-01 -3.843245446347927276e-03 -6.682531119621190792e-03 1.091120304221439241e+00 3.842939236963306259e-03 9.999926141611064079e-01 -5.866223320029829351e-05 8.626083471981868186e-03 6.682707216883560127e-03 3.297992907942091110e-05 9.999776699189726337e-01 -2.742923710231890896e-02
9.999696798814784460e-01 -3.751469082158379823e-03 -6.823913646815334827e-03 1.240863379235482622e+00 3.750991571974543210e-03 9.999929615806533167e-01 -8.277306975737445277e-05 4.512784241459105034e-03 6.824176137861532460e-03 5.717411749100263633e-05 9.999767134044470485e-01 -2.626171845958833947e-02
9.999695266134956961e-01 -3.839396114075801017e-03 -6.797417293402821178e-03 1.410792294869046781e+00 3.837848397457608966e-03 9.999926064591702080e-01 -2.407211523426766695e-04 1.559854623228153214e-02 6.798291260277405240e-03 2.146263596876248872e-04 9.999768683181957662e-01 -2.890394024551927454e-02
9.999688988475774476e-01 -4.741150971358886954e-03 -6.302604622717024492e-03 1.597780780918822918e+00 4.741294584309252089e-03 9.999887599688912498e-01 7.844996185930771778e-06 2.827196560865388730e-02 6.302496586933712015e-03 -3.772725736223932804e-05 9.999801383594705273e-01 -3.341888129658128481e-02
9.999693071658628529e-01 -5.031541881304358102e-03 -6.005690012056526944e-03 1.788401003107345844e+00 5.038711901477276045e-03 9.999866101823261522e-01 1.179338134078046670e-03 3.019445029614701084e-02 5.999675707748427025e-03 -1.209562878588638438e-03 9.999812702491205352e-01 -3.807309301594599682e-02
9.999640388071150410e-01 -5.982136927699370325e-03 -6.011250314264874640e-03 1.991135033846248570e+00 5.997971594799539861e-03 9.999785807719469011e-01 2.619605709058761035e-03 3.103789280948637472e-02 5.995450717875335823e-03 -2.655566813546765374e-03 9.999785010366913918e-01 -3.765953563835804097e-02
9.999641605900402297e-01 -6.470694956103088119e-03 -5.459637555844843067e-03 2.200522399129215767e+00 6.494881987190524730e-03 9.999691213804168255e-01 4.424115013163844312e-03 4.059164562307620433e-02 5.430841871072795111e-03 -4.459416157110224904e-03 9.999753094772435569e-01 -4.395461094337453634e-02
9.999608551057102002e-01 -6.959691140909181513e-03 -5.463602793032985329e-03 2.411306116303213898e+00 6.987590007408468924e-03 9.999625609892787148e-01 5.103940208447604182e-03 4.790819907885817547e-02 5.427876393696976810e-03 -5.141917831528728874e-03 9.999720490288058761e-01 -4.721071623231413300e-02
9.999585222515912086e-01 -7.512517323642346236e-03 -5.149355287402986384e-03 2.647621835414105451e+00 7.541960511199028751e-03 9.999551850737675718e-01 5.722471121356782937e-03 6.036849406117669042e-02 5.106134355992400509e-03 -5.761070000375062040e-03 9.999703682931756488e-01 -4.987836300575106130e-02
9.999547424695155451e-01 -8.194572565710741066e-03 -4.833424582034953447e-03 2.893916116988338949e+00 8.224329060664796812e-03 9.999471505742351107e-01 6.168992621958081270e-03 6.555381954287604895e-02 4.782616880623345897e-03 -6.208465102838996684e-03 9.999692902968770891e-01 -5.067503115576694334e-02
9.999545047501575690e-01 -8.571969138596601673e-03 -4.184468300036495864e-03 3.147343705210552844e+00 8.599365077799608209e-03 9.999414178676609977e-01 6.573564715629733914e-03 7.200164383932139422e-02 4.127874771087829131e-03 -6.609249420229134676e-03 9.999696387750857118e-01 -5.416749877231639282e-02
9.999495252870496120e-01 -9.249926408006980960e-03 -3.922466016497074860e-03 3.404483961071863796e+00 9.271326184092643780e-03 9.999420423541399705e-01 5.473065267244565067e-03 7.537843719785242147e-02 3.871613228652561172e-03 -5.509155477731204377e-03 9.999773296514925525e-01 -7.342613666398481453e-02
9.999288987055208189e-01 -9.943525245579060493e-03 -6.582084719504015594e-03 3.673069065578863590e+00 9.978914301697639280e-03 9.999358129652984317e-01 5.365744942415092561e-03 7.749190260518602769e-02 6.528307814707473913e-03 -5.431045490346286808e-03 9.999639418208829955e-01 -8.000977407588973078e-02
9.998924634623451713e-01 -1.060042164913491819e-02 -1.013373435922172022e-02 3.950061566378890276e+00 1.064106680503539015e-02 9.999355195468484503e-01 3.965406136215919933e-03 8.415448894109006650e-02 1.009104595438416532e-02 -4.072813454470596353e-03 9.999407897381282773e-01 -8.626042039164927289e-02
9.998361562730144758e-01 -1.147909409519214802e-02 -1.399610688576664701e-02 4.236498708388046985e+00 1.149036854021195930e-02 9.999337204228756493e-01 7.253909818645668840e-04 9.197699281860960419e-02 1.398685239838424153e-02 -8.860925573482335369e-04 9.999017865770445379e-01 -8.931692480292362235e-02
9.997846584287499727e-01 -1.166242124499926487e-02 -1.716463519017717362e-02 4.531857338467049523e+00 1.161610951673644650e-02 9.999286235310940185e-01 -2.795325188038903005e-03 9.045991323507694692e-02 1.719601029898690583e-02 2.595336956136830037e-03 9.998487692925771553e-01 -8.498901097824362871e-02
9.997534120029387683e-01 -1.208991110460914259e-02 -1.862657343594674442e-02 4.844387512970915743e+00 1.199398004059548661e-02 9.999142696319545109e-01 -5.253363606382874945e-03 9.364940713731315092e-02 1.868848927195201209e-02 5.028661439957912357e-03 9.998127089274543300e-01 -8.531200851209022606e-02
9.997299695476107306e-01 -1.257662823086606353e-02 -1.954012309776500048e-02 5.148224111360428346e+00 1.241979441972243699e-02 9.998898444015715814e-01 -8.126977862209458850e-03 9.648321363484098356e-02 1.964018062302528775e-02 7.882099018890456957e-03 9.997760428316690984e-01 -8.191602026772276668e-02
9.997201185657998979e-01 -1.262145291679631250e-02 -2.000958422986384710e-02 5.479798771538558100e+00 1.240302031255472760e-02 9.998625381359729225e-01 -1.100317769630647022e-02 1.085112405591523166e-01 2.014570976434627847e-02 1.075191883150329250e-02 9.997392393116975029e-01 -8.641720379706999133e-02
9.997002979102581621e-01 -1.335548520475719758e-02 -2.051695330907349346e-02 5.813236569973984302e+00 1.311482198921552073e-02 9.998441314145573022e-01 -1.182008122055934647e-02 1.189614221221232254e-01 2.067161828044382366e-02 1.154746252710707986e-02 9.997196308499961548e-01 -8.904601334969550197e-02
9.997025375551321646e-01 -1.367321508892822834e-02 -2.019602918797285679e-02 6.153113854679980399e+00 1.348213218831730356e-02 9.998633385599419166e-01 -9.567461284146134767e-03 1.275911578157359061e-01 2.032408712553369912e-02 9.292329788530008863e-03 9.997502608599884155e-01 -7.548840627896125088e-02
9.997943674216236420e-01 -1.425547297786920395e-02 -1.442235633218870265e-02 6.502236323679504437e+00 1.418005468801257843e-02 9.998853154446839531e-01 -5.318083031492518153e-03 1.508580472342506973e-01 1.449651409961564240e-02 5.112479658846293129e-03 9.998818498356181195e-01 -6.235087118176848436e-02
9.998694364596795170e-01 -1.569601668066172850e-02 -3.839934135269482390e-03 6.860564193001058797e+00 1.568768307121651273e-02 9.998745405660616203e-01 -2.190828077311553993e-03 1.619509972406811549e-01 3.873839653352454619e-03 2.130302365313093294e-03 9.999902275413357078e-01 -6.267238768091525081e-02
9.998079127688355161e-01 -1.747277876601458294e-02 8.879164770320557495e-03 7.228692979008105368e+00 1.747623730164005532e-02 9.998472302029527414e-01 -3.120661152978286340e-04 1.691563096851797787e-01 -8.872355639927676993e-03 4.671805619482851963e-04 9.999605307449495051e-01 -7.094053017822823937e-02
9.996300571592550144e-01 -1.888540000344527195e-02 1.957269757837415414e-02 7.607099541269492171e+00 1.894789917137884930e-02 9.998159335869127862e-01 -3.012650447911185535e-03 1.818080354055202630e-01 -1.951219979335710314e-02 3.382397439673238016e-03 9.998038974952959679e-01 -1.122211573534565021e-01
9.995420861627756226e-01 -2.041601034072652865e-02 2.233393183328460582e-02 7.980481851411748373e+00 2.058009075034979846e-02 9.997627001646762768e-01 -7.141654160126978401e-03 1.896822118328956031e-01 -2.218282790975539473e-02 7.598018241807507830e-03 9.997250583359023057e-01 -1.371053440847226357e-01
9.995791202311514745e-01 -2.154438788698382831e-02 1.942734537944914436e-02 8.357766009353156278e+00 2.173974734156683755e-02 9.997146322207471902e-01 -9.901389259142863442e-03 1.957267472654244111e-01 -1.920848207022244486e-02 1.031956754478677643e-02 9.997622421067153820e-01 -1.326429267913662446e-01
9.995773266122159884e-01 -2.271863398576236259e-02 1.813923351733279926e-02 8.733773795082846902e+00 2.287867685750528957e-02 9.997006991221387695e-01 -8.664774662783333511e-03 2.104893129639487936e-01 -1.793695258468445269e-02 9.076113955208115966e-03 9.997979245264749792e-01 -1.319026141737031088e-01
9.995489624264722872e-01 -2.425963675013272439e-02 1.770146143442025144e-02 9.134675272691561432e+00 2.436485531060203838e-02 9.996865805830942309e-01 -5.752775658241915738e-03 2.307204933536258218e-01 -1.755635320492514306e-02 6.181474486903823853e-03 9.998267669128045876e-01 -1.503854302809491394e-01
9.995621541692680800e-01 -2.565151512488157357e-02 1.474787185631950756e-02 9.542245316007354816e+00 2.568786506061242550e-02 9.996674109139721542e-01 -2.280601934431759122e-03 2.573519030688811160e-01 -1.468446598008304668e-02 2.658444724559548469e-03 9.998886433651130723e-01 -1.863244411371816622e-01
9.996115860244038087e-01 -2.688239206775469223e-02 7.349427358058489498e-03 9.946241492725993893e+00 2.687821556440226148e-02 9.996384933256585725e-01 6.664755665081099857e-04 2.888268647359917840e-01 -7.364686948498413988e-03 -4.686772052788734612e-04 9.999727704931908878e-01 -2.101360534502233757e-01
9.996089014808998696e-01 -2.794228868438466268e-02 1.128088306398789984e-03 1.036559016429794333e+01 2.793940570263760831e-02 9.996065042326732764e-01 2.495256443309746500e-03 3.035235334077819314e-01 -1.197367584305583264e-03 -2.462762435349115982e-03 9.999962505489983222e-01 -2.236334907925723314e-01
9.995728794851893584e-01 -2.920938955280355173e-02 -9.328234772290344440e-04 1.079472265273728482e+01 2.921145152788015911e-02 9.995706561380744981e-01 2.279141797607589504e-03 3.183648704401673690e-01 8.658506345824291787e-04 -2.305417457178813613e-03 9.999969676719158151e-01 -2.281064075013307102e-01
9.995534134428419870e-01 -2.987079795899823600e-02 -8.420831644022473304e-04 1.125199286001927668e+01 2.987250284267969555e-02 9.995515312003703245e-01 2.090466194220447910e-03 3.493195776025393995e-01 7.792616230486445290e-04 -2.114687751842294662e-03 9.999974604202928052e-01 -2.314117934964201595e-01
9.995223380061623031e-01 -3.090451009440247504e-02 -8.415770923616799188e-05 1.170850836152798458e+01 3.090458956041196997e-02 9.995133907231762427e-01 4.229433669147527643e-03 3.635007351696706301e-01 -4.659181820763801709e-05 -4.230014288890607439e-03 9.999910523641289961e-01 -2.400893273077886469e-01
9.994798917921773329e-01 -3.224619839786127540e-02 3.585972439101167090e-04 1.219291421007431175e+01 3.224357117523023175e-02 9.994631254425513367e-01 5.814894536864766324e-03 3.926697770098298568e-01 -5.459129650718711185e-04 -5.800307706731262260e-03 9.999830290607645278e-01 -2.599218613173842618e-01
9.994493466442482266e-01 -3.316944411097638712e-02 -8.896458587900729067e-04 1.267622117535411874e+01 3.317384856114936886e-02 9.994344422917607051e-01 5.503756226351949610e-03 4.187027350715581964e-01 7.065861781666117137e-04 -5.530238541509224434e-03 9.999844584780539503e-01 -2.746503567289609871e-01
9.994189213164824670e-01 -3.394121518529005094e-02 -3.132670800530471065e-03 1.317275603702825215e+01 3.395255927588467643e-02 9.994168097438791420e-01 3.641993957222451096e-03 4.428585139369967671e-01 3.007230156838353995e-03 -3.746239863215252916e-03 9.999884610602619572e-01 -2.835181790816241332e-01
9.993825517439148820e-01 -3.487523998614912302e-02 -4.270000670935658951e-03 1.369235323797351711e+01 3.488950293533829572e-02 9.993856859163381401e-01 3.312607802833912596e-03 4.611824177327410457e-01 4.151849557282434600e-03 -3.459540639865464964e-03 9.999853967552799761e-01 -2.928576342171642088e-01
9.993394985359962401e-01 -3.602037180593230248e-02 -4.806191921460319962e-03 1.421216324834792211e+01 3.603754505336662084e-02 9.993441820750461613e-01 3.535689364676880553e-03 4.964680485021161216e-01 4.675683089141516140e-03 -3.706557394580002433e-03 9.999821995515373318e-01 -3.021824450585792188e-01
9.992979532907549922e-01 -3.704998231169418649e-02 -5.558719241986611465e-03 1.473768527068912348e+01 3.707896458527896316e-02 9.992987852301210561e-01 5.204634750691514676e-03 5.235515395828939100e-01 5.361989760500569802e-03 -5.407092407905099950e-03 9.999710057884181325e-01 -3.091373228030397380e-01
9.992520240526334696e-01 -3.844469207348650414e-02 -4.171100345222513404e-03 1.529537396837628727e+01 3.847135492496008696e-02 9.992384823544493422e-01 6.512313890972542749e-03 5.576575909834277089e-01 3.917560076483935123e-03 -6.667910718629073766e-03 9.999700953977050943e-01 -3.100345151580532477e-01
9.992110259150528417e-01 -3.969134327099636816e-02 -1.386708019605235789e-03 1.586680642769124638e+01 3.969744054971444114e-02 9.992007504717869137e-01 4.687586843953272381e-03 5.784262003468327862e-01 1.199543075338841466e-03 -4.738937218580544647e-03 9.999880517138436398e-01 -3.239045102710341184e-01
9.991675425869988025e-01 -4.078565518670436429e-02 8.672782997544342459e-04 1.643329253610816210e+01 4.078344566693069273e-02 9.991650575174131355e-01 2.428661309661669064e-03 6.199096966274374454e-01 -9.656087149988941453e-04 -2.391268955134628720e-03 9.999966747107681408e-01 -3.434489436365479875e-01
9.991256162610782088e-01 -4.176914245353387928e-02 1.828023418093552852e-03 1.700555288241870855e+01 4.176692646032444806e-02 9.991266190438308215e-01 1.234087558350552890e-03 6.458773464069519354e-01 -1.877973636277636494e-03 -1.156657572585861275e-03 9.999975676761825305e-01 -3.546345176138815392e-01
9.990976783642135928e-01 -4.244340430362137512e-02 1.544836029428780762e-03 1.758773972317924006e+01 4.244105078250517277e-02 9.990978078124437278e-01 1.525658168150181328e-03 6.815787051772583816e-01 -1.608196416891895025e-03 -1.458717069400614595e-03 9.999976429216201890e-01 -3.637364062747181492e-01
9.990275605321407015e-01 -4.406972105499595838e-02 1.339023276456679330e-03 1.817612397443032179e+01 4.406437126468684684e-02 9.990214977217928283e-01 3.791869559176637948e-03 7.150431145716955594e-01 -1.504819672879938739e-03 -3.729178976774475199e-03 9.999919143382667297e-01 -3.769353213533196412e-01
9.989574106013249244e-01 -4.561773683973988774e-02 1.764621862102883076e-03 1.875455355940669477e+01 4.560781563565022984e-02 9.989453392898778317e-01 5.304362730379271786e-03 7.549177685286507788e-01 -2.004733807893666325e-03 -5.218351909476425139e-03 9.999843748007807287e-01 -3.858571645323415900e-01
9.988806238805008064e-01 -4.723201817527744595e-02 2.575984315103704327e-03 1.934335160124867059e+01 4.722274715305012360e-02 9.988780812523567754e-01 3.548372152010141611e-03 7.902944827885658441e-01 -2.740691047983346423e-03 -3.422755132977720396e-03 9.999903866337311875e-01 -4.156138134062827283e-01
9.988133948995541189e-01 -4.866322084339485404e-02 1.921745658053337392e-03 1.994555373867770598e+01 4.866178189265050330e-02 9.988150024439330643e-01 7.885911222632980633e-04 8.249914448025988944e-01 -1.957843778083001585e-03 -6.941398079501145566e-04 9.999978425065064735e-01 -4.237649594320970214e-01
9.987749449821644587e-01 -4.946369823986498937e-02 1.397079922563201036e-03 2.054841286335275186e+01 4.946521943824454259e-02 9.987752670468619254e-01 -1.076104732845384023e-03 8.652453568960577490e-01 -1.342140752963915523e-03 1.143893310285049600e-03 9.999984450819380255e-01 -4.411673256255274622e-01
9.987452333958152240e-01 -5.007947512771432352e-02 7.028564024354739636e-05 2.114014274470362764e+01 5.007952012007398090e-02 9.987435797775949808e-01 -1.817558136023031748e-03 9.026487959100094605e-01 2.082502552233950237e-05 1.818797395907514707e-03 9.999983457698072842e-01 -4.487365733869524975e-01
9.987153079738192440e-01 -5.065092177708822863e-02 -1.489208477872041528e-03 2.175601018560746169e+01 5.064826139222128321e-02 9.987149794525311819e-01 -1.772973512365200351e-03 9.391643622552151571e-01 1.577097557066170063e-03 1.695269967176460130e-03 9.999973194079241345e-01 -4.572858295135737716e-01
9.986636376958026862e-01 -5.162415307989626917e-02 -2.426017924506384572e-03 2.237385717223900983e+01 5.162187454029768668e-02 9.986662088411946137e-01 -9.926669638898994417e-04 9.854401223323339121e-01 2.474027714548782293e-03 8.661048082473529709e-04 9.999965645187631758e-01 -4.714889313012046168e-01
9.986373591055242027e-01 -5.205831165787831033e-02 -3.654748428488644937e-03 2.298715155835748902e+01 5.205609178325140002e-02 9.986439171875217680e-01 -6.999804395644767261e-04 1.034260710242490999e+00 3.686232086838106374e-03 5.087746979540943995e-04 9.999930763966862202e-01 -4.861808754468139315e-01
9.986003715101888778e-01 -5.270965601902168063e-02 -4.357772604118682370e-03 2.361230018603482961e+01 5.271159614873949240e-02 9.986097224392005423e-01 3.314835666171984572e-04 1.062788470737537239e+00 4.334241705879759120e-03 -5.607247623898015381e-04 9.999904499226859311e-01 -4.990484316199065296e-01
9.985957166189857181e-01 -5.277043161539969607e-02 -4.677210422751367988e-03 2.425300504409199576e+01 5.277244429391463043e-02 9.986065162727203459e-01 3.078650787388231272e-04 1.108652592259353309e+00 4.654446633053845039e-03 -5.542605754107190683e-04 9.999890144005355586e-01 -5.047686456472103567e-01
9.986152172314646247e-01 -5.246980650167866467e-02 -3.816715791244364771e-03 2.488566084708332582e+01 5.246859081687434145e-02 9.986224873479960795e-01 -4.180198473951153917e-04 1.149007916185367240e+00 3.833391637459505116e-03 2.171832815984335065e-04 9.999926289428218151e-01 -5.106258747910376039e-01
9.986368660068241088e-01 -5.217043085056670415e-02 -1.629722962555131636e-03 2.554512185364274046e+01 5.217111176267660855e-02 9.986380886679289137e-01 3.780993414214921114e-04 1.188606228961016864e+00 1.607777818838016827e-03 -4.626084001780672106e-04 9.999986005209974271e-01 -5.183150205930213694e-01
9.986668730101397884e-01 -5.160537621020916399e-02 1.167004006930571266e-03 2.620443419591896017e+01 5.160403720075605605e-02 9.986669621538996067e-01 1.149802976476307047e-03 1.239718882079763329e+00 -1.224784361591459928e-03 -1.088048024908268036e-03 9.999986580264811353e-01 -5.365924188611502776e-01
9.986777922321637968e-01 -5.130563694518720103e-02 3.224735638722163542e-03 2.687963012278896358e+01 5.130152017908324452e-02 9.986823020695575481e-01 1.346684953547662390e-03 1.278507826556948723e+00 -3.289578940551058078e-03 -1.179470515799139465e-03 9.999938937412049533e-01 -5.585250917359322331e-01
9.986943476330406577e-01 -5.098484510430577321e-02 3.185212003199652548e-03 2.755902103295985839e+01 5.098239333613692470e-02 9.986991936259204117e-01 8.462982073355071553e-04 1.324264977911324248e+00 -3.224217042136148011e-03 -6.828035048718368843e-04 9.999945690871721027e-01 -5.791457317531522042e-01
9.987477745017081521e-01 -4.999578066525909442e-02 1.817922868692728022e-03 2.824679008470648611e+01 4.999594922693969407e-02 9.987494194327171115e-01 -4.736779261240743871e-05 1.360988881331403277e+00 -1.813281219910274373e-03 1.381972568963545631e-04 9.999983464550007417e-01 -5.981551780654557060e-01
9.987871889192004859e-01 -4.923097967653990159e-02 -6.796256097965888742e-04 2.894429768517127854e+01 4.923164926545399445e-02 9.987868800971295702e-01 1.006407693404186244e-03 1.416266773224301723e+00 6.292547057425492427e-04 -1.038646200655149671e-03 9.999992626260206796e-01 -6.186729212965137448e-01
9.988231310125484930e-01 -4.837897178640329643e-02 -3.439192227803445148e-03 2.965247878160576533e+01 4.838428003798932175e-02 9.988277023178699920e-01 1.477338014754789102e-03 1.455702014788926357e+00 3.363688376591588737e-03 -1.642002221315759384e-03 9.999929946900679711e-01 -6.329477156266370974e-01
9.988764654298996071e-01 -4.705852718573285548e-02 -5.594803783896007757e-03 3.036432185930808103e+01 4.707237822723592952e-02 9.988886689847082945e-01 2.370270446579432998e-03 1.493056038561507703e+00 5.477044668678595490e-03 -2.630968085614937037e-03 9.999815398239257913e-01 -6.486368813815501788e-01
9.989628040319518121e-01 -4.494767614398069433e-02 -7.281659829743311607e-03 3.109176970705278720e+01 4.495916716175225869e-02 9.989878132487022278e-01 1.422064941409492689e-03 1.531268742719986031e+00 7.210370915694005664e-03 -1.747967342886406344e-03 9.999724772019609187e-01 -6.530872748949008155e-01
9.990800468186586958e-01 -4.236180101281798033e-02 -6.673669438715776510e-03 3.181859161084809529e+01 4.237827594003503590e-02 9.990988810683334442e-01 2.346822608194392562e-03 1.572756646459752661e+00 6.568240036500152222e-03 -2.627482246276416356e-03 9.999749769668581090e-01 -6.500097320294918601e-01
9.992199764814901908e-01 -3.941565615635172354e-02 -2.417571114673197890e-03 3.255896818938921200e+01 3.942652559694400510e-02 9.992117619120276517e-01 4.626438804842165214e-03 1.618554559986317365e+00 2.233311371880169430e-03 -4.718146503202536382e-03 9.999863756141332827e-01 -6.632891224182977385e-01
9.993187350174806971e-01 -3.687045822696261715e-02 1.623315494913085948e-03 3.331166319096100636e+01 3.686012623737553590e-02 9.993024755900258294e-01 5.991107861709189970e-03 1.656714166454925197e+00 -1.843078084878670662e-03 -5.927190715650927123e-03 9.999807355511372009e-01 -6.806145510495901219e-01
9.994076862887896207e-01 -3.426710422228151920e-02 3.168935958269279360e-03 3.405092813968229137e+01 3.425864894088093138e-02 9.994093933173840982e-01 2.685055255229626923e-03 1.688719131187848888e+00 -3.259073431789082272e-03 -2.574901395676115236e-03 9.999913741243815490e-01 -7.005790967716727380e-01
9.995105474638557030e-01 -3.118225187026957626e-02 2.516481035609155481e-03 3.477218285295919031e+01 3.118236977638345550e-02 9.995137116403276512e-01 -7.622651015891622201e-06 1.718425316757691501e+00 -2.515019608750305655e-03 8.608876227764083642e-05 9.999968336275333325e-01 -7.124057404982495623e-01
9.996197397828967546e-01 -2.753351304846370778e-02 1.510462043138675317e-03 3.551035176500977286e+01 2.753314611773912540e-02 9.996208564234119187e-01 2.631884948198518967e-04 1.746997556781350713e+00 -1.517135865013667000e-03 -2.215006425666367438e-04 9.999988246174255080e-01 -7.308240574719679916e-01
9.997045304519577291e-01 -2.430607732014456249e-02 -2.576803018384768874e-04 3.623889511988719647e+01 2.430656452174272467e-02 9.997023561053431928e-01 2.095260980394623388e-03 1.772645222066832282e+00 2.066760294745076984e-04 -2.100905217462334298e-03 9.999977717386604459e-01 -7.505514289932446736e-01
9.997763136582021870e-01 -2.100298208556752519e-02 -2.489456070999675023e-03 3.696772913616575096e+01 2.101057910135136972e-02 9.997745526465772192e-01 3.065851621040521606e-03 1.793715266736956249e+00 2.424502803043284034e-03 -3.117470745605994270e-03 9.999922015507463069e-01 -7.556275988741150140e-01
9.998320178667751135e-01 -1.794411333773109074e-02 -3.734279713049828021e-03 3.769363461678864979e+01 1.796660737991465778e-02 9.998201016675553054e-01 6.079911244032543648e-03 1.820770358838368574e+00 3.624509305910302449e-03 -6.145982265023099307e-03 9.999745445931558230e-01 -7.690681183648386821e-01
9.998839071876065576e-01 -1.463870995458290379e-02 -4.228512517591948711e-03 3.841227378286736638e+01 1.466464905551605018e-02 9.998734322947557818e-01 6.169883239005329555e-03 1.834941456571151930e+00 4.137658193276558607e-03 -6.231176612005316813e-03 9.999720257200725992e-01 -7.898898936184357567e-01
9.999219155275617110e-01 -1.055499861531174199e-02 -6.689906720011886722e-03 3.912163616122717968e+01 1.058492274543589365e-02 9.999340606319587765e-01 4.453515303138635625e-03 1.858566357079677323e+00 6.642458743932616420e-03 -4.523979698551191739e-03 9.999677051532825933e-01 -8.019059265047423501e-01
9.999309288783122529e-01 -5.971267418093078976e-03 -1.012331161118904671e-02 3.983746810762321644e+01 6.015776015340617254e-03 9.999723480425931621e-01 4.371909092843479644e-03 1.865882768309845119e+00 1.009692584348659619e-02 -4.432506695364929819e-03 9.999392006381720988e-01 -7.951974209475304312e-01
9.999435610318132550e-01 -7.066090824639720356e-04 -1.060072896648448643e-02 4.054760745158138491e+01 7.871710585950031196e-04 9.999708293808780013e-01 7.597417261373394688e-03 1.882932324528075352e+00 1.059505133261723353e-02 -7.605333058024704544e-03 9.999149482812704770e-01 -7.991410667227207831e-01
9.999453639907113223e-01 4.366277168036184798e-03 -9.497613235738952900e-03 4.127274768518872605e+01 -4.272728105243618450e-03 9.999423803142599709e-01 9.847834583828329186e-03 1.893153285864699775e+00 9.540064361546996344e-03 -9.806715818441457538e-03 9.999064033682522057e-01 -8.086534608264862589e-01
9.999201536025239534e-01 9.228289459104322898e-03 -8.632791736383817541e-03 4.197399858458862809e+01 -9.141109430962647206e-03 9.999073698775093888e-01 1.008423437910511283e-02 1.889686423255688696e+00 8.725052313651672845e-03 -1.000451589536164448e-02 9.999118876800212607e-01 -8.168967631844226140e-01
9.998662822565376196e-01 1.428511668146906742e-02 -7.959462788819992446e-03 4.268625697332716840e+01 -1.419797622965164076e-02 9.998398013488463132e-01 1.089904168639298405e-02 1.886169882525742469e+00 8.113881775823634374e-03 -1.078457602765631358e-02 9.999089247738673913e-01 -8.184737368053249806e-01
9.997720754978585145e-01 2.028960095245600434e-02 -6.642977336578242270e-03 4.338775249581447468e+01 -2.020631518629923198e-02 9.997192642651908656e-01 1.237325679266764247e-02 1.884828610805090232e+00 6.892160858259829131e-03 -1.223620653043496279e-02 9.999013818214516069e-01 -8.173922808904791060e-01
9.996475113182623495e-01 2.637038388934266273e-02 -3.075055891082190823e-03 4.409237858598380910e+01 -2.633022840039124859e-02 9.995758963441637723e-01 1.243971543664667417e-02 1.870869772623381166e+00 3.401791820175436611e-03 -1.235436365379505644e-02 9.999178953849771068e-01 -8.281299773839039258e-01
9.994601860138606630e-01 3.283411711885318718e-02 1.121305562503064918e-03 4.479137441538494357e+01 -3.284484548888097488e-02 9.993944405689961785e-01 1.148774497430668853e-02 1.855844475974037566e+00 -7.434365814267513512e-04 -1.151837283684659097e-02 9.999333849758397230e-01 -8.365715368231598781e-01
9.992165616473741574e-01 3.932836159676950105e-02 4.420735652919417606e-03 4.549171789300874735e+01 -3.937273019079984282e-02 9.991700255702757882e-01 1.044261074716459903e-02 1.835087346360720018e+00 -4.006375783888123203e-03 -1.060848603751097380e-02 9.999357024214458045e-01 -8.605587700550332286e-01
9.989670615743446724e-01 4.512288061346322182e-02 5.360553578002003570e-03 4.617701918457594701e+01 -4.517135256579691421e-02 9.989360161577789388e-01 9.294327851009713884e-03 1.806052403418288543e+00 -4.935463189606152136e-03 -9.526870838251539145e-03 9.999424383108935777e-01 -8.750204974844308925e-01
9.986931974888537678e-01 5.089714742057132452e-02 4.623599673187104957e-03 4.687575824332926544e+01 -5.093781265275416220e-02 9.986599096377941631e-01 9.150088763812019507e-03 1.771896498548152676e+00 -4.151690215103315783e-03 -9.373647458772399119e-03 9.999474477199671307e-01 -8.917147391225138664e-01
9.984054765866873238e-01 5.637739398445364841e-02 2.844955049099914379e-03 4.757487881352935233e+01 -5.640097587955100050e-02 9.983673494994406150e-01 9.031355008861173539e-03 1.739218217233973407e+00 -2.331145972266897379e-03 -9.177412542948296809e-03 9.999551694238459909e-01 -9.124024597441163786e-01
9.981084649833880107e-01 6.147399467289518804e-02 6.634059555199057611e-04 4.826001501158690843e+01 -6.147749044862096945e-02 9.980668020336503909e-01 9.120134125212078779e-03 1.705013496529302452e+00 -1.014723838464535576e-04 -9.143667605452075048e-03 9.999581906490272454e-01 -9.237162050498657351e-01
9.977746715182315151e-01 6.667428401385139258e-02 -4.946998337287506712e-04 4.895268656437216492e+01 -6.666631657258867416e-02 9.977277409630592730e-01 9.744595804539320574e-03 1.669319801950377880e+00 1.143289695833026639e-03 -9.689931062228389694e-03 9.999523979293617471e-01 -9.307808625226012822e-01
9.974214491334142396e-01 7.175591902600240990e-02 1.241327246840555560e-03 4.964799658324192677e+01 -7.176480784963791548e-02 9.973706710102775430e-01 1.007754746023033741e-02 1.628428243340134252e+00 -5.149397095877213289e-04 -1.014064560284173334e-02 9.999484497432120644e-01 -9.397034026498031212e-01
9.970307211214201049e-01 7.694641826030697296e-02 2.998309025268624216e-03 5.033678801881722364e+01 -7.697020782070716771e-02 9.969941122303277448e-01 8.850270396871112721e-03 1.576085649422862556e+00 -2.308299837165414016e-03 -9.054771944697590641e-03 9.999563404753686324e-01 -9.622945172088930299e-01
9.966391329841711721e-01 8.186532637772837850e-02 2.916666183764875762e-03 5.103245470170487863e+01 -8.188355024305497831e-02 9.966187009284785958e-01 6.800673439071185794e-03 1.522831867190798771e+00 -2.350064712427862162e-03 -7.016644262024919823e-03 9.999726215747847258e-01 -9.755141264486368868e-01
9.962296149479592522e-01 8.675130885772774914e-02 8.744781940851818845e-04 5.172610142112333875e+01 -8.675338423691900114e-02 9.962261326586088206e-01 2.709784403507208353e-03 1.470152963899016951e+00 -6.361006856612577091e-04 -2.775431415676250443e-03 9.999959461699705621e-01 -9.939459579005830436e-01
