1.000000000000000000e+00 0.000000000000000000e+00 0.000000000000000000e+00 0.000000000000000000e+00 0.000000000000000000e+00 1.000000000000000000e+00 0.000000000000000000e+00 0.000000000000000000e+00 0.000000000000000000e+00 0.000000000000000000e+00 1.000000000000000000e+00 0.000000000000000000e+00
9.999999210722472220e-01 3.972360751776795413e-04 7.681133442547857527e-06 2.754426811501889481e-03 -3.972358552484902064e-04 9.999999206924898854e-01 -2.861274579415461609e-05 -3.539028643478786719e-05 -7.692498848215614452e-06 2.860969231420256172e-05 9.999999995611554837e-01 -6.484240410728243790e-04
9.999999928729048637e-01 -1.193790609143713762e-04 -1.682297430842604623e-06 1.011724873002421525e-03 1.193790326695010393e-04 9.999999927335462280e-01 -1.677957364187435127e-05 -1.261327372063513212e-04 1.684300548362178785e-06 1.677937269124477469e-05 9.999999998578078531e-01 -5.801395531451817005e-04
9.999999009760657254e-01 4.449679548882301701e-04 7.167842084309748080e-06 1.294312583527547833e-03 -4.449679818035301286e-04 9.999999009946969331e-01 3.753850404045570211e-06 -2.064660176723756568e-03 -7.166171031518125548e-06 -3.757039492550675907e-06 9.999999999672652962e-01 -4.060287365745960308e-04
9.999999866508708646e-01 -1.621017632183307914e-04 -2.052502186152762741e-05 1.560491179579983484e-03 1.621014828577636727e-04 9.999999867682515253e-01 -1.366037965281669137e-05 1.026944633852515734e-04 2.052723596157365313e-05 1.365705233398307730e-05 9.999999996960587945e-01 -4.139155963023190971e-04
9.999999942648837292e-01 -1.065466072426353049e-04 -1.086521579984658317e-05 -2.098155724792800415e-03 1.065465192040072136e-04 9.999999942910898776e-01 -8.103053024172257100e-06 -1.917327544987236683e-03 1.086607909062607613e-05 8.101895326776433254e-06 9.999999999081438107e-01 -7.465007805996120606e-04
9.999999981963404450e-01 -5.715810484559148870e-05 -1.844641415394713879e-05 -1.703804372062564521e-03 5.715765046029674468e-05 9.999999980631263385e-01 -2.463230391875186675e-05 -1.173312021701173116e-03 1.844782205402873852e-05 2.463124952063111813e-05 9.999999995264896580e-01 -1.434147028369385166e-04
9.999999889892509097e-01 1.472137789055689918e-04 -1.869762947310101462e-05 -2.432556871982014153e-03 -1.472136160500120438e-04 9.999999891261345253e-01 8.711035081611086624e-06 -1.360966239064831211e-03 1.869891165417805135e-05 -8.708282440049767373e-06 9.999999997872582869e-01 -4.535954885547877134e-04
9.999999299982668122e-01 3.741662737568403254e-04 -1.749608508187397247e-06 -3.441513120996759698e-04 -3.741662884271914138e-04 9.999999299645778716e-01 -8.392137608370557145e-06 -3.036789707289129850e-04 1.746468330795048230e-06 8.392791665428087989e-06 9.999999999632555037e-01 -1.276382030500438063e-04
9.999998781891374922e-01 4.932829383878065306e-04 1.713629976670316265e-05 1.683564532775683404e-03 -4.932824197651293919e-04 9.999998778785184061e-01 -3.025562098384623085e-05 2.156845631514462151e-04 -1.715122225561450901e-05 3.024716426296820442e-05 9.999999993954723498e-01 -2.112219474453792475e-04
9.999999993080525007e-01 3.562743826971514593e-05 -1.070423933287697545e-05 9.919428687944001344e-04 -3.562751343693721555e-05 9.999999993406852861e-01 -7.022083219049186649e-06 -1.771722692899194282e-04 1.070398914698310259e-05 7.022464579620938299e-06 9.999999999180547716e-01 -5.428933678651049356e-04
9.999999542606943237e-01 -3.022922663871449394e-04 -9.899241780421616114e-06 -1.270252311521704192e-03 3.022921432937995269e-04 9.999999542324298218e-01 -1.243375991521080430e-05 -1.561271483099218975e-04 9.902999956821855040e-06 1.243076688348446970e-05 9.999999998737033602e-01 -6.164031110894108503e-04
9.999998632181628100e-01 5.230030102268659782e-04 5.613110618233553949e-06 6.793049296508783461e-04 -5.230030036722243831e-04 9.999998632332363080e-01 -1.169142151531709970e-06 -4.203689996483855103e-04 -5.613721315411214654e-06 1.166206317901017843e-06 9.999999999835630371e-01 -1.660367383396211529e-04
9.999999388754829965e-01 -3.145865362265863000e-04 1.525920755028648977e-04 -2.454977996166450658e-03 3.145997299454971006e-04 9.999999467769019601e-01 -8.644768990057519306e-05 3.194113067091148336e-04 -1.525648721021113095e-04 8.649569004224693910e-05 9.999999846212276333e-01 8.542496943015702969e-04
9.999997461380661923e-01 4.319494712038505092e-04 5.666952068569579759e-04 -1.054051320304482883e-02 -4.316995017327753502e-04 9.999998095117201835e-01 -4.411485730050237314e-04 -4.463599649750383657e-04 -5.668856528009946208e-04 4.409038189757594184e-04 9.999997421222063254e-01 4.561988611250400449e-03
9.999998233539373338e-01 -2.907070515301540792e-04 5.184414184468618151e-04 -1.378392262514670230e-02 2.908681909091348082e-04 9.999999094098699359e-01 -3.107667090570785944e-04 -1.750526937041179537e-03 -5.183510294074826453e-04 3.109174522788390733e-04 9.999998173212574226e-01 3.026326447490908234e-03
9.999999662189297256e-01 1.557917799384158394e-04 2.080650398774029554e-04 -6.995382903672828917e-03 -1.557774197287314900e-04 9.999999854839676239e-01 -6.903231096508351619e-05 -3.199159993716991970e-03 -2.080757915237226258e-04 6.899989679805031151e-05 9.999999759717392855e-01 -8.999652211650285318e-04
9.999999646082498028e-01 6.440322439585744547e-05 -2.581389623464460086e-04 6.254886776062678830e-03 -6.442029121859155574e-05 9.999999957399389183e-01 -6.610709593700951235e-05 -1.273283170176370011e-03 2.581347037366244542e-04 6.612372298449290171e-05 9.999999644970634094e-01 -1.261614510325441071e-03
9.999999162537823727e-01 -2.768191192287373773e-04 -3.014359026400950637e-04 1.825621881538227673e-02 2.768171170531242490e-04 9.999999616638043376e-01 -6.683828270232284936e-06 -3.470083639009094011e-04 3.014377412956441662e-04 6.600385092941810079e-06 9.999999545458604366e-01 -1.420967764743701284e-03
9.999999939129843307e-01 1.311301347810068812e-05 -1.095540055070806196e-04 3.929708410505983879e-02 -1.312025794374164425e-05 9.999999977275768615e-01 -6.612643273538006453e-05 2.512504704783794299e-03 1.095531381413238461e-04 6.612786970967846002e-05 9.999999918126073473e-01 -2.794795112565737639e-04
9.999999917581305908e-01 1.252134800001880838e-04 2.837821816436171681e-05 5.726478624673048828e-02 -1.252118345435542348e-04 9.999999904803060780e-01 -5.797744628982424650e-05 1.549643921329326920e-03 -2.838547745202123798e-05 5.797389252322426802e-05 9.999999979166461772e-01 5.829294651679192002e-04
9.999999884410946116e-01 3.358984487481434910e-05 -1.482886808704952930e-04 8.037865316765935297e-02 -3.360028487810087609e-05 9.999999969573383218e-01 -7.040130807874380966e-05 5.142635718598996498e-04 1.482863156502856636e-04 7.040628980690319643e-05 9.999999865270613464e-01 7.480363667210979247e-04
9.999999546845667053e-01 -1.804504993720015360e-04 -2.409740274497620548e-04 1.046634341953874558e-01 1.804168480956930135e-04 9.999999739722353898e-01 -1.396613386480071144e-04 -1.189197248353627938e-03 2.409992231360487966e-04 1.396178565446876368e-04 9.999999612131135196e-01 1.247391408889381376e-03
9.999998975908760412e-01 -3.786197417912943119e-04 -2.479220209217379502e-04 1.396071296257881678e-01 3.785525821726842366e-04 9.999998916607056865e-01 -2.708810060639087582e-04 -2.697845088415157071e-04 2.480245549586131983e-04 2.707871268020248072e-04 9.999999325790738247e-01 2.342439729906572229e-03
9.999997463217386029e-01 -6.910096813873756920e-04 -1.728064774233923902e-04 1.717631387418303568e-01 6.909776811943260525e-04 9.999997441308224877e-01 -1.851705530068717854e-04 -1.957315484324112769e-03 1.729343878523767562e-04 1.850511006140624518e-04 9.999999679248933182e-01 2.437334138140327504e-03
9.999995564429352557e-01 -8.918968672917398227e-04 -3.027109361873239323e-04 2.123166718560899613e-01 8.918326266817936526e-04 9.999995797844475343e-01 -2.122863497531455332e-04 -5.255834099306164880e-03 3.029001465137943052e-04 2.120162881026900991e-04 9.999999316502951041e-01 3.055738068607857794e-03
9.999994793348054856e-01 -8.197991465322432237e-04 -6.076672422360629086e-04 2.572553560178015841e-01 8.196419375415411141e-04 9.999996305755306514e-01 -2.589129130729067563e-04 -4.319923254216674439e-03 6.078792743340777783e-04 2.584147087101576674e-04 9.999997818522893267e-01 3.322164379291022915e-03
9.999989155247394068e-01 -1.022068433313571547e-03 -1.060342144231615292e-03 3.158907281696640146e-01 1.021819950451087174e-03 9.999994503628364395e-01 -2.348574330480877772e-04 -5.901270989384578732e-03 1.060581601796814098e-03 2.337736995937319032e-04 9.999994102580878064e-01 3.145987884630213963e-03
9.999978554419387544e-01 -1.455009663980177644e-03 -1.473790487529980575e-03 3.940588610215093879e-01 1.454746274853684551e-03 9.999989256971322238e-01 -1.797716809350342264e-04 -3.011164287505505716e-03 1.474050473765703721e-03 1.776273041825776437e-04 9.999988978112633875e-01 3.023239562064847837e-03
9.999971312956036362e-01 -1.699124173807229450e-03 -1.688306134953045145e-03 4.742414515424923649e-01 1.698706062338496041e-03 9.999985261836815686e-01 -2.490545693362201680e-04 -3.373657637550415631e-03 1.688726821339269152e-03 2.461859190057542023e-04 9.999985437960478007e-01 3.840497832076205254e-03
9.999963003190095456e-01 -1.922178865441672400e-03 -1.924727695668174317e-03 5.703235268458952678e-01 1.921876883974056160e-03 9.999981405948192847e-01 -1.587329419829076893e-04 -7.377729112004486819e-03 1.925029229925854374e-03 1.550332650554103774e-04 9.999981351118364392e-01 2.792223665935228763e-03
9.999943872620357110e-01 -2.263331200085329318e-03 -2.470379789519180913e-03 6.783387584343979482e-01 2.263063506711739895e-03 9.999974330911970410e-01 -1.111511648665062233e-04 -1.096219244700875547e-02 2.470625020178920765e-03 1.055599146547643054e-04 9.999969424298826848e-01 1.627301674894082945e-03
9.999922923688157050e-01 -2.504549180459944742e-03 -3.023646203459333208e-03 7.914553093208994694e-01 2.503422332490965255e-03 9.999967955925326279e-01 -3.764057539598830368e-04 -9.259587341669707830e-03 3.024579241187460958e-03 3.688333893318642169e-04 9.999953579303979545e-01 2.721041765926670176e-03
9.999895406137162546e-01 -3.048388938786166392e-03 -3.409690315345305801e-03 9.119571940686023170e-01 3.046646092592713521e-03 9.999952257196343952e-01 -5.162223590882137995e-04 -1.013811623217624955e-03 3.411247683057179025e-03 5.058288400429538680e-04 9.999940537455357381e-01 2.798193054679727794e-03
9.999880639497537027e-01 -3.511352222026075179e-03 -3.397405421233036342e-03 1.044766685476033352e+00 3.510457482989216144e-03 9.999938020671949035e-01 -2.692869396506563122e-04 -2.552002566711666573e-04 3.398329925636428897e-03 2.573572781444983691e-04 9.999941925436106605e-01 7.114009330795511774e-04
9.999866200142387695e-01 -3.837964746808737813e-03 -3.468402961120285125e-03 1.183795777743068101e+00 3.837308288362633029e-03 9.999926183162907156e-01 -1.959031122200306969e-04 -6.243390478011155535e-03 3.469129227705140383e-03 1.825911596090902544e-04 9.999939658832296407e-01 1.208625650910953673e-03
9.999831653284999566e-01 -4.041544793258572757e-03 -4.163529185428583093e-03 1.334539469690371183e+00 4.040815105584259770e-03 9.999918190087441205e-01 -1.836542011692049654e-04 -7.299407743925749072e-03 4.164237370313218778e-03 1.668270577860379519e-04 9.999913156102189227e-01 -1.424911387614776707e-03
9.999774404570140884e-01 -4.603893466082462083e-03 -4.891088017184328646e-03 1.502477922882175410e+00 4.601670940542403054e-03 9.999893038821686675e-01 -4.655596747496659640e-04 -4.947181826843198224e-03 4.893179088675224386e-03 4.430419943398586900e-04 9.999879301832584888e-01 6.106060750695899500e-04
9.999730431811206799e-01 -5.286332379529805510e-03 -5.095841545975821237e-03 1.672799627686053281e+00 5.282726673474452163e-03 9.999857865374075505e-01 -7.207787841937058921e-04 -1.779860002067898015e-03 5.099579392647991295e-03 6.938394162318425266e-04 9.999867563507441881e-01 6.000631473825226644e-03
9.999654332133781631e-01 -5.978327939168239999e-03 -5.778578841960546782e-03 1.865105524419751415e+00 5.972537288689353657e-03 9.999816452266845346e-01 -1.018826809812746611e-03 3.114512418058996111e-03 5.784563658238094618e-03 9.842788146345665071e-04 9.999827848610689518e-01 1.018864761009959964e-02
9.999557988314896617e-01 -6.957778345521250032e-03 -6.323741279643323165e-03 2.062862238746356436e+00 6.952608582855649907e-03 9.999754782443045498e-01 -8.391328667203454793e-04 1.179524513779638129e-02 6.329424710893665276e-03 7.951292781704943392e-04 9.999796528691271558e-01 1.094022451015987801e-02
9.999502654687686398e-01 -7.558836271401359920e-03 -6.506195751844405517e-03 2.272599031906092915e+00 7.554868770145896882e-03 9.999712604833116414e-01 -6.341650279926323115e-04 1.615642564814885607e-02 6.510802316538662898e-03 5.849800329941766451e-04 9.999786333975121400e-01 1.232850775309568721e-02
9.999398525797318360e-01 -8.176155463526851505e-03 -7.310383345653845982e-03 2.490273181578430695e+00 8.172256451245090911e-03 9.999664480278758205e-01 -5.630657231298320190e-04 1.487975048105805338e-02 7.314741780764109219e-03 5.032895287215501286e-04 9.999731202649054795e-01 1.427286284792445882e-02
9.999329191986408016e-01 -8.838636656873778003e-03 -7.485693350137328714e-03 2.726361357391168916e+00 8.835264291575682660e-03 9.999608514200986065e-01 -4.834584672838129673e-04 2.009603834485392329e-02 7.489673409604104617e-03 4.172879573482498466e-04 9.999718649356981182e-01 1.558651753299717183e-02
9.999204853631219470e-01 -9.673044993479179565e-03 -8.090435818463626721e-03 2.965887975528175513e+00 9.669551605220490231e-03 9.999531379624998495e-01 -4.707979435958312034e-04 1.731192877996208523e-02 8.094610733848150996e-03 3.925296216129449509e-04 9.999671610595838311e-01 1.443008716378249914e-02
9.999119033235954745e-01 -1.011244667472391799e-02 -8.597907538210200484e-03 3.226823282968380724e+00 1.011056790851424213e-02 9.999488525905521064e-01 -2.619530599015979953e-04 1.881456628639474951e-02 8.600116763862485081e-03 1.750002546714459037e-04 9.999630029988904045e-01 1.597616284082712529e-02
9.999105395308632849e-01 -1.063469555910600758e-02 -8.112717514062714463e-03 3.485425668432802659e+00 1.062509659160574757e-02 9.999428012411782918e-01 -1.225384986264961562e-03 1.953995067867929369e-02 8.125285072961865168e-03 1.139076955541889254e-03 9.999663405566071583e-01 2.743409115191362824e-02
9.999028150968743978e-01 -1.124123556471019747e-02 -8.245907125628674367e-03 3.756076155607616762e+00 1.123240209902871822e-02 9.999362909361801943e-01 -1.116786407733435594e-03 2.492895920832020537e-02 8.257935845690154292e-03 1.024056528448280762e-03 9.999653783025664877e-01 1.745192952333169886e-02
9.998882695213721084e-01 -1.197226700369992923e-02 -8.950603127611037740e-03 4.033995342395863659e+00 1.196767357314702969e-02 9.999282243101476064e-01 -5.665837992928048550e-04 1.573313475859160551e-02 8.956743984422064347e-03 4.594025980996892721e-04 9.999597820344827692e-01 6.964265219392398211e-03
9.998580330886043255e-01 -1.258674755280988176e-02 -1.120211829205809174e-02 4.325925434406709513e+00 1.258177104349317461e-02 9.999207139625057028e-01 -5.146125940595387693e-04 -2.378048177011522421e-03 1.120770741929609689e-02 3.735970485461931421e-04 9.999371218829955499e-01 -1.711733320225421271e-03
9.998371441266874493e-01 -1.259660193255941578e-02 -1.292326755671158178e-02 4.611770432897286831e+00 1.258267595465947623e-02 9.999201640754902254e-01 -1.158335471620217192e-03 -1.293770612213658404e-02 1.293682690653886677e-02 9.955375419439319029e-04 9.999158201641740185e-01 -5.965385044228035429e-03
9.998188456229872845e-01 -1.297573125916182818e-02 -1.392502550830928935e-02 4.913993609510142413e+00 1.296052869017318490e-02 9.999153108667715451e-01 -1.181435685421593391e-03 -2.728756346352308876e-02 1.393917620192282152e-02 1.000745970564184510e-03 9.999023441688263958e-01 -8.237241136141881803e-03
9.997987169030700949e-01 -1.306683397838214952e-02 -1.522443853664563924e-02 5.236947508540803042e+00 1.304480096243598036e-02 9.999137183819764019e-01 -1.545625886168622981e-03 -2.999993130440653868e-02 1.524332138430245336e-02 1.346715007328177626e-03 9.998829069005349401e-01 -1.024865484378636137e-02
9.997722546212245431e-01 -1.324252095599744682e-02 -1.673542734211610344e-02 5.538509363498783422e+00 1.319638278755343001e-02 9.999088213288270799e-01 -2.864351605533948294e-03 -3.187082043938221920e-02 1.677183266425116837e-02 2.642852157372748301e-03 9.998558500911801650e-01 -2.145383415279714101e-03
9.997330573509132234e-01 -1.396137472141994670e-02 -1.840907536200163744e-02 5.879206566491402164e+00 1.389427282109192627e-02 9.998963705822411230e-01 -3.767927710899514945e-03 -3.084529410682573802e-02 1.845977309093548360e-02 3.511141174831107232e-03 9.998234387456025329e-01 9.079798008416054347e-04
9.996758483228066483e-01 -1.456663182300155582e-02 -2.088088880795060595e-02 6.226485976978317183e+00 1.450350583301096216e-02 9.998897891554395789e-01 -3.171413130207319415e-03 -1.865351945930382449e-02 2.092478431498627153e-02 2.867539018697524977e-03 9.997769404328885612e-01 -4.179760722043818211e-04
9.996877593292605724e-01 -1.511093525308507268e-02 -1.990084126411524254e-02 6.606328813117563037e+00 1.508899234808411954e-02 9.998853704372928641e-01 -1.252316013257296365e-03 -6.098828552222646665e-03 1.991748370557636441e-02 9.516413477106674739e-04 9.998011743449711775e-01 -6.831403521699957321e-03
9.997129822117878373e-01 -1.731646820321315963e-02 -1.655575809743374538e-02 6.988268264728834112e+00 1.732006536690937001e-02 9.998499936858181725e-01 7.390639592107299235e-05 6.670464375018140754e-03 1.655199483142807959e-02 -3.606319959170724808e-04 9.998629413132901211e-01 2.904869826096215940e-02
9.997205595733187344e-01 -1.870219292552119730e-02 -1.445789563480942216e-02 7.375714026569666792e+00 1.872121276710252483e-02 9.998240448803059621e-01 1.181300856213872734e-03 -2.636006139209168264e-04 1.443325877753648054e-02 -1.451640093342403603e-03 9.998947813555684183e-01 4.817122636257670232e-02
9.997274031542627837e-01 -1.982552065024556498e-02 -1.233159005889874343e-02 7.760642206519682063e+00 1.982601889001997519e-02 9.998034418198075146e-01 -8.185498977293247016e-05 -4.539331866223551837e-03 1.233078900178795692e-02 -1.626536610907964881e-04 9.999239597021265524e-01 7.017428559238303443e-02
9.997084130357372089e-01 -2.128337002997772107e-02 -1.140644842774578803e-02 8.147634156647226789e+00 2.126752718412475499e-02 9.997726825908944681e-01 -1.508453671509004746e-03 -1.119675875620993431e-02 1.143596052110590171e-02 1.265426874070797779e-03 9.999338065601073300e-01 8.874312818686211357e-02
9.996547434823342959e-01 -2.223365981396947452e-02 -1.400207857945078016e-02 8.521839094226002942e+00 2.219353807137195225e-02 9.997491488819274519e-01 -3.014328737269537234e-03 -6.105040442506610293e-03 1.406558570209570647e-02 2.702532356595225248e-03 9.998974225477924582e-01 1.006393275032663737e-01
9.995828419780022900e-01 -2.409399085462856846e-02 -1.592550243719468087e-02 8.894885625931820528e+00 2.403216993333779847e-02 9.997029335551603779e-01 -4.061951440113408668e-03 4.440091330010352555e-03 1.601864012565341541e-02 3.677532583640752764e-03 9.998649303394039345e-01 1.134801451017136142e-01
9.995450904381891766e-01 -2.544473923921160632e-02 -1.619189383490128240e-02 9.291323277721190266e+00 2.536917879944972434e-02 9.996663611763074719e-01 -4.855007678883113513e-03 2.227744592351411923e-02 1.631002599488240098e-02 4.442024039668006873e-03 9.998571155292526047e-01 1.410287324378741991e-01
9.995137179301356589e-01 -2.689525146557806418e-02 -1.577888202885668195e-02 9.676520367907116338e+00 2.681257291159892808e-02 9.996257401552356425e-01 -5.428218212033756283e-03 4.436932921528060486e-02 1.591896992074068318e-02 5.002506141983695080e-03 9.998607709721198944e-01 1.633236577892046015e-01
9.994782212551144296e-01 -2.772096936072009424e-02 -1.657809079522252343e-02 1.009273425375645594e+01 2.766521200972507297e-02 9.996108223131099368e-01 -3.583288847556153744e-03 5.199596155341030396e-02 1.667097121254750014e-02 3.122782767032410405e-03 9.998561531273487679e-01 1.407598036527487051e-01
9.993990000941095353e-01 -2.871856534695237800e-02 -1.941346479397521030e-02 1.051222852143162179e+01 2.868896963747152168e-02 9.995867637180009257e-01 -1.801338644897648288e-03 6.207990929667364655e-02 1.945717430754851512e-02 1.243303738509110926e-03 9.998099182163474596e-01 1.160978353554605047e-01
9.993097357719161744e-01 -2.984960299674688927e-02 -2.211454707652123208e-02 1.094873459245719438e+01 2.981478731119586306e-02 9.995536299495899613e-01 -1.902448997029715242e-03 6.509283629930896764e-02 2.216146315231078828e-02 1.241795286971402986e-03 9.997536333994561097e-01 1.159687592918771659e-01
9.992478820174822696e-01 -3.055849140547005002e-02 -2.387150784088954564e-02 1.140387248217658112e+01 3.050157614782519552e-02 9.995309499512862184e-01 -2.744802721099092076e-03 8.001263736871036536e-02 2.394418793933632272e-02 2.014619691441791455e-03 9.997112669023114906e-01 1.292319882612989468e-01
9.992048112826663608e-01 -3.137015959478713090e-02 -2.461012386333709390e-02 1.187190575378257762e+01 3.131317451285173248e-02 9.995059820808203099e-01 -2.697570496321718796e-03 1.060287868072508494e-01 2.468258923814317662e-02 1.924804315383259884e-03 9.996934854828496420e-01 1.434067379750627869e-01
9.991813997641960654e-01 -3.237813453144355869e-02 -2.425256212290747768e-02 1.235097513497156285e+01 3.233465653658718075e-02 9.994747146420774886e-01 -2.182837098504249434e-03 1.263605656851426451e-01 2.431049880036780311e-02 1.396851961164235394e-03 9.997034802643611773e-01 1.499518057378749769e-01
9.991406943297322929e-01 -3.321675338404957156e-02 -2.478951852948670792e-02 1.284503740654667148e+01 3.318710920769167572e-02 9.994478652017618758e-01 -1.606401592861486606e-03 1.327715438162704598e-01 2.482919081922083104e-02 7.823287442198423227e-04 9.996914020061384853e-01 1.553363676174086827e-01
9.990503359321820653e-01 -3.409474360047937830e-02 -2.712885424436128554e-02 1.334213386646169930e+01 3.404613986012016563e-02 9.994177257810384907e-01 -2.251611707645403363e-03 1.410549486557840237e-01 2.718982593580484067e-02 1.325840667063635453e-03 9.996294090872407390e-01 1.635437578072900244e-01
9.989622737303421873e-01 -3.516437914418745619e-02 -2.894550229152417081e-02 1.385369287609423239e+01 3.510588631860404180e-02 9.993804044191074709e-01 -2.526659630111182959e-03 1.515786461298137544e-01 2.901641620341916666e-02 1.507880136157392723e-03 9.995777978167607047e-01 1.720871823553152824e-01
9.988978122800377113e-01 -3.621983146693548428e-02 -2.985438712587055315e-02 1.438056138281635832e+01 3.614844813748564756e-02 9.993421433788407526e-01 -2.927484284516787029e-03 1.769926778943159973e-01 2.994078020703644372e-02 1.845067882592059047e-03 9.995499714396987034e-01 1.835272455072533004e-01
9.988106086794216187e-01 -3.733727208125441066e-02 -3.135755256670667152e-02 1.492691450292144850e+01 3.728520588128292346e-02 9.993021461163850150e-01 -2.243699974910663524e-03 1.955228533048373740e-01 3.141944321329927930e-02 1.071858534251713150e-03 9.995057126937538783e-01 1.839645987651188641e-01
9.987443152726022122e-01 -3.878665292792340957e-02 -3.170785810031435253e-02 1.547872581944887216e+01 3.878879734264788215e-02 9.992472813156236811e-01 -5.477079932237549024e-04 1.987643634708191054e-01 3.170523476291970538e-02 -6.828894373609390236e-04 9.994970293856028087e-01 1.888373042747445163e-01
9.987128421288995472e-01 -3.930254498685940151e-02 -3.206195446899216123e-02 1.603949688967781739e+01 3.929543124281372618e-02 9.992272728702826790e-01 -8.521946132850622942e-04 2.099633737035453973e-01 3.207067274406840557e-02 -4.087906230656426125e-04 9.994855200751882052e-01 2.132262693582487045e-01
9.986280136577081468e-01 -4.076719961597914665e-02 -3.286526697793827612e-02 1.662867715700150129e+01 4.072869542907853191e-02 9.991685473700933073e-01 -1.840465968970902977e-03 2.150353987140145307e-01 3.291297170882033496e-02 4.993814258582217553e-04 9.994580966261096266e-01 2.393100429615135361e-01
9.985666088127158613e-01 -4.116147425774519669e-02 -3.421199791303287940e-02 1.720839173644823106e+01 4.109649531756057877e-02 9.991517976526670397e-01 -2.600638394230706842e-03 2.371152180597290160e-01 3.429002532641392542e-02 1.190917450037755863e-03 9.994112146052499535e-01 2.667410488129689505e-01
9.984927195468866756e-01 -4.203181961335978462e-02 -3.529327346467509702e-02 1.779147674166510740e+01 4.194052094804919667e-02 9.991145813686265198e-01 -3.323552196147896119e-03 2.740547571757924183e-01 3.540171908917138371e-02 1.838324395817305702e-03 9.993714719006877578e-01 2.925713146686640398e-01
9.984005003804230505e-01 -4.357489090939487691e-02 -3.602318312358466362e-02 1.837645766996597274e+01 4.350785569077520593e-02 9.990495886850043750e-01 -2.643074254405658463e-03 2.955318804942630995e-01 3.610411795504300109e-02 1.071555205277932316e-03 9.993474593133913064e-01 3.072534538722356823e-01
9.983127369547023511e-01 -4.517138449558079361e-02 -3.648595972101766061e-02 1.895840067975812460e+01 4.515261004028571501e-02 9.989792036759895799e-01 -1.338816430888787809e-03 3.174791826205755618e-01 3.650919117922513113e-02 -3.108788158281701030e-04 9.993332688917149209e-01 3.194289674633168374e-01
9.982313277784568006e-01 -4.678193890409383660e-02 -3.668332637633710258e-02 1.956007435742528600e+01 4.675782840789782790e-02 9.989051051851431939e-01 -1.515360562872957763e-03 3.306810883035051218e-01 3.671405349776594995e-02 -2.025522933959005055e-04 9.993257913455109165e-01 3.479203533708063456e-01
9.981044206569932298e-01 -4.815771331961238994e-02 -3.831970919506094003e-02 2.016267774089153875e+01 4.810123537840938629e-02 9.988395943279894107e-01 -2.394985964144969240e-03 3.438330817069101264e-01 3.839057983462697971e-02 5.472207266007200841e-04 9.992626601296765720e-01 3.655054458801308415e-01
9.980067870503512850e-01 -4.882261508164578018e-02 -3.998506293635581410e-02 2.077075505441502301e+01 4.873134914916656818e-02 9.988066196339357994e-01 -3.254563800636640133e-03 3.638428084922341599e-01 4.009624186300886350e-02 1.299550699220798893e-03 9.991949772474055802e-01 3.943577490252527795e-01
9.979078247260390055e-01 -4.959102305776084268e-02 -4.148136669192112325e-02 2.137974114433366069e+01 4.947337678411353051e-02 9.987679894904122335e-01 -3.858517702050406201e-03 3.960913404889023215e-01 4.162160905253577126e-02 1.798221722850645030e-03 9.991318271672229301e-01 4.187918407067287574e-01
9.977773110239620546e-01 -5.052088082855556161e-02 -4.345202188734731408e-02 2.199374734183457392e+01 5.040193710883868194e-02 9.987216736672731576e-01 -3.829266629187687634e-03 4.159507159641918639e-01 4.358993394659245457e-02 1.630689286046721519e-03 9.990481762712867253e-01 4.365233378708262002e-01
9.976885883175795611e-01 -5.117800474667637267e-02 -4.470226583769897066e-02 2.261363499906903129e+01 5.106689931194671739e-02 9.986886570370020477e-01 -3.624651747804652404e-03 4.435350371042928175e-01 4.482914828031683840e-02 1.333467576860422350e-03 9.989937784234108609e-01 4.606637245992274976e-01
9.975981360604720960e-01 -5.164853663834688413e-02 -4.615612193186450357e-02 2.323177333094180952e+01 5.153679768121360860e-02 9.986645772158219136e-01 -3.608420583776061549e-03 4.737978847548064976e-01 4.628085363773510458e-02 1.221014930745312720e-03 9.989277209633845578e-01 4.805462053619876106e-01
9.975257457724369115e-01 -5.182782974997408171e-02 -4.750013246877563683e-02 2.386509405790287985e+01 5.174301333708148515e-02 9.986558839898582729e-01 -3.014289838980961818e-03 5.012619438787440096e-01 4.759251088083227971e-02 5.490317317587679012e-04 9.988666835330004545e-01 4.987515148029844636e-01
9.974759469245538801e-01 -5.182163030151387684e-02 -4.854126017995100822e-02 2.448903388223992295e+01 5.176224929143725950e-02 9.986563558869816504e-01 -2.480402149937692077e-03 5.276388550197209648e-01 4.860457648468487907e-02 -3.846332709234244300e-05 9.988180983869470175e-01 5.206882908543309929e-01
9.974136067269954165e-01 -5.181523769122936551e-02 -4.981243076630555849e-02 2.515194450472873200e+01 5.173882126759069000e-02 9.986566598227335501e-01 -2.823148161407297400e-03 5.544995632202024405e-01 4.989179781975076194e-02 2.386099376718202672e-04 9.987546002775710141e-01 5.533999988842509543e-01
9.973987271387250164e-01 -5.146772646426651249e-02 -5.046634754616886182e-02 2.581191376018460915e+01 5.140296015201731988e-02 9.986746581092924568e-01 -2.581266723534653661e-03 5.901915755896630644e-01 5.053231431135311175e-02 -1.956750747456373861e-05 9.987224263164672378e-01 5.895089010641008098e-01
9.974244264536413773e-01 -5.090504037407316690e-02 -5.052910426811985795e-02 2.647413007174865029e+01 5.084865859065549470e-02 9.987034828165559652e-01 -2.401526517050319842e-03 6.315505076235314874e-01 5.058584222048206208e-02 -1.739959629391335180e-04 9.987197015640821851e-01 6.310208023343458761e-01
9.974315596341463142e-01 -5.049960646334427511e-02 -5.079442482046387514e-02 2.715472327208500047e+01 5.043496867674431700e-02 9.987240807893719152e-01 -2.554287767657883144e-03 6.595568768450730257e-01 5.085860576510350256e-02 -1.408799292391526431e-05 9.987058636160890401e-01 6.656346999814807264e-01
9.974175006080064909e-01 -4.992353087823966223e-02 -5.163303734554912372e-02 2.783518510623390085e+01 4.984891208061976303e-02 9.987530315381933921e-01 -2.732756419269903765e-03 6.892479519477830996e-01 5.170508142587207367e-02 1.518483383850380893e-04 9.986623861429978488e-01 7.034928709190249041e-01
9.973642903760464584e-01 -4.945222250488690713e-02 -5.309378468344901764e-02 2.850735964473572892e+01 4.932128862244230388e-02 9.987758332223355406e-01 -3.774315785834066531e-03 7.154714673684451354e-01 5.321543734018383681e-02 1.145713906963308952e-03 9.985823974857239715e-01 7.390161665603970365e-01
9.973111552107667421e-01 -4.851906286783247424e-02 -5.492140047916899137e-02 2.923780573572682684e+01 4.840734199569526885e-02 9.988220143632632331e-01 -3.363460156606657304e-03 7.443808819878066085e-01 5.501989579304690514e-02 6.958173184130962870e-04 9.984850158641248585e-01 7.674223590115643034e-01
9.972332402480779123e-01 -4.728077208695609379e-02 -5.736194849532701145e-02 2.995825806370240940e+01 4.717347837842546243e-02 9.988815092431682086e-01 -3.223884267567396836e-03 7.757773859764486302e-01 5.745021742343070503e-02 5.090019172423730122e-04 9.983482425662143500e-01 7.933691434292269307e-01
9.972411982577554790e-01 -4.575063847585452564e-02 -5.845401249262332372e-02 3.067650123092841241e+01 4.571557571889737354e-02 9.989526172821281413e-01 -1.937669186375141819e-03 7.993693117793407854e-01 5.848143837257992889e-02 -7.399352929320172348e-04 9.982882218385812356e-01 8.139935675443187302e-01
9.972031585508277507e-01 -4.350938715856051547e-02 -6.076836187803017625e-02 3.140282268042659908e+01 4.346492490210777243e-02 9.990528421975019002e-01 -2.053971846822151386e-03 8.209870224814791451e-01 6.080017170622854100e-02 -5.930650722271643954e-04 9.981497820439141355e-01 8.440280862153894947e-01
9.972046847597049180e-01 -4.099841891447473380e-02 -6.246556123025603924e-02 3.214475824772743806e+01 4.096354524539858738e-02 9.991589486370423545e-01 -1.839380180488080913e-03 8.552608917087930473e-01 6.248843616402804946e-02 -7.245723106979432178e-04 9.980454249886328011e-01 8.785527685780483154e-01
9.974223609881496255e-01 -3.829901865103477188e-02 -6.067799412631517258e-02 3.289306082306271861e+01 3.827432645504907915e-02 9.992660368111251357e-01 -1.569589181711826282e-03 8.918519601711737410e-01 6.069357243759653658e-02 -7.568660084236694501e-04 9.981561588341814062e-01 9.335652065037325364e-01
9.976402311097796183e-01 -3.550402709807884416e-02 -5.876591980939711163e-02 3.362905059943920349e+01 3.553381193303038754e-02 9.993683296606783450e-01 -5.384057334125415739e-04 9.047709168698017113e-01 5.874791469263939553e-02 -1.551041922266143628e-03 9.982716447882418187e-01 9.693920492502883235e-01
9.977354330586124531e-01 -3.267372996584879535e-02 -5.879143636161600350e-02 3.436859205943144246e+01 3.262706231650407823e-02 9.994660569628760483e-01 -1.753791229303061769e-03 9.125010688739496612e-01 5.881734798457093072e-02 -1.683722061841424252e-04 9.982687469949472758e-01 1.014982797798395175e+00
9.976854709387146247e-01 -2.955754681593110444e-02 -6.123767226160053978e-02 3.510266462602130844e+01 2.940826818874656828e-02 9.995619106307053192e-01 -3.337750504849606569e-03 9.221625470324731344e-01 6.130950040518937105e-02 1.529131295183097563e-03 9.981176318037610073e-01 1.061964110349940427e+00
9.977083079808787280e-01 -2.612620697387972590e-02 -6.241436929978545073e-02 3.583624536236059299e+01 2.595578634506106458e-02 9.996568244286175853e-01 -3.539848655173385115e-03 9.490492657782148012e-01 6.248543303155979639e-02 1.911722377854458040e-03 9.980440451084353626e-01 1.105989419015445785e+00
9.976992264458094395e-01 -2.258831073785498578e-02 -6.392199752388535994e-02 3.655632184246722716e+01 2.244842973342073278e-02 9.997437794477711526e-01 -2.905762892929578470e-03 9.664755932792110649e-01 6.397125566953623665e-02 1.464128920675942906e-03 9.979506675054465870e-01 1.139098246149796489e+00
9.976013312243766640e-01 -2.014940014571693985e-02 -6.622375414546731454e-02 3.729111067846258010e+01 1.999272934307044433e-02 9.997955409395685722e-01 -3.027720391669742016e-03 9.820156199058415192e-01 6.627122084861759854e-02 1.696464300592557964e-03 9.978002040970479491e-01 1.187115371631099370e+00
9.976294598819901438e-01 -1.669371075423875528e-02 -6.675912519515458943e-02 3.800934946937052672e+01 1.662386824225114274e-02 9.998605312058767014e-01 -1.601605871129721179e-03 9.978480210988633914e-01 6.677655112562180806e-02 4.880142989467699472e-04 9.977678357522912211e-01 1.217881625582472038e+00
9.976560648342335247e-01 -1.296667385574684292e-02 -6.718810660072531415e-02 3.872545196583429572e+01 1.288916102903933311e-02 9.999156718481921891e-01 -1.587047682308121745e-03 9.964017053874918428e-01 6.720301948156222338e-02 7.173294202228023587e-04 9.977390638894838570e-01 1.256300748654304966e+00
9.975351563737895333e-01 -8.702765733907238260e-03 -6.962667353033676065e-02 3.944807349006273967e+01 8.572829346483529928e-03 9.999609093844187280e-01 -2.164786382642672896e-03 9.939395445450529554e-01 6.964279140955965952e-02 1.562552932586410044e-03 9.975707694359420286e-01 1.294751626745040962e+00
9.972844980881685473e-01 -3.971815013711428762e-03 -7.353811636509785532e-02 4.016454532167978186e+01 3.787672823021976699e-03 9.999893331227338589e-01 -2.643326566231488442e-03 1.003537456016501572e+00 7.354783074717810565e-02 2.357610283074983160e-03 9.972889041126135057e-01 1.344190575418817035e+00
9.972236681796970981e-01 7.689120872089549689e-04 -7.446048882750913589e-02 4.086996688899738928e+01 -8.471507180684758470e-04 9.999991218213898359e-01 -1.019162455168662633e-03 1.015242078783560986e+00 7.445963979156994261e-02 1.079412178592274079e-03 9.972234438236289300e-01 1.387866158131294991e+00
9.971686032262881971e-01 5.765886162074651891e-03 -7.497687174388802112e-02 4.159432605995005616e+01 -5.779847968819357487e-03 9.999832960658687764e-01 3.076846380006695650e-05 1.008494032364546822e+00 7.497579674262071225e-02 4.026735737864093213e-04 9.971852725330444533e-01 1.428392031432970111e+00
9.970718532445160820e-01 1.124576827253892346e-02 -7.563895929682373787e-02 4.230169621656732204e+01 -1.127442482906191625e-02 9.999364404933831496e-01 4.814765447727127222e-05 9.863697920931387975e-01 7.563469317925494706e-02 8.047790896614835741e-04 9.971352694184960619e-01 1.486722938941733574e+00
9.969561677227442020e-01 1.708812596200261213e-02 -7.606836129880907571e-02 4.301355322125383651e+01 -1.710443917135467257e-02 9.998536128439946546e-01 4.370851685685896767e-04 9.759978935047978199e-01 7.606469483415319310e-02 8.653519040755189729e-04 9.971025089557589149e-01 1.539420353439086231e+00
9.967976128635435140e-01 2.301120484493235710e-02 -7.658331046073783843e-02 4.372940686182130321e+01 -2.297656346934580721e-02 9.997351145366166758e-01 1.333526751559770823e-03 9.645473865014596582e-01 7.659371071230534900e-02 4.303650108493018074e-04 9.970622940745864637e-01 1.590267412706298344e+00
9.966500190139584436e-01 2.903144442927730468e-02 -7.645858247329699597e-02 4.443136229821632810e+01 -2.897867222306210744e-02 9.995784097529790690e-01 1.799808849228001469e-03 9.356683617713600354e-01 7.647859933121488318e-02 4.218886763290563818e-04 9.970711337985270761e-01 1.649349702682294527e+00
9.965061442678443404e-01 3.558561199323970192e-02 -7.555904085879371068e-02 4.513126653404058430e+01 -3.559801736891594903e-02 9.993654894837556979e-01 1.183041967034367641e-03 9.057512670304697089e-01 7.555319712518208941e-02 1.510843459793504481e-03 9.971406278736231199e-01 1.705545677424908257e+00
9.962972218307160066e-01 4.199924788391544428e-02 -7.501939049060980802e-02 4.582896639025996421e+01 -4.205496132734908021e-02 9.991149476796254980e-01 8.375863503394062213e-04 8.653369355490804216e-01 7.498817240173509535e-02 2.320452611997414309e-03 9.971817234082879233e-01 1.766263672899622605e+00
9.960137459019375861e-01 4.780982297715802992e-02 -7.530497195592950055e-02 4.651889200231643429e+01 -4.794944487683524409e-02 9.988497627799269862e-01 -4.615719679939341707e-05 8.298060081855195280e-01 7.521614660692113596e-02 3.656804804236962227e-03 9.971605482911113372e-01 1.821791363400737884e+00
9.956511539265026078e-01 5.360477596732602518e-02 -7.619256970542927221e-02 4.723865205179987470e+01 -5.376791145975381297e-02 9.985534555632809006e-01 -8.988819092816237658e-05 7.947799253015235266e-01 7.607753533126575263e-02 4.186212622834632746e-03 9.970931171369084023e-01 1.861329927413610363e+00
9.952924629377253307e-01 5.839490370038370737e-02 -7.734952127311145453e-02 4.789945693453628195e+01 -5.859609532914122898e-02 9.982817174154748896e-01 -3.320936435236561228e-04 7.565422634097612731e-01 7.719722036145343358e-02 4.862910222571298000e-03 9.970039825761141117e-01 1.905610560806663356e+00
9.948219492923939811e-01 6.377685953156281284e-02 -7.913154487543343218e-02 4.859037171989717763e+01 -6.398544814522208468e-02 9.979508265994669891e-01 -1.005738324526346712e-04 7.050483490204088044e-01 7.896297633534672678e-02 5.163320417326696526e-03 9.968641775540595384e-01 1.943715804833679339e+00
9.943646376136676679e-01 6.879935278585398717e-02 -8.065740213822340798e-02 4.928609403292642099e+01 -6.897975207490568417e-02 9.976179079337655908e-01 5.509750822419575908e-04 6.588713232304771461e-01 8.050317550956624657e-02 5.015857464512932760e-03 9.967417317975463265e-01 1.996215011267441053e+00
9.940652005995935792e-01 7.384855333741935368e-02 -7.987971035788787866e-02 4.999325620632029654e+01 -7.399804874998527904e-02 9.972577892385382503e-01 1.091138972787556415e-03 5.960525330477475237e-01 7.974124239115246149e-02 4.826279419331594780e-03 9.968039131588930513e-01 2.045481815114996049e+00
9.936823453837776432e-01 7.928683657859537937e-02 -7.942917611277387768e-02 5.068404943377373684e+01 -7.948427808473736145e-02 9.968358892357862544e-01 6.778413144046123613e-04 5.210282328843469646e-01 7.923159729516422722e-02 5.639811775093699076e-03 9.968402813456117562e-01 2.097422969325401176e+00
9.932664047051602552e-01 8.412208223985268019e-02 -7.965754555417940697e-02 5.137630083927491853e+01 -8.433182106696282543e-02 9.964374571089585908e-01 7.335023940536655913e-04 4.487974586330900628e-01 7.943546588026327571e-02 5.989102592524183852e-03 9.968220189233992778e-01 2.138986180780737101e+00
9.927331694024335018e-01 8.826158059080543850e-02 -8.179699114155775108e-02 5.206130982703727028e+01 -8.862441929746320279e-02 9.960647862100807659e-01 -8.086881064112518870e-04 3.755907731206382660e-01 8.140372640356674516e-02 8.052022347135990785e-03 9.966486834706271836e-01 2.192049492463964189e+00
