1.000000000000000000e+00 0.000000000000000000e+00 0.000000000000000000e+00 0.000000000000000000e+00 0.000000000000000000e+00 1.000000000000000000e+00 0.000000000000000000e+00 0.000000000000000000e+00 0.000000000000000000e+00 0.000000000000000000e+00 1.000000000000000000e+00 0.000000000000000000e+00
9.999999210722472220e-01 3.972360751776795413e-04 7.681133442547888020e-06 2.754426811501885144e-03 -3.972358552484902064e-04 9.999999206924898854e-01 -2.861274579415464659e-05 -3.539028643479063190e-05 -7.692498848215644945e-06 2.860969231420259221e-05 9.999999995611554837e-01 -6.484240410728249211e-04
9.999999928729048637e-01 -1.193790609143711594e-04 -1.682297430842618176e-06 1.011724873002419790e-03 1.193790326695008225e-04 9.999999927335462280e-01 -1.677957364187446647e-05 -1.261327372063647111e-04 1.684300548362192337e-06 1.677937269124488989e-05 9.999999998578078531e-01 -5.801395531451805079e-04
9.999999009760657254e-01 4.449679548882301701e-04 7.167842084309775185e-06 1.294312583527560409e-03 -4.449679818035301286e-04 9.999999009946969331e-01 3.753850404045432991e-06 -2.064660176723790395e-03 -7.166171031518152653e-06 -3.757039492550538687e-06 9.999999999672652962e-01 -4.060287365746161428e-04
9.999999866508708646e-01 -1.621017632183305746e-04 -2.052502186152760708e-05 1.560491179579862270e-03 1.621014828577634558e-04 9.999999867682515253e-01 -1.366037965281659989e-05 1.026944633852073380e-04 2.052723596157363280e-05 1.365705233398298582e-05 9.999999996960587945e-01 -4.139155963023362274e-04
9.999999942648837292e-01 -1.065466072426323775e-04 -1.086521579984890742e-05 -2.098155724793303485e-03 1.065465192040042862e-04 9.999999942910898776e-01 -8.103053024172311310e-06 -1.917327544987278750e-03 1.086607909062840039e-05 8.101895326776487464e-06 9.999999999081438107e-01 -7.465007805996179153e-04
9.999999981963404450e-01 -5.715810484559119732e-05 -1.844641415394880914e-05 -1.703804372061788232e-03 5.715765046029645330e-05 9.999999980631263385e-01 -2.463230391875219201e-05 -1.173312021701192198e-03 1.844782205403040887e-05 2.463124952063144339e-05 9.999999995264896580e-01 -1.434147028369723437e-04
9.999999889892509097e-01 1.472137789055659018e-04 -1.869762947310209882e-05 -2.432556871983506015e-03 -1.472136160500089538e-04 9.999999891261345253e-01 8.711035081610585181e-06 -1.360966239064810394e-03 1.869891165417913556e-05 -8.708282440049265930e-06 9.999999997872582869e-01 -4.535954885547236913e-04
9.999999299982668122e-01 3.741662737568441201e-04 -1.749608508178198469e-06 -3.441513120999279383e-04 -3.741662884271952086e-04 9.999999299645778716e-01 -8.392137608370401291e-06 -3.036789707289309827e-04 1.746468330785849453e-06 8.392791665427928746e-06 9.999999999632555037e-01 -1.276382030497731895e-04
9.999998781891374922e-01 4.932829383878078316e-04 1.713629976670191581e-05 1.683564532776160669e-03 -4.932824197651306929e-04 9.999998778785184061e-01 -3.025562098384766742e-05 2.156845631513732483e-04 -1.715122225561326218e-05 3.024716426296964098e-05 9.999999993954723498e-01 -2.112219474453341176e-04
9.999999993080525007e-01 3.562743826971503751e-05 -1.070423933287702797e-05 9.919428687941867634e-04 -3.562751343693710713e-05 9.999999993406852861e-01 -7.022083219049938814e-06 -1.771722692894994082e-04 1.070398914698315510e-05 7.022464579621690465e-06 9.999999999180547716e-01 -5.428933678651337753e-04
9.999999542606943237e-01 -3.022922663871436383e-04 -9.899241780418648111e-06 -1.270252311520186960e-03 3.022921432937982259e-04 9.999999542324298218e-01 -1.243375991521240519e-05 -1.561271483103192034e-04 9.902999956818887037e-06 1.243076688348607398e-05 9.999999998737033602e-01 -6.164031110894159461e-04
9.999998632181628100e-01 5.230030102268661951e-04 5.613110618235423351e-06 6.793049296514204471e-04 -5.230030036722245999e-04 9.999998632332363080e-01 -1.169142151531268666e-06 -4.203689996484991889e-04 -5.613721315413084055e-06 1.166206317900575692e-06 9.999999999835630371e-01 -1.660367383396039141e-04
9.999999388754829965e-01 -3.145865362265865169e-04 1.525920755028652230e-04 -2.454977996166464536e-03 3.145997299454973174e-04 9.999999467769019601e-01 -8.644768990057470517e-05 3.194113067091505038e-04 -1.525648721021116347e-04 8.649569004224645120e-05 9.999999846212276333e-01 8.542496943015646590e-04
9.999997461380661923e-01 4.319494712038509428e-04 5.666952068569612285e-04 -1.054051320304475944e-02 -4.316995017327757839e-04 9.999998095117201835e-01 -4.411485730050237314e-04 -4.463599649749327644e-04 -5.668856528009978734e-04 4.409038189757594184e-04 9.999997421222063254e-01 4.561988611250390908e-03
9.999998233539373338e-01 -2.907070515301538624e-04 5.184414184468628993e-04 -1.378392262514723313e-02 2.908681909091345914e-04 9.999999094098699359e-01 -3.107667090570756670e-04 -1.750526937039472786e-03 -5.183510294074837295e-04 3.109174522788361460e-04 9.999998173212574226e-01 3.026326447490853590e-03
9.999999662189297256e-01 1.557917799384186312e-04 2.080650398774200316e-04 -6.995382903672336256e-03 -1.557774197287342818e-04 9.999999854839676239e-01 -6.903231096508701274e-05 -3.199159993717237867e-03 -2.080757915237397020e-04 6.899989679805380806e-05 9.999999759717392855e-01 -8.999652211647017532e-04
9.999999646082498028e-01 6.440322439586904644e-05 -2.581389623464408044e-04 6.254886776062727402e-03 -6.442029121860315670e-05 9.999999957399389183e-01 -6.610709593701212799e-05 -1.273283170178849798e-03 2.581347037366192500e-04 6.612372298449551735e-05 9.999999644970634094e-01 -1.261614510325601533e-03
9.999999162537823727e-01 -2.768191192287229032e-04 -3.014359026400912690e-04 1.825621881538182917e-02 2.768171170531097749e-04 9.999999616638043376e-01 -6.683828270236319354e-06 -3.470083639033909231e-04 3.014377412956403715e-04 6.600385092945851274e-06 9.999999545458604366e-01 -1.420967764743657265e-03
9.999999939129843307e-01 1.311301347810339693e-05 -1.095540055070773534e-04 3.929708410505965144e-02 -1.312025794374435306e-05 9.999999977275768615e-01 -6.612643273538116229e-05 2.512504704783586132e-03 1.095531381413205799e-04 6.612786970967955778e-05 9.999999918126073473e-01 -2.794795112562998944e-04
9.999999917581305908e-01 1.252134800001950769e-04 2.837821816436519304e-05 5.726478624672902418e-02 -1.252118345435612279e-04 9.999999904803060780e-01 -5.797744628982495123e-05 1.549643921328268739e-03 -2.838547745202471420e-05 5.797389252322497275e-05 9.999999979166461772e-01 5.829294651680180794e-04
9.999999884410946116e-01 3.358984487481459305e-05 -1.482886808704910104e-04 8.037865316765936685e-02 -3.360028487810112004e-05 9.999999969573383218e-01 -7.040130807874363347e-05 5.142635718599288149e-04 1.482863156502813810e-04 7.040628980690302025e-05 9.999999865270613464e-01 7.480363667212429910e-04
9.999999546845667053e-01 -1.804504993720052223e-04 -2.409740274497683974e-04 1.046634341953857211e-01 1.804168480956966998e-04 9.999999739722353898e-01 -1.396613386480042142e-04 -1.189197248351436115e-03 2.409992231360551392e-04 1.396178565446847366e-04 9.999999612131135196e-01 1.247391408889329551e-03
9.999998975908760412e-01 -3.786197417912906256e-04 -2.479220209217346434e-04 1.396071296257880845e-01 3.785525821726805503e-04 9.999998916607056865e-01 -2.708810060639112519e-04 -2.697845088437730160e-04 2.480245549586098915e-04 2.707871268020273009e-04 9.999999325790738247e-01 2.342439729906871902e-03
9.999997463217386029e-01 -6.910096813873713552e-04 -1.728064774233830118e-04 1.717631387418309952e-01 6.909776811943217157e-04 9.999997441308224877e-01 -1.851705530068720022e-04 -1.957315484324808827e-03 1.729343878523673778e-04 1.850511006140626686e-04 9.999999679248933182e-01 2.437334138140187859e-03
9.999995564429352557e-01 -8.918968672917364617e-04 -3.027109361873210050e-04 2.123166718560905164e-01 8.918326266817902916e-04 9.999995797844475343e-01 -2.122863497531469969e-04 -5.255834099306402538e-03 3.029001465137913778e-04 2.120162881026915627e-04 9.999999316502951041e-01 3.055738068607764986e-03
9.999994793348054856e-01 -8.197991465322407301e-04 -6.076672422360700643e-04 2.572553560178019727e-01 8.196419375415386205e-04 9.999996305755306514e-01 -2.589129130729074611e-04 -4.319923254217076895e-03 6.078792743340849340e-04 2.584147087101582637e-04 9.999997818522893267e-01 3.322164379290914061e-03
9.999989155247394068e-01 -1.022068433313569162e-03 -1.060342144231614641e-03 3.158907281696643476e-01 1.021819950451084789e-03 9.999994503628364395e-01 -2.348574330480864762e-04 -5.901270989384612559e-03 1.060581601796813447e-03 2.337736995937306022e-04 9.999994102580878064e-01 3.145987884630192279e-03
9.999978554419387544e-01 -1.455009663980174174e-03 -1.473790487529989465e-03 3.940588610215091658e-01 1.454746274853681081e-03 9.999989256971322238e-01 -1.797716809350352021e-04 -3.011164287505755516e-03 1.474050473765712611e-03 1.776273041825786195e-04 9.999988978112633875e-01 3.023239562064623624e-03
9.999971312956036362e-01 -1.699124173807227932e-03 -1.688306134953046662e-03 4.742414515424929200e-01 1.698706062338494523e-03 9.999985261836815686e-01 -2.490545693362184875e-04 -3.373657637550897016e-03 1.688726821339270670e-03 2.461859190057525217e-04 9.999985437960478007e-01 3.840497832076060838e-03
9.999963003190095456e-01 -1.922178865441672400e-03 -1.924727695668176052e-03 5.703235268458952678e-01 1.921876883974056160e-03 9.999981405948192847e-01 -1.587329419829099932e-04 -7.377729112004577025e-03 1.925029229925856109e-03 1.550332650554126813e-04 9.999981351118364392e-01 2.792223665934994575e-03
9.999943872620357110e-01 -2.263331200085328017e-03 -2.470379789519169204e-03 6.783387584343973931e-01 2.263063506711738594e-03 9.999974330911970410e-01 -1.111511648665065079e-04 -1.096219244700855078e-02 2.470625020178909056e-03 1.055599146547646171e-04 9.999969424298826848e-01 1.627301674894334913e-03
9.999922923688157050e-01 -2.504549180459943007e-03 -3.023646203459333208e-03 7.914553093208988033e-01 2.503422332490963520e-03 9.999967955925326279e-01 -3.764057539598856389e-04 -9.259587341672100014e-03 3.024579241187460958e-03 3.688333893318668190e-04 9.999953579303979545e-01 2.721041765926687523e-03
9.999895406137162546e-01 -3.048388938786162922e-03 -3.409690315345302765e-03 9.119571940686020950e-01 3.046646092592710051e-03 9.999952257196343952e-01 -5.162223590882140164e-04 -1.013811623218657115e-03 3.411247683057175989e-03 5.058288400429540848e-04 9.999940537455357381e-01 2.798193054679688329e-03
9.999880639497537027e-01 -3.511352222026072577e-03 -3.397405421233022464e-03 1.044766685476034906e+00 3.510457482989213542e-03 9.999938020671949035e-01 -2.692869396506598900e-04 -2.552002566724095867e-04 3.398329925636415019e-03 2.573572781445019469e-04 9.999941925436106605e-01 7.114009330796210000e-04
9.999866200142387695e-01 -3.837964746808734777e-03 -3.468402961120282957e-03 1.183795777743067879e+00 3.837308288362629993e-03 9.999926183162907156e-01 -1.959031122200280406e-04 -6.243390478012423618e-03 3.469129227705138215e-03 1.825911596090875981e-04 9.999939658832296407e-01 1.208625650911229711e-03
9.999831653284999566e-01 -4.041544793258572757e-03 -4.163529185428574420e-03 1.334539469690370295e+00 4.040815105584259770e-03 9.999918190087441205e-01 -1.836542011692082180e-04 -7.299407743926502809e-03 4.164237370313210104e-03 1.668270577860412587e-04 9.999913156102189227e-01 -1.424911387614661781e-03
9.999774404570140884e-01 -4.603893466082457746e-03 -4.891088017184314768e-03 1.502477922882176298e+00 4.601670940542398718e-03 9.999893038821686675e-01 -4.655596747496688372e-04 -4.947181826844332733e-03 4.893179088675210509e-03 4.430419943398615631e-04 9.999879301832584888e-01 6.106060750695196937e-04
9.999730431811206799e-01 -5.286332379529807245e-03 -5.095841545975807359e-03 1.672799627686052393e+00 5.282726673474453898e-03 9.999857865374075505e-01 -7.207787841937060005e-04 -1.779860002066342619e-03 5.099579392647977417e-03 6.938394162318426350e-04 9.999867563507441881e-01 6.000631473825311646e-03
9.999654332133781631e-01 -5.978327939168233060e-03 -5.778578841960538975e-03 1.865105524419750749e+00 5.972537288689346718e-03 9.999816452266845346e-01 -1.018826809812748129e-03 3.114512418058225460e-03 5.784563658238086811e-03 9.842788146345680250e-04 9.999827848610689518e-01 1.018864761009977485e-02
9.999557988314896617e-01 -6.957778345521251767e-03 -6.323741279643314492e-03 2.062862238746356436e+00 6.952608582855651642e-03 9.999754782443045498e-01 -8.391328667203452624e-04 1.179524513779625812e-02 6.329424710893656603e-03 7.951292781704941224e-04 9.999796528691271558e-01 1.094022451016016077e-02
9.999502654687686398e-01 -7.558836271401357318e-03 -6.506195751844393374e-03 2.272599031906093359e+00 7.554868770145894280e-03 9.999712604833116414e-01 -6.341650279926333957e-04 1.615642564814874158e-02 6.510802316538650755e-03 5.849800329941777293e-04 9.999786333975121400e-01 1.232850775309598385e-02
9.999398525797318360e-01 -8.176155463526863648e-03 -7.310383345653838176e-03 2.490273181578430695e+00 8.172256451245103054e-03 9.999664480278758205e-01 -5.630657231298327780e-04 1.487975048106017148e-02 7.314741780764101413e-03 5.032895287215506707e-04 9.999731202649054795e-01 1.427286284792447443e-02
9.999329191986408016e-01 -8.838636656873791880e-03 -7.485693350137320908e-03 2.726361357391167584e+00 8.835264291575696538e-03 9.999608514200986065e-01 -4.834584672838125336e-04 2.009603834485489127e-02 7.489673409604096811e-03 4.172879573482493045e-04 9.999718649356981182e-01 1.558651753299704866e-02
9.999204853631219470e-01 -9.673044993479189974e-03 -8.090435818463618048e-03 2.965887975528174625e+00 9.669551605220500640e-03 9.999531379624998495e-01 -4.707979435958322334e-04 1.731192877996442364e-02 8.094610733848142323e-03 3.925296216129459809e-04 9.999671610595838311e-01 1.443008716378227883e-02
9.999119033235954745e-01 -1.011244667472391799e-02 -8.597907538210203954e-03 3.226823282968382056e+00 1.011056790851424213e-02 9.999488525905521064e-01 -2.619530599015931164e-04 1.881456628639667852e-02 8.600116763862488550e-03 1.750002546714409706e-04 9.999630029988904045e-01 1.597616284082695529e-02
9.999105395308632849e-01 -1.063469555910601105e-02 -8.112717514062709259e-03 3.485425668432803104e+00 1.062509659160575104e-02 9.999428012411782918e-01 -1.225384986264961128e-03 1.953995067867880797e-02 8.125285072961859964e-03 1.139076955541888821e-03 9.999663405566071583e-01 2.743409115191366293e-02
9.999028150968743978e-01 -1.124123556471020267e-02 -8.245907125628670897e-03 3.756076155607616762e+00 1.123240209902872343e-02 9.999362909361801943e-01 -1.116786407733431474e-03 2.492895920832201989e-02 8.257935845690150822e-03 1.024056528448276642e-03 9.999653783025664877e-01 1.745192952333168845e-02
9.998882695213721084e-01 -1.197226700369992923e-02 -8.950603127611030801e-03 4.033995342395864547e+00 1.196767357314702969e-02 9.999282243101476064e-01 -5.665837992928060476e-04 1.573313475859052651e-02 8.956743984422057409e-03 4.594025980996905190e-04 9.999597820344827692e-01 6.964265219392327087e-03
9.998580330886043255e-01 -1.258674755280987829e-02 -1.120211829205809001e-02 4.325925434406709513e+00 1.258177104349317114e-02 9.999207139625057028e-01 -5.146125940595371430e-04 -2.378048177010485924e-03 1.120770741929609515e-02 3.735970485461915158e-04 9.999371218829955499e-01 -1.711733320225552243e-03
9.998371441266874493e-01 -1.259660193255941231e-02 -1.292326755671159740e-02 4.611770432897285943e+00 1.258267595465947276e-02 9.999201640754902254e-01 -1.158335471620213289e-03 -1.293770612213545820e-02 1.293682690653888238e-02 9.955375419439275661e-04 9.999158201641740185e-01 -5.965385044228221911e-03
9.998188456229872845e-01 -1.297573125916181430e-02 -1.392502550830929109e-02 4.913993609510143301e+00 1.296052869017317102e-02 9.999153108667715451e-01 -1.181435685421598812e-03 -2.728756346352592330e-02 1.393917620192282325e-02 1.000745970564189931e-03 9.999023441688263958e-01 -8.237241136141878334e-03
9.997987169030700949e-01 -1.306683397838213738e-02 -1.522443853664564271e-02 5.236947508540803042e+00 1.304480096243596822e-02 9.999137183819764019e-01 -1.545625886168625366e-03 -2.999993130440743727e-02 1.524332138430245683e-02 1.346715007328180011e-03 9.998829069005349401e-01 -1.024865484378683148e-02
9.997722546212245431e-01 -1.324252095599743814e-02 -1.673542734211609997e-02 5.538509363498784310e+00 1.319638278755342134e-02 9.999088213288270799e-01 -2.864351605533946125e-03 -3.187082043937946446e-02 1.677183266425116490e-02 2.642852157372746133e-03 9.998558500911801650e-01 -2.145383415279977779e-03
9.997330573509132234e-01 -1.396137472141993109e-02 -1.840907536200164438e-02 5.879206566491402164e+00 1.389427282109191066e-02 9.998963705822411230e-01 -3.767927710899522751e-03 -3.084529410682923523e-02 1.845977309093549054e-02 3.511141174831115038e-03 9.998234387456025329e-01 9.079798008414206867e-04
9.996758483228066483e-01 -1.456663182300155061e-02 -2.088088880795060942e-02 6.226485976978316295e+00 1.450350583301095696e-02 9.998897891554395789e-01 -3.171413130207321584e-03 -1.865351945930431021e-02 2.092478431498627500e-02 2.867539018697527146e-03 9.997769404328885612e-01 -4.179760722045847837e-04
9.996877593292605724e-01 -1.511093525308506574e-02 -1.990084126411523213e-02 6.606328813117564813e+00 1.508899234808411260e-02 9.998853704372928641e-01 -1.252316013257291812e-03 -6.098828552222525234e-03 1.991748370557635400e-02 9.516413477106632456e-04 9.998011743449711775e-01 -6.831403521699946912e-03
9.997129822117878373e-01 -1.731646820321315616e-02 -1.655575809743374191e-02 6.988268264728833223e+00 1.732006536690936654e-02 9.998499936858181725e-01 7.390639592107467286e-05 6.670464375018095651e-03 1.655199483142807612e-02 -3.606319959170740529e-04 9.998629413132901211e-01 2.904869826096198593e-02
9.997205595733187344e-01 -1.870219292552119730e-02 -1.445789563480941523e-02 7.375714026569665904e+00 1.872121276710252483e-02 9.998240448803059621e-01 1.181300856213871433e-03 -2.636006139215846950e-04 1.443325877753647360e-02 -1.451640093342401868e-03 9.998947813555684183e-01 4.817122636257645252e-02
9.997274031542627837e-01 -1.982552065024556498e-02 -1.233159005889874170e-02 7.760642206519682063e+00 1.982601889001997519e-02 9.998034418198075146e-01 -8.185498977292929887e-05 -4.539331866224185878e-03 1.233078900178795519e-02 -1.626536610907996594e-04 9.999239597021265524e-01 7.017428559238302055e-02
9.997084130357372089e-01 -2.128337002997771760e-02 -1.140644842774578456e-02 8.147634156647226789e+00 2.126752718412475152e-02 9.997726825908944681e-01 -1.508453671509001276e-03 -1.119675875621078953e-02 1.143596052110589824e-02 1.265426874070794310e-03 9.999338065601073300e-01 8.874312818686187765e-02
9.996547434823342959e-01 -2.223365981396947452e-02 -1.400207857945076802e-02 8.521839094226002942e+00 2.219353807137195225e-02 9.997491488819274519e-01 -3.014328737269536367e-03 -6.105040442508381446e-03 1.406558570209569432e-02 2.702532356595224380e-03 9.998974225477924582e-01 1.006393275032664847e-01
9.995828419780022900e-01 -2.409399085462857193e-02 -1.592550243719467740e-02 8.894885625931820528e+00 2.403216993333780194e-02 9.997029335551603779e-01 -4.061951440113402596e-03 4.440091330011700435e-03 1.601864012565341194e-02 3.677532583640746693e-03 9.998649303394039345e-01 1.134801451017134893e-01
9.995450904381891766e-01 -2.544473923921160632e-02 -1.619189383490127893e-02 9.291323277721190266e+00 2.536917879944972434e-02 9.996663611763074719e-01 -4.855007678883110044e-03 2.227744592351382780e-02 1.631002599488239752e-02 4.442024039668003403e-03 9.998571155292526047e-01 1.410287324378741991e-01
9.995137179301356589e-01 -2.689525146557805724e-02 -1.577888202885668542e-02 9.676520367907116338e+00 2.681257291159892114e-02 9.996257401552356425e-01 -5.428218212033752814e-03 4.436932921527991791e-02 1.591896992074068665e-02 5.002506141983691611e-03 9.998607709721198944e-01 1.633236577892047681e-01
9.994782212551144296e-01 -2.772096936072008036e-02 -1.657809079522252690e-02 1.009273425375645594e+01 2.766521200972505909e-02 9.996108223131099368e-01 -3.583288847556156346e-03 5.199596155340675818e-02 1.667097121254750361e-02 3.122782767032413007e-03 9.998561531273487679e-01 1.407598036527486773e-01
9.993990000941095353e-01 -2.871856534695237453e-02 -1.941346479397521724e-02 1.051222852143162179e+01 2.868896963747151821e-02 9.995867637180009257e-01 -1.801338644897646120e-03 6.207990929667397961e-02 1.945717430754852206e-02 1.243303738509108757e-03 9.998099182163474596e-01 1.160978353554604908e-01
9.993097357719161744e-01 -2.984960299674687886e-02 -2.211454707652123902e-02 1.094873459245719438e+01 2.981478731119585265e-02 9.995536299495899613e-01 -1.902448997029715675e-03 6.509283629930824600e-02 2.216146315231079522e-02 1.241795286971403419e-03 9.997536333994561097e-01 1.159687592918773325e-01
9.992478820174822696e-01 -3.055849140547003961e-02 -2.387150784088954911e-02 1.140387248217658112e+01 3.050157614782518511e-02 9.995309499512862184e-01 -2.744802721099092943e-03 8.001263736870968535e-02 2.394418793933632619e-02 2.014619691441792322e-03 9.997112669023114906e-01 1.292319882612992243e-01
9.992048112826663608e-01 -3.137015959478712396e-02 -2.461012386333709043e-02 1.187190575378257762e+01 3.131317451285172554e-02 9.995059820808203099e-01 -2.697570496321721831e-03 1.060287868072502804e-01 2.468258923814317315e-02 1.924804315383263570e-03 9.996934854828496420e-01 1.434067379750626758e-01
9.991813997641960654e-01 -3.237813453144354481e-02 -2.425256212290748115e-02 1.235097513497156285e+01 3.233465653658716688e-02 9.994747146420774886e-01 -2.182837098504250301e-03 1.263605656851412018e-01 2.431049880036780658e-02 1.396851961164236478e-03 9.997034802643611773e-01 1.499518057378751157e-01
9.991406943297322929e-01 -3.321675338404955075e-02 -2.478951852948670445e-02 1.284503740654667325e+01 3.318710920769165490e-02 9.994478652017618758e-01 -1.606401592861488991e-03 1.327715438162680728e-01 2.482919081922082757e-02 7.823287442198451416e-04 9.996914020061384853e-01 1.553363676174087937e-01
9.990503359321820653e-01 -3.409474360047937136e-02 -2.712885424436128207e-02 1.334213386646169930e+01 3.404613986012015869e-02 9.994177257810384907e-01 -2.251611707645402929e-03 1.410549486557833854e-01 2.718982593580483720e-02 1.325840667063635453e-03 9.996294090872407390e-01 1.635437578072900522e-01
9.989622737303421873e-01 -3.516437914418744926e-02 -2.894550229152416387e-02 1.385369287609423417e+01 3.510588631860403486e-02 9.993804044191074709e-01 -2.526659630111185127e-03 1.515786461298112286e-01 2.901641620341916666e-02 1.507880136157395108e-03 9.995777978167607047e-01 1.720871823553153934e-01
9.988978122800377113e-01 -3.621983146693547040e-02 -2.985438712587055315e-02 1.438056138281635654e+01 3.614844813748563368e-02 9.993421433788407526e-01 -2.927484284516788764e-03 1.769926778943128609e-01 2.994078020703644372e-02 1.845067882592060999e-03 9.995499714396987034e-01 1.835272455072534115e-01
9.988106086794216187e-01 -3.733727208125439678e-02 -3.135755256670667152e-02 1.492691450292144850e+01 3.728520588128289570e-02 9.993021461163850150e-01 -2.243699974910665692e-03 1.955228533048357087e-01 3.141944321329927930e-02 1.071858534251715536e-03 9.995057126937538783e-01 1.839645987651189474e-01
9.987443152726022122e-01 -3.878665292792338876e-02 -3.170785810031434560e-02 1.547872581944887216e+01 3.878879734264786133e-02 9.992472813156236811e-01 -5.477079932237566371e-04 1.987643634708167739e-01 3.170523476291969844e-02 -6.828894373609364216e-04 9.994970293856028087e-01 1.888373042747444885e-01
9.987128421288995472e-01 -3.930254498685938069e-02 -3.206195446899216123e-02 1.603949688967781739e+01 3.929543124281370536e-02 9.992272728702826790e-01 -8.521946132850631616e-04 2.099633737035429271e-01 3.207067274406840557e-02 -4.087906230656410947e-04 9.994855200751882052e-01 2.132262693582485658e-01
9.986280136577081468e-01 -4.076719961597914665e-02 -3.286526697793827612e-02 1.662867715700150129e+01 4.072869542907853191e-02 9.991685473700933073e-01 -1.840465968970900375e-03 2.150353987140160295e-01 3.291297170882033496e-02 4.993814258582191532e-04 9.994580966261096266e-01 2.393100429615137303e-01
9.985666088127158613e-01 -4.116147425774518975e-02 -3.421199791303287940e-02 1.720839173644823106e+01 4.109649531756057184e-02 9.991517976526670397e-01 -2.600638394230703806e-03 2.371152180597281833e-01 3.429002532641392542e-02 1.190917450037753261e-03 9.994112146052499535e-01 2.667410488129691726e-01
9.984927195468866756e-01 -4.203181961335977768e-02 -3.529327346467509702e-02 1.779147674166510740e+01 4.194052094804918973e-02 9.991145813686265198e-01 -3.323552196147895252e-03 2.740547571757914747e-01 3.540171908917138371e-02 1.838324395817305052e-03 9.993714719006877578e-01 2.925713146686639843e-01
9.984005003804230505e-01 -4.357489090939486998e-02 -3.602318312358466362e-02 1.837645766996597274e+01 4.350785569077519899e-02 9.990495886850043750e-01 -2.643074254405657596e-03 2.955318804942618227e-01 3.610411795504300109e-02 1.071555205277931883e-03 9.993474593133913064e-01 3.072534538722357933e-01
9.983127369547023511e-01 -4.517138449558078667e-02 -3.648595972101767448e-02 1.895840067975812460e+01 4.515261004028570807e-02 9.989792036759895799e-01 -1.338816430888786508e-03 3.174791826205741740e-01 3.650919117922514501e-02 -3.108788158281714040e-04 9.993332688917149209e-01 3.194289674633171150e-01
9.982313277784568006e-01 -4.678193890409382272e-02 -3.668332637633710952e-02 1.956007435742528600e+01 4.675782840789781403e-02 9.989051051851431939e-01 -1.515360562872957329e-03 3.306810883035032345e-01 3.671405349776595689e-02 -2.025522933959005055e-04 9.993257913455109165e-01 3.479203533708064011e-01
9.981044206569932298e-01 -4.815771331961238994e-02 -3.831970919506095391e-02 2.016267774089153875e+01 4.810123537840938629e-02 9.988395943279894107e-01 -2.394985964144964903e-03 3.438330817069100154e-01 3.839057983462699358e-02 5.472207266007152052e-04 9.992626601296765720e-01 3.655054458801310635e-01
9.980067870503512850e-01 -4.882261508164578712e-02 -3.998506293635582104e-02 2.077075505441502301e+01 4.873134914916657512e-02 9.988066196339357994e-01 -3.254563800636637531e-03 3.638428084922327166e-01 4.009624186300887044e-02 1.299550699220795424e-03 9.991949772474055802e-01 3.943577490252530571e-01
9.979078247260390055e-01 -4.959102305776083575e-02 -4.148136669192113019e-02 2.137974114433366069e+01 4.947337678411352357e-02 9.987679894904122335e-01 -3.858517702050401864e-03 3.960913404889016554e-01 4.162160905253577819e-02 1.798221722850641127e-03 9.991318271672229301e-01 4.187918407067288684e-01
9.977773110239620546e-01 -5.052088082855555468e-02 -4.345202188734732796e-02 2.199374734183457392e+01 5.040193710883867501e-02 9.987216736672731576e-01 -3.829266629187684165e-03 4.159507159641909202e-01 4.358993394659246845e-02 1.630689286046717833e-03 9.990481762712867253e-01 4.365233378708263667e-01
9.976885883175795611e-01 -5.117800474667636573e-02 -4.470226583769898454e-02 2.261363499906903129e+01 5.106689931194671045e-02 9.986886570370020477e-01 -3.624651747804646766e-03 4.435350371042944273e-01 4.482914828031685228e-02 1.333467576860416495e-03 9.989937784234108609e-01 4.606637245992273866e-01
9.975981360604720960e-01 -5.164853663834687025e-02 -4.615612193186451745e-02 2.323177333094180952e+01 5.153679768121359472e-02 9.986645772158219136e-01 -3.608420583776056779e-03 4.737978847548040551e-01 4.628085363773511846e-02 1.221014930745307949e-03 9.989277209633845578e-01 4.805462053619880547e-01
9.975257457724369115e-01 -5.182782974997408171e-02 -4.750013246877564377e-02 2.386509405790287985e+01 5.174301333708148515e-02 9.986558839898582729e-01 -3.014289838980958348e-03 5.012619438787435655e-01 4.759251088083228665e-02 5.490317317587639981e-04 9.988666835330004545e-01 4.987515148029845746e-01
9.974759469245538801e-01 -5.182163030151386990e-02 -4.854126017995101516e-02 2.448903388223992295e+01 5.176224929143725256e-02 9.986563558869816504e-01 -2.480402149937688608e-03 5.276388550197198546e-01 4.860457648468488601e-02 -3.846332709234547877e-05 9.988180983869470175e-01 5.206882908543313260e-01
9.974136067269954165e-01 -5.181523769122935857e-02 -4.981243076630555849e-02 2.515194450472873200e+01 5.173882126759068306e-02 9.986566598227335501e-01 -2.823148161407296533e-03 5.544995632201995539e-01 4.989179781975076194e-02 2.386099376718198335e-04 9.987546002775710141e-01 5.533999988842511764e-01
9.973987271387250164e-01 -5.146772646426649861e-02 -5.046634754616886875e-02 2.581191376018460915e+01 5.140296015201730601e-02 9.986746581092924568e-01 -2.581266723534651492e-03 5.901915755896621762e-01 5.053231431135311869e-02 -1.956750747456569017e-05 9.987224263164672378e-01 5.895089010641010319e-01
9.974244264536413773e-01 -5.090504037407315302e-02 -5.052910426811987182e-02 2.647413007174865029e+01 5.084865859065548083e-02 9.987034828165559652e-01 -2.401526517050318974e-03 6.315505076235292670e-01 5.058584222048207596e-02 -1.739959629391348191e-04 9.987197015640821851e-01 6.310208023343462092e-01
9.974315596341463142e-01 -5.049960646334426123e-02 -5.079442482046389595e-02 2.715472327208500047e+01 5.043496867674430312e-02 9.987240807893719152e-01 -2.554287767657881410e-03 6.595568768450708053e-01 5.085860576510352338e-02 -1.408799292391699903e-05 9.987058636160890401e-01 6.656346999814813925e-01
9.974175006080064909e-01 -4.992353087823964142e-02 -5.163303734554914454e-02 2.783518510623390085e+01 4.984891208061974222e-02 9.987530315381933921e-01 -2.732756419269906367e-03 6.892479519477805461e-01 5.170508142587209449e-02 1.518483383850404746e-04 9.986623861429978488e-01 7.034928709190251261e-01
9.973642903760464584e-01 -4.945222250488688631e-02 -5.309378468344902458e-02 2.850735964473572892e+01 4.932128862244228307e-02 9.987758332223355406e-01 -3.774315785834070000e-03 7.154714673684411386e-01 5.321543734018384375e-02 1.145713906963313072e-03 9.985823974857239715e-01 7.390161665603972585e-01
9.973111552107667421e-01 -4.851906286783245342e-02 -5.492140047916899137e-02 2.923780573572682684e+01 4.840734199569524804e-02 9.988220143632632331e-01 -3.363460156606656870e-03 7.443808819878072747e-01 5.501989579304690514e-02 6.958173184130973712e-04 9.984850158641248585e-01 7.674223590115643034e-01
9.972332402480779123e-01 -4.728077208695607991e-02 -5.736194849532702533e-02 2.995825806370240940e+01 4.717347837842544855e-02 9.988815092431682086e-01 -3.223884267567392499e-03 7.757773859764501845e-01 5.745021742343071891e-02 5.090019172423688922e-04 9.983482425662143500e-01 7.933691434292271527e-01
9.972411982577554790e-01 -4.575063847585451871e-02 -5.845401249262333065e-02 3.067650123092841241e+01 4.571557571889736660e-02 9.989526172821281413e-01 -1.937669186375138349e-03 7.993693117793420067e-01 5.848143837257993582e-02 -7.399352929320209210e-04 9.982882218385812356e-01 8.139935675443189522e-01
9.972031585508277507e-01 -4.350938715856050160e-02 -6.076836187803018319e-02 3.140282268042659908e+01 4.346492490210775855e-02 9.990528421975019002e-01 -2.053971846822156156e-03 8.209870224814747042e-01 6.080017170622854794e-02 -5.930650722271590828e-04 9.981497820439141355e-01 8.440280862153896058e-01
9.972046847597049180e-01 -4.099841891447471298e-02 -6.246556123025605312e-02 3.214475824772743806e+01 4.096354524539856656e-02 9.991589486370423545e-01 -1.839380180488086117e-03 8.552608917087913820e-01 6.248843616402806334e-02 -7.245723106979372547e-04 9.980454249886328011e-01 8.785527685780482043e-01
9.974223609881496255e-01 -3.829901865103475800e-02 -6.067799412631518646e-02 3.289306082306271861e+01 3.827432645504906528e-02 9.992660368111251357e-01 -1.569589181711822162e-03 8.918519601711748512e-01 6.069357243759655046e-02 -7.568660084236731363e-04 9.981561588341814062e-01 9.335652065037327585e-01
9.976402311097796183e-01 -3.550402709807880947e-02 -5.876591980939712551e-02 3.362905059943921060e+01 3.553381193303035285e-02 9.993683296606783450e-01 -5.384057334125416823e-04 9.047709168697982696e-01 5.874791469263940941e-02 -1.551041922266141893e-03 9.982716447882418187e-01 9.693920492502887676e-01
9.977354330586124531e-01 -3.267372996584877454e-02 -5.879143636161601738e-02 3.436859205943144246e+01 3.262706231650405742e-02 9.994660569628760483e-01 -1.753791229303063286e-03 9.125010688739467746e-01 5.881734798457094460e-02 -1.683722061841400400e-04 9.982687469949472758e-01 1.014982797798395842e+00
9.976854709387146247e-01 -2.955754681593109057e-02 -6.123767226160056754e-02 3.510266462602130844e+01 2.940826818874655441e-02 9.995619106307053192e-01 -3.337750504849598763e-03 9.221625470324734675e-01 6.130950040518939881e-02 1.529131295183089757e-03 9.981176318037610073e-01 1.061964110349940871e+00
9.977083079808787280e-01 -2.612620697387969815e-02 -6.241436929978547848e-02 3.583624536236058589e+01 2.595578634506103682e-02 9.996568244286175853e-01 -3.539848655173390753e-03 9.490492657782123587e-01 6.248543303155982415e-02 1.911722377854464545e-03 9.980440451084353626e-01 1.105989419015445785e+00
9.976992264458094395e-01 -2.258831073785496496e-02 -6.392199752388538769e-02 3.655632184246722005e+01 2.244842973342071196e-02 9.997437794477711526e-01 -2.905762892929584975e-03 9.664755932792106208e-01 6.397125566953626441e-02 1.464128920675950279e-03 9.979506675054465870e-01 1.139098246149796489e+00
9.976013312243766640e-01 -2.014940014571692598e-02 -6.622375414546734229e-02 3.729111067846258010e+01 1.999272934307043045e-02 9.997955409395685722e-01 -3.027720391669740715e-03 9.820156199058415192e-01 6.627122084861762630e-02 1.696464300592557314e-03 9.978002040970479491e-01 1.187115371631099592e+00
9.976294598819901438e-01 -1.669371075423874140e-02 -6.675912519515461718e-02 3.800934946937052672e+01 1.662386824225112192e-02 9.998605312058767014e-01 -1.601605871129726816e-03 9.978480210988616150e-01 6.677655112562183581e-02 4.880142989467764524e-04 9.977678357522912211e-01 1.217881625582472260e+00
9.976560648342335247e-01 -1.296667385574683425e-02 -6.718810660072534191e-02 3.872545196583428861e+01 1.288916102903932444e-02 9.999156718481921891e-01 -1.587047682308122612e-03 9.964017053874874019e-01 6.720301948156225114e-02 7.173294202228035514e-04 9.977390638894838570e-01 1.256300748654306076e+00
9.975351563737895333e-01 -8.702765733907226117e-03 -6.962667353033676065e-02 3.944807349006273967e+01 8.572829346483517785e-03 9.999609093844187280e-01 -2.164786382642671595e-03 9.939395445450509570e-01 6.964279140955965952e-02 1.562552932586409394e-03 9.975707694359420286e-01 1.294751626745041628e+00
9.972844980881685473e-01 -3.971815013711409680e-03 -7.353811636509786920e-02 4.016454532167978186e+01 3.787672823021957617e-03 9.999893331227338589e-01 -2.643326566231487575e-03 1.003537456016497798e+00 7.354783074717811953e-02 2.357610283074984027e-03 9.972889041126135057e-01 1.344190575418818145e+00
9.972236681796970981e-01 7.689120872089719909e-04 -7.446048882750916365e-02 4.086996688899738217e+01 -8.471507180684928690e-04 9.999991218213898359e-01 -1.019162455168661548e-03 1.015242078783561430e+00 7.445963979156997037e-02 1.079412178592274296e-03 9.972234438236289300e-01 1.387866158131295435e+00
9.971686032262881971e-01 5.765886162074652758e-03 -7.497687174388806275e-02 4.159432605995006327e+01 -5.779847968819358354e-03 9.999832960658687764e-01 3.076846380006974832e-05 1.008494032364547710e+00 7.497579674262075389e-02 4.026735737864068276e-04 9.971852725330444533e-01 1.428392031432970999e+00
9.970718532445160820e-01 1.124576827253892346e-02 -7.563895929682376562e-02 4.230169621656732204e+01 -1.127442482906191625e-02 9.999364404933831496e-01 4.814765447727170590e-05 9.863697920931369101e-01 7.563469317925497482e-02 8.047790896614835741e-04 9.971352694184960619e-01 1.486722938941734684e+00
9.969561677227442020e-01 1.708812596200261907e-02 -7.606836129880910347e-02 4.301355322125383651e+01 -1.710443917135467951e-02 9.998536128439946546e-01 4.370851685685846894e-04 9.759978935047952664e-01 7.606469483415322086e-02 8.653519040755250444e-04 9.971025089557589149e-01 1.539420353439086675e+00
9.967976128635435140e-01 2.301120484493236751e-02 -7.658331046073785231e-02 4.372940686182130321e+01 -2.297656346934581761e-02 9.997351145366166758e-01 1.333526751559766703e-03 9.645473865014572157e-01 7.659371071230536288e-02 4.303650108493069573e-04 9.970622940745864637e-01 1.590267412706299011e+00
9.966500190139584436e-01 2.903144442927729774e-02 -7.645858247329700985e-02 4.443136229821632810e+01 -2.897867222306210050e-02 9.995784097529790690e-01 1.799808849227999517e-03 9.356683617713599244e-01 7.647859933121489706e-02 4.218886763290583333e-04 9.970711337985270761e-01 1.649349702682295193e+00
9.965061442678443404e-01 3.558561199323969498e-02 -7.555904085879373844e-02 4.513126653404058430e+01 -3.559801736891594209e-02 9.993654894837556979e-01 1.183041967034367424e-03 9.057512670304700420e-01 7.555319712518211717e-02 1.510843459793505131e-03 9.971406278736231199e-01 1.705545677424909146e+00
9.962972218307158956e-01 4.199924788391544428e-02 -7.501939049060983578e-02 4.582896639025996421e+01 -4.205496132734908021e-02 9.991149476796254980e-01 8.375863503394077392e-04 8.653369355490792003e-01 7.498817240173512311e-02 2.320452611997414309e-03 9.971817234082878123e-01 1.766263672899623716e+00
9.960137459019375861e-01 4.780982297715803686e-02 -7.530497195592952830e-02 4.651889200231643429e+01 -4.794944487683525103e-02 9.988497627799269862e-01 -4.615719679939710336e-05 8.298060081855159753e-01 7.521614660692116372e-02 3.656804804236968298e-03 9.971605482911113372e-01 1.821791363400738994e+00
9.956511539265026078e-01 5.360477596732603212e-02 -7.619256970542931384e-02 4.723865205179987470e+01 -5.376791145975381991e-02 9.985534555632809006e-01 -8.988819092816281026e-05 7.947799253015231935e-01 7.607753533126579426e-02 4.186212622834635348e-03 9.970931171369082913e-01 1.861329927413611918e+00
9.952924629377253307e-01 5.839490370038372818e-02 -7.734952127311149617e-02 4.789945693453628195e+01 -5.859609532914124980e-02 9.982817174154748896e-01 -3.320936435236470155e-04 7.565422634097619392e-01 7.719722036145347521e-02 4.862910222571292795e-03 9.970039825761141117e-01 1.905610560806664244e+00
9.948219492923939811e-01 6.377685953156282672e-02 -7.913154487543347382e-02 4.859037171989717763e+01 -6.398544814522209856e-02 9.979508265994669891e-01 -1.005738324526333702e-04 7.050483490204068060e-01 7.896297633534676841e-02 5.163320417326699129e-03 9.968641775540595384e-01 1.943715804833680449e+00
9.943646376136675569e-01 6.879935278585398717e-02 -8.065740213822344962e-02 4.928609403292642099e+01 -6.897975207490568417e-02 9.976179079337655908e-01 5.509750822419575908e-04 6.588713232304758138e-01 8.050317550956628820e-02 5.015857464512935363e-03 9.967417317975462154e-01 1.996215011267441719e+00
9.940652005995935792e-01 7.384855333741936756e-02 -7.987971035788790641e-02 4.999325620632028944e+01 -7.399804874998529292e-02 9.972577892385382503e-01 1.091138972787554897e-03 5.960525330477461914e-01 7.974124239115248924e-02 4.826279419331599985e-03 9.968039131588930513e-01 2.045481815114996937e+00
9.936823453837776432e-01 7.928683657859537937e-02 -7.942917611277393319e-02 5.068404943377373684e+01 -7.948427808473736145e-02 9.968358892357862544e-01 6.778413144046075908e-04 5.210282328843435229e-01 7.923159729516428273e-02 5.639811775093707749e-03 9.968402813456117562e-01 2.097422969325402953e+00
9.932664047051602552e-01 8.412208223985269406e-02 -7.965754555417942084e-02 5.137630083927491853e+01 -8.433182106696283931e-02 9.964374571089585908e-01 7.335023940536690608e-04 4.487974586330902849e-01 7.943546588026328958e-02 5.989102592524183852e-03 9.968220189233992778e-01 2.138986180780737989e+00
9.927331694024335018e-01 8.826158059080546625e-02 -8.179699114155776496e-02 5.206130982703727028e+01 -8.862441929746323055e-02 9.960647862100807659e-01 -8.086881064112579585e-04 3.755907731206362676e-01 8.140372640356675904e-02 8.052022347135999458e-03 9.966486834706271836e-01 2.192049492463965077e+00
