1.000000000000000000e+00 0.000000000000000000e+00 0.000000000000000000e+00 0.000000000000000000e+00 0.000000000000000000e+00 1.000000000000000000e+00 0.000000000000000000e+00 0.000000000000000000e+00 0.000000000000000000e+00 0.000000000000000000e+00 1.000000000000000000e+00 0.000000000000000000e+00
9.999999999024742348e-01 -1.082566160091140576e-05 8.823634205901196456e-06 -3.360287789428635305e-03 1.082605176476344809e-05 9.999999989637295972e-01 -4.421919647071240487e-05 -2.821175310378456428e-03 -8.823155494700271137e-06 4.421929199152055992e-05 9.999999989834030822e-01 -1.444422461334175399e-03
9.999999996070149111e-01 1.953340860875832735e-05 -2.011009798216934692e-05 1.696177460323645622e-03 -1.953391677971211019e-05 9.999999994899377853e-01 -2.526955567042167480e-05 -3.100197327604258674e-03 2.010960437135567210e-05 2.526994848947153235e-05 9.999999994785168100e-01 -1.605943072959355655e-03
9.999999998486315267e-01 -1.015344306498895289e-05 1.412955988482925199e-05 1.132380293167751899e-03 1.015366307346623665e-05 9.999999998272265378e-01 -1.557081015822933996e-05 -2.683066908330203164e-03 -1.412940178505362036e-05 1.557095362266285599e-05 9.999999997789527084e-01 -8.116337228286196314e-04
9.999999999857311916e-01 4.388028343481288955e-07 -5.324002208814665003e-06 -1.491842620458294286e-03 -4.388959824452866785e-07 9.999999998468506179e-01 -1.749589020520866191e-05 -2.830858413667634334e-03 5.323994530753085596e-06 1.749589254164219879e-05 9.999999998327744333e-01 -1.136470605900968172e-03
9.999999999971279641e-01 1.095445296764866849e-06 2.131660216416356882e-06 -1.410192681190617584e-03 -1.095404584567452816e-06 9.999999998170193694e-01 -1.909872868164256507e-05 -2.868640971961045495e-03 -2.131681137638813120e-06 1.909872634655734202e-05 9.999999998153472625e-01 -1.352747244566836465e-03
9.999999998699053982e-01 -8.300677890747074636e-06 -1.383068501516001294e-05 6.446996830309780109e-04 8.300218504397415106e-06 9.999999994139437964e-01 -3.321473696395456734e-05 -1.602730269946906752e-03 1.383096071188721672e-05 3.321462216192581701e-05 9.999999993527467490e-01 -1.003039035239052836e-03
9.999999999743826029e-01 -3.747741403137359602e-06 6.098293055248639348e-06 7.948512571721595005e-04 3.747868990515849098e-06 9.999999997741129132e-01 -2.092194125295712573e-05 -1.876819477009627167e-05 -6.098214643845646544e-06 2.092196410802460080e-05 9.999999997625416137e-01 -1.212199765044583415e-03
9.999999997788107109e-01 -1.125931404617037756e-05 1.776531696207141027e-05 -1.012660910009456324e-04 1.125952062698366488e-05 9.999999998690033420e-01 -1.162826411580163332e-05 -2.555449315605977552e-03 -1.776518603346672131e-05 1.162846414218236648e-05 9.999999997745885327e-01 -8.393931610170148440e-04
9.999999999969420017e-01 6.226250488368813571e-07 -2.393402284718316184e-06 -4.016958809566888730e-04 -6.226825657011273415e-07 9.999999997110496919e-01 -2.403149801303018201e-05 -3.250037092402307919e-03 2.393387321414117680e-06 2.403149950328656629e-05 9.999999997083793835e-01 -1.288319570229808260e-03
9.999999999349974411e-01 -1.115886974644256471e-05 -2.341967047522890572e-06 1.743633386649741379e-03 1.115882757708929610e-05 9.999999997756467973e-01 -1.800519573434807293e-05 -3.633964322851731404e-04 2.342167964631421175e-06 1.800516959957121482e-05 9.999999998351640773e-01 -7.284110994338613074e-04
9.999999998951066837e-01 -1.354353732213274497e-05 5.134129383829367302e-06 1.730218292094127044e-03 1.354358212332804048e-05 9.999999998702122639e-01 -8.726218040160873361e-06 3.885009202013282870e-05 -5.134011199303311448e-06 8.726287573748491166e-06 9.999999999487468871e-01 -8.389045509429706241e-04
9.999999996331456753e-01 -7.762948642677887969e-06 2.595082396716623616e-05 -1.464477485390813533e-03 7.763067430160799952e-06 9.999999999593914835e-01 -4.577309390551881525e-06 -2.999552645393531100e-03 -2.595078843269469171e-05 4.577510846869001134e-06 9.999999996528015078e-01 -1.109624201106822845e-03
9.999999954457143847e-01 -4.308801151054254434e-05 8.515864347100494123e-05 -6.149454432914512776e-03 4.308830748548405347e-05 9.999999990656653903e-01 -3.473739735715194513e-06 -6.358718554069252467e-03 -8.515849371490055979e-05 3.477409061709717144e-06 9.999999963679693238e-01 -7.927758584647397362e-04
9.999999856259087494e-01 6.785170538055198088e-05 1.553844536171824467e-04 -2.367962490249603952e-02 -6.778966940166904871e-05 9.999999180170325852e-01 -3.992123354019989521e-04 8.227724734309899840e-04 -1.554115281160698575e-04 3.992017962029434895e-04 9.999999082425872210e-01 -9.387067382058141007e-03
9.999979656178410448e-01 -1.792065164812435687e-06 -2.017116002522891839e-03 1.246018453647644575e-02 1.005836992154085782e-06 9.999999240355361696e-01 -3.897793095679878716e-04 -4.960149601714473888e-03 2.017116547803678508e-03 3.897764877180217202e-04 9.999978896553343155e-01 -2.643383091487989944e-03
9.999960699625835003e-01 -3.087622980928890866e-05 -2.803409717868721261e-03 -5.579342655900716708e-03 3.039333220427404688e-05 9.999999846951483917e-01 -1.722961065279928394e-04 -3.842206692926916287e-03 2.803414994817131616e-03 1.722102244349876094e-04 9.999960555962235098e-01 -7.878655212793820792e-04
9.999949067919871037e-01 8.692441670727617134e-05 -3.190428534044928866e-03 -3.729327789166996671e-03 -8.725669994944378917e-05 9.999999907839912661e-01 -1.040109888685437196e-04 -5.342309247480551623e-05 3.190419463547372689e-03 1.042888453842470773e-04 9.999949051607629480e-01 -6.629885376495017312e-04
9.999950017540428782e-01 -3.822373655579617560e-05 -3.161487921500399575e-03 1.314488338198614541e-02 3.831425689141868636e-05 9.999999988578397447e-01 2.857163381401306486e-05 7.891299211053524540e-03 3.161486825774870169e-03 -2.869262106634335192e-05 9.999950020764023506e-01 3.640898210689963790e-04
9.999956835064672811e-01 8.850397736360112927e-06 -2.938178024518238191e-03 1.575296447192154128e-02 -8.669485125165004455e-06 9.999999980660152499e-01 6.158579035888023148e-05 7.492098781914872246e-03 2.938178563894586464e-03 -6.156005203353580541e-05 9.999956816492192591e-01 -1.097672880704971248e-03
9.999961400987775750e-01 1.120963240841707737e-05 -2.778427953016207597e-03 1.734845659968409920e-02 -1.097300284943082327e-05 9.999999963118154644e-01 8.518193609924221230e-05 4.000781358989079044e-03 2.778428897627044196e-03 -8.515111960753754994e-05 9.999961365336106356e-01 -1.411602274552105742e-03
9.999957590546664221e-01 6.100666222895967272e-06 -2.912359089024328922e-03 1.739598533504048763e-02 -6.044453662157026508e-06 9.999999997952906394e-01 1.931018530632855990e-05 9.438031355925302623e-07 2.912359206233136686e-03 -1.929249979332712405e-05 9.999957588868331193e-01 -1.579609673167400126e-03
9.999954821729771792e-01 6.939009298323281928e-05 -3.005132051978582665e-03 1.698309371762236550e-02 -6.952616512419334237e-05 9.999999965626443776e-01 -4.517547646599723836e-05 -3.885003506058962684e-04 3.005128906918362597e-03 4.538420767827475551e-05 9.999954835600641800e-01 -2.955686964969663974e-03
9.999953799444764035e-01 1.501279687180203924e-05 -3.039714512620164417e-03 2.591020273842466193e-02 -1.544195289885688028e-05 9.999999899177589580e-01 -1.411595838873143339e-04 6.245724659794393840e-04 3.039712362772870307e-03 1.412058708505289375e-04 9.999953700941087709e-01 -5.378655620001280765e-03
9.999946816850319165e-01 1.293315196546192924e-06 -3.261380072774721067e-03 4.079591670416394394e-02 -1.609923721229857853e-06 9.999999952868816600e-01 -9.707545935559455197e-05 -3.588245459360363439e-03 3.261379931854284289e-03 9.708019365086912927e-05 9.999946769740207797e-01 -6.996323697997911678e-03
9.999871317451574093e-01 -2.745613375078789675e-05 -5.073025749374892972e-03 7.690409596711952900e-02 2.484037805618268915e-05 9.999998667271380315e-01 -5.156827142234108284e-04 -6.081612778473656326e-03 5.073039231931807634e-03 5.155500624093231881e-04 9.999869991560312865e-01 -6.382998778105899128e-03
9.999831494023438960e-01 -1.422332016301339674e-04 -5.803505930548765249e-03 1.070388993792254634e-01 1.385875631005806968e-04 9.999997928428495664e-01 -6.285759662951770441e-04 -1.205248713335123519e-02 5.803594132683166998e-03 6.277610806701182725e-04 9.999829619604369002e-01 -1.184192839563798227e-02
9.999796649984027397e-01 -2.295707137876444549e-04 -6.373137921739154693e-03 1.616582938769289823e-01 2.260086587005005927e-04 9.999998178662812265e-01 -5.596315668684584193e-04 -1.405182235017998771e-02 6.373265235994109157e-03 5.581798024062468175e-04 9.999795347533567691e-01 -1.292577131777164490e-02
9.999767518499043106e-01 -1.461089054340929377e-03 -6.660403778318390276e-03 2.887455900969081446e-01 1.458593876104007266e-03 9.999988642522822380e-01 -3.794707500994219445e-04 -6.600372021220733687e-03 6.660950654339412198e-03 3.697471039430315050e-04 9.999777472641376841e-01 -1.316555011610885846e-02
9.999765750031179845e-01 -1.616460901351512861e-03 -6.651052487238281151e-03 3.437185811729679408e-01 1.614187937165374601e-03 9.999986369588876878e-01 -3.470989343863793621e-04 -8.426066075070678257e-03 6.651604493436638101e-03 3.363547549005697608e-04 9.999778212656227350e-01 -1.408198970573617918e-02
9.999760327765396806e-01 -1.757116856246906467e-03 -6.696746437370266689e-03 4.263126114036299152e-01 1.755265978933076522e-03 9.999984196863568320e-01 -2.822518946650306635e-04 -1.245493086610205587e-02 6.697231803972331088e-03 2.704905586797418126e-04 9.999775367082109900e-01 -1.592580704982547377e-02
9.999753982624073334e-01 -1.320056952963614061e-03 -6.889145054420357274e-03 5.484339248562246638e-01 1.317816938669835085e-03 9.999990773342104511e-01 -3.296805178243656905e-04 -1.030158445650011627e-02 6.889573895101706695e-03 3.205937750651081074e-04 9.999762152127296133e-01 -1.746300628695274249e-02
9.999722270227159315e-01 -2.367014113526625784e-03 -7.066995642863525828e-03 7.060552287044794539e-01 2.363071092110557037e-03 9.999970476255130025e-01 -5.662466521813745105e-04 -3.775156464200983639e-03 7.068315092263341426e-03 5.495311127142442093e-04 9.999748681528514149e-01 -2.078452039202296001e-02
9.999713602778638188e-01 -2.591833400272954956e-03 -7.110627515481452235e-03 8.148520014044984272e-01 2.588743133616607916e-03 9.999965507336097126e-01 -4.437678122878405823e-04 -3.497696394784309201e-04 7.111753161270802440e-03 4.253475147445957621e-04 9.999746207011780408e-01 -2.125924412333010660e-02
9.999726603017535798e-01 -2.906213299039020915e-03 -6.799453896756782120e-03 9.333633510343337658e-01 2.905565649953148737e-03 9.999957733094051449e-01 -1.051264881581807578e-04 1.023456867829535509e-02 6.799730677566912657e-03 8.536735435086022976e-05 9.999768779202483637e-01 -2.356034844773723103e-02
9.999702861796816444e-01 -3.843245446347946792e-03 -6.682531119621188190e-03 1.091120304221438131e+00 3.842939236963325775e-03 9.999926141611064079e-01 -5.866223320030000790e-05 8.626083471980834291e-03 6.682707216883557524e-03 3.297992907942250352e-05 9.999776699189726337e-01 -2.742923710231879794e-02
9.999696798814784460e-01 -3.751469082158389364e-03 -6.823913646815332225e-03 1.240863379235482400e+00 3.750991571974552751e-03 9.999929615806533167e-01 -8.277306975737656696e-05 4.512784241458573341e-03 6.824176137861529857e-03 5.717411749100469631e-05 9.999767134044470485e-01 -2.626171845958823192e-02
9.999695266134956961e-01 -3.839396114075790609e-03 -6.797417293402822046e-03 1.410792294869046115e+00 3.837848397457598558e-03 9.999926064591702080e-01 -2.407211523426697848e-04 1.559854623228337095e-02 6.798291260277406108e-03 2.146263596876181109e-04 9.999768683181957662e-01 -2.890394024551932312e-02
9.999688988475774476e-01 -4.741150971358887821e-03 -6.302604622717023625e-03 1.597780780918820476e+00 4.741294584309252956e-03 9.999887599688912498e-01 7.844996185930819212e-06 2.827196560865397404e-02 6.302496586933711148e-03 -3.772725736223937548e-05 9.999801383594705273e-01 -3.341888129658139583e-02
9.999693071658628529e-01 -5.031541881304361571e-03 -6.005690012056525209e-03 1.788401003107345399e+00 5.038711901477279514e-03 9.999866101823261522e-01 1.179338134078048621e-03 3.019445029614614348e-02 5.999675707748425291e-03 -1.209562878588640389e-03 9.999812702491205352e-01 -3.807309301594639928e-02
9.999640388071150410e-01 -5.982136927699374662e-03 -6.011250314264872038e-03 1.991135033846249014e+00 5.997971594799544198e-03 9.999785807719469011e-01 2.619605709058760602e-03 3.103789280948629839e-02 5.995450717875333221e-03 -2.655566813546764941e-03 9.999785010366913918e-01 -3.765953563835820750e-02
9.999641605900402297e-01 -6.470694956103084650e-03 -5.459637555844842199e-03 2.200522399129215323e+00 6.494881987190521261e-03 9.999691213804168255e-01 4.424115013163845180e-03 4.059164562307882029e-02 5.430841871072794244e-03 -4.459416157110225772e-03 9.999753094772435569e-01 -4.395461094337455021e-02
9.999608551057102002e-01 -6.959691140909183248e-03 -5.463602793032983594e-03 2.411306116303212566e+00 6.987590007408470659e-03 9.999625609892787148e-01 5.103940208447604182e-03 4.790819907885780077e-02 5.427876393696975076e-03 -5.141917831528728874e-03 9.999720490288058761e-01 -4.721071623231419545e-02
9.999585222515912086e-01 -7.512517323642347970e-03 -5.149355287402984649e-03 2.647621835414104119e+00 7.541960511199030485e-03 9.999551850737675718e-01 5.722471121356784672e-03 6.036849406117976435e-02 5.106134355992398774e-03 -5.761070000375063775e-03 9.999703682931756488e-01 -4.987836300575110987e-02
9.999547424695155451e-01 -8.194572565710741066e-03 -4.833424582034947375e-03 2.893916116988336729e+00 8.224329060664796812e-03 9.999471505742351107e-01 6.168992621958085606e-03 6.555381954287589630e-02 4.782616880623339825e-03 -6.208465102839001021e-03 9.999692902968770891e-01 -5.067503115576740824e-02
9.999545047501575690e-01 -8.571969138596591264e-03 -4.184468300036495864e-03 3.147343705210550180e+00 8.599365077799597801e-03 9.999414178676609977e-01 6.573564715629735648e-03 7.200164383932047829e-02 4.127874771087829131e-03 -6.609249420229136411e-03 9.999696387750857118e-01 -5.416749877231626098e-02
9.999495252870496120e-01 -9.249926408006986164e-03 -3.922466016497073993e-03 3.404483961071864240e+00 9.271326184092648984e-03 9.999420423541399705e-01 5.473065267244565935e-03 7.537843719785179697e-02 3.871613228652560305e-03 -5.509155477731205244e-03 9.999773296514925525e-01 -7.342613666398492556e-02
9.999288987055208189e-01 -9.943525245579062227e-03 -6.582084719504014726e-03 3.673069065578865366e+00 9.978914301697641015e-03 9.999358129652984317e-01 5.365744942415093428e-03 7.749190260518551421e-02 6.528307814707473046e-03 -5.431045490346287676e-03 9.999639418208829955e-01 -8.000977407588967527e-02
9.998924634623451713e-01 -1.060042164913492339e-02 -1.013373435922171849e-02 3.950061566378891609e+00 1.064106680503539536e-02 9.999355195468484503e-01 3.965406136215919933e-03 8.415448894108981670e-02 1.009104595438416359e-02 -4.072813454470596353e-03 9.999407897381282773e-01 -8.626042039164914799e-02
9.998361562730144758e-01 -1.147909409519216016e-02 -1.399610688576664527e-02 4.236498708388045209e+00 1.149036854021197145e-02 9.999337204228756493e-01 7.253909818645657998e-04 9.197699281861106135e-02 1.398685239838423980e-02 -8.860925573482326695e-04 9.999017865770445379e-01 -8.931692480292367786e-02
9.997846584287499727e-01 -1.166242124499926140e-02 -1.716463519017717015e-02 4.531857338467047747e+00 1.161610951673644303e-02 9.999286235310940185e-01 -2.795325188038902571e-03 9.045991323507657222e-02 1.719601029898690236e-02 2.595336956136829604e-03 9.998487692925771553e-01 -8.498901097824369810e-02
9.997534120029387683e-01 -1.208991110460913739e-02 -1.862657343594673748e-02 4.844387512970913079e+00 1.199398004059548141e-02 9.999142696319545109e-01 -5.253363606382872343e-03 9.364940713731628730e-02 1.868848927195200516e-02 5.028661439957909755e-03 9.998127089274543300e-01 -8.531200851209051750e-02
9.997299695476107306e-01 -1.257662823086607914e-02 -1.954012309776500048e-02 5.148224111360426569e+00 1.241979441972245260e-02 9.998898444015715814e-01 -8.126977862209460585e-03 9.648321363483709778e-02 1.964018062302528775e-02 7.882099018890458691e-03 9.997760428316690984e-01 -8.191602026772293321e-02
9.997201185657998979e-01 -1.262145291679632290e-02 -2.000958422986384364e-02 5.479798771538558988e+00 1.240302031255473801e-02 9.998625381359729225e-01 -1.100317769630647022e-02 1.085112405591507345e-01 2.014570976434627500e-02 1.075191883150329250e-02 9.997392393116975029e-01 -8.641720379707042154e-02
9.997002979102581621e-01 -1.335548520475719411e-02 -2.051695330907348999e-02 5.813236569973982526e+00 1.311482198921551726e-02 9.998441314145573022e-01 -1.182008122055934300e-02 1.189614221221233226e-01 2.067161828044382019e-02 1.154746252710707639e-02 9.997196308499961548e-01 -8.904601334969569626e-02
9.997025375551321646e-01 -1.367321508892823528e-02 -2.019602918797285332e-02 6.153113854679978623e+00 1.348213218831731050e-02 9.998633385599419166e-01 -9.567461284146136502e-03 1.275911578157370996e-01 2.032408712553369565e-02 9.292329788530010598e-03 9.997502608599884155e-01 -7.548840627896137578e-02
9.997943674216236420e-01 -1.425547297786919874e-02 -1.442235633218870439e-02 6.502236323679502661e+00 1.418005468801257322e-02 9.998853154446839531e-01 -5.318083031492516419e-03 1.508580472342543333e-01 1.449651409961564413e-02 5.112479658846291394e-03 9.998818498356181195e-01 -6.235087118176849130e-02
9.998694364596795170e-01 -1.569601668066172157e-02 -3.839934135269479788e-03 6.860564193001053468e+00 1.568768307121650579e-02 9.998745405660616203e-01 -2.190828077311553993e-03 1.619509972406827647e-01 3.873839653352452016e-03 2.130302365313093294e-03 9.999902275413357078e-01 -6.267238768091520917e-02
9.998079127688355161e-01 -1.747277876601458294e-02 8.879164770320557495e-03 7.228692979008101815e+00 1.747623730164005532e-02 9.998472302029527414e-01 -3.120661152978276582e-04 1.691563096851786963e-01 -8.872355639927676993e-03 4.671805619482842205e-04 9.999605307449495051e-01 -7.094053017822822549e-02
9.996300571592550144e-01 -1.888540000344527195e-02 1.957269757837415414e-02 7.607099541269488618e+00 1.894789917137884930e-02 9.998159335869127862e-01 -3.012650447911184668e-03 1.818080354055201797e-01 -1.951219979335710314e-02 3.382397439673237149e-03 9.998038974952959679e-01 -1.122211573534563356e-01
9.995420861627756226e-01 -2.041601034072652865e-02 2.233393183328460582e-02 7.980481851411750149e+00 2.058009075034979846e-02 9.997627001646762768e-01 -7.141654160126977534e-03 1.896822118328966578e-01 -2.218282790975539473e-02 7.598018241807506963e-03 9.997250583359023057e-01 -1.371053440847227745e-01
9.995791202311514745e-01 -2.154438788698382831e-02 1.942734537944914436e-02 8.357766009353158054e+00 2.173974734156683755e-02 9.997146322207471902e-01 -9.901389259142863442e-03 1.957267472654246609e-01 -1.920848207022244486e-02 1.031956754478677643e-02 9.997622421067153820e-01 -1.326429267913663002e-01
9.995773266122159884e-01 -2.271863398576235218e-02 1.813923351733280273e-02 8.733773795082845126e+00 2.287867685750527916e-02 9.997006991221387695e-01 -8.664774662783330042e-03 2.104893129639513194e-01 -1.793695258468445616e-02 9.076113955208112496e-03 9.997979245264749792e-01 -1.319026141737032476e-01
9.995489624264722872e-01 -2.425963675013272439e-02 1.770146143442025491e-02 9.134675272691564984e+00 2.436485531060203838e-02 9.996865805830942309e-01 -5.752775658241916605e-03 2.307204933536239067e-01 -1.755635320492514653e-02 6.181474486903824721e-03 9.998267669128045876e-01 -1.503854302809493615e-01
9.995621541692680800e-01 -2.565151512488158744e-02 1.474787185631951450e-02 9.542245316007356593e+00 2.568786506061243938e-02 9.996674109139721542e-01 -2.280601934431759122e-03 2.573519030688781739e-01 -1.468446598008305362e-02 2.658444724559548469e-03 9.998886433651130723e-01 -1.863244411371815512e-01
9.996115860244038087e-01 -2.688239206775469917e-02 7.349427358058492100e-03 9.946241492725993893e+00 2.687821556440226842e-02 9.996384933256585725e-01 6.664755665081097688e-04 2.888268647359900076e-01 -7.364686948498416590e-03 -4.686772052788730817e-04 9.999727704931908878e-01 -2.101360534502235144e-01
9.996089014808998696e-01 -2.794228868438466962e-02 1.128088306398793888e-03 1.036559016429794511e+01 2.793940570263761525e-02 9.996065042326732764e-01 2.495256443309746934e-03 3.035235334077798219e-01 -1.197367584305587167e-03 -2.462762435349116416e-03 9.999962505489983222e-01 -2.236334907925725812e-01
9.995728794851893584e-01 -2.920938955280355867e-02 -9.328234772290310830e-04 1.079472265273728482e+01 2.921145152788016605e-02 9.995706561380744981e-01 2.279141797607589504e-03 3.183648704401704221e-01 8.658506345824256009e-04 -2.305417457178813613e-03 9.999969676719158151e-01 -2.281064075013306269e-01
9.995534134428419870e-01 -2.987079795899823947e-02 -8.420831644022499325e-04 1.125199286001927668e+01 2.987250284267969902e-02 9.995515312003703245e-01 2.090466194220447910e-03 3.493195776025390109e-01 7.792616230486471311e-04 -2.114687751842294662e-03 9.999974604202928052e-01 -2.314117934964202428e-01
9.995223380061623031e-01 -3.090451009440248545e-02 -8.415770923616705675e-05 1.170850836152798635e+01 3.090458956041198038e-02 9.995133907231762427e-01 4.229433669147531979e-03 3.635007351696721289e-01 -4.659181820763909452e-05 -4.230014288890610041e-03 9.999910523641289961e-01 -2.400893273077887302e-01
9.994798917921773329e-01 -3.224619839786128234e-02 3.585972439101201784e-04 1.219291421007431175e+01 3.224357117523023869e-02 9.994631254425513367e-01 5.814894536864768058e-03 3.926697770098315221e-01 -5.459129650718745879e-04 -5.800307706731263994e-03 9.999830290607645278e-01 -2.599218613173842618e-01
9.994493466442482266e-01 -3.316944411097638712e-02 -8.896458587900720394e-04 1.267622117535411874e+01 3.317384856114936886e-02 9.994344422917607051e-01 5.503756226351949610e-03 4.187027350715581964e-01 7.065861781666108463e-04 -5.530238541509224434e-03 9.999844584780539503e-01 -2.746503567289610981e-01
9.994189213164824670e-01 -3.394121518529005094e-02 -3.132670800530469764e-03 1.317275603702824860e+01 3.395255927588467643e-02 9.994168097438791420e-01 3.641993957222451530e-03 4.428585139369956569e-01 3.007230156838352694e-03 -3.746239863215253350e-03 9.999884610602619572e-01 -2.835181790816240222e-01
9.993825517439148820e-01 -3.487523998614911608e-02 -4.270000670935660686e-03 1.369235323797351178e+01 3.488950293533828878e-02 9.993856859163381401e-01 3.312607802833913463e-03 4.611824177327422669e-01 4.151849557282436334e-03 -3.459540639865465832e-03 9.999853967552799761e-01 -2.928576342171643199e-01
9.993394985359962401e-01 -3.602037180593229554e-02 -4.806191921460317359e-03 1.421216324834792388e+01 3.603754505336661390e-02 9.993441820750461613e-01 3.535689364676879685e-03 4.964680485021168432e-01 4.675683089141513538e-03 -3.706557394580000699e-03 9.999821995515373318e-01 -3.021824450585792188e-01
9.992979532907549922e-01 -3.704998231169419343e-02 -5.558719241986607128e-03 1.473768527068912526e+01 3.707896458527897010e-02 9.992987852301210561e-01 5.204634750691516411e-03 5.235515395828921337e-01 5.361989760500565465e-03 -5.407092407905101684e-03 9.999710057884181325e-01 -3.091373228030399045e-01
9.992520240526334696e-01 -3.844469207348649720e-02 -4.171100345222511670e-03 1.529537396837628904e+01 3.847135492496008002e-02 9.992384823544493422e-01 6.512313890972543616e-03 5.576575909834288192e-01 3.917560076483933389e-03 -6.667910718629074633e-03 9.999700953977050943e-01 -3.100345151580534142e-01
9.992110259150528417e-01 -3.969134327099638204e-02 -1.386708019605235355e-03 1.586680642769124638e+01 3.969744054971445502e-02 9.992007504717869137e-01 4.687586843953271513e-03 5.784262003468344515e-01 1.199543075338841032e-03 -4.738937218580543780e-03 9.999880517138436398e-01 -3.239045102710341739e-01
9.991675425869988025e-01 -4.078565518670436429e-02 8.672782997544394501e-04 1.643329253610816565e+01 4.078344566693069273e-02 9.991650575174131355e-01 2.428661309661672967e-03 6.199096966274399989e-01 -9.656087149988995663e-04 -2.391268955134632623e-03 9.999966747107681408e-01 -3.434489436365480430e-01
9.991256162610782088e-01 -4.176914245353388622e-02 1.828023418093556755e-03 1.700555288241871210e+01 4.176692646032445499e-02 9.991266190438308215e-01 1.234087558350554841e-03 6.458773464069524906e-01 -1.877973636277640830e-03 -1.156657572585862792e-03 9.999975676761825305e-01 -3.546345176138817057e-01
9.990976783642135928e-01 -4.244340430362137512e-02 1.544836029428781629e-03 1.758773972317923651e+01 4.244105078250517277e-02 9.990978078124437278e-01 1.525658168150179593e-03 6.815787051772557170e-01 -1.608196416891895892e-03 -1.458717069400612860e-03 9.999976429216201890e-01 -3.637364062747181492e-01
9.990275605321407015e-01 -4.406972105499597919e-02 1.339023276456680197e-03 1.817612397443031824e+01 4.406437126468686766e-02 9.990214977217928283e-01 3.791869559176636213e-03 7.150431145716950043e-01 -1.504819672879939606e-03 -3.729178976774473464e-03 9.999919143382667297e-01 -3.769353213533194191e-01
9.989574106013249244e-01 -4.561773683973988081e-02 1.764621862102886546e-03 1.875455355940669477e+01 4.560781563565022290e-02 9.989453392898778317e-01 5.304362730379275255e-03 7.549177685286574402e-01 -2.004733807893669794e-03 -5.218351909476428609e-03 9.999843748007807287e-01 -3.858571645323415900e-01
9.988806238805008064e-01 -4.723201817527743901e-02 2.575984315103706061e-03 1.934335160124867414e+01 4.722274715305011666e-02 9.988780812523567754e-01 3.548372152010142045e-03 7.902944827885650669e-01 -2.740691047983348158e-03 -3.422755132977720830e-03 9.999903866337311875e-01 -4.156138134062827283e-01
9.988133948995541189e-01 -4.866322084339484016e-02 1.921745658053344548e-03 1.994555373867770953e+01 4.866178189265048942e-02 9.988150024439330643e-01 7.885911222633029422e-04 8.249914448026003377e-01 -1.957843778083008957e-03 -6.941398079501190019e-04 9.999978425065064735e-01 -4.237649594320971880e-01
9.987749449821644587e-01 -4.946369823986500325e-02 1.397079922563202554e-03 2.054841286335275186e+01 4.946521943824455647e-02 9.987752670468619254e-01 -1.076104732845383372e-03 8.652453568960574160e-01 -1.342140752963917041e-03 1.143893310285048950e-03 9.999984450819380255e-01 -4.411673256255275177e-01
9.987452333958152240e-01 -5.007947512771433740e-02 7.028564024354930727e-05 2.114014274470363475e+01 5.007952012007399478e-02 9.987435797775949808e-01 -1.817558136023028495e-03 9.026487959100093494e-01 2.082502552233745255e-05 1.818797395907511454e-03 9.999983457698072842e-01 -4.487365733869524420e-01
9.987153079738192440e-01 -5.065092177708822863e-02 -1.489208477872040227e-03 2.175601018560746169e+01 5.064826139222128321e-02 9.987149794525311819e-01 -1.772973512365199266e-03 9.391643622552156012e-01 1.577097557066168762e-03 1.695269967176459046e-03 9.999973194079241345e-01 -4.572858295135737161e-01
9.986636376958026862e-01 -5.162415307989629693e-02 -2.426017924506379368e-03 2.237385717223900983e+01 5.162187454029771444e-02 9.986662088411946137e-01 -9.926669638898974902e-04 9.854401223323353554e-01 2.474027714548777089e-03 8.661048082473512362e-04 9.999965645187631758e-01 -4.714889313012046723e-01
9.986373591055242027e-01 -5.205831165787831727e-02 -3.654748428488642335e-03 2.298715155835748902e+01 5.205609178325140696e-02 9.986439171875217680e-01 -6.999804395644719556e-04 1.034260710242494774e+00 3.686232086838102905e-03 5.087746979540896291e-04 9.999930763966862202e-01 -4.861808754468139315e-01
9.986003715101888778e-01 -5.270965601902170145e-02 -4.357772604118680636e-03 2.361230018603482605e+01 5.271159614873951321e-02 9.986097224392005423e-01 3.314835666172007340e-04 1.062788470737538793e+00 4.334241705879757385e-03 -5.607247623898039234e-04 9.999904499226859311e-01 -4.990484316199065851e-01
9.985957166189857181e-01 -5.277043161539969607e-02 -4.677210422751367988e-03 2.425300504409199576e+01 5.277244429391463043e-02 9.986065162727203459e-01 3.078650787388256208e-04 1.108652592259356195e+00 4.654446633053845039e-03 -5.542605754107214535e-04 9.999890144005355586e-01 -5.047686456472105787e-01
9.986152172314646247e-01 -5.246980650167867161e-02 -3.816715791244362603e-03 2.488566084708332582e+01 5.246859081687434839e-02 9.986224873479960795e-01 -4.180198473951121933e-04 1.149007916185369238e+00 3.833391637459502947e-03 2.171832815984304165e-04 9.999926289428218151e-01 -5.106258747910379370e-01
9.986368660068241088e-01 -5.217043085056671109e-02 -1.629722962555128817e-03 2.554512185364274046e+01 5.217111176267661549e-02 9.986380886679289137e-01 3.780993414214938462e-04 1.188606228961019085e+00 1.607777818838013574e-03 -4.626084001780688369e-04 9.999986005209974271e-01 -5.183150205930215915e-01
9.986668730101397884e-01 -5.160537621020917787e-02 1.167004006930574302e-03 2.620443419591896017e+01 5.160403720075606993e-02 9.986669621538996067e-01 1.149802976476307480e-03 1.239718882079763329e+00 -1.224784361591462964e-03 -1.088048024908268470e-03 9.999986580264811353e-01 -5.365924188611502776e-01
9.986777922321637968e-01 -5.130563694518719409e-02 3.224735638722167012e-03 2.687963012278896713e+01 5.130152017908323758e-02 9.986823020695575481e-01 1.346684953547664558e-03 1.278507826556948057e+00 -3.289578940551061547e-03 -1.179470515799141634e-03 9.999938937412049533e-01 -5.585250917359324552e-01
9.986943476330406577e-01 -5.098484510430580791e-02 3.185212003199653415e-03 2.755902103295986194e+01 5.098239333613695939e-02 9.986991936259204117e-01 8.462982073355087816e-04 1.324264977911322916e+00 -3.224217042136148879e-03 -6.828035048718382937e-04 9.999945690871721027e-01 -5.791457317531526483e-01
9.987477745017081521e-01 -4.999578066525911524e-02 1.817922868692726721e-03 2.824679008470648611e+01 4.999594922693971488e-02 9.987494194327171115e-01 -4.736779261240863133e-05 1.360988881331403277e+00 -1.813281219910273072e-03 1.381972568963557287e-04 9.999983464550007417e-01 -5.981551780654555950e-01
9.987871889192004859e-01 -4.923097967653989465e-02 -6.796256097965877900e-04 2.894429768517128210e+01 4.923164926545398751e-02 9.987868800971295702e-01 1.006407693404184943e-03 1.416266773224300834e+00 6.292547057425483753e-04 -1.038646200655148370e-03 9.999992626260206796e-01 -6.186729212965139668e-01
9.988231310125484930e-01 -4.837897178640330337e-02 -3.439192227803438209e-03 2.965247878160576533e+01 4.838428003798932869e-02 9.988277023178699920e-01 1.477338014754794523e-03 1.455702014788929688e+00 3.363688376591581798e-03 -1.642002221315764371e-03 9.999929946900679711e-01 -6.329477156266372084e-01
9.988764654298996071e-01 -4.705852718573282079e-02 -5.594803783896007757e-03 3.036432185930808458e+01 4.707237822723589482e-02 9.988886689847082945e-01 2.370270446579433865e-03 1.493056038561509258e+00 5.477044668678595490e-03 -2.630968085614937904e-03 9.999815398239257913e-01 -6.486368813815502898e-01
9.989628040319518121e-01 -4.494767614398066657e-02 -7.281659829743302934e-03 3.109176970705279786e+01 4.495916716175223093e-02 9.989878132487022278e-01 1.422064941409495725e-03 1.531268742719986919e+00 7.210370915693996990e-03 -1.747967342886408513e-03 9.999724772019609187e-01 -6.530872748949010376e-01
9.990800468186586958e-01 -4.236180101281798033e-02 -6.673669438715773040e-03 3.181859161084809884e+01 4.237827594003503590e-02 9.990988810683334442e-01 2.346822608194392996e-03 1.572756646459753771e+00 6.568240036500148753e-03 -2.627482246276416789e-03 9.999749769668581090e-01 -6.500097320294917491e-01
9.992199764814901908e-01 -3.941565615635175823e-02 -2.417571114673192686e-03 3.255896818938921200e+01 3.942652559694403980e-02 9.992117619120276517e-01 4.626438804842166949e-03 1.618554559986317143e+00 2.233311371880163359e-03 -4.718146503202538117e-03 9.999863756141332827e-01 -6.632891224182980716e-01
9.993187350174806971e-01 -3.687045822696262409e-02 1.623315494913089201e-03 3.331166319096101347e+01 3.686012623737554283e-02 9.993024755900258294e-01 5.991107861709195175e-03 1.656714166454927195e+00 -1.843078084878674349e-03 -5.927190715650932328e-03 9.999807355511372009e-01 -6.806145510495902329e-01
9.994076862887896207e-01 -3.426710422228157471e-02 3.168935958269279360e-03 3.405092813968229137e+01 3.425864894088098689e-02 9.994093933173840982e-01 2.685055255229627357e-03 1.688719131187852218e+00 -3.259073431789082272e-03 -2.574901395676115669e-03 9.999913741243815490e-01 -7.005790967716728490e-01
9.995105474638557030e-01 -3.118225187026953463e-02 2.516481035609156782e-03 3.477218285295919742e+01 3.118236977638341387e-02 9.995137116403276512e-01 -7.622651015885327053e-06 1.718425316757695942e+00 -2.515019608750306956e-03 8.608876227763446673e-05 9.999968336275333325e-01 -7.124057404982497843e-01
9.996197397828967546e-01 -2.753351304846371472e-02 1.510462043138675534e-03 3.551035176500977997e+01 2.753314611773913234e-02 9.996208564234119187e-01 2.631884948198550951e-04 1.746997556781354044e+00 -1.517135865013667217e-03 -2.215006425666398880e-04 9.999988246174255080e-01 -7.308240574719681026e-01
9.997045304519577291e-01 -2.430607732014456596e-02 -2.576803018384688101e-04 3.623889511988719647e+01 2.430656452174272814e-02 9.997023561053431928e-01 2.095260980394623822e-03 1.772645222066829396e+00 2.066760294744996211e-04 -2.100905217462334731e-03 9.999977717386604459e-01 -7.505514289932443406e-01
9.997763136582021870e-01 -2.100298208556754254e-02 -2.489456070999672421e-03 3.696772913616575096e+01 2.101057910135138707e-02 9.997745526465772192e-01 3.065851621040524208e-03 1.793715266736955138e+00 2.424502803043280565e-03 -3.117470745605996872e-03 9.999922015507463069e-01 -7.556275988741151250e-01
9.998320178667751135e-01 -1.794411333773109768e-02 -3.734279713049829322e-03 3.769363461678864979e+01 1.796660737991466472e-02 9.998201016675553054e-01 6.079911244032541913e-03 1.820770358838368574e+00 3.624509305910303750e-03 -6.145982265023097572e-03 9.999745445931558230e-01 -7.690681183648390151e-01
9.998839071876065576e-01 -1.463870995458290726e-02 -4.228512517591946109e-03 3.841227378286736638e+01 1.466464905551605365e-02 9.998734322947557818e-01 6.169883239005330422e-03 1.834941456571152152e+00 4.137658193276556005e-03 -6.231176612005317680e-03 9.999720257200725992e-01 -7.898898936184358677e-01
9.999219155275617110e-01 -1.055499861531181138e-02 -6.689906720011884120e-03 3.912163616122717258e+01 1.058492274543596304e-02 9.999340606319587765e-01 4.453515303138640830e-03 1.858566357079679099e+00 6.642458743932613818e-03 -4.523979698551198678e-03 9.999677051532825933e-01 -8.019059265047424612e-01
9.999309288783122529e-01 -5.971267418093087649e-03 -1.012331161118904151e-02 3.983746810762321644e+01 6.015776015340625928e-03 9.999723480425931621e-01 4.371909092843480511e-03 1.865882768309844009e+00 1.009692584348659099e-02 -4.432506695364930686e-03 9.999392006381720988e-01 -7.951974209475306532e-01
9.999435610318132550e-01 -7.066090824639809261e-04 -1.060072896648448469e-02 4.054760745158139201e+01 7.871710585950120100e-04 9.999708293808780013e-01 7.597417261373398158e-03 1.882932324528075796e+00 1.059505133261723180e-02 -7.605333058024708014e-03 9.999149482812704770e-01 -7.991410667227207831e-01
9.999453639907113223e-01 4.366277168036166584e-03 -9.497613235738951165e-03 4.127274768518872605e+01 -4.272728105243600236e-03 9.999423803142599709e-01 9.847834583828330920e-03 1.893153285864700219e+00 9.540064361546994609e-03 -9.806715818441459273e-03 9.999064033682522057e-01 -8.086534608264863699e-01
9.999201536025239534e-01 9.228289459104348919e-03 -8.632791736383810602e-03 4.197399858458863520e+01 -9.141109430962673227e-03 9.999073698775093888e-01 1.008423437910511804e-02 1.889686423255688696e+00 8.725052313651665906e-03 -1.000451589536164969e-02 9.999118876800212607e-01 -8.168967631844222810e-01
9.998662822565376196e-01 1.428511668146904834e-02 -7.959462788819987242e-03 4.268625697332716840e+01 -1.419797622965162168e-02 9.998398013488463132e-01 1.089904168639298405e-02 1.886169882525743358e+00 8.113881775823629169e-03 -1.078457602765631358e-02 9.999089247738673913e-01 -8.184737368053250917e-01
9.997720754978585145e-01 2.028960095245602169e-02 -6.642977336578233596e-03 4.338775249581447468e+01 -2.020631518629924933e-02 9.997192642651908656e-01 1.237325679266764421e-02 1.884828610805090676e+00 6.892160858259822193e-03 -1.223620653043496452e-02 9.999013818214516069e-01 -8.173922808904797721e-01
9.996475113182623495e-01 2.637038388934266619e-02 -3.075055891082191691e-03 4.409237858598380910e+01 -2.633022840039125206e-02 9.995758963441637723e-01 1.243971543664667591e-02 1.870869772623382721e+00 3.401791820175437478e-03 -1.235436365379505817e-02 9.999178953849771068e-01 -8.281299773839043699e-01
9.994601860138606630e-01 3.283411711885320799e-02 1.121305562503082482e-03 4.479137441538495068e+01 -3.284484548888099570e-02 9.993944405689961785e-01 1.148774497430669200e-02 1.855844475974037344e+00 -7.434365814267684816e-04 -1.151837283684659444e-02 9.999333849758397230e-01 -8.365715368231598781e-01
9.992165616473741574e-01 3.932836159676948024e-02 4.420735652919425412e-03 4.549171789300874025e+01 -3.937273019079982200e-02 9.991700255702757882e-01 1.044261074716460770e-02 1.835087346360723348e+00 -4.006375783888131009e-03 -1.060848603751098247e-02 9.999357024214458045e-01 -8.605587700550331176e-01
9.989670615743446724e-01 4.512288061346322182e-02 5.360553578002006173e-03 4.617701918457594701e+01 -4.517135256579691421e-02 9.989360161577789388e-01 9.294327851009712149e-03 1.806052403418288321e+00 -4.935463189606154738e-03 -9.526870838251537410e-03 9.999424383108935777e-01 -8.750204974844308925e-01
9.986931974888537678e-01 5.089714742057126901e-02 4.623599673187110161e-03 4.687575824332925833e+01 -5.093781265275410669e-02 9.986599096377941631e-01 9.150088763812019507e-03 1.771896498548154453e+00 -4.151690215103320987e-03 -9.373647458772399119e-03 9.999474477199671307e-01 -8.917147391225139774e-01
9.984054765866873238e-01 5.637739398445360678e-02 2.844955049099916547e-03 4.757487881352935233e+01 -5.640097587955095887e-02 9.983673494994406150e-01 9.031355008861171804e-03 1.739218217233974073e+00 -2.331145972266899548e-03 -9.177412542948295074e-03 9.999551694238459909e-01 -9.124024597441163786e-01
9.981084649833880107e-01 6.147399467289518110e-02 6.634059555199122663e-04 4.826001501158690132e+01 -6.147749044862096252e-02 9.980668020336503909e-01 9.120134125212078779e-03 1.705013496529302452e+00 -1.014723838464601713e-04 -9.143667605452075048e-03 9.999581906490272454e-01 -9.237162050498660681e-01
9.977746715182315151e-01 6.667428401385137871e-02 -4.946998337287591280e-04 4.895268656437216492e+01 -6.666631657258866028e-02 9.977277409630592730e-01 9.744595804539317105e-03 1.669319801950377213e+00 1.143289695833034662e-03 -9.689931062228386224e-03 9.999523979293617471e-01 -9.307808625226017263e-01
9.974214491334142396e-01 7.175591902600238214e-02 1.241327246840553825e-03 4.964799658324191967e+01 -7.176480784963788773e-02 9.973706710102775430e-01 1.007754746023033568e-02 1.628428243340135362e+00 -5.149397095877200278e-04 -1.014064560284173161e-02 9.999484497432120644e-01 -9.397034026498030101e-01
9.970307211214201049e-01 7.694641826030697296e-02 2.998309025268625083e-03 5.033678801881722364e+01 -7.697020782070716771e-02 9.969941122303277448e-01 8.850270396871117926e-03 1.576085649422864776e+00 -2.308299837165414883e-03 -9.054771944697595845e-03 9.999563404753686324e-01 -9.622945172088931409e-01
9.966391329841711721e-01 8.186532637772836463e-02 2.916666183764879666e-03 5.103245470170487863e+01 -8.188355024305496443e-02 9.966187009284785958e-01 6.800673439071192733e-03 1.522831867190802990e+00 -2.350064712427866066e-03 -7.016644262024926762e-03 9.999726215747847258e-01 -9.755141264486367758e-01
9.962296149479592522e-01 8.675130885772770750e-02 8.744781940851874139e-04 5.172610142112333875e+01 -8.675338423691895950e-02 9.962261326586088206e-01 2.709784403507213123e-03 1.470152963899019172e+00 -6.361006856612628048e-04 -2.775431415676256081e-03 9.999959461699705621e-01 -9.939459579005832657e-01
