1.000000000000000000e+00 0.000000000000000000e+00 0.000000000000000000e+00 0.000000000000000000e+00 0.000000000000000000e+00 1.000000000000000000e+00 0.000000000000000000e+00 0.000000000000000000e+00 0.000000000000000000e+00 0.000000000000000000e+00 1.000000000000000000e+00 0.000000000000000000e+00
9.999999999024742348e-01 -1.082566160091139898e-05 8.823634205901199844e-06 -3.360287789428636172e-03 1.082605176476344131e-05 9.999999989637295972e-01 -4.421919647071237099e-05 -2.821175310378457729e-03 -8.823155494700274525e-06 4.421929199152052604e-05 9.999999989834030822e-01 -1.444422461334153281e-03
9.999999996070149111e-01 1.953340860875834767e-05 -2.011009798216932659e-05 1.696177460323640418e-03 -1.953391677971213052e-05 9.999999994899377853e-01 -2.526955567042171545e-05 -3.100197327604259975e-03 2.010960437135565177e-05 2.526994848947157300e-05 9.999999994785168100e-01 -1.605943072959382543e-03
9.999999998486315267e-01 -1.015344306498893934e-05 1.412955988482899449e-05 1.132380293167817818e-03 1.015366307346622310e-05 9.999999998272265378e-01 -1.557081015822921121e-05 -2.683066908330205766e-03 -1.412940178505336286e-05 1.557095362266272724e-05 9.999999997789527084e-01 -8.116337228286605058e-04
9.999999999857311916e-01 4.388028343572904568e-07 -5.324002208815722100e-06 -1.491842620458807330e-03 -4.388959824544482398e-07 9.999999998468506179e-01 -1.749589020520631732e-05 -2.830858413666565744e-03 5.323994530754142694e-06 1.749589254163985420e-05 9.999999998327744333e-01 -1.136470605900818552e-03
9.999999999971279641e-01 1.095445296763914572e-06 2.131660216418535451e-06 -1.410192681192128095e-03 -1.095404584566500539e-06 9.999999998170193694e-01 -1.909872868164278869e-05 -2.868640971959965629e-03 -2.131681137640991689e-06 1.909872634655756564e-05 9.999999998153472625e-01 -1.352747244566613119e-03
9.999999998699053982e-01 -8.300677890751308107e-06 -1.383068501516057029e-05 6.446996830309374617e-04 8.300218504401648577e-06 9.999999994139437964e-01 -3.321473696395676285e-05 -1.602730269947318098e-03 1.383096071188777407e-05 3.321462216192801252e-05 9.999999993527467490e-01 -1.003039035239053703e-03
9.999999999743826029e-01 -3.747741403132980018e-06 6.098293055248280206e-06 7.948512571723609452e-04 3.747868990511469514e-06 9.999999997741129132e-01 -2.092194125295650909e-05 -1.876819476993743605e-05 -6.098214643845287402e-06 2.092196410802397738e-05 9.999999997625416137e-01 -1.212199765044539614e-03
9.999999997788107109e-01 -1.125931404616859879e-05 1.776531696207106468e-05 -1.012660910005554280e-04 1.125952062698188611e-05 9.999999998690033420e-01 -1.162826411580123352e-05 -2.555449315606005307e-03 -1.776518603346637572e-05 1.162846414218196668e-05 9.999999997745885327e-01 -8.393931610170057367e-04
9.999999999969420017e-01 6.226250488343504227e-07 -2.393402284717685991e-06 -4.016958809569978707e-04 -6.226825656985964070e-07 9.999999997110496919e-01 -2.403149801302994145e-05 -3.250037092402831805e-03 2.393387321413487487e-06 2.403149950328632573e-05 9.999999997083793835e-01 -1.288319570229915596e-03
9.999999999349974411e-01 -1.115886974644525489e-05 -2.341967047523473755e-06 1.743633386648905242e-03 1.115882757709198627e-05 9.999999997756467973e-01 -1.800519573434820845e-05 -3.633964322836513543e-04 2.342167964632004357e-06 1.800516959957135034e-05 9.999999998351640773e-01 -7.284110994338300824e-04
9.999999998951066837e-01 -1.354353732214102895e-05 5.134129383832152346e-06 1.730218292094598456e-03 1.354358212333632446e-05 9.999999998702122639e-01 -8.726218040163724474e-06 3.885009202031410730e-05 -5.134011199306096492e-06 8.726287573751345667e-06 9.999999999487468871e-01 -8.389045509428895257e-04
9.999999996331456753e-01 -7.762948642677442430e-06 2.595082396716944810e-05 -1.464477485390444905e-03 7.763067430160354413e-06 9.999999999593914835e-01 -4.577309390551632498e-06 -2.999552645393051449e-03 -2.595078843269790365e-05 4.577510846868752107e-06 9.999999996528015078e-01 -1.109624201106862093e-03
9.999999954457143847e-01 -4.308801151054048436e-05 8.515864347100189191e-05 -6.149454432914138943e-03 4.308830748548199348e-05 9.999999990656653903e-01 -3.473739735715140303e-06 -6.358718554071533628e-03 -8.515849371489751048e-05 3.477409061709662087e-06 9.999999963679693238e-01 -7.927758584648972708e-04
9.999999856259087494e-01 6.785170538054651921e-05 1.553844536171816065e-04 -2.367962490249672647e-02 -6.778966940166358704e-05 9.999999180170325852e-01 -3.992123354020015000e-04 8.227724734295033260e-04 -1.554115281160690172e-04 3.992017962029460374e-04 9.999999082425872210e-01 -9.387067382058002230e-03
9.999979656178410448e-01 -1.792065164812279198e-06 -2.017116002522894441e-03 1.246018453647676494e-02 1.005836992153930139e-06 9.999999240355361696e-01 -3.897793095679869500e-04 -4.960149601713488565e-03 2.017116547803681111e-03 3.897764877180207987e-04 9.999978896553343155e-01 -2.643383091488125253e-03
9.999960699625835003e-01 -3.087622980929461428e-05 -2.803409717868720827e-03 -5.579342655901001202e-03 3.039333220427974910e-05 9.999999846951483917e-01 -1.722961065279954957e-04 -3.842206692926808734e-03 2.803414994817131183e-03 1.722102244349902115e-04 9.999960555962235098e-01 -7.878655212790351345e-04
9.999949067919871037e-01 8.692441670727236308e-05 -3.190428534044924096e-03 -3.729327789167118101e-03 -8.725669994943998091e-05 9.999999907839912661e-01 -1.040109888685450613e-04 -5.342309247558267235e-05 3.190419463547367919e-03 1.042888453842484190e-04 9.999949051607629480e-01 -6.629885376493505934e-04
9.999950017540428782e-01 -3.822373655579601296e-05 -3.161487921500399142e-03 1.314488338198618704e-02 3.831425689141852373e-05 9.999999988578397447e-01 2.857163381401281414e-05 7.891299211052879223e-03 3.161486825774869735e-03 -2.869262106634309442e-05 9.999950020764023506e-01 3.640898210690341093e-04
9.999956835064672811e-01 8.850397736359787667e-06 -2.938178024518238191e-03 1.575296447192156904e-02 -8.669485125164679194e-06 9.999999980660152499e-01 6.158579035888009595e-05 7.492098781915364908e-03 2.938178563894586464e-03 -6.156005203353566988e-05 9.999956816492192591e-01 -1.097672880704959105e-03
9.999961400987775750e-01 1.120963240840613370e-05 -2.778427953016207163e-03 1.734845659968417206e-02 -1.097300284941988638e-05 9.999999963118154644e-01 8.518193609923967798e-05 4.000781358989293282e-03 2.778428897627043762e-03 -8.515111960753504272e-05 9.999961365336106356e-01 -1.411602274552240183e-03
9.999957590546664221e-01 6.100666222892109884e-06 -2.912359089024331958e-03 1.739598533503897149e-02 -6.044453662153172508e-06 9.999999997952906394e-01 1.931018530632760445e-05 9.438031359791567571e-07 2.912359206233139722e-03 -1.929249979332618215e-05 9.999957588868331193e-01 -1.579609673167248988e-03
9.999954821729771792e-01 6.939009298322991904e-05 -3.005132051978585701e-03 1.698309371762319123e-02 -6.952616512419044212e-05 9.999999965626443776e-01 -4.517547646599759750e-05 -3.885003506060575977e-04 3.005128906918365633e-03 4.538420767827511465e-05 9.999954835600641800e-01 -2.955686964969604993e-03
9.999953799444764035e-01 1.501279687180179530e-05 -3.039714512620165718e-03 2.591020273842368354e-02 -1.544195289885663973e-05 9.999999899177589580e-01 -1.411595838873148489e-04 6.245724659782682289e-04 3.039712362772871608e-03 1.412058708505294525e-04 9.999953700941087709e-01 -5.378655620001118569e-03
9.999946816850319165e-01 1.293315196549721875e-06 -3.261380072774722368e-03 4.079591670416278515e-02 -1.609923721233389768e-06 9.999999952868816600e-01 -9.707545935559536512e-05 -3.588245459361268964e-03 3.261379931854285590e-03 9.708019365086994242e-05 9.999946769740207797e-01 -6.996323697997783309e-03
9.999871317451574093e-01 -2.745613375078948578e-05 -5.073025749374894706e-03 7.690409596711733631e-02 2.484037805618427819e-05 9.999998667271380315e-01 -5.156827142234112621e-04 -6.081612778474220112e-03 5.073039231931809369e-03 5.155500624093234049e-04 9.999869991560312865e-01 -6.382998778105766421e-03
9.999831494023438960e-01 -1.422332016301399305e-04 -5.803505930548766983e-03 1.070388993792244642e-01 1.385875631005866599e-04 9.999997928428495664e-01 -6.285759662951772610e-04 -1.205248713335189438e-02 5.803594132683168733e-03 6.277610806701182725e-04 9.999829619604369002e-01 -1.184192839563806207e-02
9.999796649984027397e-01 -2.295707137876430725e-04 -6.373137921739158163e-03 1.616582938769275113e-01 2.260086587004992104e-04 9.999998178662812265e-01 -5.596315668684573351e-04 -1.405182235018122110e-02 6.373265235994112626e-03 5.581798024062457333e-04 9.999795347533567691e-01 -1.292577131777166745e-02
9.999767518499043106e-01 -1.461089054340928076e-03 -6.660403778318388542e-03 2.887455900969066458e-01 1.458593876104005965e-03 9.999988642522822380e-01 -3.794707500994210772e-04 -6.600372021222166569e-03 6.660950654339410464e-03 3.697471039430306377e-04 9.999777472641376841e-01 -1.316555011610929388e-02
9.999765750031179845e-01 -1.616460901351499417e-03 -6.651052487238277681e-03 3.437185811729665530e-01 1.614187937165361157e-03 9.999986369588876878e-01 -3.470989343863781153e-04 -8.426066075068679856e-03 6.651604493436634631e-03 3.363547549005686224e-04 9.999778212656227350e-01 -1.408198970573593979e-02
9.999760327765396806e-01 -1.757116856246889553e-03 -6.696746437370268423e-03 4.263126114036294712e-01 1.755265978933059608e-03 9.999984196863568320e-01 -2.822518946650266519e-04 -1.245493086609916582e-02 6.697231803972332823e-03 2.704905586797379095e-04 9.999775367082109900e-01 -1.592580704982536968e-02
9.999753982624073334e-01 -1.320056952963613193e-03 -6.889145054420359009e-03 5.484339248562248859e-01 1.317816938669834218e-03 9.999990773342104511e-01 -3.296805178243646605e-04 -1.030158445649410545e-02 6.889573895101708430e-03 3.205937750651070774e-04 9.999762152127296133e-01 -1.746300628695276677e-02
9.999722270227159315e-01 -2.367014113526622315e-03 -7.066995642863526696e-03 7.060552287044791209e-01 2.363071092110553568e-03 9.999970476255130025e-01 -5.662466521813745105e-04 -3.775156464200804963e-03 7.068315092263342293e-03 5.495311127142442093e-04 9.999748681528514149e-01 -2.078452039202295654e-02
9.999713602778638188e-01 -2.591833400272954523e-03 -7.110627515481452235e-03 8.148520014044976501e-01 2.588743133616607482e-03 9.999965507336097126e-01 -4.437678122878397692e-04 -3.497696394766840536e-04 7.111753161270802440e-03 4.253475147445949490e-04 9.999746207011780408e-01 -2.125924412333005803e-02
9.999726603017535798e-01 -2.906213299039021349e-03 -6.799453896756782120e-03 9.333633510343337658e-01 2.905565649953149171e-03 9.999957733094051449e-01 -1.051264881581799311e-04 1.023456867829668042e-02 6.799730677566912657e-03 8.536735435085940306e-05 9.999768779202483637e-01 -2.356034844773729001e-02
9.999702861796816444e-01 -3.843245446347943323e-03 -6.682531119621190792e-03 1.091120304221438353e+00 3.842939236963322305e-03 9.999926141611064079e-01 -5.866223320029887627e-05 8.626083471980796127e-03 6.682707216883560127e-03 3.297992907942137188e-05 9.999776699189726337e-01 -2.742923710231903733e-02
9.999696798814784460e-01 -3.751469082158387629e-03 -6.823913646815337429e-03 1.240863379235479735e+00 3.750991571974551016e-03 9.999929615806533167e-01 -8.277306975737586223e-05 4.512784241460184032e-03 6.824176137861535062e-03 5.717411749100398481e-05 9.999767134044470485e-01 -2.626171845958823192e-02
9.999695266134956961e-01 -3.839396114075801884e-03 -6.797417293402822913e-03 1.410792294869047003e+00 3.837848397457609834e-03 9.999926064591702080e-01 -2.407211523426753955e-04 1.559854623228114356e-02 6.798291260277406975e-03 2.146263596876236133e-04 9.999768683181957662e-01 -2.890394024551938210e-02
9.999688988475774476e-01 -4.741150971358885219e-03 -6.302604622717020155e-03 1.597780780918824250e+00 4.741294584309250354e-03 9.999887599688912498e-01 7.844996185931354536e-06 2.827196560865519528e-02 6.302496586933707678e-03 -3.772725736223987692e-05 9.999801383594705273e-01 -3.341888129658142359e-02
9.999693071658628529e-01 -5.031541881304348561e-03 -6.005690012056526077e-03 1.788401003107344511e+00 5.038711901477266504e-03 9.999866101823261522e-01 1.179338134078049922e-03 3.019445029614625797e-02 5.999675707748426158e-03 -1.209562878588641257e-03 9.999812702491205352e-01 -3.807309301594619805e-02
9.999640388071150410e-01 -5.982136927699377264e-03 -6.011250314264872906e-03 1.991135033846248792e+00 5.997971594799546800e-03 9.999785807719469011e-01 2.619605709058760602e-03 3.103789280948629145e-02 5.995450717875334089e-03 -2.655566813546764941e-03 9.999785010366913918e-01 -3.765953563835815199e-02
9.999641605900402297e-01 -6.470694956103084650e-03 -5.459637555844842199e-03 2.200522399129214879e+00 6.494881987190521261e-03 9.999691213804168255e-01 4.424115013163844312e-03 4.059164562307725210e-02 5.430841871072794244e-03 -4.459416157110224904e-03 9.999753094772435569e-01 -4.395461094337452940e-02
9.999608551057102002e-01 -6.959691140909181513e-03 -5.463602793032985329e-03 2.411306116303212121e+00 6.987590007408468924e-03 9.999625609892787148e-01 5.103940208447604182e-03 4.790819907885815465e-02 5.427876393696976810e-03 -5.141917831528728874e-03 9.999720490288058761e-01 -4.721071623231422321e-02
9.999585222515912086e-01 -7.512517323642342766e-03 -5.149355287402987251e-03 2.647621835414102787e+00 7.541960511199025281e-03 9.999551850737675718e-01 5.722471121356784672e-03 6.036849406118030559e-02 5.106134355992401376e-03 -5.761070000375063775e-03 9.999703682931756488e-01 -4.987836300575127640e-02
9.999547424695155451e-01 -8.194572565710735862e-03 -4.833424582034949110e-03 2.893916116988338061e+00 8.224329060664791607e-03 9.999471505742351107e-01 6.168992621958083872e-03 6.555381954287520241e-02 4.782616880623341560e-03 -6.208465102838999286e-03 9.999692902968770891e-01 -5.067503115576724865e-02
9.999545047501575690e-01 -8.571969138596592999e-03 -4.184468300036498466e-03 3.147343705210551512e+00 8.599365077799599535e-03 9.999414178676609977e-01 6.573564715629736516e-03 7.200164383932050605e-02 4.127874771087831733e-03 -6.609249420229137278e-03 9.999696387750857118e-01 -5.416749877231639282e-02
9.999495252870496120e-01 -9.249926408006984430e-03 -3.922466016497076595e-03 3.404483961071863352e+00 9.271326184092647249e-03 9.999420423541399705e-01 5.473065267244565935e-03 7.537843719785172758e-02 3.871613228652562907e-03 -5.509155477731205244e-03 9.999773296514925525e-01 -7.342613666398492556e-02
9.999288987055208189e-01 -9.943525245579067431e-03 -6.582084719504012124e-03 3.673069065578860037e+00 9.978914301697646219e-03 9.999358129652984317e-01 5.365744942415092561e-03 7.749190260518583340e-02 6.528307814707470444e-03 -5.431045490346286808e-03 9.999639418208829955e-01 -8.000977407588981405e-02
9.998924634623451713e-01 -1.060042164913492339e-02 -1.013373435922171675e-02 3.950061566378890276e+00 1.064106680503539536e-02 9.999355195468484503e-01 3.965406136215919933e-03 8.415448894109067712e-02 1.009104595438416185e-02 -4.072813454470596353e-03 9.999407897381282773e-01 -8.626042039164910635e-02
9.998361562730144758e-01 -1.147909409519214628e-02 -1.399610688576664527e-02 4.236498708388044321e+00 1.149036854021195757e-02 9.999337204228756493e-01 7.253909818645679682e-04 9.197699281860946541e-02 1.398685239838423980e-02 -8.860925573482346211e-04 9.999017865770445379e-01 -8.931692480292370562e-02
9.997846584287499727e-01 -1.166242124499926661e-02 -1.716463519017717015e-02 4.531857338467045970e+00 1.161610951673644823e-02 9.999286235310940185e-01 -2.795325188038902571e-03 9.045991323507789061e-02 1.719601029898690236e-02 2.595336956136829604e-03 9.998487692925771553e-01 -8.498901097824373974e-02
9.997534120029387683e-01 -1.208991110460913912e-02 -1.862657343594674442e-02 4.844387512970913967e+00 1.199398004059548314e-02 9.999142696319545109e-01 -5.253363606382874078e-03 9.364940713731355337e-02 1.868848927195201209e-02 5.028661439957911490e-03 9.998127089274543300e-01 -8.531200851209032321e-02
9.997299695476107306e-01 -1.257662823086607047e-02 -1.954012309776500048e-02 5.148224111360426569e+00 1.241979441972244393e-02 9.998898444015715814e-01 -8.126977862209458850e-03 9.648321363483987334e-02 1.964018062302528775e-02 7.882099018890456957e-03 9.997760428316690984e-01 -8.191602026772273892e-02
9.997201185657998979e-01 -1.262145291679632117e-02 -2.000958422986384710e-02 5.479798771538560764e+00 1.240302031255473628e-02 9.998625381359729225e-01 -1.100317769630647022e-02 1.085112405591525109e-01 2.014570976434627847e-02 1.075191883150329250e-02 9.997392393116975029e-01 -8.641720379707029664e-02
9.997002979102581621e-01 -1.335548520475718717e-02 -2.051695330907348999e-02 5.813236569973982526e+00 1.311482198921551032e-02 9.998441314145573022e-01 -1.182008122055934300e-02 1.189614221221234197e-01 2.067161828044382019e-02 1.154746252710707639e-02 9.997196308499961548e-01 -8.904601334969564075e-02
9.997025375551321646e-01 -1.367321508892823702e-02 -2.019602918797285332e-02 6.153113854679980399e+00 1.348213218831731224e-02 9.998633385599419166e-01 -9.567461284146136502e-03 1.275911578157367665e-01 2.032408712553369565e-02 9.292329788530010598e-03 9.997502608599884155e-01 -7.548840627896137578e-02
9.997943674216236420e-01 -1.425547297786920048e-02 -1.442235633218870439e-02 6.502236323679502661e+00 1.418005468801257496e-02 9.998853154446839531e-01 -5.318083031492516419e-03 1.508580472342552770e-01 1.449651409961564413e-02 5.112479658846291394e-03 9.998818498356181195e-01 -6.235087118176842191e-02
9.998694364596795170e-01 -1.569601668066172503e-02 -3.839934135269480655e-03 6.860564193001055244e+00 1.568768307121650926e-02 9.998745405660616203e-01 -2.190828077311553126e-03 1.619509972406821818e-01 3.873839653352452884e-03 2.130302365313092427e-03 9.999902275413357078e-01 -6.267238768091554224e-02
9.998079127688355161e-01 -1.747277876601459681e-02 8.879164770320560965e-03 7.228692979008101815e+00 1.747623730164006919e-02 9.998472302029527414e-01 -3.120661152978291219e-04 1.691563096851795289e-01 -8.872355639927680462e-03 4.671805619482859010e-04 9.999605307449495051e-01 -7.094053017822816998e-02
9.996300571592550144e-01 -1.888540000344526848e-02 1.957269757837415067e-02 7.607099541269492171e+00 1.894789917137884583e-02 9.998159335869127862e-01 -3.012650447911184668e-03 1.818080354055206516e-01 -1.951219979335709967e-02 3.382397439673237149e-03 9.998038974952959679e-01 -1.122211573534563772e-01
9.995420861627756226e-01 -2.041601034072652171e-02 2.233393183328459888e-02 7.980481851411748373e+00 2.058009075034979152e-02 9.997627001646762768e-01 -7.141654160126978401e-03 1.896822118328972684e-01 -2.218282790975538779e-02 7.598018241807507830e-03 9.997250583359023057e-01 -1.371053440847226912e-01
9.995791202311514745e-01 -2.154438788698382831e-02 1.942734537944914436e-02 8.357766009353156278e+00 2.173974734156683755e-02 9.997146322207471902e-01 -9.901389259142861707e-03 1.957267472654240226e-01 -1.920848207022244486e-02 1.031956754478677470e-02 9.997622421067153820e-01 -1.326429267913662446e-01
9.995773266122159884e-01 -2.271863398576235912e-02 1.813923351733280273e-02 8.733773795082845126e+00 2.287867685750528610e-02 9.997006991221387695e-01 -8.664774662783333511e-03 2.104893129639489602e-01 -1.793695258468445616e-02 9.076113955208115966e-03 9.997979245264749792e-01 -1.319026141737032476e-01
9.995489624264722872e-01 -2.425963675013271745e-02 1.770146143442025144e-02 9.134675272691564984e+00 2.436485531060203144e-02 9.996865805830942309e-01 -5.752775658241915738e-03 2.307204933536248503e-01 -1.755635320492514306e-02 6.181474486903823853e-03 9.998267669128045876e-01 -1.503854302809490284e-01
9.995621541692680800e-01 -2.565151512488158744e-02 1.474787185631951276e-02 9.542245316007354816e+00 2.568786506061243938e-02 9.996674109139721542e-01 -2.280601934431759122e-03 2.573519030688782849e-01 -1.468446598008305189e-02 2.658444724559548469e-03 9.998886433651130723e-01 -1.863244411371814957e-01
9.996115860244038087e-01 -2.688239206775469917e-02 7.349427358058488631e-03 9.946241492725995670e+00 2.687821556440226842e-02 9.996384933256585725e-01 6.664755665081097688e-04 2.888268647359895636e-01 -7.364686948498413120e-03 -4.686772052788732443e-04 9.999727704931908878e-01 -2.101360534502235422e-01
9.996089014808998696e-01 -2.794228868438465921e-02 1.128088306398790852e-03 1.036559016429794511e+01 2.793940570263760484e-02 9.996065042326732764e-01 2.495256443309746934e-03 3.035235334077802105e-01 -1.197367584305584131e-03 -2.462762435349116416e-03 9.999962505489983222e-01 -2.236334907925724980e-01
9.995728794851893584e-01 -2.920938955280355520e-02 -9.328234772290336851e-04 1.079472265273728482e+01 2.921145152788016258e-02 9.995706561380744981e-01 2.279141797607590371e-03 3.183648704401715324e-01 8.658506345824282030e-04 -2.305417457178814480e-03 9.999969676719158151e-01 -2.281064075013306824e-01
9.995534134428419870e-01 -2.987079795899824294e-02 -8.420831644022487399e-04 1.125199286001927668e+01 2.987250284267970249e-02 9.995515312003703245e-01 2.090466194220446609e-03 3.493195776025392885e-01 7.792616230486459385e-04 -2.114687751842293361e-03 9.999974604202928052e-01 -2.314117934964202150e-01
9.995223380061623031e-01 -3.090451009440248545e-02 -8.415770923616934713e-05 1.170850836152798280e+01 3.090458956041198038e-02 9.995133907231762427e-01 4.229433669147530245e-03 3.635007351696742939e-01 -4.659181820763677026e-05 -4.230014288890610041e-03 9.999910523641289961e-01 -2.400893273077886747e-01
9.994798917921773329e-01 -3.224619839786128928e-02 3.585972439101213168e-04 1.219291421007431175e+01 3.224357117523024563e-02 9.994631254425513367e-01 5.814894536864768926e-03 3.926697770098317442e-01 -5.459129650718758889e-04 -5.800307706731264862e-03 9.999830290607645278e-01 -2.599218613173845949e-01
9.994493466442482266e-01 -3.316944411097638712e-02 -8.896458587900668352e-04 1.267622117535412052e+01 3.317384856114936886e-02 9.994344422917607051e-01 5.503756226351951344e-03 4.187027350715593621e-01 7.065861781666056421e-04 -5.530238541509226169e-03 9.999844584780539503e-01 -2.746503567289612091e-01
9.994189213164824670e-01 -3.394121518529005094e-02 -3.132670800530466294e-03 1.317275603702825038e+01 3.395255927588467643e-02 9.994168097438791420e-01 3.641993957222453698e-03 4.428585139369969892e-01 3.007230156838349225e-03 -3.746239863215255518e-03 9.999884610602619572e-01 -2.835181790816243552e-01
9.993825517439148820e-01 -3.487523998614911608e-02 -4.270000670935658084e-03 1.369235323797351533e+01 3.488950293533828878e-02 9.993856859163381401e-01 3.312607802833916499e-03 4.611824177327433216e-01 4.151849557282433732e-03 -3.459540639865468867e-03 9.999853967552799761e-01 -2.928576342171644864e-01
9.993394985359962401e-01 -3.602037180593229554e-02 -4.806191921460319094e-03 1.421216324834791855e+01 3.603754505336661390e-02 9.993441820750461613e-01 3.535689364676881854e-03 4.964680485021172318e-01 4.675683089141515272e-03 -3.706557394580002867e-03 9.999821995515373318e-01 -3.021824450585792188e-01
9.992979532907549922e-01 -3.704998231169419343e-02 -5.558719241986607995e-03 1.473768527068912526e+01 3.707896458527897010e-02 9.992987852301210561e-01 5.204634750691514676e-03 5.235515395828930219e-01 5.361989760500566332e-03 -5.407092407905099950e-03 9.999710057884181325e-01 -3.091373228030397935e-01
9.992520240526334696e-01 -3.844469207348650414e-02 -4.171100345222513404e-03 1.529537396837628904e+01 3.847135492496008696e-02 9.992384823544493422e-01 6.512313890972544483e-03 5.576575909834298184e-01 3.917560076483935123e-03 -6.667910718629075500e-03 9.999700953977050943e-01 -3.100345151580532477e-01
9.992110259150528417e-01 -3.969134327099637510e-02 -1.386708019605234704e-03 1.586680642769124461e+01 3.969744054971444808e-02 9.992007504717869137e-01 4.687586843953274116e-03 5.784262003468343405e-01 1.199543075338839948e-03 -4.738937218580546382e-03 9.999880517138436398e-01 -3.239045102710343960e-01
9.991675425869988025e-01 -4.078565518670436429e-02 8.672782997544367396e-04 1.643329253610816565e+01 4.078344566693069273e-02 9.991650575174131355e-01 2.428661309661670799e-03 6.199096966274396658e-01 -9.656087149988968558e-04 -2.391268955134630454e-03 9.999966747107681408e-01 -3.434489436365480985e-01
9.991256162610782088e-01 -4.176914245353387928e-02 1.828023418093554370e-03 1.700555288241870855e+01 4.176692646032444806e-02 9.991266190438308215e-01 1.234087558350554841e-03 6.458773464069521575e-01 -1.877973636277638445e-03 -1.156657572585862792e-03 9.999975676761825305e-01 -3.546345176138817057e-01
9.990976783642135928e-01 -4.244340430362138206e-02 1.544836029428780328e-03 1.758773972317923651e+01 4.244105078250517971e-02 9.990978078124437278e-01 1.525658168150179159e-03 6.815787051772559391e-01 -1.608196416891894591e-03 -1.458717069400612427e-03 9.999976429216201890e-01 -3.637364062747180382e-01
9.990275605321407015e-01 -4.406972105499596531e-02 1.339023276456680414e-03 1.817612397443031824e+01 4.406437126468685378e-02 9.990214977217928283e-01 3.791869559176637948e-03 7.150431145716972248e-01 -1.504819672879939823e-03 -3.729178976774475199e-03 9.999919143382667297e-01 -3.769353213533193636e-01
9.989574106013249244e-01 -4.561773683973988774e-02 1.764621862102885679e-03 1.875455355940669477e+01 4.560781563565022984e-02 9.989453392898778317e-01 5.304362730379272653e-03 7.549177685286524442e-01 -2.004733807893668927e-03 -5.218351909476426007e-03 9.999843748007807287e-01 -3.858571645323415900e-01
9.988806238805008064e-01 -4.723201817527743901e-02 2.575984315103706929e-03 1.934335160124867414e+01 4.722274715305011666e-02 9.988780812523567754e-01 3.548372152010137708e-03 7.902944827885657331e-01 -2.740691047983348158e-03 -3.422755132977716493e-03 9.999903866337311875e-01 -4.156138134062825618e-01
9.988133948995541189e-01 -4.866322084339484016e-02 1.921745658053344331e-03 1.994555373867770953e+01 4.866178189265048942e-02 9.988150024439330643e-01 7.885911222633027254e-04 8.249914448026014480e-01 -1.957843778083008524e-03 -6.941398079501187850e-04 9.999978425065064735e-01 -4.237649594320972435e-01
9.987749449821644587e-01 -4.946369823986500325e-02 1.397079922563201904e-03 2.054841286335275186e+01 4.946521943824455647e-02 9.987752670468619254e-01 -1.076104732845384023e-03 8.652453568960576380e-01 -1.342140752963916391e-03 1.143893310285049600e-03 9.999984450819380255e-01 -4.411673256255272957e-01
9.987452333958152240e-01 -5.007947512771433046e-02 7.028564024355007976e-05 2.114014274470363475e+01 5.007952012007398784e-02 9.987435797775949808e-01 -1.817558136023030447e-03 9.026487959100083502e-01 2.082502552233675460e-05 1.818797395907513405e-03 9.999983457698072842e-01 -4.487365733869523865e-01
9.987153079738192440e-01 -5.065092177708823556e-02 -1.489208477872038493e-03 2.175601018560746525e+01 5.064826139222129014e-02 9.987149794525311819e-01 -1.772973512365200134e-03 9.391643622552152681e-01 1.577097557066167027e-03 1.695269967176459914e-03 9.999973194079241345e-01 -4.572858295135739937e-01
9.986636376958026862e-01 -5.162415307989626917e-02 -2.426017924506384139e-03 2.237385717223901338e+01 5.162187454029768668e-02 9.986662088411946137e-01 -9.926669638898981407e-04 9.854401223323352443e-01 2.474027714548781860e-03 8.661048082473517783e-04 9.999965645187631758e-01 -4.714889313012047278e-01
9.986373591055242027e-01 -5.205831165787830339e-02 -3.654748428488643636e-03 2.298715155835749258e+01 5.205609178325139308e-02 9.986439171875217680e-01 -6.999804395644735819e-04 1.034260710242494774e+00 3.686232086838104206e-03 5.087746979540912554e-04 9.999930763966862202e-01 -4.861808754468138760e-01
9.986003715101888778e-01 -5.270965601902169451e-02 -4.357772604118680636e-03 2.361230018603482605e+01 5.271159614873950627e-02 9.986097224392005423e-01 3.314835666171998666e-04 1.062788470737536795e+00 4.334241705879757385e-03 -5.607247623898029476e-04 9.999904499226859311e-01 -4.990484316199065851e-01
9.985957166189857181e-01 -5.277043161539972382e-02 -4.677210422751365386e-03 2.425300504409199931e+01 5.277244429391465819e-02 9.986065162727203459e-01 3.078650787388268134e-04 1.108652592259358638e+00 4.654446633053842437e-03 -5.542605754107227545e-04 9.999890144005355586e-01 -5.047686456472104677e-01
9.986152172314646247e-01 -5.246980650167867161e-02 -3.816715791244361736e-03 2.488566084708332582e+01 5.246859081687434839e-02 9.986224873479960795e-01 -4.180198473951137654e-04 1.149007916185367240e+00 3.833391637459502080e-03 2.171832815984319886e-04 9.999926289428218151e-01 -5.106258747910379370e-01
9.986368660068241088e-01 -5.217043085056671109e-02 -1.629722962555128817e-03 2.554512185364274046e+01 5.217111176267661549e-02 9.986380886679289137e-01 3.780993414214921114e-04 1.188606228961018862e+00 1.607777818838014008e-03 -4.626084001780671022e-04 9.999986005209974271e-01 -5.183150205930214804e-01
9.986668730101397884e-01 -5.160537621020918481e-02 1.167004006930574518e-03 2.620443419591896017e+01 5.160403720075607686e-02 9.986669621538996067e-01 1.149802976476310083e-03 1.239718882079767104e+00 -1.224784361591463614e-03 -1.088048024908271072e-03 9.999986580264811353e-01 -5.365924188611504997e-01
9.986777922321637968e-01 -5.130563694518719409e-02 3.224735638722166144e-03 2.687963012278896713e+01 5.130152017908323758e-02 9.986823020695575481e-01 1.346684953547665209e-03 1.278507826556948279e+00 -3.289578940551060680e-03 -1.179470515799142284e-03 9.999938937412049533e-01 -5.585250917359324552e-01
9.986943476330406577e-01 -5.098484510430580791e-02 3.185212003199652114e-03 2.755902103295986194e+01 5.098239333613695939e-02 9.986991936259204117e-01 8.462982073355092153e-04 1.324264977911323360e+00 -3.224217042136147578e-03 -6.828035048718387274e-04 9.999945690871721027e-01 -5.791457317531525373e-01
9.987477745017081521e-01 -4.999578066525911524e-02 1.817922868692729539e-03 2.824679008470648611e+01 4.999594922693971488e-02 9.987494194327171115e-01 -4.736779261240667976e-05 1.360988881331404388e+00 -1.813281219910275891e-03 1.381972568963539126e-04 9.999983464550007417e-01 -5.981551780654558170e-01
9.987871889192004859e-01 -4.923097967653989465e-02 -6.796256097965872479e-04 2.894429768517128210e+01 4.923164926545398751e-02 9.987868800971295702e-01 1.006407693404184076e-03 1.416266773224301945e+00 6.292547057425478332e-04 -1.038646200655147503e-03 9.999992626260206796e-01 -6.186729212965140778e-01
9.988231310125484930e-01 -4.837897178640331725e-02 -3.439192227803437776e-03 2.965247878160576533e+01 4.838428003798934257e-02 9.988277023178699920e-01 1.477338014754793222e-03 1.455702014788927245e+00 3.363688376591581364e-03 -1.642002221315763070e-03 9.999929946900679711e-01 -6.329477156266370974e-01
9.988764654298996071e-01 -4.705852718573282079e-02 -5.594803783896007757e-03 3.036432185930808458e+01 4.707237822723589482e-02 9.988886689847082945e-01 2.370270446579433865e-03 1.493056038561507926e+00 5.477044668678595490e-03 -2.630968085614937904e-03 9.999815398239257913e-01 -6.486368813815500678e-01
9.989628040319518121e-01 -4.494767614398065964e-02 -7.281659829743303801e-03 3.109176970705279430e+01 4.495916716175222400e-02 9.989878132487022278e-01 1.422064941409494424e-03 1.531268742719986031e+00 7.210370915693997858e-03 -1.747967342886407212e-03 9.999724772019609187e-01 -6.530872748949008155e-01
9.990800468186586958e-01 -4.236180101281798727e-02 -6.673669438715776510e-03 3.181859161084809884e+01 4.237827594003504283e-02 9.990988810683334442e-01 2.346822608194395164e-03 1.572756646459754881e+00 6.568240036500152222e-03 -2.627482246276418958e-03 9.999749769668581090e-01 -6.500097320294921932e-01
9.992199764814901908e-01 -3.941565615635175823e-02 -2.417571114673197456e-03 3.255896818938921200e+01 3.942652559694403980e-02 9.992117619120276517e-01 4.626438804842166949e-03 1.618554559986317143e+00 2.233311371880168129e-03 -4.718146503202538117e-03 9.999863756141332827e-01 -6.632891224182979606e-01
9.993187350174806971e-01 -3.687045822696262409e-02 1.623315494913088334e-03 3.331166319096100636e+01 3.686012623737554283e-02 9.993024755900258294e-01 5.991107861709190838e-03 1.656714166454924975e+00 -1.843078084878673048e-03 -5.927190715650927991e-03 9.999807355511372009e-01 -6.806145510495900108e-01
9.994076862887896207e-01 -3.426710422228160940e-02 3.168935958269274589e-03 3.405092813968229137e+01 3.425864894088102158e-02 9.994093933173840982e-01 2.685055255229631694e-03 1.688719131187850886e+00 -3.259073431789077501e-03 -2.574901395676120006e-03 9.999913741243815490e-01 -7.005790967716727380e-01
9.995105474638557030e-01 -3.118225187026958667e-02 2.516481035609156782e-03 3.477218285295919031e+01 3.118236977638346591e-02 9.995137116403276512e-01 -7.622651015883300950e-06 1.718425316757696386e+00 -2.515019608750307823e-03 8.608876227763259648e-05 9.999968336275333325e-01 -7.124057404982502284e-01
9.996197397828967546e-01 -2.753351304846371819e-02 1.510462043138677051e-03 3.551035176500977286e+01 2.753314611773913581e-02 9.996208564234119187e-01 2.631884948198538483e-04 1.746997556781352490e+00 -1.517135865013668735e-03 -2.215006425666385869e-04 9.999988246174255080e-01 -7.308240574719678806e-01
9.997045304519577291e-01 -2.430607732014456943e-02 -2.576803018384789474e-04 3.623889511988719647e+01 2.430656452174273160e-02 9.997023561053431928e-01 2.095260980394624689e-03 1.772645222066831172e+00 2.066760294745097312e-04 -2.100905217462335599e-03 9.999977717386604459e-01 -7.505514289932445626e-01
9.997763136582021870e-01 -2.100298208556753560e-02 -2.489456070999671120e-03 3.696772913616574385e+01 2.101057910135138013e-02 9.997745526465772192e-01 3.065851621040525075e-03 1.793715266736958913e+00 2.424502803043279264e-03 -3.117470745605997740e-03 9.999922015507463069e-01 -7.556275988741150140e-01
9.998320178667751135e-01 -1.794411333773110809e-02 -3.734279713049827153e-03 3.769363461678864979e+01 1.796660737991467513e-02 9.998201016675553054e-01 6.079911244032546250e-03 1.820770358838369907e+00 3.624509305910301581e-03 -6.145982265023101909e-03 9.999745445931558230e-01 -7.690681183648387931e-01
9.998839071876065576e-01 -1.463870995458289859e-02 -4.228512517591946109e-03 3.841227378286736638e+01 1.466464905551604497e-02 9.998734322947557818e-01 6.169883239005330422e-03 1.834941456571152152e+00 4.137658193276556005e-03 -6.231176612005317680e-03 9.999720257200725992e-01 -7.898898936184357567e-01
9.999219155275617110e-01 -1.055499861531176628e-02 -6.689906720011885854e-03 3.912163616122717968e+01 1.058492274543591793e-02 9.999340606319587765e-01 4.453515303138640830e-03 1.858566357079680875e+00 6.642458743932615553e-03 -4.523979698551198678e-03 9.999677051532825933e-01 -8.019059265047423501e-01
9.999309288783122529e-01 -5.971267418093097190e-03 -1.012331161118904324e-02 3.983746810762321644e+01 6.015776015340635469e-03 9.999723480425931621e-01 4.371909092843481379e-03 1.865882768309846007e+00 1.009692584348659272e-02 -4.432506695364931554e-03 9.999392006381720988e-01 -7.951974209475304312e-01
9.999435610318132550e-01 -7.066090824639840702e-04 -1.060072896648448296e-02 4.054760745158139201e+01 7.871710585950151542e-04 9.999708293808780013e-01 7.597417261373399892e-03 1.882932324528075796e+00 1.059505133261723006e-02 -7.605333058024709748e-03 9.999149482812704770e-01 -7.991410667227206721e-01
9.999453639907113223e-01 4.366277168036191737e-03 -9.497613235738949430e-03 4.127274768518872605e+01 -4.272728105243625389e-03 9.999423803142599709e-01 9.847834583828334390e-03 1.893153285864698443e+00 9.540064361546992874e-03 -9.806715818441462743e-03 9.999064033682522057e-01 -8.086534608264861479e-01
9.999201536025239534e-01 9.228289459104348919e-03 -8.632791736383810602e-03 4.197399858458863520e+01 -9.141109430962673227e-03 9.999073698775093888e-01 1.008423437910511457e-02 1.889686423255686698e+00 8.725052313651665906e-03 -1.000451589536164622e-02 9.999118876800212607e-01 -8.168967631844222810e-01
9.998662822565376196e-01 1.428511668146902232e-02 -7.959462788819987242e-03 4.268625697332716840e+01 -1.419797622965159566e-02 9.998398013488463132e-01 1.089904168639298752e-02 1.886169882525744912e+00 8.113881775823629169e-03 -1.078457602765631705e-02 9.999089247738673913e-01 -8.184737368053249806e-01
9.997720754978585145e-01 2.028960095245601822e-02 -6.642977336578241403e-03 4.338775249581448179e+01 -2.020631518629924586e-02 9.997192642651908656e-01 1.237325679266764594e-02 1.884828610805091342e+00 6.892160858259829999e-03 -1.223620653043496626e-02 9.999013818214516069e-01 -8.173922808904797721e-01
9.996475113182623495e-01 2.637038388934265579e-02 -3.075055891082189956e-03 4.409237858598380910e+01 -2.633022840039124166e-02 9.995758963441637723e-01 1.243971543664667764e-02 1.870869772623383165e+00 3.401791820175435743e-03 -1.235436365379505991e-02 9.999178953849771068e-01 -8.281299773839042588e-01
9.994601860138606630e-01 3.283411711885318024e-02 1.121305562503073809e-03 4.479137441538494357e+01 -3.284484548888096794e-02 9.993944405689961785e-01 1.148774497430668853e-02 1.855844475974038676e+00 -7.434365814267603501e-04 -1.151837283684659097e-02 9.999333849758397230e-01 -8.365715368231595450e-01
9.992165616473741574e-01 3.932836159676949411e-02 4.420735652919419341e-03 4.549171789300874735e+01 -3.937273019079983588e-02 9.991700255702757882e-01 1.044261074716460597e-02 1.835087346360722016e+00 -4.006375783888124938e-03 -1.060848603751098074e-02 9.999357024214458045e-01 -8.605587700550332286e-01
9.989670615743446724e-01 4.512288061346322182e-02 5.360553578002007907e-03 4.617701918457594701e+01 -4.517135256579691421e-02 9.989360161577789388e-01 9.294327851009717353e-03 1.806052403418291652e+00 -4.935463189606156473e-03 -9.526870838251542614e-03 9.999424383108935777e-01 -8.750204974844310035e-01
9.986931974888537678e-01 5.089714742057126207e-02 4.623599673187106691e-03 4.687575824332925833e+01 -5.093781265275409975e-02 9.986599096377941631e-01 9.150088763812019507e-03 1.771896498548154009e+00 -4.151690215103317518e-03 -9.373647458772399119e-03 9.999474477199671307e-01 -8.917147391225139774e-01
9.984054765866873238e-01 5.637739398445364147e-02 2.844955049099917848e-03 4.757487881352935233e+01 -5.640097587955099356e-02 9.983673494994406150e-01 9.031355008861171804e-03 1.739218217233973185e+00 -2.331145972266900849e-03 -9.177412542948295074e-03 9.999551694238459909e-01 -9.124024597441163786e-01
9.981084649833880107e-01 6.147399467289519498e-02 6.634059555199146516e-04 4.826001501158690132e+01 -6.147749044862097639e-02 9.980668020336503909e-01 9.120134125212078779e-03 1.705013496529300898e+00 -1.014723838464625023e-04 -9.143667605452075048e-03 9.999581906490272454e-01 -9.237162050498665122e-01
9.977746715182315151e-01 6.667428401385137871e-02 -4.946998337287559838e-04 4.895268656437216492e+01 -6.666631657258866028e-02 9.977277409630592730e-01 9.744595804539318840e-03 1.669319801950377213e+00 1.143289695833031843e-03 -9.689931062228387959e-03 9.999523979293617471e-01 -9.307808625226016153e-01
9.974214491334142396e-01 7.175591902600238214e-02 1.241327246840560981e-03 4.964799658324191967e+01 -7.176480784963788773e-02 9.973706710102775430e-01 1.007754746023033741e-02 1.628428243340134474e+00 -5.149397095877268583e-04 -1.014064560284173334e-02 9.999484497432120644e-01 -9.397034026498032322e-01
9.970307211214201049e-01 7.694641826030695908e-02 2.998309025268626384e-03 5.033678801881722364e+01 -7.697020782070715383e-02 9.969941122303277448e-01 8.850270396871121395e-03 1.576085649422865220e+00 -2.308299837165415317e-03 -9.054771944697599315e-03 9.999563404753686324e-01 -9.622945172088929189e-01
9.966391329841711721e-01 8.186532637772835075e-02 2.916666183764879232e-03 5.103245470170487863e+01 -8.188355024305495056e-02 9.966187009284785958e-01 6.800673439071195335e-03 1.522831867190801880e+00 -2.350064712427865632e-03 -7.016644262024929364e-03 9.999726215747847258e-01 -9.755141264486373309e-01
9.962296149479592522e-01 8.675130885772772138e-02 8.744781940851870886e-04 5.172610142112333875e+01 -8.675338423691897338e-02 9.962261326586088206e-01 2.709784403507210521e-03 1.470152963899018728e+00 -6.361006856612626964e-04 -2.775431415676253479e-03 9.999959461699705621e-01 -9.939459579005833767e-01
