1.000000000000000000e+00 0.000000000000000000e+00 0.000000000000000000e+00 0.000000000000000000e+00 0.000000000000000000e+00 1.000000000000000000e+00 0.000000000000000000e+00 0.000000000000000000e+00 0.000000000000000000e+00 0.000000000000000000e+00 1.000000000000000000e+00 0.000000000000000000e+00
9.999999383849531576e-01 2.452305367488836021e-04 2.511813562861943470e-04 -1.882447254466220604e-02 -2.452709845761978755e-04 9.999999569586022208e-01 1.610122287502926161e-04 1.058719617684148601e-02 -2.511418603597180663e-04 -1.610738263280800928e-04 9.999999554914932309e-01 2.959496322724105080e-03
9.999998377728346322e-01 2.088618347712407029e-04 5.299349379602554975e-04 -1.447614236500668547e-02 -2.085438364317473764e-04 9.999997982218050696e-01 -6.000548452772696585e-04 1.529704469333676570e-02 -5.300601595868882502e-04 5.999442332670515497e-04 9.999996795515208037e-01 8.446388933798126483e-03
9.999999351027953898e-01 3.484063485467901147e-04 9.169199175043847311e-05 -8.703864736805714056e-03 -3.483498635557321526e-04 9.999997500128812167e-01 -6.153263748995619394e-04 1.713790302202876023e-02 -9.190635244406492391e-05 6.152943940737848425e-04 9.999998064829968003e-01 -3.530725859118831814e-03
9.999999821238745312e-01 1.791347600226885926e-04 6.052262625855535702e-05 -6.604208832961238479e-03 -1.791382159601012474e-04 9.999999823244885011e-01 5.710098235314567947e-05 1.029912431789424543e-04 -6.051239641801608825e-05 -5.711182324769453170e-05 9.999999965382447842e-01 -5.930946036545684322e-03
9.999999929506835361e-01 -6.680812562826189086e-05 -9.815960070688441522e-05 -7.895549378964417109e-03 6.680358651186156982e-05 9.999999966993516898e-01 -4.624475626563409380e-05 -2.006474078196303010e-03 9.816268990838034297e-05 4.623819852626238506e-05 9.999999941130576220e-01 -6.157254430296807760e-03
9.999999698136836646e-01 -3.573915525741322647e-05 2.430953404449782821e-04 -2.175480575303672358e-03 3.565720288805214423e-05 9.999999425405936559e-01 3.371162607231898800e-04 6.455202122490353092e-03 -2.431073747272461424e-04 -3.371075824470163543e-04 9.999999136286373824e-01 -7.857421082148145774e-05
9.999999373362469246e-01 2.350883184108477062e-04 2.646903563898659576e-04 -3.310762972335800931e-03 -2.350950058088680872e-04 9.999999720467874775e-01 2.523415529693655437e-05 1.504149589018155715e-02 -2.646844167357848801e-04 -2.529638109654270650e-05 9.999999646511257279e-01 2.372759364283304803e-03
9.999999268759864890e-01 3.622901698651990847e-04 -1.224493960499047648e-04 -1.336400730091836034e-02 -3.622971038386400833e-04 9.999999327680660910e-01 -5.660982017925612848e-05 1.817982006482993240e-02 1.224288786360262684e-04 5.665417910127453855e-05 9.999999909007367682e-01 -7.055664716385838357e-03
9.999999799164702718e-01 1.736499401117921556e-04 1.000637659786491007e-04 -2.500701386570752111e-03 -1.736301183160338937e-04 9.999999653111623088e-01 -1.980662925829985706e-04 -1.693495789554352177e-03 -1.000981567073985524e-04 1.980489145216022574e-04 9.999999753784929446e-01 -2.255043359945675674e-03
9.999999208686751739e-01 1.826840928813519842e-04 3.533966122637919281e-04 -1.729131745519095487e-02 -1.826600691941519436e-04 9.999999810049370330e-01 -6.801047436047839552e-05 1.280294370147537844e-02 -3.534090299828159844e-04 6.794591752907036791e-05 9.999999352427028088e-01 1.380730883867382431e-03
9.999998687224304073e-01 7.336130967166715211e-05 5.071225100554691478e-04 -1.720391699486282372e-02 -7.327962825995309570e-05 9.999999843408423628e-01 -1.610851052545690784e-04 6.739032889703441831e-04 -5.071343195286478036e-04 1.610479223586888480e-04 9.999998584391642797e-01 5.252140798973637011e-03
9.999999984105822914e-01 4.444722339281768198e-05 3.468832277948165441e-05 -5.536151095856882767e-03 -4.446661996264980452e-05 9.999998425657299350e-01 5.593668161937603075e-04 -1.209898694994703330e-03 -3.466345501651298317e-05 -5.593683577771590022e-04 9.999998429527302557e-01 -5.951313484921227914e-03
9.999999996088001497e-01 2.576066981129762406e-05 1.089897160839996185e-05 1.568880914205667693e-03 -2.575997485645373534e-05 9.999999976356274134e-01 -6.375867727068951771e-05 3.204051033593191457e-03 -1.090061404886350647e-05 6.375839648851254905e-05 9.999999979080217427e-01 -7.364690356631594173e-03
9.999998509682691550e-01 3.829637908839018251e-04 -3.891043232930224867e-04 -9.192628994452896329e-03 -3.831559710594533742e-04 9.999998046026555842e-01 -4.939495445210162049e-04 9.331704744722463946e-03 3.889150824729958661e-04 4.940985585516954534e-04 9.999998023058169760e-01 7.700184534851387680e-03
9.999972255931607323e-01 1.540273577040928755e-04 -2.350549202688428062e-03 -5.914628688045561397e-03 -1.555763030853830875e-04 9.999997708872359059e-01 -6.588030734236250503e-04 1.323700979197133323e-02 2.350447190450956521e-03 6.591669353910469377e-04 9.999970204440392640e-01 -6.547123646196688351e-03
9.999952351148062579e-01 2.538755851887781632e-04 -3.076571934896934341e-03 5.822231850253461148e-03 -2.552161389546384355e-04 9.999998726697458817e-01 -4.353449373665257060e-04 2.460522992897676980e-03 3.076461019705514950e-03 4.361280538083200323e-04 9.999951725783055023e-01 -4.236734095268493427e-03
9.999934024089948137e-01 2.338589072037136640e-04 -3.624975654208255609e-03 3.943924796360317661e-03 -2.357389391690253573e-04 9.999998379404849702e-01 -5.182143921676706476e-04 1.519243344150466093e-02 3.624853877695009916e-03 5.190655211162948420e-04 9.999932954801997731e-01 -1.143085928069101885e-02
9.999949980889379919e-01 1.651677852850752268e-05 -3.162834851980407883e-03 2.158792011191373178e-02 -1.560806621123040741e-05 9.999999585978054384e-01 2.873339096526759061e-04 3.402470978726521156e-03 3.162839466862653326e-03 -2.872831066982297807e-04 9.999949569447454945e-01 -9.587975796260561276e-03
9.999964083142858229e-01 2.146141733597833315e-04 -2.671572436723452636e-03 4.544690332009539147e-02 -2.129057894402450765e-04 9.999997727047574836e-01 6.397355377480193990e-04 1.176156738732551423e-02 2.671709125801350216e-03 -6.391644467803402714e-04 9.999962267124596904e-01 -4.002180470974196422e-03
9.999962767941320552e-01 1.717741998123730536e-04 -2.723397051076154388e-03 7.133317155422481959e-02 -1.705441290407307500e-04 9.999998833534290421e-01 4.518936029495123448e-04 1.537857013686492157e-02 2.723474357063273947e-03 -4.514274610784902884e-04 9.999961894430767773e-01 -3.694579304695212989e-03
9.999939997615140408e-01 -1.514683005609312398e-04 -3.460852253865346652e-03 9.752144112916565077e-02 1.498253786292492063e-04 9.999998759777635193e-01 -4.749703291759265486e-04 7.653243655232079209e-03 3.460923767591286837e-03 4.744489557413624978e-04 9.999938984338171410e-01 -1.151291931746867628e-02
9.999944407291486703e-01 2.955983915192499068e-04 -3.321314858320964340e-03 1.277781640969665178e-01 -2.972469096753985727e-04 9.999998328823750393e-01 -4.958623768063297535e-04 2.423651411931226213e-02 3.321167727149714442e-03 4.968468707507670695e-04 9.999943614781611201e-01 -2.243370544707391778e-03
9.999934196401020214e-01 -3.538623211284889071e-04 -3.610465060419070556e-03 1.534287292805757708e-01 3.527014709842029422e-04 9.999998859087914083e-01 -3.221553608350524516e-04 6.090068442949694849e-04 3.610578647140497578e-03 3.208798245990881646e-04 9.999934303574053995e-01 -1.929277943292274228e-03
9.999877853011277518e-01 2.760719179136818247e-05 -4.942518223388444806e-03 1.947234595018840775e-01 -2.964046706197132069e-05 9.999999149720607550e-01 -4.113116991630353888e-04 2.358042297011809368e-02 4.942506447975341874e-03 4.114531736630910072e-04 9.999877010925172227e-01 -1.478374227639450700e-02
9.999839276344244521e-01 -1.763079862360428425e-04 -5.666867593666470061e-03 2.469457455907346499e-01 1.727793178522072216e-04 9.999997909046794975e-01 -6.231676376148217187e-04 1.987940623947070246e-02 5.666976278182249589e-03 6.221785043195427562e-04 9.999837490048382183e-01 -9.437905068001423842e-03
9.999798746341136413e-01 -4.251389806029065815e-04 -6.330053995786022632e-03 3.012642046433110510e-01 4.191254124966242701e-04 9.999994596819929971e-01 -9.512989071377794424e-04 1.655480177111360793e-02 6.330455009791491859e-03 9.486266754070961848e-04 9.999795125135313434e-01 -8.531133457724661764e-04
9.999733777637127563e-01 -3.785553130839586439e-04 -7.287006223817556888e-03 3.667186720630657426e-01 3.744274245018954254e-04 9.999997686874770864e-01 -5.678284038405147791e-04 2.419835074589234136e-02 7.287219492700955717e-03 5.650848320058638212e-04 9.999732881988387945e-01 -6.822003041299092713e-03
9.999712225253305498e-01 -6.604035300783100753e-04 -7.557644366691117221e-03 4.477262202553252690e-01 6.568324480654160304e-04 9.999996714801807629e-01 -4.749849109338053475e-04 2.406895881753065916e-02 7.557955565567070488e-03 4.700071360165810155e-04 9.999713277894326513e-01 -9.262564252557097672e-03
9.999683261971352710e-01 -1.032976750761082762e-03 -7.891740082647921012e-03 5.271369474916890452e-01 1.029640196029657853e-03 9.999993788233171310e-01 -4.268419455869639422e-04 2.401737291704241981e-02 7.892176098289037378e-03 4.187027730736123587e-04 9.999687686345115623e-01 -1.553595944383058709e-02
9.999692013315718553e-01 -1.461079200286976567e-03 -7.711137132022811806e-03 6.296990717498023304e-01 1.460736584786003064e-03 9.999989318705861940e-01 -5.006312485827098480e-05 3.141507036620420912e-02 7.711202041720858873e-03 3.879764286164046164e-05 9.999702674868962138e-01 -5.730228918048231590e-03
9.999657909352355212e-01 -1.887035666582105500e-03 -8.053325751626871920e-03 7.334621365176243746e-01 1.885821169575038238e-03 9.999982092927042210e-01 -1.583979211070562240e-04 2.261816736308197920e-02 8.053610233004333818e-03 1.432053702744127564e-04 9.999675589010059706e-01 -1.396410559324564975e-02
9.999648343038310960e-01 -2.084709401324021452e-03 -8.123062379646939224e-03 8.535298895984484435e-01 2.081268868462011340e-03 9.999977408533994305e-01 -4.319814747846035695e-04 3.556960489527465075e-02 8.123944584299859495e-03 4.150600070079766375e-04 9.999669140774517517e-01 -1.563523202074000584e-02
9.999649786510600435e-01 -2.682517781735803408e-03 -7.927519772013500929e-03 9.764968200561247036e-01 2.680664256944787632e-03 9.999963771411295443e-01 -2.444253614918839444e-04 3.494680470849124282e-02 7.928146727106682654e-03 2.231657824869496610e-04 9.999685468486031459e-01 -1.989017967452449964e-02
9.999710137323524206e-01 -2.721649956191737364e-03 -7.110859062554040697e-03 1.116596300785685170e+00 2.722274207779980075e-03 9.999962915540305808e-01 7.811097173634424574e-05 5.507062230977215200e-02 7.110620101594607514e-03 -9.746641581196067408e-05 9.999747144713553304e-01 -1.333290981261808783e-02
9.999699369933818804e-01 -3.136876364569144652e-03 -7.091199907301101724e-03 1.250741379489318961e+00 3.134355215922892974e-03 9.999950206921323081e-01 -3.666174058938045867e-04 6.800201721407683753e-02 7.092314631509000211e-03 3.443800448557037658e-04 9.999747899200021051e-01 -1.304896634555463564e-02
9.999656625488264616e-01 -3.666294204462400199e-03 -7.431824143021298866e-03 1.404109295718502404e+00 3.667677317251263284e-03 9.999932591730645859e-01 1.724863140083685031e-04 6.710993123029347640e-02 7.431141660807538511e-03 -1.997379241031426833e-04 9.999723687374459935e-01 -2.232247481888561397e-02
9.999706183761203349e-01 -3.885341915711840611e-03 -6.608063458943568003e-03 1.561324144428253735e+00 3.886221301513729815e-03 9.999924413843013227e-01 1.202425068450448348e-04 7.007854434388083309e-02 6.607546327879474171e-03 -1.459193709008353777e-04 9.999781592810225161e-01 -1.941764327611567031e-02
9.999720629923141146e-01 -4.515183407917504332e-03 -5.957042360792621540e-03 1.745118140334680268e+00 4.517506835802785614e-03 9.999897250872112897e-01 3.766324363575521508e-04 8.474775971452037926e-02 5.955280588174361074e-03 -4.035328939603302525e-04 9.999821857384858514e-01 -1.391078375730343299e-02
9.999695997103692502e-01 -5.133920715650798321e-03 -5.868774418001861636e-03 1.927384042317066504e+00 5.145769183390013803e-03 9.999847492260933723e-01 2.005585884107534845e-03 9.225511007188039181e-02 5.858388395732667085e-03 -2.035724272260200102e-03 9.999807673710989775e-01 -7.498894357344602565e-03
9.999659617262499633e-01 -5.444558309333926913e-03 -6.199368815631539978e-03 2.142960645149438292e+00 5.464616808748315110e-03 9.999798741325651719e-01 3.223242614619563438e-03 1.175398300332878287e-01 6.181694915596150711e-03 -3.257010076038614494e-03 9.999755889687182986e-01 -1.946983043294535018e-02
9.999660571716301183e-01 -5.990339913033331139e-03 -5.656883625321290979e-03 2.342747410258072982e+00 6.019094147134981289e-03 9.999689826812789839e-01 5.079781591365006670e-03 1.318901189725277256e-01 5.626278545542670248e-03 -5.113658484330489869e-03 9.999710973256344948e-01 -1.452731788984147968e-02
9.999609990231398404e-01 -6.743606447525248709e-03 -5.702999625203756216e-03 2.576520615650103707e+00 6.773297268047250366e-03 9.999635250242903117e-01 5.202986172788537540e-03 1.323221807816958306e-01 5.667704717329752860e-03 -5.241411363026276214e-03 9.999702019211176296e-01 -1.748863637002269489e-02
9.999604291457749872e-01 -7.244753090729355062e-03 -5.162721690346748840e-03 2.804421176519410697e+00 7.275908726210146039e-03 9.999552783861451744e-01 6.041719945072869004e-03 1.434111434172085919e-01 5.118720035855485462e-03 -6.079044360851442071e-03 9.999684214638246971e-01 -1.646311727485006565e-02
9.999576499343237890e-01 -7.767988294755868994e-03 -4.935250315522141801e-03 3.045668898503443245e+00 7.799796175383184871e-03 9.999487221085046063e-01 6.458818250350507537e-03 1.571814683072854102e-01 4.884825221725281122e-03 -6.497038665508983110e-03 9.999669629398423298e-01 -1.798084629442839311e-02
9.999558411898077370e-01 -8.517592328372442997e-03 -3.970678948442818261e-03 3.299841166271111792e+00 8.543565159233408937e-03 9.999419147402895947e-01 6.570741198168861263e-03 1.661463491842935791e-01 3.914481415703627808e-03 -6.604374796377886908e-03 9.999705291001306229e-01 -1.500294511633414041e-02
9.999438908515285718e-01 -9.186416579374918900e-03 -5.274931197324170089e-03 3.576205747654325418e+00 9.212646172528517197e-03 9.999452120233587316e-01 4.969919723683735059e-03 1.708892946730700413e-01 5.228986441569135994e-03 -5.018236940425447289e-03 9.999737371545333042e-01 -2.578267183759035130e-02
9.999196301779289531e-01 -9.868142127850344780e-03 -7.959457002734759978e-03 3.843467077041720525e+00 9.906555998056690293e-03 9.999394020391834115e-01 4.801291261490470835e-03 1.710516751723123452e-01 7.911594851305592951e-03 -4.879756189077790601e-03 9.999567963899460565e-01 -1.801377141184092034e-02
9.998775751835301540e-01 -1.045745807354515541e-02 -1.163942506072112269e-02 4.123809504570604467e+00 1.048595353313374126e-02 9.999421650159355801e-01 2.389853916985007834e-03 1.932864803702756540e-01 1.161376009761944626e-02 -2.511611809896945047e-03 9.999294036993368051e-01 -1.575247630302231000e-02
9.998195744491589210e-01 -1.074093694066939088e-02 -1.566687020241615269e-02 4.421641064645039698e+00 1.071700412225270842e-02 9.999412739029146513e-01 -1.610766295832977060e-03 2.087326288201323821e-01 1.568325128748532249e-02 1.442573759894683148e-03 9.998759696132319963e-01 -2.013149419547250601e-02
9.997792259294003836e-01 -1.072335359082378717e-02 -1.806956246772764563e-02 4.712252827551766110e+00 1.065433492085651399e-02 9.999355903473640117e-01 -3.911560310529818563e-03 2.144522888650716996e-01 1.811034365778745742e-02 3.718177569033158294e-03 9.998290806973769707e-01 -1.962462584278925476e-02
9.997439562616993181e-01 -1.174993001562128249e-02 -1.933807288313335593e-02 5.025467034605502370e+00 1.161688513313961953e-02 9.999081737884190080e-01 -6.977963235239366402e-03 2.101858437392369050e-01 1.941828772082686283e-02 6.751528400067248123e-03 9.997886511489587624e-01 -1.655353047073955183e-02
9.997261042532586961e-01 -1.195441907940918667e-02 -2.011984938006165444e-02 5.338281030140128003e+00 1.176406332515033716e-02 9.998851668161319317e-01 -9.553009743417552671e-03 2.211970524519739079e-01 2.023173963564088920e-02 9.313702032480721330e-03 9.997519350647768865e-01 -1.879655174024911363e-02
9.997302681552294734e-01 -1.196302523211126290e-02 -1.990670644704429018e-02 5.667264135343842213e+00 1.171969044253791392e-02 9.998557200178485038e-01 -1.229585310260752559e-02 2.469034358626603642e-01 2.005092990871024453e-02 1.205923608217730064e-02 9.997262300424603065e-01 -7.601327905695193926e-03
9.997054079764282619e-01 -1.272465214969535109e-02 -2.066834512853627306e-02 5.993737770222826278e+00 1.247411630585973201e-02 9.998476964724420935e-01 -1.220574787300112915e-02 2.619922972717245169e-01 2.082051116257523440e-02 1.194433281605300490e-02 9.997118781071416826e-01 -5.858147968851028231e-03
9.997307452661473581e-01 -1.327195625464220284e-02 -1.903397348870043693e-02 6.335674464211698442e+00 1.310499545429612452e-02 9.998747850331501930e-01 -8.869799831707967513e-03 2.715713070756231584e-01 1.914930974569489103e-02 8.617971460068343109e-03 9.997794929404067998e-01 -1.917587603082751904e-02
9.998396885376770182e-01 -1.415883452420978357e-02 -1.096013821979207291e-02 6.697029547827416884e+00 1.410996470221929401e-02 9.998902177109358913e-01 -4.523430344258801312e-03 3.030055188997677895e-01 1.102298149245599553e-02 4.368058023112886788e-03 9.999297045033334053e-01 -1.023542224553375402e-02
9.998697601244148636e-01 -1.613424518463748430e-02 3.859029245260101439e-04 7.065738672611589166e+00 1.613501666074142887e-02 9.998676432627123800e-01 -2.087389189156711820e-03 3.235189498724703738e-01 -3.521733987003941016e-04 2.093343877965074453e-03 9.999977469401147845e-01 -2.132406070440021062e-02
9.997580312227015709e-01 -1.751566175369178441e-02 1.330716344823392600e-02 7.426785215980679311e+00 1.754029822192612609e-02 9.998446484734967443e-01 -1.736910243959651672e-03 3.637109931539110330e-01 -1.327467302774909541e-02 1.969901581281581493e-03 9.999099472171313341e-01 -3.188481347890323447e-02
9.995781868871702613e-01 -1.946254888376028683e-02 2.155591543647926780e-02 7.796282618793282992e+00 1.956766892006360850e-02 9.997975980401176965e-01 -4.676460867586667777e-03 3.694990915567083478e-01 -2.146053662870947218e-02 5.096287291600998248e-03 9.997567070159866232e-01 -3.731096912482928518e-02
9.995495392656525979e-01 -2.064934050971799565e-02 2.177896439997390604e-02 8.176819113257590033e+00 2.083984818480811782e-02 9.997462077467611508e-01 -8.556916711300880524e-03 3.777646257327654244e-01 -2.159674238064068080e-02 9.006932468033156114e-03 9.997261904571973501e-01 -3.953296159097151319e-02
9.995850747775503198e-01 -2.159859002863665986e-02 1.905726084026796927e-02 8.553239479480851060e+00 2.177396698843340681e-02 9.997220150834492669e-01 -9.043612059032934275e-03 4.082096905677382592e-01 -1.885663393996251172e-02 9.454811804713549733e-03 9.997774921902331524e-01 -3.802562283240853991e-02
9.995535759805579401e-01 -2.344736481355640459e-02 1.851674452432044982e-02 8.945753691241154826e+00 2.357125206876999404e-02 9.997010227727005649e-01 -6.500857107095655771e-03 4.134047746522095945e-01 -1.835878047119308271e-02 6.934417821011860938e-03 9.998074159702428076e-01 -3.472838996102764475e-02
9.995412085619496123e-01 -2.479317551597966934e-02 1.739743758003053573e-02 9.341094603155195131e+00 2.485524992494685115e-02 9.996854110367421331e-01 -3.360879567665199779e-03 4.518595841231560772e-01 -1.730863766116970057e-02 3.791755284000557832e-03 9.998430045032973279e-01 -3.838631454565170215e-02
9.995858729111383179e-01 -2.585253647270947114e-02 1.263839524642592499e-02 9.731761700168860330e+00 2.586596842002064633e-02 9.996650143163726687e-01 -9.004607381487556147e-04 4.831103239280633010e-01 -1.261088237087911595e-02 1.226992165288423673e-03 9.999197268461375021e-01 -5.544797804079775599e-02
9.996246299239046618e-01 -2.696397772328967476e-02 4.852128897157782783e-03 1.015640202444192042e+01 2.695235181454934056e-02 9.996337275630233776e-01 2.445700333221947301e-03 5.017996326794837980e-01 -4.916297505384935318e-03 -2.314006005416021760e-03 9.999852375885582845e-01 -7.625220326425426187e-02
9.996073476153599646e-01 -2.801922689057716187e-02 -2.711417328233393627e-04 1.056570303167085889e+01 2.801993559262231509e-02 9.996025222453488457e-01 3.111387170081853296e-03 5.272618751852368169e-01 1.838552969532302557e-04 -3.117762850380164340e-03 9.999951228641260625e-01 -9.304246118441691915e-02
9.995808554034207871e-01 -2.892661919298604098e-02 -1.167995303751975626e-03 1.101174122674543909e+01 2.892841860145716273e-02 9.995802773434001587e-01 1.554266164462718945e-03 5.743688538994895509e-01 1.122545404196232874e-03 -1.587402959269711752e-03 9.999981100200442397e-01 -9.947884409556204122e-02
9.995449606559854150e-01 -3.015918241213759801e-02 -5.434551094782324489e-04 1.148237009861476032e+01 3.016032157298070490e-02 9.995425941987989837e-01 2.226518571557984348e-03 5.751985108162974702e-01 4.760565502148354279e-04 -2.241896198870088966e-03 9.999973736323483076e-01 -9.346784456121398632e-02
9.995298416801009500e-01 -3.066070581192331321e-02 1.292674241778217676e-04 1.194247231752841110e+01 3.065964853467367454e-02 9.995168742274900264e-01 5.099420186477504786e-03 6.358622148910584304e-01 -2.855567939026253501e-04 -5.093059357857897436e-03 9.999869895172111001e-01 -9.648782274652757673e-02
9.994899797405244479e-01 -3.193347957789791081e-02 1.824289836537006429e-04 1.242173937274075257e+01 3.193193173415366515e-02 9.994739441212948661e-01 5.673337496396025498e-03 6.668866621359461622e-01 -3.635024228940883224e-04 -5.664618669481660818e-03 9.999838898508904839e-01 -9.723555926681753947e-02
9.994538508875133731e-01 -3.302316090158574635e-02 -1.212761389658397913e-03 1.291592166877442516e+01 3.302861420181431307e-02 9.994429194719354204e-01 4.791801469402529913e-03 6.742467656940208665e-01 1.053845352970495799e-03 -4.829240259340687215e-03 9.999877838496276095e-01 -1.003682094555686660e-01
9.994264059962705282e-01 -3.369795775715163366e-02 -3.362534813943923034e-03 1.341795582957403887e+01 3.370858060257156397e-02 9.994267271536243502e-01 3.154147231001550727e-03 7.262726125666171262e-01 3.254318843889969157e-03 -3.265684306867750429e-03 9.999893723009610769e-01 -1.064398743241470463e-01
9.993828418488188703e-01 -3.485361264008472737e-02 -4.377339844436254485e-03 1.392223393347443050e+01 3.486955703525947137e-02 9.993853138702680772e-01 3.620554182789917971e-03 7.446645380366775369e-01 4.248459761319357819e-03 -3.770955629632499664e-03 9.999838651114806298e-01 -1.097597901766862449e-01
9.993658464072725511e-01 -3.526592170558925932e-02 -4.921361694798550256e-03 1.446662655191184044e+01 3.528843900427026947e-02 9.993667377467013724e-01 4.566131640435611844e-03 8.326833361900509711e-01 4.757216341273388764e-03 -4.736903183635813794e-03 9.999774650665439468e-01 -1.178410441417144239e-01
9.993118117433239522e-01 -3.672355623543819420e-02 -5.223344493524903660e-03 1.500737695130082727e+01 3.675079775426681045e-02 9.993108349684929337e-01 5.218618495199134691e-03 8.477176972527219467e-01 5.028098517372707986e-03 -5.406989180317062563e-03 9.999727409751245633e-01 -1.207179127742021157e-01
9.992547993659957051e-01 -3.851580664213527516e-02 -2.525585621053131127e-03 1.557202971221888887e+01 3.852998391252593358e-02 9.992404481292654905e-01 5.828135390083103752e-03 8.641513760683540157e-01 2.299191972001333496e-03 -5.921103033244235099e-03 9.999798269240962600e-01 -1.192902263991745537e-01
9.992180093467956103e-01 -3.953946574656936469e-02 2.110694291154005021e-05 1.613829778356754474e+01 3.953906633127942521e-02 9.992100470988481975e-01 3.992995162559219609e-03 9.124819494668540143e-01 -1.789711648769800613e-04 -3.989038128847978600e-03 9.999920277402859492e-01 -1.193845379374026128e-01
9.991738414016756442e-01 -4.061986736721328456e-02 1.288810959389651099e-03 1.670989849992999865e+01 4.061766310132653574e-02 9.991733283663837284e-01 1.692727216602652471e-03 9.458950171885593949e-01 -1.356503890955701799e-03 -1.638980266108252355e-03 9.999977368178796233e-01 -1.376475599231165026e-01
9.991440740627662853e-01 -4.132784332551716483e-02 1.768793746844048468e-03 1.729313180512993142e+01 4.132647148677414534e-02 9.991453719764907815e-01 8.052405930597079323e-04 9.878579879498335936e-01 -1.800560943209505603e-03 -7.314533624054597727e-04 9.999981114763509815e-01 -1.456189811372227694e-01
9.990957707536233245e-01 -4.248802308601641597e-02 1.552016902469678661e-03 1.787789301576397349e+01 4.248366732139854940e-02 9.990934062993136466e-01 2.739251751736640223e-03 1.032008109961734643e+00 -1.666995245388738084e-03 -2.670839470427821636e-03 9.999950438594058522e-01 -1.488374219521939601e-01
9.990440629899521863e-01 -4.368781419672555094e-02 1.528101842441565101e-03 1.846337123065083574e+01 4.368113564212024874e-02 9.990368608818319673e-01 4.160407238464436212e-03 1.095137309088182853e+00 -1.708389166197311166e-03 -4.089680927353653121e-03 9.999901779099479304e-01 -1.419828886754473385e-01
9.989765243949974005e-01 -4.515527060885581728e-02 2.627783083178019015e-03 1.903692732684250544e+01 4.514184622128025043e-02 9.989682663651628935e-01 4.961503312033787617e-03 1.151280333278739354e+00 -2.849109935667668188e-03 -4.837802354586077068e-03 9.999842389962716460e-01 -1.517233795227103110e-01
9.988914317901407269e-01 -4.699245694656473821e-02 2.759798247676427917e-03 1.963336487863489310e+01 4.698615005025156416e-02 9.988928760951318875e-01 2.307333926999422490e-03 1.178087283005093688e+00 -2.865170099289680861e-03 -2.175103795384675069e-03 9.999935298409592388e-01 -1.665469845230014567e-01
9.988350830790658774e-01 -4.820377805600178228e-02 2.207394745664366734e-03 2.022024652043735671e+01 4.820303965472482605e-02 9.988374830576332020e-01 3.865321944302677081e-04 1.215132860347121646e+00 -2.223460923985856597e-03 -2.796787800775993598e-04 9.999974889974971859e-01 -1.680288415911584399e-01
9.988098811070251770e-01 -4.875172131941935688e-02 1.446053720935248227e-03 2.082340176528786913e+01 4.875392179622491801e-02 9.988096522871261485e-01 -1.527614990031890508e-03 1.279192761786987820e+00 -1.369858553918437867e-03 1.596297736594679125e-03 9.999977876580919967e-01 -1.745227719857988247e-01
9.987656613645782278e-01 -4.967038728449116314e-02 7.941023432718923101e-05 2.142910294468103771e+01 4.967044615820342957e-02 9.987636039690384049e-01 -2.027354242049420312e-03 1.323480359381803861e+00 2.138741853680136760e-05 2.028796142149331180e-03 9.999979417622777422e-01 -1.755158648814467981e-01
9.987363998835716572e-01 -5.023133158423150058e-02 -1.554630141673751277e-03 2.203826067040622405e+01 5.022913207335144570e-02 9.987367068084908039e-01 -1.422942194373400361e-03 1.377415512024413369e+00 1.624142469191223927e-03 1.343056441739575281e-03 9.999977791778510428e-01 -1.808156341173285109e-01
9.987016795602632335e-01 -5.088588869612312160e-02 -2.362535738378961081e-03 2.266100717997213820e+01 5.088394925204695052e-02 9.987041904153478589e-01 -8.739309696434786586e-04 1.428522330876456969e+00 2.403945095974459496e-03 7.525811785848492705e-04 9.999968273297397126e-01 -1.807098664166518764e-01
9.986615128538610664e-01 -5.161196012669966304e-02 -3.374657955624968571e-03 2.327167437376375148e+01 5.161210911434992166e-02 9.986672060027793618e-01 -4.298105013121043567e-05 1.473387276930443690e+00 3.372378568004614358e-03 -1.312496940812426789e-04 9.999943049019388575e-01 -1.849974197830727141e-01
9.986457409562493615e-01 -5.187783814475014493e-02 -3.920966637307138174e-03 2.389426447129622133e+01 5.187919814519722367e-02 9.986533374224271231e-01 2.458756986491767056e-04 1.515334661320773435e+00 3.902930918570515859e-03 -4.489593243582072537e-04 9.999922827531070313e-01 -1.857870959155254187e-01
9.986380783350928825e-01 -5.204743917016064342e-02 -3.612834762538969131e-03 2.453930376075605224e+01 5.204761749618481287e-02 9.986446032068854173e-01 -4.470719538301878908e-05 1.573286492796774239e+00 3.610264832919937196e-03 -1.433931341124985461e-04 9.999934726918197070e-01 -1.951461835581200510e-01
9.986687764155489644e-01 -5.152624012388531960e-02 -2.391984817253489052e-03 2.517818200626162195e+01 5.152608732541487380e-02 9.986716410183830162e-01 -1.255013296220080501e-04 1.633299622768465742e+00 2.395274014383569610e-03 2.084640717265432721e-06 9.999971313249105265e-01 -1.985718904889970382e-01
9.986755428122300327e-01 -5.145009223639249174e-02 2.195394369926929401e-04 2.584658302036502064e+01 5.144983508744230272e-02 9.986750289179342488e-01 1.049326087619558475e-03 1.680690823620899943e+00 -2.732364775813837798e-04 -1.036641032312032428e-03 9.999994253584336690e-01 -2.038629617875242772e-01
9.987062562531442422e-01 -5.076953952127686437e-02 2.875339567153066458e-03 2.650222773099670448e+01 5.076388238181337581e-02 9.987086654005208342e-01 2.007460942548844936e-03 1.730104712916422649e+00 -2.973544409344903734e-03 -1.858900402912632864e-03 9.999938512425652348e-01 -2.115257310718670347e-01
9.987089549372155650e-01 -5.059856618702886916e-02 4.495378519266448811e-03 2.717068189577153703e+01 5.059270546459245649e-02 9.987183764470507485e-01 1.408084067112310269e-03 1.780614984161680292e+00 -4.560864171143418425e-03 -1.178832805752376379e-03 9.999889043740577410e-01 -2.147876916630187816e-01
9.987479464025570408e-01 -4.986066838718451744e-02 4.056267330724047659e-03 2.786528560894457840e+01 4.985954529420874581e-02 9.987561680239082085e-01 3.775940326639895994e-04 1.846651809839399361e+00 -4.070049106562155863e-03 -1.748776199953648212e-04 9.999917020246158472e-01 -2.247540026104351552e-01
9.988125111996656313e-01 -4.867953109389707572e-02 1.967415435587235254e-03 2.853893825906454396e+01 4.867891585992944331e-02 9.988144141751208460e-01 3.594255306916928697e-04 1.915085662126570831e+00 -1.982579562032401026e-03 -2.632270664489648124e-04 9.999980000428959626e-01 -2.329027119566149384e-01
9.988548474727282356e-01 -4.784218975361955589e-02 -3.443251537367240152e-04 2.923743490527118993e+01 4.784267445874205299e-02 9.988536447017223319e-01 1.573202695227766089e-03 1.961319770263652229e+00 2.686649729064152087e-04 -1.587874574423597633e-03 9.999987032358933492e-01 -2.388365811163818409e-01
9.989002470904572162e-01 -4.676348077927026947e-02 -3.387215379976472873e-03 2.995732044057581689e+01 4.676942961088195738e-02 9.989042668966592320e-01 1.698831810567880433e-03 2.010746300282365784e+00 3.304060607235783514e-03 -1.855381646632091102e-03 9.999928203454507836e-01 -2.479889543260436202e-01
9.989514629357540976e-01 -4.547558712051957136e-02 -5.286366858312671613e-03 3.067998195128084760e+01 4.548874341840058316e-02 9.989619787961289132e-01 2.395650629224454261e-03 2.058109786158262455e+00 5.171935878522677249e-03 -2.633608886380049609e-03 9.999831574499152831e-01 -2.555298294445554341e-01
9.990607721201910651e-01 -4.298024716794314470e-02 -5.501996364054844747e-03 3.138977738169074172e+01 4.298521607017868895e-02 9.990753976754964683e-01 7.880094851327115605e-04 2.112876575734300211e+00 5.463040362985542402e-03 -1.023773867180956124e-03 9.999845534192322027e-01 -2.399047320791267701e-01
9.991854788641476581e-01 -4.015749128468740214e-02 -3.969221679886169273e-03 3.215099922431531354e+01 4.017128713288194153e-02 9.991868198063693640e-01 3.459308503378826383e-03 2.156768777962922545e+00 3.827076836356476264e-03 -3.615939567284157889e-03 9.999861391359053941e-01 -2.642800839014448622e-01
9.993058910952204998e-01 -3.724354527012180283e-02 8.089240382105641978e-04 3.287436080978877584e+01 3.723937745236151342e-02 9.992954673384266684e-01 4.668803255232734269e-03 2.207650100922013525e+00 -9.822369101984654727e-04 -4.635438769729403018e-03 9.999887738960194783e-01 -2.553552922811985204e-01
9.993830636796626754e-01 -3.478785765008358261e-02 4.826695595207653768e-03 3.360167571908167616e+01 3.476321459619011872e-02 9.993825696386570145e-01 5.098863929752047407e-03 2.265770460003186049e+00 -5.001093999367572061e-03 -4.927926800634636721e-03 9.999753519943664903e-01 -2.561740457842037189e-01
9.994682380567887492e-01 -3.214544725983528584e-02 5.469125718366421932e-03 3.434476551156841850e+01 3.213909779744435202e-02 9.994826304225655766e-01 1.244940301999285974e-03 2.301311012638119546e+00 -5.506315321924136127e-03 -1.068505523796016302e-03 9.999842692700326996e-01 -2.621619105736052724e-01
9.995749460471976544e-01 -2.881635804695449263e-02 4.420943751251109159e-03 3.507813839641747222e+01 2.881587794493707319e-02 9.995847215227204874e-01 1.722689981497534952e-04 2.326785731778375332e+00 -4.424071993593024603e-03 -4.480239899366041285e-05 9.999902127419750819e-01 -2.720595255620025799e-01
9.996750531027963627e-01 -2.528183633680326781e-02 3.258366977555546447e-03 3.581185548598299562e+01 2.527915939865691547e-02 9.996800609428285744e-01 8.601473360775023242e-04 2.379097848053659980e+00 -3.279070602873078097e-03 -7.774990556645594054e-04 9.999943215794776519e-01 -2.742999622991432185e-01
9.997653437177298485e-01 -2.160167356303870773e-02 1.620246970477584028e-03 3.653899605462239464e+01 2.159781378863945278e-02 9.997639473845025826e-01 2.363038236853026372e-03 2.427811157986354829e+00 -1.670910087551928441e-03 -2.327489942725522072e-03 9.999958954165990566e-01 -2.781248001830844419e-01
9.998225891480836403e-01 -1.883011568104910397e-02 -4.658032423438748792e-04 3.723931009400436665e+01 1.883189146734040934e-02 9.998140175740560798e-01 4.158139750831761280e-03 2.448857054684422163e+00 3.874183586007204578e-04 -4.166174007821134284e-03 9.999912464122633349e-01 -2.786687291481347861e-01
9.998779582810443101e-01 -1.556536389346571680e-02 -1.337157654955227048e-03 3.797224523274155672e+01 1.557334755368780521e-02 9.998596077094461521e-01 6.183503625327215272e-03 2.474946479350977668e+00 1.240721444264433586e-03 -6.203573000810303634e-03 9.999799879459195795e-01 -2.919794179024441383e-01
9.999262086541516048e-01 -1.191255364095319957e-02 -2.380821766862772047e-03 3.870834320647253435e+01 1.192392403542927998e-02 9.999172899124187941e-01 4.820100600722887138e-03 2.494930845508899431e+00 2.323205141925017807e-03 -4.848133656902403263e-03 9.999855490545417336e-01 -2.964343054682696543e-01
9.999563365329507958e-01 -7.692817494306253279e-03 -5.305241427061798722e-03 3.940835340433738310e+01 7.713279508589269626e-03 9.999628510015250438e-01 3.847328439870849933e-03 2.516422517527789005e+00 5.275447547127534199e-03 -3.888081262159762911e-03 9.999785260080720217e-01 -2.917560177393619392e-01
9.999641623675979973e-01 -2.465949144783444180e-03 -8.098955197031038750e-03 4.012847107900943655e+01 2.511898439819719095e-03 9.999807806333508298e-01 5.668221073866098331e-03 2.539452923163863396e+00 8.084821995332090033e-03 -5.688361691166472431e-03 9.999511379035348480e-01 -2.955702329690163555e-01
9.999690983731724936e-01 2.775253148049116464e-03 -7.355288485760546127e-03 4.082972404814132261e+01 -2.712394021325639087e-03 9.999598347498518391e-01 8.542353640656839137e-03 2.556511105635259629e+00 7.378700252591584990e-03 -8.522139227518505528e-03 9.999364619442423496e-01 -2.957640341854561594e-01
9.999560177749140522e-01 7.221017084997447162e-03 -5.984933415990683313e-03 4.153826455999980993e+01 -7.163454328675467574e-03 9.999284113270706653e-01 9.584213217657986533e-03 2.556954521629954957e+00 6.053712729940828423e-03 -9.540918885449362064e-03 9.999361596767089022e-01 -2.951278956749352478e-01
9.999063208408535131e-01 1.266708005133190644e-02 -5.186002842382690832e-03 4.224372486872100296e+01 -1.261393873376497228e-02 9.998688772309418660e-01 1.015464891350325964e-02 2.581707148447981215e+00 5.313952590010170320e-03 -1.008828171240466927e-02 9.999349921269693464e-01 -2.921986063595992666e-01
9.998226814662082296e-01 1.841124467095803588e-02 -3.953693891450222979e-03 4.295142408195194861e+01 -1.836620565186366724e-02 9.997692556728463575e-01 1.114082139324641674e-02 2.595306611765065163e+00 4.157897987519971854e-03 -1.106623156403683736e-02 9.999301227602339637e-01 -2.882886713482434859e-01
9.997010814968487757e-01 2.436163715128972229e-02 -2.063562293686372218e-03 4.365243294432484333e+01 -2.433536005820373382e-02 9.996327452437245853e-01 1.192329179935218073e-02 2.587418626341555505e+00 2.353275349083911675e-03 -1.186951017539549305e-02 9.999267857314991792e-01 -3.025140244067093809e-01
9.995347939306629126e-01 3.042279960793360313e-02 2.156150737470891553e-03 4.435286135692953735e+01 -3.044528156062224419e-02 9.994725559959426464e-01 1.130020538006683284e-02 2.576201193367660291e+00 -1.811229604886302426e-03 -1.136059307222871476e-02 9.999338259966834563e-01 -3.030211167065335331e-01
9.993073004733914466e-01 3.668484434147067930e-02 6.256310112591185676e-03 4.505274568055097006e+01 -3.675001858041677949e-02 9.992678282456209926e-01 1.064159610298291703e-02 2.568238904452060822e+00 -5.861344122457382011e-03 -1.086414418728259834e-02 9.999238046052089102e-01 -3.158271598194436480e-01
9.990391212520974840e-01 4.288174479256303545e-02 9.054842427257570048e-03 4.574387023505256877e+01 -4.296084964649835719e-02 9.990386122890092535e-01 8.730209235846032867e-03 2.544565779358483493e+00 -8.671770608585819412e-03 -9.110824287416711964e-03 9.999208935087394723e-01 -3.180643727307805313e-01
9.987526269849588134e-01 4.904669615698158125e-02 9.360111469872981621e-03 4.643819587028130513e+01 -4.912436109883362712e-02 9.987585466329655937e-01 8.256068933682825586e-03 2.536784637142038612e+00 -8.943558423531453722e-03 -8.705580031856003168e-03 9.999221097860742091e-01 -3.248804399616211924e-01
9.984793635521614918e-01 5.446140700967347370e-02 8.539069445628010013e-03 4.712398611042060992e+01 -5.452986888884008010e-02 9.984800861353544388e-01 8.000686851828796645e-03 2.511057934561142346e+00 -8.090362132592038291e-03 -8.454155053096960512e-03 9.999315343076753404e-01 -3.289756805304678289e-01
9.981848433347962901e-01 5.984858266796592996e-02 6.720542338516603993e-03 4.780116907834104722e+01 -5.989680899942050052e-02 9.981784648523485126e-01 7.219735223389390881e-03 2.487742701610295537e+00 -6.276209714077870226e-03 -7.609169313700298205e-03 9.999513536837580929e-01 -3.389251788025839374e-01
9.978703618163706768e-01 6.503559438398262560e-02 5.011234537275575419e-03 4.849924460924972891e+01 -6.507518028515604791e-02 9.978467634760345151e-01 8.188866298660432697e-03 2.443693761248812990e+00 -4.467876376975410922e-03 -8.497533967274577965e-03 9.999539139366149243e-01 -3.446501815077365749e-01
9.975052431458556468e-01 7.040776959444565442e-02 5.102536355862320044e-03 4.918033602987815556e+01 -7.044834658107367031e-02 9.974811934689272741e-01 8.264329361620663048e-03 2.428165007260514319e+00 -4.507811056418538700e-03 -8.603177118941171195e-03 9.999528313790304601e-01 -3.479738035353597825e-01
9.971145691437158787e-01 7.554078731318118745e-02 7.491692295235817881e-03 4.987701763893726081e+01 -7.560574327680093243e-02 9.970989306841289146e-01 8.803068336046458719e-03 2.397127510954473628e+00 -6.804967663717477119e-03 -9.344082655422039640e-03 9.999331880352928525e-01 -3.594671212079403877e-01
9.967166798680179296e-01 8.053048368267307078e-02 8.408404766058738544e-03 5.057694446036797586e+01 -8.058520510757707922e-02 9.967272720368952621e-01 6.385130825496890608e-03 2.345534915615388627e+00 -7.866688670901345048e-03 -7.041759419612568516e-03 9.999442628635014652e-01 -3.670372780591033557e-01
9.963028298818408235e-01 8.552222550098030618e-02 8.162114603160030429e-03 5.125871826125797526e+01 -8.555058086676466111e-02 9.963287222524956910e-01 3.189879005288577801e-03 2.312562368519777145e+00 -7.859343661833738393e-03 -3.876359125351125107e-03 9.999616015413473891e-01 -3.733350364688327039e-01
9.959572631520536845e-01 8.965371270579257368e-02 5.598372329350157287e-03 5.195751497138872566e+01 -8.965607918371122642e-02 9.959727695315216955e-01 1.726763288262578603e-04 2.248227530775792626e+00 -5.560345319755832447e-03 -6.739063567290593188e-04 9.999843140820496856e-01 -3.816914916973130345e-01
