1.000000000000000000e+00 0.000000000000000000e+00 0.000000000000000000e+00 0.000000000000000000e+00 0.000000000000000000e+00 1.000000000000000000e+00 0.000000000000000000e+00 0.000000000000000000e+00 0.000000000000000000e+00 0.000000000000000000e+00 1.000000000000000000e+00 0.000000000000000000e+00
9.999999995969379718e-01 2.445824693239749507e-05 -1.441936943031324022e-05 -5.761853747959145948e-03 -2.445783138483997651e-05 9.999999992856635211e-01 2.881817725320418410e-05 2.467926568531914749e-03 1.442007426210835863e-05 -2.881782457508247171e-05 9.999999994807972081e-01 1.373867411082750492e-03
9.999999879963147320e-01 1.249787102051147514e-04 -9.158434537637282857e-05 2.796529006579734009e-03 -1.249760077099543155e-04 9.999999917549784456e-01 2.951339412703460783e-05 3.228408344901245036e-03 9.158803316718971607e-05 -2.950194792691124564e-05 9.999999953706336653e-01 -4.070154608979115705e-03
9.999999983636920220e-01 -1.068107059389312557e-05 -5.620080686382453053e-05 -8.519003696827356920e-03 1.068461820822120533e-05 9.999999979506009051e-01 6.312398224329064916e-05 -3.790949079645082251e-04 5.620013251693614230e-05 -6.312458262416470727e-05 9.999999964284160825e-01 -4.478580889620310812e-04
9.999999991031375268e-01 -1.867901454033286788e-05 -3.801077989813059731e-05 -2.061955182936888592e-03 1.868003502951377863e-05 9.999999994651425084e-01 2.684718442600557374e-05 -2.788004628528346299e-03 3.801027839885198290e-05 -2.684789444462733782e-05 9.999999989172047021e-01 -1.540552754137974011e-04
9.999999974505446865e-01 -4.460851669351751107e-05 -5.575832486498266308e-05 -4.608216335317132616e-03 4.461035594607089825e-05 9.999999984609416748e-01 3.298534310076063560e-05 1.980756780847825818e-04 5.575685335193899069e-05 -3.298783041538516560e-05 9.999999979014881912e-01 -2.112074663336285883e-03
9.999999782130877257e-01 2.087065989932207640e-04 -3.921682486182337679e-06 -7.558892039184327873e-03 -2.087066986865768192e-04 9.999999778972139541e-01 -2.543787753395062310e-05 2.967531414371179978e-03 3.916373346596511072e-06 2.543869546114280595e-05 9.999999996687674031e-01 6.284167529146088282e-05
9.999999851095120462e-01 1.400269071762026923e-04 -1.008634771815652167e-04 -9.605598944661501715e-04 -1.400240700337522482e-04 9.999999898008392618e-01 2.813505343571376074e-05 2.684905122635465168e-03 1.008674158173582426e-04 -2.812092970217636406e-05 9.999999945174888882e-01 -2.642870803503798074e-03
9.999999987149645886e-01 4.305767172888934075e-05 -2.676018925524688524e-05 -6.080853966503757015e-03 -4.305744068577788597e-05 9.999999990357523183e-01 8.634353117899304990e-06 -9.607455377601374635e-04 2.676056100458558146e-05 -8.633200881542257688e-06 9.999999996046701201e-01 -1.137654903533294286e-03
9.999999990225666435e-01 -4.035738057100990011e-05 -1.805958099565986455e-05 -1.948581450519359243e-03 4.035783444563070284e-05 9.999999988698036191e-01 2.513240952760878086e-05 -3.071521020558225061e-03 1.805856669703301818e-05 -2.513313834862351001e-05 9.999999995211067416e-01 -5.865629279845211482e-04
9.999999836720150359e-01 1.696079374858101233e-04 -6.236278657040370996e-05 -2.616784838014963883e-03 -1.696075225248671833e-04 9.999999855944714522e-01 6.659211732796770344e-06 4.035394762780565581e-03 6.236391512720209751e-05 -6.648634426337307485e-06 9.999999980332688887e-01 -1.333778459806680017e-03
9.999999919455994091e-01 1.242324229274755106e-04 -2.598280804931675511e-05 -2.733023761198283448e-03 -1.242324759341713856e-04 9.999999922810682840e-01 -2.038464019370549463e-06 3.446103247402260844e-03 2.598255460543305706e-05 2.041691911527632768e-06 9.999999996603691210e-01 -2.191903489778269844e-03
9.999999917116930703e-01 1.266228262038769962e-04 -2.330823285249968341e-05 2.199175306734099319e-03 -1.266234750991385757e-04 9.999999915957045182e-01 -2.784037499089449770e-05 8.765994439924734705e-04 2.330470742964648137e-05 2.784332612958712947e-05 9.999999993408199561e-01 -6.502883299327956619e-04
9.999999438408961883e-01 -1.180163188281399718e-04 3.136723656897289609e-04 -2.426955885571300403e-02 1.180887920185813870e-04 9.999999663380217951e-01 -2.310389414894517817e-04 1.788379113644782701e-03 -3.136450887655161334e-04 2.310759697052657848e-04 9.999999241153243457e-01 2.095754858118941376e-03
9.999993678003328279e-01 1.423752736434051136e-04 -1.115404956126723112e-03 -9.569431342089892989e-02 -1.434419857617023658e-04 9.999995324347428216e-01 -9.563235291307166982e-04 2.792906459834107111e-02 1.115268277777966199e-03 9.564829204451350767e-04 9.999989206579632528e-01 -9.608370063589638521e-03
9.999984394036056656e-01 8.487804752552031268e-05 -1.764648993479590866e-03 -1.241315476435908560e-01 -8.575820132014064017e-05 9.999998719718063978e-01 -4.987002121755611164e-04 4.040872409822641315e-02 1.764606438854458142e-03 4.988507670294502726e-04 9.999983186546006486e-01 1.887044175444808902e-03
9.999972817107685152e-01 -9.028883298143462906e-05 -2.329896778935431918e-03 -1.334730682919033073e-01 9.025811986709701749e-05 9.999999958384594434e-01 -1.328732094578681811e-05 3.509519879403361076e-02 2.329897968936173961e-03 1.307699272425425788e-05 9.999972856985396286e-01 -1.110393564159106033e-03
9.999963687244474153e-01 9.422692462641998694e-05 -2.693261815275004804e-03 -8.372270399187148326e-02 -9.403110876138212441e-05 9.999999929267979759e-01 7.283237385452002424e-05 3.231732707327367865e-02 2.693268658995621057e-03 -7.257885898542640356e-05 9.999963705115332280e-01 -9.744507672010491867e-03
9.999961995503762191e-01 4.843402392948474881e-04 -2.714092728101737736e-03 -3.726473838134228972e-02 -4.841068497292445308e-04 9.999998790663302550e-01 8.664804036369402353e-05 4.515530452665314498e-02 2.714134367009148324e-03 -8.533380018170724877e-05 9.999963130895935803e-01 -1.808694418843451862e-02
9.999967315961574288e-01 6.068910187961729791e-04 -2.483642545538863530e-03 -4.831875709405554498e-03 -6.063111794098365991e-04 9.999997887662924745e-01 2.342095730844493957e-04 4.659004036439901020e-02 2.483784160596261281e-03 -2.327029473519626602e-04 9.999968883279496401e-01 -1.797065905753949394e-02
9.999970771928624602e-01 1.462189108144897629e-04 -2.413343274859835064e-03 -1.679846000934817271e-02 -1.456238341963985610e-04 9.999999589536794353e-01 2.467515719492759953e-04 3.662130517804723651e-02 2.413379255547065932e-03 -2.463994104411031528e-04 9.999970574396204182e-01 -1.457226613043849026e-02
9.999968727376968847e-01 1.041346750771066857e-04 -2.498733838547820968e-03 -1.263473380161811432e-02 -1.038680982263085590e-04 9.999999889010611209e-01 1.068143047828338290e-04 4.444204956704152221e-02 2.498744933887448935e-03 -1.065544320147013665e-04 9.999968724550634125e-01 -1.162582271027635950e-02
9.999970413125907065e-01 -2.121806749733341199e-05 -2.432471142372093133e-03 -1.096026370192501598e-02 2.130396629829394670e-05 9.999999991504672225e-01 3.528748428456881636e-05 4.384544083045191498e-02 2.432470391573406023e-03 -3.533920116317202525e-05 9.999970409150894524e-01 -8.368840021243823327e-03
9.999972830573872207e-01 -2.328409372617847852e-04 -2.319410041733609672e-03 -9.588811577487883070e-03 2.329764514503849149e-04 9.999999711699182336e-01 5.815613252836668886e-05 5.661831618238306191e-02 2.319396433736423124e-03 -5.869634244247351549e-05 9.999973084738391638e-01 -7.923228652579675235e-04
9.999965341040958355e-01 -5.456287720906485101e-04 -2.575668658621921899e-03 -1.556059521856971786e-02 5.458612692118832788e-04 9.999998470068179879e-01 8.956458727998650770e-05 6.131503731724486511e-02 2.575619395546397631e-03 -9.097023462151492944e-05 9.999966789490581931e-01 3.830953858001666032e-03
9.999920158073531962e-01 4.161538689700060301e-04 -3.974309688943349940e-03 5.008987994491163193e-02 -4.188541028160751778e-04 9.999996820221290772e-01 -6.786139412954514177e-04 8.780461177919075821e-02 3.974026017383609603e-03 6.802731790300869897e-04 9.999918721397764720e-01 -7.370405033034904685e-03
9.999753511286396668e-01 5.391710148452576916e-04 -7.000459254259820338e-03 1.652808329489348360e-01 -5.475045091512842658e-04 9.999991437824968799e-01 -1.188559247796267503e-03 9.674710742351474990e-02 6.999812423648239107e-03 1.192362734160101398e-03 9.999747901308032594e-01 -3.985525682994957297e-02
9.999730847622007035e-01 1.377887676168772506e-04 -7.335582146228866035e-03 2.215832697643368987e-01 -1.444642125890420914e-04 9.999995759818389729e-01 -9.094867967498911467e-04 9.312921968585279042e-02 7.335453718743925947e-03 9.105220467951184336e-04 9.999726806609980923e-01 -3.594956113189574920e-02
9.999728479477797416e-01 -8.720472146740607892e-04 -7.317301474044783476e-03 2.926239263059158824e-01 8.661098494536099892e-04 9.999992931854844169e-01 -8.145442040107019402e-04 7.217115639523964676e-02 7.318006623074223456e-03 8.081845005858472823e-04 9.999728964411374044e-01 -3.084291471695815856e-02
9.999724661274870252e-01 -1.651012459051047054e-03 -7.234718016058627743e-03 3.723575692024677086e-01 1.646910411591745622e-03 9.999984797257124303e-01 -5.729156657694838266e-04 6.391784939935249432e-02 7.235652908205020273e-03 5.609849587570046089e-04 9.999736649646669973e-01 -3.103558785478687312e-02
9.999720583542155428e-01 -1.896057442533939218e-03 -7.231008021564998625e-03 4.648664891548863198e-01 1.892048935365444728e-03 9.999980526287276517e-01 -5.611502282610954153e-04 6.866117253037579138e-02 7.232057913174381666e-03 5.474531277713644978e-04 9.999736984708215148e-01 -3.007254276848958172e-02
9.999703917500559758e-01 -2.171779918529075700e-03 -7.382343477856306152e-03 5.870965891199360076e-01 2.166276376719702707e-03 9.999973698026937141e-01 -7.534151274286881618e-04 5.962542764897880987e-02 7.383960312680442478e-03 7.374006238443726793e-04 9.999724663061582142e-01 -3.331533251520725492e-02
9.999694834580488134e-01 -1.972890120524913547e-03 -7.559091031030648090e-03 7.396852546215709756e-01 1.966783184417984082e-03 9.999977335700973580e-01 -8.152414206978464287e-04 7.510708120276737843e-02 7.560682280625436076e-03 8.003494492195155395e-04 9.999710973444235762e-01 -3.831465916800994714e-02
9.999685409012188941e-01 -2.212953194183050858e-03 -7.617089079666064175e-03 8.805950784885303584e-01 2.209342094135341439e-03 9.999974430163645067e-01 -4.824606139367517907e-04 9.995589310453700804e-02 7.618137265650616607e-03 4.656166806221551753e-04 9.999708731686680618e-01 -4.874210491672424650e-02
9.999695119496641027e-01 -2.353276785532740917e-03 -7.445620156933713436e-03 1.012532488738231873e+00 2.349441520875601187e-03 9.999971028705645359e-01 -5.238081877454746132e-04 1.125036044776708127e-01 7.446831251656685184e-03 5.062991687097118760e-04 9.999721437947465263e-01 -6.064065542268547160e-02
9.999683035180915169e-01 -2.991434886924755707e-03 -7.378568727557446860e-03 1.150487377867219108e+00 2.986681771261931202e-03 9.999953252683271288e-01 -6.551133411670643537e-04 1.136282215488303715e-01 7.380493963632172444e-03 6.330551396622988592e-04 9.999725633986379369e-01 -6.301868547659970898e-02
9.999649372169993056e-01 -3.653459902360474063e-03 -7.535022716919041220e-03 1.327935167760766477e+00 3.648499341780645812e-03 9.999931184275158147e-01 -6.719748249759169940e-04 1.117460299369354149e-01 7.537425897192489947e-03 6.444597382454655228e-04 9.999713855318511646e-01 -7.433515202743259942e-02
9.999711934052242235e-01 -3.961947501242377850e-03 -6.474205104025004126e-03 1.499216762402792114e+00 3.963262429979705001e-03 9.999921281401519257e-01 1.902856826710214633e-04 1.139572840295405148e-01 6.473400238104817794e-03 -2.159391750412342542e-04 9.999790240098188621e-01 -6.846260970086547049e-02
9.999715436867704366e-01 -3.974111662608092316e-03 -6.412351611583873116e-03 1.669914821794537874e+00 3.977017737105027415e-03 9.999919946075240818e-01 4.405119571092565799e-04 1.506341196644814251e-01 6.410549634486262770e-03 -4.660014578588467693e-04 9.999793436346697817e-01 -8.158538012699902142e-02
9.999697407707057728e-01 -3.966962890034630290e-03 -6.691841928539285847e-03 1.866196192338258619e+00 3.975781448941832774e-03 9.999912450043972889e-01 1.305019703189659423e-03 2.065874775782904904e-01 6.686606376759310702e-03 -1.331585515297964602e-03 9.999767578174892924e-01 -8.587169121543869466e-02
9.999669703008186028e-01 -5.063786943415161772e-03 -6.357386978430537572e-03 2.074449126237976948e+00 5.085875784489980907e-03 9.999810699803463043e-01 3.463170291291402247e-03 1.966608494114797934e-01 6.339729876466224795e-03 -3.495388784304698758e-03 9.999737946978111136e-01 -9.737579805372718889e-02
9.999656920416208905e-01 -5.791167213138889193e-03 -5.922594197792160030e-03 2.269150349096332508e+00 5.816600617197014746e-03 9.999738977813238394e-01 4.286130339420011169e-03 2.145469792328500991e-01 5.897617907450390835e-03 -4.320432656105003578e-03 9.999732756252447397e-01 -9.875459515270051947e-02
9.999675718469956953e-01 -5.922228448653788467e-03 -5.457331273191215470e-03 2.506030683750557042e+00 5.951888646118835315e-03 9.999675184098205660e-01 5.434808814426307817e-03 2.311384097913654900e-01 5.424967831019537196e-03 -5.467114001657541640e-03 9.999703397543975303e-01 -9.746529886353509642e-02
9.999667298448630115e-01 -6.569547613307209072e-03 -4.835312557354631662e-03 2.726516798599886382e+00 6.599513463109794864e-03 9.999589549059880733e-01 6.207650551894197330e-03 2.275737182397194192e-01 4.794332635628696486e-03 -6.239354732717904486e-03 9.999690419343482128e-01 -1.028501344270451173e-01
9.999597157193645947e-01 -7.684512412569144760e-03 -4.638448817070133651e-03 2.976260535190265344e+00 7.715233978443996124e-03 9.999481775613463519e-01 6.642089761516475205e-03 2.221576600089434639e-01 4.587167220123091263e-03 -6.677608907629249343e-03 9.999671831796138610e-01 -1.097695053381539110e-01
9.999576304372218560e-01 -8.280232259457544208e-03 -4.021825966628651827e-03 3.241208984062946996e+00 8.305410586552999797e-03 9.999457605418301531e-01 6.284594609813701389e-03 2.232078307926781968e-01 3.969569921941576082e-03 -6.317731250248357668e-03 9.999721640058208960e-01 -1.233634458308641574e-01
9.999471115007616540e-01 -8.781737300640246602e-03 -5.353063727048258322e-03 3.497275825580151043e+00 8.807502707368738276e-03 9.999496504604258318e-01 4.808787802757019843e-03 2.731874786905758024e-01 5.310564691535955492e-03 -4.855680596455671551e-03 9.999741097991499128e-01 -1.310737121796382854e-01
9.999208719312657756e-01 -9.898843081781129663e-03 -7.762910656410109030e-03 3.748328460030145415e+00 9.937883523169070352e-03 9.999380835302313919e-01 5.006753136308648468e-03 2.479309277976703974e-01 7.712868940741599531e-03 -5.083503863506515057e-03 9.999573339103887681e-01 -1.256130345607723298e-01
9.998778833686789991e-01 -1.061729384973091571e-02 -1.146697089378264853e-02 4.035964083963747839e+00 1.063786557385524266e-02 9.999419119848086401e-01 1.734494796112061093e-03 2.748291078679812038e-01 1.144788915927202194e-02 -1.856267080357886347e-03 9.999327477917319129e-01 -1.193457176978871687e-01
9.998260766283064704e-01 -1.083719169120363375e-02 -1.517800284279900887e-02 4.325544371832384272e+00 1.080247723003484144e-02 9.999388493688506907e-01 -2.367278731702687593e-03 2.891346260533512180e-01 1.520272935174755806e-02 2.202906976497191402e-03 9.998820051491628114e-01 -1.280343962694416582e-01
9.997961968667350430e-01 -1.096205784322178654e-02 -1.695281742527175381e-02 4.638401411283806119e+00 1.088104692968787889e-02 9.999289721088108207e-01 -4.863492071634951952e-03 2.882330636577317140e-01 1.700492718380963372e-02 4.678036474717331417e-03 9.998444621170907709e-01 -1.231107519706628323e-01
9.997641837135295972e-01 -1.126467992627044022e-02 -1.856566588567417145e-02 4.952763361366709916e+00 1.111742019415608469e-02 9.999060685493188494e-01 -8.016049305701220332e-03 3.092562347602216266e-01 1.865422021544659373e-02 7.807756681886436970e-03 9.997955085935074093e-01 -1.367011561886482540e-01
9.997530193640968843e-01 -1.136707296421737325e-02 -1.909685640616741453e-02 5.262544548796546984e+00 1.116860279657722228e-02 9.998828397498085163e-01 -1.046752527730209631e-02 3.360981589141419645e-01 1.921360413727488115e-02 1.025165479738902180e-02 9.997628423731156344e-01 -1.441832501350114593e-01
9.997434509855843698e-01 -1.183029050265726155e-02 -1.931518672074130846e-02 5.565819107463171100e+00 1.160250675605094435e-02 9.998623188259053718e-01 -1.186276650108675050e-02 3.407914799900956249e-01 1.945286735702879063e-02 1.163561853561086677e-02 9.997430661589424838e-01 -1.562854472737746914e-01
9.997160253993908618e-01 -1.257328245347700407e-02 -2.024305135076032505e-02 5.913902022385828516e+00 1.235152897786153184e-02 9.998627413285088306e-01 -1.104256469070452086e-02 3.594849685337340173e-01 2.037911410129200976e-02 1.078939624744752225e-02 9.997341049684471681e-01 -1.706477670350047549e-01
9.997601576567454185e-01 -1.309889569653887795e-02 -1.755124194154924350e-02 6.248231906387381684e+00 1.296801551682403436e-02 9.998874060950504461e-01 -7.550212319337693163e-03 3.729330937087594888e-01 1.764816522234005647e-02 7.320796680885410627e-03 9.998174574392277858e-01 -1.865610948457114282e-01
9.998659544629392437e-01 -1.391040954684248133e-02 -8.635601435600138986e-03 6.606217946998722113e+00 1.388233489791552457e-02 9.998981819106574909e-01 -3.302512610691353025e-03 4.065296171840123152e-01 8.680661478109970991e-03 3.182187612440882246e-03 9.999572589857537164e-01 -1.899737081228999314e-01
9.998703688652342825e-01 -1.575818972086415887e-02 3.305286980224568776e-03 6.977053078385975660e+00 1.576071398907778059e-02 9.998755190997814513e-01 -7.390531083627553330e-04 4.404362233783841729e-01 -3.293229396030415441e-03 7.910509868168081292e-04 9.999942644227922672e-01 -2.035661751611628767e-01
9.997282784810711531e-01 -1.683541459790231093e-02 1.612259348214879762e-02 7.326962235321928141e+00 1.684737271703995454e-02 9.998578892054981182e-01 -6.061567940732503525e-04 4.535141976442436662e-01 -1.611009738664005708e-02 8.776154297875356312e-04 9.998698388057069009e-01 -2.187741512328963134e-01
9.995785526351581574e-01 -1.816550668795809814e-02 2.264357477458251930e-02 7.680714876409184377e+00 1.827889454308245787e-02 9.998213540550358047e-01 -4.810612210279468885e-03 4.649345695424177416e-01 -2.255214238349053865e-02 5.222484305823165730e-03 9.997320273611275399e-01 -2.409940306418053568e-01
9.995556064991273360e-01 -1.988308864698026118e-02 2.220928414015146957e-02 8.037506568366769244e+00 2.006738742484619892e-02 9.997657653485779727e-01 -8.106441815824970767e-03 4.681343525780651271e-01 -2.204290085498693263e-02 8.548521675035726866e-03 9.997204775831435297e-01 -2.428351700698794802e-01
9.996051157949882304e-01 -2.068019407021969361e-02 1.902477462957602103e-02 8.435935944426834254e+00 2.083915795687476744e-02 9.997492489624557610e-01 -8.195650959748468703e-03 5.153030723324948381e-01 -1.885051649521922792e-02 8.588874910234354718e-03 9.997854216058762455e-01 -2.709722882579191916e-01
9.995717067008919043e-01 -2.253175729965060242e-02 1.867412852199128170e-02 8.807878865951701997e+00 2.263667972796606226e-02 9.997290309166712019e-01 -5.426368334985609554e-03 5.209716502489620815e-01 -1.854680279616131161e-02 5.846764524340436475e-03 9.998108978455061413e-01 -2.868133141615858417e-01
9.995825700124770785e-01 -2.348292418366637602e-02 1.682967614173322760e-02 9.214678588362637868e+00 2.351938249727956315e-02 9.997214368387452588e-01 -1.971641960751850577e-03 5.804587009175822265e-01 -1.677868809526262064e-02 2.366642528755538450e-03 9.998564270078694749e-01 -3.194937322281657943e-01
9.996279161182630713e-01 -2.477832379840160318e-02 1.140455991260857192e-02 9.628334082781028869e+00 2.477663597373504570e-02 9.996929701793881851e-01 2.892814164197871725e-04 6.374298435766051485e-01 -1.140822628122935799e-02 -6.607150072097272599e-06 9.999349240472911182e-01 -3.419270801904396584e-01
9.996488022582644684e-01 -2.601787909394505383e-02 5.034094861060523472e-03 1.003686330778062619e+01 2.600315095076393551e-02 9.996574508806977954e-01 2.969349985618307056e-03 6.592720603826377479e-01 -5.109626625212808533e-03 -2.837404828036313963e-03 9.999829202789379812e-01 -3.415636133192399559e-01
9.996222725960288713e-01 -2.748012200934768848e-02 3.937312558929294878e-04 1.045993120462424031e+01 2.747878513620322441e-02 9.996176648971677459e-01 3.072522249248089889e-03 6.628659398721327145e-01 -4.780140048984923319e-04 -3.060542416813148963e-03 9.999952022798539453e-01 -3.733212643134699027e-01
9.995875445924217173e-01 -2.871827896166813041e-02 -3.389945583915911855e-05 1.090218704025066643e+01 2.871826893217749657e-02 9.995840954416247426e-01 2.626246311361330431e-03 6.763819144512155379e-01 -4.153591729077744211e-05 -2.626136635558020543e-03 9.999965508346211340e-01 -3.903574702308381661e-01
9.995916027742063337e-01 -2.857476644349603995e-02 3.322438758106229417e-04 1.136710655693842931e+01 2.857320223468482606e-02 9.995836207893351588e-01 4.019597459745411633e-03 7.591552077813623622e-01 -4.469645949769597885e-04 -4.008462595839271114e-03 9.999918661920549345e-01 -4.029677033649737838e-01
9.995489653682808617e-01 -3.001293702085980689e-02 1.043763661534445565e-03 1.181704209757984536e+01 3.000652746588647682e-02 9.995334899205239321e-01 5.693051619015591577e-03 7.942789462502278797e-01 -1.214141934963767827e-03 -5.659164132597522753e-03 9.999832497200551451e-01 -4.220208275898888473e-01
9.995087690471538000e-01 -3.133574498187555180e-02 5.400780261168916779e-04 1.231430719868283319e+01 3.133160465985902754e-02 9.994881349683343297e-01 6.465184216940747172e-03 8.150640760223044623e-01 -7.423929429438535631e-04 -6.445086807137762053e-03 9.999789546329296286e-01 -4.444892161829507304e-01
9.994747346326353643e-01 -3.240347949047757414e-02 -5.189874114769881669e-04 1.280047982182744448e+01 3.240568670868818058e-02 9.994620890709142724e-01 5.040236000633706651e-03 8.374429750944960560e-01 3.553870586025957893e-04 -5.054406682681306454e-03 9.999871632541712518e-01 -4.460156311239057980e-01
9.994550447448498076e-01 -3.290540869124890244e-02 -2.616794400040387079e-03 1.331315758910986524e+01 3.291523682794300631e-02 9.994509005611433849e-01 3.805857601099733954e-03 9.076892248735177748e-01 2.490124219918838592e-03 -3.889915986407025805e-03 9.999893338606107296e-01 -4.668883364469832431e-01
9.994336220412456395e-01 -3.341040972783897861e-02 -4.022394229123683884e-03 1.383415286564927094e+01 3.342659232355445903e-02 9.994330686613672743e-01 4.025443051101583111e-03 9.629455715147356987e-01 3.885622106105471665e-03 -4.157618060944754529e-03 9.999838079453625683e-01 -5.060017124653298781e-01
9.993649722933782842e-01 -3.541133307536777075e-02 -3.961015385054396376e-03 1.436773724041067624e+01 3.543304132032280840e-02 9.993566329904690626e-01 5.551547599118161758e-03 9.640644156097467610e-01 3.761879297315276222e-03 -5.688373034387159827e-03 9.999767450677911063e-01 -5.069169453991818619e-01
9.993249405672528507e-01 -3.648883662102134912e-02 -4.269421775945319089e-03 1.488668399855708557e+01 3.651620307116914405e-02 9.993118057738711313e-01 6.517802868301217877e-03 1.011935810383666645e+00 4.028656540540737421e-03 -6.669306036561076061e-03 9.999696446810117934e-01 -5.321539263116950025e-01
9.992645692321610040e-01 -3.831472055807319532e-02 -1.517519627715962919e-03 1.544150495161534842e+01 3.832350563344828764e-02 9.992457811825184999e-01 6.259209606759928712e-03 1.057009544699660575e+00 1.276555218859428157e-03 -6.312763063434404312e-03 9.999792594995549067e-01 -5.421865328358345115e-01
9.992208253116532379e-01 -3.944385054929759604e-02 1.387413904834488686e-03 1.600081706747953092e+01 3.943832629152367597e-02 9.992147577387726631e-01 3.806092007437485158e-03 1.085386465718300331e+00 -1.536451373120838355e-03 -3.748409114603510998e-03 9.999917943394773800e-01 -5.576335140257079326e-01
9.992106073230073715e-01 -3.965173300844280352e-02 2.429461383492316842e-03 1.656509221106335161e+01 3.964626664462648359e-02 9.992112256237974943e-01 2.258346415336151807e-03 1.129820285122171253e+00 -2.517092435706527569e-03 -2.160244619401013085e-03 9.999944987792954709e-01 -5.862763571331924828e-01
9.991817077362867838e-01 -4.036971157414844663e-02 2.490243485623648122e-03 1.714735513140590584e+01 4.036441286661723166e-02 9.991827277911422556e-01 2.142582037035006652e-03 1.183653618652076744e+00 -2.574703697688613280e-03 -2.040311562537613227e-03 9.999946040002399839e-01 -6.170975713161045428e-01
9.991400511540088347e-01 -4.138148737006656225e-02 2.594355990520776957e-03 1.772950975823133746e+01 4.137145145049677536e-02 9.991365724065044418e-01 3.809551766424783010e-03 1.245469424560743610e+00 -2.749760870279133011e-03 -3.698943473872366803e-03 9.999893782597559788e-01 -6.354437787818766337e-01
9.990627721747686873e-01 -4.323349228645104875e-02 2.107699974737035648e-03 1.830039824392337522e+01 4.322122120779240545e-02 9.990500764405907397e-01 5.556149868099944170e-03 1.283260343033086226e+00 -2.345909583339731309e-03 -5.459845122994638408e-03 9.999823432438493809e-01 -6.523769128439651510e-01
9.990274057857871925e-01 -4.394378225759971307e-02 3.631320671143294099e-03 1.887648185920069110e+01 4.392481309417777674e-02 9.990215751429454283e-01 5.148125246123687326e-03 1.359022163829142649e+00 -3.853995791585222534e-03 -4.983613127530270651e-03 9.999801549614040219e-01 -6.665173766871164140e-01
9.989584306925201052e-01 -4.545631719888414135e-02 3.972024049767784726e-03 1.945583144205737014e+01 4.544684352762975998e-02 9.989637694547820468e-01 2.443712353798881912e-03 1.418007996397675941e+00 -4.078990281018188974e-03 -2.260651102537077160e-03 9.999891255883135432e-01 -6.894754653685704060e-01
9.988896491057053240e-01 -4.699237308917189604e-02 3.344515051383410709e-03 2.006415605403933000e+01 4.698956541321364089e-02 9.988949628362222555e-01 9.132155821607938458e-04 1.433614805784858781e+00 -3.383733405304563228e-03 -7.550442836399994711e-04 9.999939901101263517e-01 -7.049862440654062201e-01
9.988715125809830564e-01 -4.743522411053404525e-02 2.366615254421031416e-03 2.068164297965817866e+01 4.743691901322397847e-02 9.988740141745581225e-01 -6.652227728019934408e-04 1.489288645628321639e+00 -2.332395487878985169e-03 7.767370134314738155e-04 9.999969783008847424e-01 -7.302514127353419982e-01
9.988438558408244683e-01 -4.806726628196777984e-02 6.996865102058255409e-04 2.129143716057814828e+01 4.806769710865363421e-02 9.988438923636014932e-01 -6.125215104271496428e-04 1.570231531363336375e+00 -6.694353627431567097e-04 6.454456665040843701e-04 9.999995676279999079e-01 -7.574845480732080860e-01
9.988130734779823161e-01 -4.870470133488264547e-02 -5.443503894665501332e-04 2.189844484533731972e+01 4.870464130169998435e-02 9.988132171654392488e-01 -1.230093403996270114e-04 1.629632522291104335e+00 5.496954969539095568e-04 9.635094688964179299e-05 9.999998442756656836e-01 -7.742948276540129182e-01
9.987849658213022730e-01 -4.925427638834662530e-02 -1.615025324989247937e-03 2.249449021854612596e+01 4.925468358538968167e-02 9.987862287016263663e-01 2.133093660345520746e-04 1.701924168909796808e+00 1.602558655132740829e-03 -2.925977492289202962e-04 9.999986730952766800e-01 -8.011173228953488712e-01
9.987297264200661884e-01 -5.033468083962738121e-02 -2.313756614815814291e-03 2.310767874597812011e+01 5.033774537696698165e-02 9.987314243274052483e-01 1.285865979045512815e-03 1.733953873106715893e+00 2.246097785804162476e-03 -1.400701868805866949e-03 9.999964965333685285e-01 -8.184476120213288741e-01
9.987299935569230458e-01 -5.030484779712558752e-02 -2.796829972743389552e-03 2.374980363210899270e+01 5.030867256516680097e-02 9.987328520961114009e-01 1.314385292703672010e-03 1.800454599076396267e+00 2.727166023409656210e-03 -1.453420818232444445e-03 9.999952250553029165e-01 -8.369346664165236982e-01
9.987009382508788002e-01 -5.090847899839084922e-02 -2.182361767614854342e-03 2.438667926093300764e+01 5.091052873319400207e-02 9.987028179304021647e-01 8.941599300800839693e-04 1.825213730057654971e+00 2.134010525038844419e-03 -1.004103552593700079e-03 9.999972188837000786e-01 -8.550977294855615085e-01
9.987008938770622901e-01 -5.094494043534140981e-02 -1.066589516291875086e-03 2.501603463419600359e+01 5.094593328628230222e-02 9.987009840860695542e-01 9.253470192402647385e-04 1.862508514525733849e+00 1.018062250759364578e-03 -9.784832936025815268e-04 9.999990030593519652e-01 -8.864866294906572630e-01
9.987312454729551092e-01 -5.033017602942299606e-02 1.665141701825651821e-03 2.566978435472667641e+01 5.032601480973429575e-02 9.987298306425178573e-01 2.453083394008600919e-03 1.923640217499762661e+00 -1.786490808895434311e-03 -2.366171087400849825e-03 9.999956048328286773e-01 -9.125206003122463549e-01
9.987601577936539021e-01 -4.959622815720911293e-02 4.285015352793697559e-03 2.633135925933580168e+01 4.958612623261571262e-02 9.987668892588561498e-01 2.432489554123775429e-03 2.012392903957569867e+00 -4.400373761252552272e-03 -2.216996338715751785e-03 9.999878607453169810e-01 -9.333780466967221967e-01
9.987946639157428974e-01 -4.882049009052374933e-02 5.077310386343581936e-03 2.700085149535324547e+01 4.881159733758448638e-02 9.988062699107451703e-01 1.860954684328574226e-03 2.082344177711926037e+00 -5.162102167888094062e-03 -1.610879978360247157e-03 9.999853787765616842e-01 -9.643469515980757079e-01
9.988106081406221692e-01 -4.852814845268442479e-02 4.731582559224777398e-03 2.767097652835455079e+01 4.852192627595704189e-02 9.988211066190012533e-01 1.421141394908731264e-03 2.121095275860720886e+00 -4.794969888448444642e-03 -1.189865600795293092e-03 9.999877961673436788e-01 -9.827188259555426075e-01
9.988703868080784920e-01 -4.746868455754794242e-02 2.162023185724790044e-03 2.838947308564245020e+01 4.746470641902329063e-02 9.988711920761462748e-01 1.855609046782327179e-03 2.186536715960132327e+00 -2.247665997325030540e-03 -1.750893130542484485e-03 9.999959411771679463e-01 -1.020625569603814231e+00
9.989245018312008506e-01 -4.636596203429361324e-02 -1.928883656573257891e-04 2.907175496171862150e+01 4.636631477080590397e-02 9.989208294015763379e-01 2.709509594260420522e-03 2.261735096489156049e+00 6.705118722529745923e-05 -2.715539044331143678e-03 9.999963106691128756e-01 -1.046691332368253846e+00
9.989566252329228346e-01 -4.558174792499583572e-02 -2.822261389705392910e-03 2.978982426098129466e+01 4.558995323797679355e-02 9.989559854983471876e-01 2.914652772632914460e-03 2.309497096649625991e+00 2.686459939916041682e-03 -3.040278462257173936e-03 9.999917697860634114e-01 -1.070323925588345659e+00
9.990167818525638177e-01 -4.413961589417315229e-02 -4.142932012696955678e-03 3.050003568874222282e+01 4.415049778633047678e-02 9.990215781253484195e-01 2.572933181710675057e-03 2.345930280296628201e+00 4.025310195028456751e-03 -2.753315937769771227e-03 9.999881079938803818e-01 -1.078220023258726901e+00
9.991206232087116446e-01 -4.160007347305443720e-02 -5.235853900944629179e-03 3.123372663589755405e+01 4.161375431842086886e-02 9.991305652006370330e-01 2.531626627620837608e-03 2.417097772285635937e+00 5.125985813643399620e-03 -2.747283911801355442e-03 9.999830882072687777e-01 -1.111253597280153160e+00
9.992570675008949355e-01 -3.846848568638881749e-02 -2.342788617880370294e-03 3.194919868704736388e+01 3.847974850139725123e-02 9.992470268270112754e-01 4.968735517947965065e-03 2.487645467938371269e+00 2.149884829749489946e-03 -5.055193999660196995e-03 9.999849113905892040e-01 -1.139504077344331234e+00
9.993668600565877025e-01 -3.555046474723454891e-02 1.429502323308064378e-03 3.266777627841783271e+01 3.554025241548632724e-02 9.993462703008213488e-01 6.627404777232026936e-03 2.551794819121053326e+00 -1.664175135082913981e-03 -6.572403829147506829e-03 9.999770167503982954e-01 -1.167804186207072936e+00
9.994277471416700420e-01 -3.340790587418073637e-02 5.300006455467610143e-03 3.340474218938934570e+01 3.337907406781050884e-02 9.994279678952298074e-01 5.438235300833066388e-03 2.595269975622767067e+00 -5.478654734671471564e-03 -5.258213947100966526e-03 9.999711673485315311e-01 -1.172036381730365839e+00
9.995099294295334280e-01 -3.090270026266035697e-02 4.992403053164890317e-03 3.414406169680252390e+01 3.089299937907680205e-02 9.995206789508427336e-01 2.008715761567970905e-03 2.618693314110041914e+00 -5.052084830388247835e-03 -1.853501044667269903e-03 9.999855203815423144e-01 -1.212632641549531876e+00
9.996291912633606946e-01 -2.698705652465484620e-02 3.630255403484865945e-03 3.488624101715014092e+01 2.698401501663320531e-02 9.996354741068611549e-01 8.842175824582526036e-04 2.696986930323588272e+00 -3.652794511269482486e-03 -7.859308405317376412e-04 9.999930196781237068e-01 -1.257195423756209074e+00
9.997135999822875929e-01 -2.378725269895070119e-02 2.623855844171891268e-03 3.559011976919017428e+01 2.378039700487499450e-02 9.997137894232092092e-01 2.613800944555694401e-03 2.731244597543273755e+00 -2.685280012450217465e-03 -2.550656018260907647e-03 9.999931416890474045e-01 -1.265746736375866766e+00
9.997895660047992905e-01 -2.050924714153748787e-02 4.410097759536028231e-04 3.632694591546199092e+01 2.050732460460539044e-02 9.997817255457672747e-01 3.993858070761763940e-03 2.788116532240823009e+00 -5.228245370069224034e-04 -3.983973696622384805e-03 9.999919272714595797e-01 -1.297703186481422799e+00
9.998404533571586539e-01 -1.779914981111292357e-02 -1.502696427454268142e-03 3.707150478911855629e+01 1.780808537785591797e-02 9.998224562397372006e-01 6.158578887521387601e-03 2.816398035944446931e+00 1.392812164837454233e-03 -6.184356453212315127e-03 9.999799067028962707e-01 -1.319437702427771919e+00
9.998896702152719751e-01 -1.479115926712331816e-02 -1.367115331374733986e-03 3.778277237808378430e+01 1.480074546358951110e-02 9.998638863680178179e-01 7.290176319238228508e-03 2.818269044912613985e+00 1.259099089318378717e-03 -7.309606321693345315e-03 9.999724917841016358e-01 -1.322784216779504529e+00
9.999380392977558207e-01 -1.081885503470927934e-02 -2.621057248082207976e-03 3.851633440319085366e+01 1.083472996503532376e-02 9.999225731770304826e-01 6.120153397651889420e-03 2.868009670690055302e+00 2.554641255547288915e-03 -6.148172636155398683e-03 9.999778366450385869e-01 -1.332752237513977089e+00
9.999616745091447489e-01 -6.081140556775373705e-03 -6.298352355650293187e-03 3.922577060820498218e+01 6.112633589419912312e-03 9.999688519450821156e-01 4.993080235280800486e-03 2.906762581970470105e+00 6.267792551503227096e-03 -5.031388393197054262e-03 9.999676994320206846e-01 -1.369084200532966422e+00
9.999608674330371372e-01 -2.069018219336361299e-03 -8.601323513038850246e-03 3.993108107407226015e+01 2.128299739525709930e-03 9.999740076778678155e-01 6.888708796443700384e-03 2.893738538643003899e+00 8.586847080659791229e-03 -6.906745418177813282e-03 9.999392796189885413e-01 -1.389925458912065537e+00
9.999596549883008612e-01 3.074319515298850735e-03 -8.440198765198442254e-03 4.067278884112380410e+01 -2.994144137408145858e-03 9.999504341877647473e-01 9.495486748199456414e-03 2.926466234522392185e+00 8.468972580108469900e-03 -9.469832481024132928e-03 9.999192961315521710e-01 -1.424104269257118860e+00
9.999442316750550841e-01 7.974755879080537568e-03 -6.923641271245863787e-03 4.136580679888115952e+01 -7.899201848872942217e-03 9.999096961308077125e-01 1.087208322938127726e-02 2.954264267793874410e+00 7.009718249301532395e-03 -1.081678567158015324e-02 9.999169270483425631e-01 -1.432750706830461684e+00
9.998994951041899615e-01 1.247822614251811735e-02 -6.730049236242915955e-03 4.206585104070325087e+01 -1.240167032025408025e-02 9.998592504431346173e-01 1.129946355189991557e-02 2.936888105367068569e+00 6.870099246284981295e-03 -1.121486404862596063e-02 9.999135105401452117e-01 -1.464177304470099639e+00
9.998116464508850498e-01 1.868563918070288363e-02 -5.245808763102535396e-03 4.276756824756404995e+01 -1.861632511795374353e-02 9.997426383871798050e-01 1.296493076507789985e-02 2.963281651421522778e+00 5.486716711577757644e-03 -1.286483109291373939e-02 9.999021912470628104e-01 -1.463990212816968395e+00
9.996956775367749071e-01 2.453088661437313397e-02 -2.605362969218744714e-03 4.344224389321043134e+01 -2.449370782430600538e-02 9.996094495077109121e-01 1.345387423415962853e-02 2.962617156860182455e+00 2.934380906790730933e-03 -1.338596491866845921e-02 9.999060982671773568e-01 -1.476830133795698163e+00
9.995078266841745940e-01 3.134182560298786474e-02 1.339539081153397204e-03 4.412560001841994506e+01 -3.135656001234033569e-02 9.994244226010590149e-01 1.294564222942990242e-02 3.006219818218025530e+00 -9.330280116598200536e-04 -1.298127406735541736e-02 9.999153044044868377e-01 -1.507655500101378943e+00
9.992760248138781165e-01 3.767496897253599930e-02 5.293670285556854524e-03 4.483799147677522257e+01 -3.773638687462464725e-02 9.992153693158990491e-01 1.202542425613761616e-02 2.968021853514123176e+00 -4.836459223687727613e-03 -1.221648213725606315e-02 9.999136793875598173e-01 -1.516932266916283023e+00
9.990189606687270851e-01 4.371908421080182572e-02 7.053927994050760743e-03 4.553151278419280601e+01 -4.379364275608269019e-02 9.989823695025085160e-01 1.078620773516683097e-02 2.957976299904912398e+00 -6.575186577507945336e-03 -1.108454324374194035e-02 9.999169464623292036e-01 -1.556148050211774825e+00
9.987570824902025635e-01 4.938195619629721922e-02 6.761107741020321200e-03 4.623294476530172403e+01 -4.944680500859281735e-02 9.987288160868476039e-01 9.785979368763427985e-03 2.938197590996668218e+00 -6.269262325098701703e-03 -1.010813137976779470e-02 9.999292585127752542e-01 -1.582060753902077677e+00
9.984797664853949373e-01 5.481360553900455762e-02 5.798669423726371917e-03 4.691322091333898925e+01 -5.487077558526754634e-02 9.984412830305164910e-01 1.020795410683504774e-02 2.918399059697853737e+00 -5.230096169522867149e-03 -1.051061312152872830e-02 9.999310841782382830e-01 -1.598390331469781378e+00
9.981773013837621500e-01 6.023735213884731654e-02 3.679185987507563316e-03 4.761636659709390784e+01 -6.027168589892062389e-02 9.981312198742836594e-01 1.006934909397409067e-02 2.916671763814487672e+00 -3.065759470672594147e-03 -1.027274644751685270e-02 9.999425342484902224e-01 -1.631137042014086935e+00
9.978427778111264024e-01 6.561803667974884513e-02 2.015944560262750238e-03 4.832426720701794665e+01 -6.563559301322278994e-02 9.977890597178450394e-01 1.043844994149689329e-02 2.881997090272901740e+00 -1.326536836087008992e-03 -1.054824960236027537e-02 9.999434857682452105e-01 -1.646097132076811187e+00
9.975225592022121113e-01 7.032247610415572059e-02 1.869020398391416093e-03 4.898975162524489946e+01 -7.033890483717648856e-02 9.974619700155894497e-01 1.104793369485556134e-02 2.860398819361406719e+00 -1.087358715322046896e-03 -1.115202794112986687e-02 9.999372229914358368e-01 -1.681240619129179770e+00
9.971397173748897114e-01 7.544048906183697945e-02 4.595284935232535339e-03 4.967911609093893333e+01 -7.548602701545892302e-02 9.970893629729741248e-01 1.070803303927330384e-02 2.846343532287836098e+00 -3.774090479377226193e-03 -1.102428484118665904e-02 9.999321083877614758e-01 -1.696576585515084945e+00
9.967326343151194923e-01 8.061175158235367455e-02 5.079487972927495230e-03 5.036504730330982937e+01 -8.065389672465392290e-02 9.967039821899863483e-01 8.724725196371171942e-03 2.807967873033774708e+00 -4.359430509948802011e-03 -9.105898827037151727e-03 9.999490376875116437e-01 -1.717518405087063993e+00
9.962897867422364495e-01 8.595729222009472481e-02 4.243200124712065251e-03 5.105869093204091058e+01 -8.597974338281018369e-02 9.962821037815702274e-01 5.427099814333457770e-03 2.782734128240665683e+00 -3.760925542366074827e-03 -5.771793374495763282e-03 9.999762706386121636e-01 -1.743494033721334047e+00
9.959855045181310595e-01 8.950201515145062015e-02 1.504683884893999587e-03 5.175187776581609000e+01 -8.950607546630456879e-02 9.959820794341671668e-01 2.891349271982128748e-03 2.709513218490819497e+00 -1.239856598218726626e-03 -3.014420312747505704e-03 9.999946879987883230e-01 -1.769201161099350550e+00
