1.000000000000000000e+00 0.000000000000000000e+00 0.000000000000000000e+00 0.000000000000000000e+00 0.000000000000000000e+00 1.000000000000000000e+00 0.000000000000000000e+00 0.000000000000000000e+00 0.000000000000000000e+00 0.000000000000000000e+00 1.000000000000000000e+00 0.000000000000000000e+00
9.999999383849531576e-01 2.452305367488843610e-04 2.511813562861943470e-04 -1.882447254466176195e-02 -2.452709845761986344e-04 9.999999569586022208e-01 1.610122287502926432e-04 1.058719617684151723e-02 -2.511418603597180663e-04 -1.610738263280801200e-04 9.999999554914932309e-01 2.959496322724172734e-03
9.999998377728346322e-01 2.088618347712417871e-04 5.299349379602587501e-04 -1.447614236500608526e-02 -2.085438364317484606e-04 9.999997982218050696e-01 -6.000548452772692248e-04 1.529704469333671712e-02 -5.300601595868915028e-04 5.999442332670511160e-04 9.999996795515208037e-01 8.446388933798228832e-03
9.999999351027953898e-01 3.484063485467910363e-04 9.169199175044367729e-05 -8.703864736804820673e-03 -3.483498635557330742e-04 9.999997500128812167e-01 -6.153263748995626984e-04 1.713790302202871860e-02 -9.190635244407012808e-05 6.152943940737856015e-04 9.999998064829968003e-01 -3.530725859118843957e-03
9.999999821238745312e-01 1.791347600226532476e-04 6.052262625855004443e-05 -6.604208832960075347e-03 -1.791382159600659024e-04 9.999999823244885011e-01 5.710098235314306383e-05 1.029912431775026338e-04 -6.051239641801078921e-05 -5.711182324769191606e-05 9.999999965382447842e-01 -5.930946036546166575e-03
9.999999929506835361e-01 -6.680812562823471804e-05 -9.815960070687624304e-05 -7.895549378962779530e-03 6.680358651183439700e-05 9.999999966993516898e-01 -4.624475626563550327e-05 -2.006474078194521449e-03 9.816268990837217080e-05 4.623819852626379453e-05 9.999999941130576220e-01 -6.157254430296564031e-03
9.999999698136836646e-01 -3.573915525744075843e-05 2.430953404449836760e-04 -2.175480575300629653e-03 3.565720288807967619e-05 9.999999425405936559e-01 3.371162607231908558e-04 6.455202122489979259e-03 -2.431073747272515363e-04 -3.371075824470173301e-04 9.999999136286373824e-01 -7.857421082119609573e-05
9.999999373362469246e-01 2.350883184107797539e-04 2.646903563898636807e-04 -3.310762972334718463e-03 -2.350950058088001348e-04 9.999999720467874775e-01 2.523415529693776732e-05 1.504149589017952579e-02 -2.646844167357826033e-04 -2.529638109654389912e-05 9.999999646511257279e-01 2.372759364283135667e-03
9.999999268759864890e-01 3.622901698651952900e-04 -1.224493960498995607e-04 -1.336400730091662908e-02 -3.622971038386362886e-04 9.999999327680660910e-01 -5.660982017926173245e-05 1.817982006482996710e-02 1.224288786360210643e-04 5.665417910128014252e-05 9.999999909007367682e-01 -7.055664716385773305e-03
9.999999799164702718e-01 1.736499401117820183e-04 1.000637659786514995e-04 -2.500701386569468415e-03 -1.736301183160237564e-04 9.999999653111623088e-01 -1.980662925829975948e-04 -1.693495789554841369e-03 -1.000981567074009512e-04 1.980489145216012816e-04 9.999999753784929446e-01 -2.255043359945696491e-03
9.999999208686751739e-01 1.826840928813761348e-04 3.533966122637953434e-04 -1.729131745518812727e-02 -1.826600691941760943e-04 9.999999810049370330e-01 -6.801047436048822110e-05 1.280294370147576702e-02 -3.534090299828193996e-04 6.794591752908019349e-05 9.999999352427028088e-01 1.380730883867279865e-03
9.999998687224304073e-01 7.336130967162612861e-05 5.071225100554682804e-04 -1.720391699486121390e-02 -7.327962825991207220e-05 9.999999843408423628e-01 -1.610851052545712197e-04 6.739032889685990513e-04 -5.071343195286469362e-04 1.610479223586909893e-04 9.999998584391642797e-01 5.252140798973363792e-03
9.999999984105822914e-01 4.444722339277647552e-05 3.468832277947722273e-05 -5.536151095854851406e-03 -4.446661996260859806e-05 9.999998425657299350e-01 5.593668161937618254e-04 -1.209898694996620200e-03 -3.466345501650857860e-05 -5.593683577771605200e-04 9.999998429527302557e-01 -5.951313484921666799e-03
9.999999996088001497e-01 2.576066981125798970e-05 1.089897160840253853e-05 1.568880914206849907e-03 -2.575997485641410098e-05 9.999999976356274134e-01 -6.375867727069277032e-05 3.204051033591464540e-03 -1.090061404886607976e-05 6.375839648851580165e-05 9.999999979080217427e-01 -7.364690356631481416e-03
9.999998509682691550e-01 3.829637908838755874e-04 -3.891043232930126205e-04 -9.192628994453127048e-03 -3.831559710594271365e-04 9.999998046026555842e-01 -4.939495445210142534e-04 9.331704744721829037e-03 3.889150824729859998e-04 4.940985585516935018e-04 9.999998023058169760e-01 7.700184534851838708e-03
9.999972255931607323e-01 1.540273577040896229e-04 -2.350549202688426327e-03 -5.914628688046858970e-03 -1.555763030853798349e-04 9.999997708872359059e-01 -6.588030734236292787e-04 1.323700979197091170e-02 2.350447190450954786e-03 6.591669353910511661e-04 9.999970204440392640e-01 -6.547123646196743862e-03
9.999952351148062579e-01 2.538755851887460166e-04 -3.076571934896935208e-03 5.822231850253805491e-03 -2.552161389546062889e-04 9.999998726697458817e-01 -4.353449373665188213e-04 2.460522992897376873e-03 3.076461019705515818e-03 4.361280538083130392e-04 9.999951725783055023e-01 -4.236734095268583633e-03
9.999934024089948137e-01 2.338589072037143958e-04 -3.624975654208246502e-03 3.943924796360699300e-03 -2.357389391690260891e-04 9.999998379404849702e-01 -5.182143921676712981e-04 1.519243344150436950e-02 3.624853877695000809e-03 5.190655211162954925e-04 9.999932954801997731e-01 -1.143085928069039088e-02
9.999949980889379919e-01 1.651677852852540863e-05 -3.162834851980405714e-03 2.158792011191705204e-02 -1.560806621124831368e-05 9.999999585978054384e-01 2.873339096526701057e-04 3.402470978726632178e-03 3.162839466862651158e-03 -2.872831066982239803e-04 9.999949569447454945e-01 -9.587975796260543929e-03
9.999964083142858229e-01 2.146141733597770431e-04 -2.671572436723451769e-03 4.544690332009820866e-02 -2.129057894402387882e-04 9.999997727047574836e-01 6.397355377480180979e-04 1.176156738732518983e-02 2.671709125801349349e-03 -6.391644467803389703e-04 9.999962267124596904e-01 -4.002180470974235453e-03
9.999962767941320552e-01 1.717741998124045226e-04 -2.723397051076147449e-03 7.133317155422454203e-02 -1.705441290407622732e-04 9.999998833534290421e-01 4.518936029495082248e-04 1.537857013686584791e-02 2.723474357063267008e-03 -4.514274610784860600e-04 9.999961894430767773e-01 -3.694579304694936735e-03
9.999939997615140408e-01 -1.514683005608831012e-04 -3.460852253865337978e-03 9.752144112916837082e-02 1.498253786292010135e-04 9.999998759777635193e-01 -4.749703291759472027e-04 7.653243655231935227e-03 3.460923767591278163e-03 4.744489557413832602e-04 9.999938984338171410e-01 -1.151291931746803270e-02
9.999944407291486703e-01 2.955983915192256749e-04 -3.321314858320960437e-03 1.277781640969659904e-01 -2.972469096753743408e-04 9.999998328823750393e-01 -4.958623768063319219e-04 2.423651411931127680e-02 3.321167727149710539e-03 4.968468707507690211e-04 9.999943614781611201e-01 -2.243370544706684011e-03
9.999934196401020214e-01 -3.538623211284481953e-04 -3.610465060419066220e-03 1.534287292805785463e-01 3.527014709841622304e-04 9.999998859087914083e-01 -3.221553608350691484e-04 6.090068442951845906e-04 3.610578647140493241e-03 3.208798245991050782e-04 9.999934303574053995e-01 -1.929277943292288973e-03
9.999877853011277518e-01 2.760719179136051173e-05 -4.942518223388443939e-03 1.947234595018856318e-01 -2.964046706196366352e-05 9.999999149720607550e-01 -4.113116991630380451e-04 2.358042297011780919e-02 4.942506447975341007e-03 4.114531736630936635e-04 9.999877010925172227e-01 -1.478374227639458506e-02
9.999839276344244521e-01 -1.763079862360425714e-04 -5.666867593666468327e-03 2.469457455907377863e-01 1.727793178522069506e-04 9.999997909046794975e-01 -6.231676376148280070e-04 1.987940623947099736e-02 5.666976278182247855e-03 6.221785043195490446e-04 9.999837490048382183e-01 -9.437905068001479353e-03
9.999798746341136413e-01 -4.251389806029170983e-04 -6.330053995786016560e-03 3.012642046433129384e-01 4.191254124966347868e-04 9.999994596819929971e-01 -9.512989071377819360e-04 1.655480177111365303e-02 6.330455009791485788e-03 9.486266754070986785e-04 9.999795125135313434e-01 -8.531133457721873196e-04
9.999733777637127563e-01 -3.785553130839599992e-04 -7.287006223817551684e-03 3.667186720630662422e-01 3.744274245018966722e-04 9.999997686874770864e-01 -5.678284038405178149e-04 2.419835074589251483e-02 7.287219492700950513e-03 5.650848320058668569e-04 9.999732881988387945e-01 -6.822003041298905363e-03
9.999712225253305498e-01 -6.604035300783402162e-04 -7.557644366691113752e-03 4.477262202553281556e-01 6.568324480654461712e-04 9.999996714801807629e-01 -4.749849109338045343e-04 2.406895881753016303e-02 7.557955565567067019e-03 4.700071360165799855e-04 9.999713277894326513e-01 -9.262564252557102876e-03
9.999683261971352710e-01 -1.032976750761067149e-03 -7.891740082647915808e-03 5.271369474916925979e-01 1.029640196029642241e-03 9.999993788233171310e-01 -4.268419455869696343e-04 2.401737291704247532e-02 7.892176098289032174e-03 4.187027730736181592e-04 9.999687686345115623e-01 -1.553595944383081261e-02
9.999692013315718553e-01 -1.461079200286970279e-03 -7.711137132022804867e-03 6.296990717498049950e-01 1.460736584785996776e-03 9.999989318705861940e-01 -5.006312485827523352e-05 3.141507036620393156e-02 7.711202041720851934e-03 3.879764286164476457e-05 9.999702674868962138e-01 -5.730228918048179548e-03
9.999657909352355212e-01 -1.887035666582096826e-03 -8.053325751626873655e-03 7.334621365176243746e-01 1.885821169575029564e-03 9.999982092927042210e-01 -1.583979211070571456e-04 2.261816736308247880e-02 8.053610233004335553e-03 1.432053702744137322e-04 9.999675589010059706e-01 -1.396410559324571914e-02
9.999648343038310960e-01 -2.084709401324016248e-03 -8.123062379646932285e-03 8.535298895984483325e-01 2.081268868462006136e-03 9.999977408533994305e-01 -4.319814747846076894e-04 3.556960489527434544e-02 8.123944584299852556e-03 4.150600070079807575e-04 9.999669140774517517e-01 -1.563523202073979768e-02
9.999649786510600435e-01 -2.682517781735879302e-03 -7.927519772013513072e-03 9.764968200561277012e-01 2.680664256944863526e-03 9.999963771411295443e-01 -2.444253614918873055e-04 3.494680470848909870e-02 7.928146727106694797e-03 2.231657824869524257e-04 9.999685468486031459e-01 -1.989017967452499230e-02
9.999710137323524206e-01 -2.721649956191821498e-03 -7.110859062554045901e-03 1.116596300785683171e+00 2.722274207780064209e-03 9.999962915540305808e-01 7.811097173634355456e-05 5.507062230976965400e-02 7.110620101594612719e-03 -9.746641581196057922e-05 9.999747144713553304e-01 -1.333290981261821100e-02
9.999699369933818804e-01 -3.136876364569129473e-03 -7.091199907301088713e-03 1.250741379489327398e+00 3.134355215922877795e-03 9.999950206921323081e-01 -3.666174058938175429e-04 6.800201721407744815e-02 7.092314631508987201e-03 3.443800448557168305e-04 9.999747899200021051e-01 -1.304896634555418461e-02
9.999656625488264616e-01 -3.666294204462436195e-03 -7.431824143021302335e-03 1.404109295718501738e+00 3.667677317251299279e-03 9.999932591730645859e-01 1.724863140083730839e-04 6.710993123029163065e-02 7.431141660807541981e-03 -1.997379241031475351e-04 9.999723687374459935e-01 -2.232247481888586724e-02
9.999706183761203349e-01 -3.885341915711759513e-03 -6.608063458943561064e-03 1.561324144428256844e+00 3.886221301513648717e-03 9.999924413843013227e-01 1.202425068450307266e-04 7.007854434388202658e-02 6.607546327879467232e-03 -1.459193709008206868e-04 9.999781592810225161e-01 -1.941764327611586460e-02
9.999720629923141146e-01 -4.515183407917465301e-03 -5.957042360792608529e-03 1.745118140334679158e+00 4.517506835802746583e-03 9.999897250872112897e-01 3.766324363575424472e-04 8.474775971452121193e-02 5.955280588174348064e-03 -4.035328939603203321e-04 9.999821857384858514e-01 -1.391078375730270267e-02
9.999695997103692502e-01 -5.133920715650805260e-03 -5.868774418001857299e-03 1.927384042317066948e+00 5.145769183390020741e-03 9.999847492260933723e-01 2.005585884107534411e-03 9.225511007188015589e-02 5.858388395732662748e-03 -2.035724272260199669e-03 9.999807673710989775e-01 -7.498894357344470726e-03
9.999659617262499633e-01 -5.444558309333950331e-03 -6.199368815631528702e-03 2.142960645149433407e+00 5.464616808748336794e-03 9.999798741325651719e-01 3.223242614619555631e-03 1.175398300332866908e-01 6.181694915596139435e-03 -3.257010076038606688e-03 9.999755889687182986e-01 -1.946983043294459037e-02
9.999660571716301183e-01 -5.990339913033348486e-03 -5.656883625321285775e-03 2.342747410258076535e+00 6.019094147134998636e-03 9.999689826812789839e-01 5.079781591365009272e-03 1.318901189725276146e-01 5.626278545542665044e-03 -5.113658484330492471e-03 9.999710973256344948e-01 -1.452731788984152478e-02
9.999609990231398404e-01 -6.743606447525235699e-03 -5.702999625203737134e-03 2.576520615650106372e+00 6.773297268047237356e-03 9.999635250242903117e-01 5.202986172788526265e-03 1.323221807816966911e-01 5.667704717329733778e-03 -5.241411363026264938e-03 9.999702019211176296e-01 -1.748863637002193855e-02
9.999604291457749872e-01 -7.244753090729337715e-03 -5.162721690346737564e-03 2.804421176519411585e+00 7.275908726210128692e-03 9.999552783861451744e-01 6.041719945072863800e-03 1.434111434172092581e-01 5.118720035855474186e-03 -6.079044360851436866e-03 9.999684214638246971e-01 -1.646311727484915319e-02
9.999576499343237890e-01 -7.767988294755866392e-03 -4.935250315522133127e-03 3.045668898503444133e+00 7.799796175383182269e-03 9.999487221085046063e-01 6.458818250350501465e-03 1.571814683072856045e-01 4.884825221725272448e-03 -6.497038665508977039e-03 9.999669629398423298e-01 -1.798084629442810167e-02
9.999558411898077370e-01 -8.517592328372423915e-03 -3.970678948442826067e-03 3.299841166271110904e+00 8.543565159233389855e-03 9.999419147402895947e-01 6.570741198168867335e-03 1.661463491842944951e-01 3.914481415703635614e-03 -6.604374796377892980e-03 9.999705291001306229e-01 -1.500294511633488634e-02
9.999438908515285718e-01 -9.186416579374924105e-03 -5.274931197324174426e-03 3.576205747654329858e+00 9.212646172528522401e-03 9.999452120233587316e-01 4.969919723683733324e-03 1.708892946730699303e-01 5.228986441569140331e-03 -5.018236940425445554e-03 9.999737371545333042e-01 -2.578267183759076764e-02
9.999196301779289531e-01 -9.868142127850287534e-03 -7.959457002734742631e-03 3.843467077041727631e+00 9.906555998056633047e-03 9.999394020391834115e-01 4.801291261490456957e-03 1.710516751723138718e-01 7.911594851305575604e-03 -4.879756189077774989e-03 9.999567963899460565e-01 -1.801377141184042074e-02
9.998775751835301540e-01 -1.045745807354514501e-02 -1.163942506072111749e-02 4.123809504570607132e+00 1.048595353313373085e-02 9.999421650159355801e-01 2.389853916985000028e-03 1.932864803702761813e-01 1.161376009761944106e-02 -2.511611809896937240e-03 9.999294036993368051e-01 -1.575247630302204632e-02
9.998195744491589210e-01 -1.074093694066940823e-02 -1.566687020241614228e-02 4.421641064645038810e+00 1.071700412225272576e-02 9.999412739029146513e-01 -1.610766295832980963e-03 2.087326288201326041e-01 1.568325128748531208e-02 1.442573759894687051e-03 9.998759696132319963e-01 -2.013149419547230479e-02
9.997792259294003836e-01 -1.072335359082381492e-02 -1.806956246772764216e-02 4.712252827551761669e+00 1.065433492085654174e-02 9.999355903473640117e-01 -3.911560310529827236e-03 2.144522888650702008e-01 1.811034365778745395e-02 3.718177569033166534e-03 9.998290806973769707e-01 -1.962462584278884536e-02
9.997439562616993181e-01 -1.174993001562131371e-02 -1.933807288313335246e-02 5.025467034605501482e+00 1.161688513313965075e-02 9.999081737884190080e-01 -6.977963235239375075e-03 2.101858437392362111e-01 1.941828772082685936e-02 6.751528400067256797e-03 9.997886511489587624e-01 -1.655353047073927775e-02
9.997261042532586961e-01 -1.195441907940923698e-02 -2.011984938006165444e-02 5.338281030140125338e+00 1.176406332515038747e-02 9.998851668161319317e-01 -9.553009743417557875e-03 2.211970524519726589e-01 2.023173963564088920e-02 9.313702032480723064e-03 9.997519350647768865e-01 -1.879655174024909975e-02
9.997302681552294734e-01 -1.196302523211130973e-02 -1.990670644704430059e-02 5.667264135343842213e+00 1.171969044253796076e-02 9.998557200178485038e-01 -1.229585310260753947e-02 2.469034358626568115e-01 2.005092990871025493e-02 1.205923608217731105e-02 9.997262300424603065e-01 -7.601327905695603321e-03
9.997054079764282619e-01 -1.272465214969535977e-02 -2.066834512853628000e-02 5.993737770222823613e+00 1.247411630585974068e-02 9.998476964724420935e-01 -1.220574787300112568e-02 2.619922972717245724e-01 2.082051116257524134e-02 1.194433281605300143e-02 9.997118781071416826e-01 -5.858147968851677018e-03
9.997307452661473581e-01 -1.327195625464227223e-02 -1.903397348870044734e-02 6.335674464211697554e+00 1.310499545429619390e-02 9.998747850331501930e-01 -8.869799831707957105e-03 2.715713070756216596e-01 1.914930974569490144e-02 8.617971460068329231e-03 9.997794929404067998e-01 -1.917587603082782088e-02
9.998396885376770182e-01 -1.415883452420978530e-02 -1.096013821979207811e-02 6.697029547827421325e+00 1.410996470221929575e-02 9.998902177109358913e-01 -4.523430344258800445e-03 3.030055188997674565e-01 1.102298149245600073e-02 4.368058023112885921e-03 9.999297045033334053e-01 -1.023542224553411484e-02
9.998697601244148636e-01 -1.613424518463752247e-02 3.859029245260133965e-04 7.065738672611594495e+00 1.613501666074146704e-02 9.998676432627123800e-01 -2.087389189156711820e-03 3.235189498724695967e-01 -3.521733987003972458e-04 2.093343877965074453e-03 9.999977469401147845e-01 -2.132406070440018286e-02
9.997580312227015709e-01 -1.751566175369173931e-02 1.330716344823393640e-02 7.426785215980684640e+00 1.754029822192608098e-02 9.998446484734967443e-01 -1.736910243959650805e-03 3.637109931539133090e-01 -1.327467302774910582e-02 1.969901581281580192e-03 9.999099472171313341e-01 -3.188481347890312345e-02
9.995781868871702613e-01 -1.946254888376038744e-02 2.155591543647927474e-02 7.796282618793277663e+00 1.956766892006370911e-02 9.997975980401176965e-01 -4.676460867586665175e-03 3.694990915567050171e-01 -2.146053662870947218e-02 5.096287291600999116e-03 9.997567070159866232e-01 -3.731096912482909089e-02
9.995495392656525979e-01 -2.064934050971801299e-02 2.177896439997390604e-02 8.176819113257593585e+00 2.083984818480813517e-02 9.997462077467611508e-01 -8.556916711300880524e-03 3.777646257327642032e-01 -2.159674238064068080e-02 9.006932468033156114e-03 9.997261904571973501e-01 -3.953296159097141604e-02
9.995850747775503198e-01 -2.159859002863672231e-02 1.905726084026796580e-02 8.553239479480851060e+00 2.177396698843346926e-02 9.997220150834492669e-01 -9.043612059032929071e-03 4.082096905677361498e-01 -1.885663393996250825e-02 9.454811804713547999e-03 9.997774921902331524e-01 -3.802562283240886604e-02
9.995535759805579401e-01 -2.344736481355636643e-02 1.851674452432046022e-02 8.945753691241156602e+00 2.357125206876995588e-02 9.997010227727005649e-01 -6.500857107095649699e-03 4.134047746522116484e-01 -1.835878047119309311e-02 6.934417821011854867e-03 9.998074159702428076e-01 -3.472838996102751291e-02
9.995412085619496123e-01 -2.479317551597969016e-02 1.739743758003054266e-02 9.341094603155196907e+00 2.485524992494687196e-02 9.996854110367421331e-01 -3.360879567665209754e-03 4.518595841231545784e-01 -1.730863766116970057e-02 3.791755284000567806e-03 9.998430045032973279e-01 -3.838631454565130663e-02
9.995858729111383179e-01 -2.585253647270943644e-02 1.263839524642594407e-02 9.731761700168862106e+00 2.586596842002061164e-02 9.996650143163726687e-01 -9.004607381487666736e-04 4.831103239280650219e-01 -1.261088237087913504e-02 1.226992165288434949e-03 9.999197268461375021e-01 -5.544797804079695802e-02
9.996246299239046618e-01 -2.696397772328967130e-02 4.852128897157786253e-03 1.015640202444192397e+01 2.695235181454933709e-02 9.996337275630233776e-01 2.445700333221953807e-03 5.017996326794846862e-01 -4.916297505384938787e-03 -2.314006005416028265e-03 9.999852375885582845e-01 -7.625220326425419248e-02
9.996073476153599646e-01 -2.801922689057717575e-02 -2.711417328233388206e-04 1.056570303167085356e+01 2.801993559262232897e-02 9.996025222453488457e-01 3.111387170081855464e-03 5.272618751852374830e-01 1.838552969532296594e-04 -3.117762850380166508e-03 9.999951228641260625e-01 -9.304246118441718283e-02
9.995808554034207871e-01 -2.892661919298604792e-02 -1.167995303751963266e-03 1.101174122674544087e+01 2.892841860145716967e-02 9.995802773434001587e-01 1.554266164462711356e-03 5.743688538994898840e-01 1.122545404196220514e-03 -1.587402959269703729e-03 9.999981100200442397e-01 -9.947884409556188856e-02
9.995449606559854150e-01 -3.015918241213757026e-02 -5.434551094782381951e-04 1.148237009861475855e+01 3.016032157298067715e-02 9.995425941987989837e-01 2.226518571557980445e-03 5.751985108162975813e-01 4.760565502148413910e-04 -2.241896198870085063e-03 9.999973736323483076e-01 -9.346784456121431939e-02
9.995298416801009500e-01 -3.066070581192332709e-02 1.292674241778249931e-04 1.194247231752841643e+01 3.065964853467368842e-02 9.995168742274900264e-01 5.099420186477502184e-03 6.358622148910584304e-01 -2.855567939026286027e-04 -5.093059357857894834e-03 9.999869895172111001e-01 -9.648782274652731306e-02
9.994899797405244479e-01 -3.193347957789789693e-02 1.824289836537004261e-04 1.242173937274076323e+01 3.193193173415365127e-02 9.994739441212948661e-01 5.673337496396023763e-03 6.668866621359458291e-01 -3.635024228940879972e-04 -5.664618669481659083e-03 9.999838898508904839e-01 -9.723555926681762274e-02
9.994538508875133731e-01 -3.302316090158580186e-02 -1.212761389658400515e-03 1.291592166877442871e+01 3.302861420181436858e-02 9.994429194719354204e-01 4.791801469402525576e-03 6.742467656940182019e-01 1.053845352970498401e-03 -4.829240259340682878e-03 9.999877838496276095e-01 -1.003682094555689158e-01
9.994264059962705282e-01 -3.369795775715159897e-02 -3.362534813943932575e-03 1.341795582957402466e+01 3.370858060257152927e-02 9.994267271536243502e-01 3.154147231001551595e-03 7.262726125666196797e-01 3.254318843889978698e-03 -3.265684306867751296e-03 9.999893723009610769e-01 -1.064398743241479484e-01
9.993828418488188703e-01 -3.485361264008471349e-02 -4.377339844436258821e-03 1.392223393347443050e+01 3.486955703525945749e-02 9.993853138702680772e-01 3.620554182789912333e-03 7.446645380366772038e-01 4.248459761319362156e-03 -3.770955629632494026e-03 9.999838651114806298e-01 -1.097597901766862866e-01
9.993658464072725511e-01 -3.526592170558925932e-02 -4.921361694798542449e-03 1.446662655191184044e+01 3.528843900427026947e-02 9.993667377467013724e-01 4.566131640435603170e-03 8.326833361900508601e-01 4.757216341273380958e-03 -4.736903183635805120e-03 9.999774650665439468e-01 -1.178410441417142990e-01
9.993118117433239522e-01 -3.672355623543819420e-02 -5.223344493524899323e-03 1.500737695130082905e+01 3.675079775426681045e-02 9.993108349684929337e-01 5.218618495199132956e-03 8.477176972527222798e-01 5.028098517372703649e-03 -5.406989180317060828e-03 9.999727409751245633e-01 -1.207179127742023517e-01
9.992547993659957051e-01 -3.851580664213530292e-02 -2.525585621053126791e-03 1.557202971221889953e+01 3.852998391252596133e-02 9.992404481292654905e-01 5.828135390083104619e-03 8.641513760683541268e-01 2.299191972001329159e-03 -5.921103033244235966e-03 9.999798269240962600e-01 -1.192902263991748174e-01
9.992180093467956103e-01 -3.953946574656935081e-02 2.110694291156388911e-05 1.613829778356755895e+01 3.953906633127941134e-02 9.992100470988481975e-01 3.992995162559213537e-03 9.124819494668544584e-01 -1.789711648770035614e-04 -3.989038128847970793e-03 9.999920277402859492e-01 -1.193845379374018217e-01
9.991738414016756442e-01 -4.061986736721326374e-02 1.288810959389663242e-03 1.670989849992999865e+01 4.061766310132651492e-02 9.991733283663837284e-01 1.692727216602651604e-03 9.458950171885621705e-01 -1.356503890955713942e-03 -1.638980266108251054e-03 9.999977368178796233e-01 -1.376475599231162250e-01
9.991440740627662853e-01 -4.132784332551717871e-02 1.768793746844051504e-03 1.729313180512993142e+01 4.132647148677415921e-02 9.991453719764907815e-01 8.052405930597107513e-04 9.878579879498339267e-01 -1.800560943209509072e-03 -7.314533624054623748e-04 9.999981114763509815e-01 -1.456189811372229082e-01
9.990957707536233245e-01 -4.248802308601636740e-02 1.552016902469679311e-03 1.787789301576398060e+01 4.248366732139850083e-02 9.990934062993136466e-01 2.739251751736641090e-03 1.032008109961735753e+00 -1.666995245388738734e-03 -2.670839470427823371e-03 9.999950438594058522e-01 -1.488374219521938491e-01
9.990440629899521863e-01 -4.368781419672550237e-02 1.528101842441563366e-03 1.846337123065082508e+01 4.368113564212020017e-02 9.990368608818319673e-01 4.160407238464432743e-03 1.095137309088183741e+00 -1.708389166197308998e-03 -4.089680927353649652e-03 9.999901779099479304e-01 -1.419828886754476160e-01
9.989765243949974005e-01 -4.515527060885581728e-02 2.627783083178013377e-03 1.903692732684250899e+01 4.514184622128025043e-02 9.989682663651628935e-01 4.961503312033791954e-03 1.151280333278738466e+00 -2.849109935667662550e-03 -4.837802354586081405e-03 9.999842389962716460e-01 -1.517233795227103110e-01
9.988914317901407269e-01 -4.699245694656477290e-02 2.759798247676430519e-03 1.963336487863489666e+01 4.698615005025159885e-02 9.988928760951318875e-01 2.307333926999413382e-03 1.178087283005091690e+00 -2.865170099289683463e-03 -2.175103795384665962e-03 9.999935298409592388e-01 -1.665469845230016510e-01
9.988350830790658774e-01 -4.820377805600176147e-02 2.207394745664380178e-03 2.022024652043736026e+01 4.820303965472480523e-02 9.988374830576332020e-01 3.865321944302714486e-04 1.215132860347122978e+00 -2.223460923985870041e-03 -2.796787800776025582e-04 9.999974889974971859e-01 -1.680288415911579403e-01
9.988098811070251770e-01 -4.875172131941944709e-02 1.446053720935250612e-03 2.082340176528787623e+01 4.875392179622500821e-02 9.988096522871261485e-01 -1.527614990031885304e-03 1.279192761786985599e+00 -1.369858553918440252e-03 1.596297736594674355e-03 9.999977876580919967e-01 -1.745227719857989079e-01
9.987656613645782278e-01 -4.967038728449111457e-02 7.941023432719862291e-05 2.142910294468103416e+01 4.967044615820338099e-02 9.987636039690384049e-01 -2.027354242049411639e-03 1.323480359381806304e+00 2.138741853679147086e-05 2.028796142149323373e-03 9.999979417622777422e-01 -1.755158648814466593e-01
9.987363998835716572e-01 -5.023133158423134098e-02 -1.554630141673723088e-03 2.203826067040623826e+01 5.022913207335128610e-02 9.987367068084908039e-01 -1.422942194373401662e-03 1.377415512024420252e+00 1.624142469191195738e-03 1.343056441739578317e-03 9.999977791778510428e-01 -1.808156341173278447e-01
9.987016795602632335e-01 -5.088588869612312160e-02 -2.362535738378960647e-03 2.266100717997214176e+01 5.088394925204695052e-02 9.987041904153478589e-01 -8.739309696434669492e-04 1.428522330876457636e+00 2.403945095974458195e-03 7.525811785848375611e-04 9.999968273297397126e-01 -1.807098664166517932e-01
9.986615128538610664e-01 -5.161196012669964223e-02 -3.374657955624952091e-03 2.327167437376375503e+01 5.161210911434990084e-02 9.986672060027793618e-01 -4.298105013120482492e-05 1.473387276930445466e+00 3.372378568004597878e-03 -1.312496940812473410e-04 9.999943049019388575e-01 -1.849974197830721867e-01
9.986457409562493615e-01 -5.187783814475007554e-02 -3.920966637307108683e-03 2.389426447129622844e+01 5.187919814519715428e-02 9.986533374224271231e-01 2.458756986492038107e-04 1.515334661320777654e+00 3.902930918570485068e-03 -4.489593243582325156e-04 9.999922827531070313e-01 -1.857870959155243085e-01
9.986380783350928825e-01 -5.204743917016056709e-02 -3.612834762538954820e-03 2.453930376075605935e+01 5.204761749618473654e-02 9.986446032068854173e-01 -4.470719538302549758e-05 1.573286492796778457e+00 3.610264832919922885e-03 -1.433931341124908211e-04 9.999934726918197070e-01 -1.951461835581198012e-01
9.986687764155489644e-01 -5.152624012388535429e-02 -2.391984817253491220e-03 2.517818200626161840e+01 5.152608732541490849e-02 9.986716410183830162e-01 -1.255013296220217111e-04 1.633299622768464188e+00 2.395274014383571778e-03 2.084640717278917485e-06 9.999971313249105265e-01 -1.985718904889973713e-01
9.986755428122300327e-01 -5.145009223639235296e-02 2.195394369927200994e-04 2.584658302036502420e+01 5.144983508744216394e-02 9.986750289179342488e-01 1.049326087619554355e-03 1.680690823620906826e+00 -2.732364775814105054e-04 -1.036641032312026573e-03 9.999994253584336690e-01 -2.038629617875235833e-01
9.987062562531442422e-01 -5.076953952127683661e-02 2.875339567153088142e-03 2.650222773099670093e+01 5.076388238181334805e-02 9.987086654005208342e-01 2.007460942548861850e-03 1.730104712916425980e+00 -2.973544409344926285e-03 -1.858900402912648910e-03 9.999938512425652348e-01 -2.115257310718659522e-01
9.987089549372156760e-01 -5.059856618702874426e-02 4.495378519266478301e-03 2.717068189577155479e+01 5.059270546459233159e-02 9.987183764470507485e-01 1.408084067112315907e-03 1.780614984161684955e+00 -4.560864171143447915e-03 -1.178832805752381150e-03 9.999889043740577410e-01 -2.147876916630175603e-01
9.987479464025570408e-01 -4.986066838718449662e-02 4.056267330724064139e-03 2.786528560894458906e+01 4.985954529420872500e-02 9.987561680239082085e-01 3.775940326640001704e-04 1.846651809839401137e+00 -4.070049106562172343e-03 -1.748776199953746332e-04 9.999917020246158472e-01 -2.247540026104344335e-01
9.988125111996656313e-01 -4.867953109389693694e-02 1.967415435587272117e-03 2.853893825906455461e+01 4.867891585992930453e-02 9.988144141751208460e-01 3.594255306917141200e-04 1.915085662126576382e+00 -1.982579562032438757e-03 -2.632270664489844364e-04 9.999980000428959626e-01 -2.329027119566127735e-01
9.988548474727282356e-01 -4.784218975361951426e-02 -3.443251537366955549e-04 2.923743490527119704e+01 4.784267445874201136e-02 9.988536447017223319e-01 1.573202695227775196e-03 1.961319770263655338e+00 2.686649729063863147e-04 -1.587874574423605439e-03 9.999987032358933492e-01 -2.388365811163803420e-01
9.989002470904572162e-01 -4.676348077927016539e-02 -3.387215379976451623e-03 2.995732044057582399e+01 4.676942961088185330e-02 9.989042668966592320e-01 1.698831810567884336e-03 2.010746300282367560e+00 3.304060607235762264e-03 -1.855381646632093704e-03 9.999928203454507836e-01 -2.479889543260430096e-01
9.989514629357540976e-01 -4.547558712051953667e-02 -5.286366858312649061e-03 3.067998195128084760e+01 4.548874341840054847e-02 9.989619787961289132e-01 2.395650629224447756e-03 2.058109786158263788e+00 5.171935878522656432e-03 -2.633608886380042237e-03 9.999831574499152831e-01 -2.555298294445550455e-01
9.990607721201910651e-01 -4.298024716794310307e-02 -5.501996364054796175e-03 3.138977738169073106e+01 4.298521607017864732e-02 9.990753976754964683e-01 7.880094851327084163e-04 2.112876575734303319e+00 5.463040362985493829e-03 -1.023773867180950703e-03 9.999845534192322027e-01 -2.399047320791246607e-01
9.991854788641476581e-01 -4.015749128468750623e-02 -3.969221679886190957e-03 3.215099922431532065e+01 4.017128713288204561e-02 9.991868198063693640e-01 3.459308503378860644e-03 2.156768777962922101e+00 3.827076836356495780e-03 -3.615939567284193884e-03 9.999861391359053941e-01 -2.642800839014456948e-01
9.993058910952204998e-01 -3.724354527012175425e-02 8.089240382105749314e-04 3.287436080978876873e+01 3.723937745236146485e-02 9.992954673384266684e-01 4.668803255232691768e-03 2.207650100922012637e+00 -9.822369101984743632e-04 -4.635438769729358782e-03 9.999887738960194783e-01 -2.553552922811985759e-01
9.993830636796626754e-01 -3.478785765008359648e-02 4.826695595207652033e-03 3.360167571908166906e+01 3.476321459619013260e-02 9.993825696386570145e-01 5.098863929752050009e-03 2.265770460003186493e+00 -5.001093999367570327e-03 -4.927926800634639323e-03 9.999753519943664903e-01 -2.561740457842037744e-01
9.994682380567888602e-01 -3.214544725983516787e-02 5.469125718366438411e-03 3.434476551156842561e+01 3.213909779744423406e-02 9.994826304225655766e-01 1.244940301999254099e-03 2.301311012638123987e+00 -5.506315321924150873e-03 -1.068505523795984860e-03 9.999842692700326996e-01 -2.621619105736049393e-01
9.995749460471976544e-01 -2.881635804695455508e-02 4.420943751251077934e-03 3.507813839641745801e+01 2.881587794493713564e-02 9.995847215227204874e-01 1.722689981497492668e-04 2.326785731778371336e+00 -4.424071993592993378e-03 -4.480239899365679433e-05 9.999902127419750819e-01 -2.720595255620041342e-01
9.996750531027963627e-01 -2.528183633680321923e-02 3.258366977555561192e-03 3.581185548598299562e+01 2.527915939865686690e-02 9.996800609428285744e-01 8.601473360774871454e-04 2.379097848053661313e+00 -3.279070602873091975e-03 -7.774990556645440098e-04 9.999943215794776519e-01 -2.742999622991423303e-01
9.997653437177298485e-01 -2.160167356303867650e-02 1.620246970477617204e-03 3.653899605462240174e+01 2.159781378863942156e-02 9.997639473845025826e-01 2.363038236853043719e-03 2.427811157986357493e+00 -1.670910087551962051e-03 -2.327489942725538552e-03 9.999958954165990566e-01 -2.781248001830831651e-01
9.998225891480836403e-01 -1.883011568104917335e-02 -4.658032423439069716e-04 3.723931009400435244e+01 1.883189146734047872e-02 9.998140175740560798e-01 4.158139750831760413e-03 2.448857054684419499e+00 3.874183586007523333e-04 -4.166174007821133417e-03 9.999912464122633349e-01 -2.786687291481366180e-01
9.998779582810443101e-01 -1.556536389346573242e-02 -1.337157654955213170e-03 3.797224523274154961e+01 1.557334755368782082e-02 9.998596077094461521e-01 6.183503625327250834e-03 2.474946479350977224e+00 1.240721444264419274e-03 -6.203573000810339196e-03 9.999799879459195795e-01 -2.919794179024436387e-01
9.999262086541516048e-01 -1.191255364095315100e-02 -2.380821766862757736e-03 3.870834320647254145e+01 1.192392403542923141e-02 9.999172899124187941e-01 4.820100600722871526e-03 2.494930845508902539e+00 2.323205141925003495e-03 -4.848133656902387650e-03 9.999855490545417336e-01 -2.964343054682690437e-01
9.999563365329507958e-01 -7.692817494306274963e-03 -5.305241427061831681e-03 3.940835340433736889e+01 7.713279508589291310e-03 9.999628510015250438e-01 3.847328439870859040e-03 2.516422517527789005e+00 5.275447547127567159e-03 -3.888081262159772018e-03 9.999785260080720217e-01 -2.917560177393637710e-01
9.999641623675979973e-01 -2.465949144783360046e-03 -8.098955197030946809e-03 4.012847107900946497e+01 2.511898439819634093e-03 9.999807806333508298e-01 5.668221073866148638e-03 2.539452923163866949e+00 8.084821995331998093e-03 -5.688361691166521003e-03 9.999511379035348480e-01 -2.955702329690120811e-01
9.999690983731724936e-01 2.775253148049060085e-03 -7.355288485760557403e-03 4.082972404814131551e+01 -2.712394021325582709e-03 9.999598347498518391e-01 8.542353640656865157e-03 2.556511105635260073e+00 7.378700252591596266e-03 -8.522139227518531548e-03 9.999364619442423496e-01 -2.957640341854567145e-01
9.999560177749140522e-01 7.221017084997448897e-03 -5.984933415990674639e-03 4.153826455999979572e+01 -7.163454328675469308e-03 9.999284113270706653e-01 9.584213217657984799e-03 2.556954521629954957e+00 6.053712729940819749e-03 -9.540918885449360329e-03 9.999361596767089022e-01 -2.951278956749350257e-01
9.999063208408535131e-01 1.266708005133193246e-02 -5.186002842382664811e-03 4.224372486872101007e+01 -1.261393873376499830e-02 9.998688772309418660e-01 1.015464891350325097e-02 2.581707148447983879e+00 5.313952590010144299e-03 -1.008828171240466059e-02 9.999349921269693464e-01 -2.921986063595984340e-01
9.998226814662082296e-01 1.841124467095804282e-02 -3.953693891450232520e-03 4.295142408195195571e+01 -1.836620565186367418e-02 9.997692556728463575e-01 1.114082139324640980e-02 2.595306611765066496e+00 4.157897987519981395e-03 -1.106623156403683042e-02 9.999301227602339637e-01 -2.882886713482439855e-01
9.997010814968487757e-01 2.436163715128973617e-02 -2.063562293686351402e-03 4.365243294432486465e+01 -2.433536005820374770e-02 9.996327452437245853e-01 1.192329179935219460e-02 2.587418626341556838e+00 2.353275349083890858e-03 -1.186951017539550693e-02 9.999267857314991792e-01 -3.025140244067089368e-01
9.995347939306629126e-01 3.042279960793359966e-02 2.156150737470891553e-03 4.435286135692954446e+01 -3.044528156062224072e-02 9.994725559959426464e-01 1.130020538006684325e-02 2.576201193367659403e+00 -1.811229604886301775e-03 -1.136059307222872516e-02 9.999338259966834563e-01 -3.030211167065332001e-01
9.993073004733914466e-01 3.668484434147066542e-02 6.256310112591192615e-03 4.505274568055097717e+01 -3.675001858041676561e-02 9.992678282456209926e-01 1.064159610298294652e-02 2.568238904452061266e+00 -5.861344122457387215e-03 -1.086414418728262783e-02 9.999238046052089102e-01 -3.158271598194435370e-01
9.990391212520973729e-01 4.288174479256309790e-02 9.054842427257603008e-03 4.574387023505256167e+01 -4.296084964649841964e-02 9.990386122890092535e-01 8.730209235846008581e-03 2.544565779358486157e+00 -8.671770608585852372e-03 -9.110824287416691147e-03 9.999208935087394723e-01 -3.180643727307792545e-01
9.987526269849588134e-01 4.904669615698161594e-02 9.360111469873016316e-03 4.643819587028130513e+01 -4.912436109883366181e-02 9.987585466329655937e-01 8.256068933682834260e-03 2.536784637142039056e+00 -8.943558423531488416e-03 -8.705580031856015311e-03 9.999221097860742091e-01 -3.248804399616200822e-01
9.984793635521614918e-01 5.446140700967348758e-02 8.539069445628025626e-03 4.712398611042060992e+01 -5.452986888884009398e-02 9.984800861353544388e-01 8.000686851828761950e-03 2.511057934561144567e+00 -8.090362132592053904e-03 -8.454155053096925818e-03 9.999315343076753404e-01 -3.289756805304676068e-01
9.981848433347962901e-01 5.984858266796592996e-02 6.720542338516597922e-03 4.780116907834104722e+01 -5.989680899942050052e-02 9.981784648523485126e-01 7.219735223389378738e-03 2.487742701610296869e+00 -6.276209714077865889e-03 -7.609169313700284328e-03 9.999513536837580929e-01 -3.389251788025846035e-01
9.978703618163706768e-01 6.503559438398262560e-02 5.011234537275584093e-03 4.849924460924972180e+01 -6.507518028515604791e-02 9.978467634760345151e-01 8.188866298660472595e-03 2.443693761248814322e+00 -4.467876376975417861e-03 -8.497533967274617864e-03 9.999539139366149243e-01 -3.446501815077364084e-01
9.975052431458556468e-01 7.040776959444570993e-02 5.102536355862361678e-03 4.918033602987815556e+01 -7.044834658107372583e-02 9.974811934689272741e-01 8.264329361620663048e-03 2.428165007260518315e+00 -4.507811056418580334e-03 -8.603177118941174664e-03 9.999528313790304601e-01 -3.479738035353583392e-01
9.971145691437158787e-01 7.554078731318118745e-02 7.491692295235836095e-03 4.987701763893724660e+01 -7.560574327680093243e-02 9.970989306841289146e-01 8.803068336046502088e-03 2.397127510954474072e+00 -6.804967663717491864e-03 -9.344082655422083009e-03 9.999331880352928525e-01 -3.594671212079402767e-01
9.967166798680179296e-01 8.053048368267312629e-02 8.408404766058778443e-03 5.057694446036796876e+01 -8.058520510757713473e-02 9.967272720368952621e-01 6.385130825496892343e-03 2.345534915615389959e+00 -7.866688670901384947e-03 -7.041759419612573720e-03 9.999442628635014652e-01 -3.670372780591020234e-01
9.963028298818408235e-01 8.552222550098036169e-02 8.162114603160047777e-03 5.125871826125796105e+01 -8.555058086676471663e-02 9.963287222524956910e-01 3.189879005288535300e-03 2.312562368519778033e+00 -7.859343661833759209e-03 -3.876359125351084341e-03 9.999616015413473891e-01 -3.733350364688319267e-01
9.959572631520536845e-01 8.965371270579264307e-02 5.598372329350218002e-03 5.195751497138874697e+01 -8.965607918371129581e-02 9.959727695315216955e-01 1.726763288262833391e-04 2.248227530775797511e+00 -5.560345319755889693e-03 -6.739063567290905438e-04 9.999843140820496856e-01 -3.816914916973107030e-01
