1.000000000000000000e+00 0.000000000000000000e+00 0.000000000000000000e+00 0.000000000000000000e+00 0.000000000000000000e+00 1.000000000000000000e+00 0.000000000000000000e+00 0.000000000000000000e+00 0.000000000000000000e+00 0.000000000000000000e+00 1.000000000000000000e+00 0.000000000000000000e+00
9.999999210722472220e-01 3.972360751776797040e-04 7.681133442547840586e-06 2.754426811501881674e-03 -3.972358552484903690e-04 9.999999206924898854e-01 -2.861274579415459238e-05 -3.539028643477413170e-05 -7.692498848215597511e-06 2.860969231420253800e-05 9.999999995611554837e-01 -6.484240410728266558e-04
9.999999928729048637e-01 -1.193790609143724604e-04 -1.682297430842496627e-06 1.011724873002389433e-03 1.193790326695021235e-04 9.999999927335462280e-01 -1.677957364187412088e-05 -1.261327372071399428e-04 1.684300548362070365e-06 1.677937269124454430e-05 9.999999998578078531e-01 -5.801395531451879889e-04
9.999999009760657254e-01 4.449679548882401448e-04 7.167842084309670153e-06 1.294312583527685526e-03 -4.449679818035401032e-04 9.999999009946969331e-01 3.753850404045304242e-06 -2.064660176725952295e-03 -7.166171031518047621e-06 -3.757039492550409938e-06 9.999999999672652962e-01 -4.060287365746119686e-04
9.999999866508708646e-01 -1.621017632183305746e-04 -2.052502186152756303e-05 1.560491179580237404e-03 1.621014828577634558e-04 9.999999867682515253e-01 -1.366037965281689127e-05 1.026944633852342262e-04 2.052723596157358875e-05 1.365705233398327720e-05 9.999999996960587945e-01 -4.139155963023305896e-04
9.999999942648837292e-01 -1.065466072426350880e-04 -1.086521579984669667e-05 -2.098155724792721485e-03 1.065465192040069967e-04 9.999999942910898776e-01 -8.103053024170102248e-06 -1.917327544986004162e-03 1.086607909062618964e-05 8.101895326774278402e-06 9.999999999081438107e-01 -7.465007805996135785e-04
9.999999981963404450e-01 -5.715810484559003180e-05 -1.844641415394716251e-05 -1.703804372062542836e-03 5.715765046029528778e-05 9.999999980631263385e-01 -2.463230391875378443e-05 -1.173312021701788076e-03 1.844782205402876224e-05 2.463124952063303581e-05 9.999999995264896580e-01 -1.434147028371918946e-04
9.999999889892509097e-01 1.472137789055697507e-04 -1.869762947310093330e-05 -2.432556871982225789e-03 -1.472136160500128028e-04 9.999999891261345253e-01 8.711035081610192158e-06 -1.360966239064739054e-03 1.869891165417797004e-05 -8.708282440048872907e-06 9.999999997872582869e-01 -4.535954885546352746e-04
9.999999299982668122e-01 3.741662737568394580e-04 -1.749608508179692636e-06 -3.441513121005979753e-04 -3.741662884271905465e-04 9.999999299645778716e-01 -8.392137608370611355e-06 -3.036789707290168516e-04 1.746468330787343619e-06 8.392791665428138811e-06 9.999999999632555037e-01 -1.276382030497423981e-04
9.999998781891374922e-01 4.932829383878088074e-04 1.713629976670253923e-05 1.683564532776228324e-03 -4.932824197651316687e-04 9.999998778785184061e-01 -3.025562098384735910e-05 2.156845631514059912e-04 -1.715122225561388559e-05 3.024716426296933266e-05 9.999999993954723498e-01 -2.112219474453438754e-04
9.999999993080525007e-01 3.562743826971503751e-05 -1.070423933287914894e-05 9.919428687932769009e-04 -3.562751343693710713e-05 9.999999993406852861e-01 -7.022083219049824464e-06 -1.771722692900466051e-04 1.070398914698527607e-05 7.022464579621576115e-06 9.999999999180547716e-01 -5.428933678651144765e-04
9.999999542606943237e-01 -3.022922663871398436e-04 -9.899241780420345565e-06 -1.270252311520641024e-03 3.022921432937944312e-04 9.999999542324298218e-01 -1.243375991521135318e-05 -1.561271483096840235e-04 9.902999956820584491e-06 1.243076688348502197e-05 9.999999998737033602e-01 -6.164031110894145366e-04
9.999998632181628100e-01 5.230030102268661951e-04 5.613110618235632568e-06 6.793049296514902698e-04 -5.230030036722245999e-04 9.999998632332363080e-01 -1.169142151531874930e-06 -4.203689996488401163e-04 -5.613721315413293272e-06 1.166206317901181956e-06 9.999999999835630371e-01 -1.660367383396116120e-04
9.999999388754829965e-01 -3.145865362265858663e-04 1.525920755028663614e-04 -2.454977996166778521e-03 3.145997299454966669e-04 9.999999467769019601e-01 -8.644768990057295690e-05 3.194113067099609449e-04 -1.525648721021127731e-04 8.649569004224470293e-05 9.999999846212276333e-01 8.542496943015439508e-04
9.999997461380661923e-01 4.319494712038481239e-04 5.666952068569633969e-04 -1.054051320304352952e-02 -4.316995017327729649e-04 9.999998095117201835e-01 -4.411485730050216172e-04 -4.463599649729547460e-04 -5.668856528010000418e-04 4.409038189757573042e-04 9.999997421222063254e-01 4.561988611250364020e-03
9.999998233539373338e-01 -2.907070515301532119e-04 5.184414184468598636e-04 -1.378392262514663465e-02 2.908681909091339409e-04 9.999999094098699359e-01 -3.107667090570752876e-04 -1.750526937038990099e-03 -5.183510294074806938e-04 3.109174522788357665e-04 9.999998173212574226e-01 3.026326447490849253e-03
9.999999662189297256e-01 1.557917799384184144e-04 2.080650398774195437e-04 -6.995382903672521871e-03 -1.557774197287340649e-04 9.999999854839676239e-01 -6.903231096508840865e-05 -3.199159993716258615e-03 -2.080757915237392141e-04 6.899989679805520397e-05 9.999999759717392855e-01 -8.999652211647431697e-04
9.999999646082498028e-01 6.440322439586568541e-05 -2.581389623464422139e-04 6.254886776062187903e-03 -6.442029121859979568e-05 9.999999957399389183e-01 -6.610709593701318508e-05 -1.273283170177293751e-03 2.581347037366206595e-04 6.612372298449657444e-05 9.999999644970634094e-01 -1.261614510325576814e-03
9.999999162537823727e-01 -2.768191192287232827e-04 -3.014359026401006473e-04 1.825621881538159325e-02 2.768171170531101544e-04 9.999999616638043376e-01 -6.683828270232865153e-06 -3.470083639032130055e-04 3.014377412956497498e-04 6.600385092942393685e-06 9.999999545458604366e-01 -1.420967764743792574e-03
9.999999939129843307e-01 1.311301347810252957e-05 -1.095540055070785731e-04 3.929708410506012328e-02 -1.312025794374348570e-05 9.999999977275768615e-01 -6.612643273537923783e-05 2.512504704784826459e-03 1.095531381413217996e-04 6.612786970967763332e-05 9.999999918126073473e-01 -2.794795112564603563e-04
9.999999917581305908e-01 1.252134800001971911e-04 2.837821816436421725e-05 5.726478624672957235e-02 -1.252118345435633421e-04 9.999999904803060780e-01 -5.797744628982603543e-05 1.549643921328702420e-03 -2.838547745202373842e-05 5.797389252322605695e-05 9.999999979166461772e-01 5.829294651679686398e-04
9.999999884410946116e-01 3.358984487481646330e-05 -1.482886808704915796e-04 8.037865316765943624e-02 -3.360028487810299029e-05 9.999999969573383218e-01 -7.040130807874427044e-05 5.142635718607344855e-04 1.482863156502819502e-04 7.040628980690365722e-05 9.999999865270613464e-01 7.480363667209654352e-04
9.999999546845667053e-01 -1.804504993720016444e-04 -2.409740274497668795e-04 1.046634341953872893e-01 1.804168480956931219e-04 9.999999739722353898e-01 -1.396613386480053255e-04 -1.189197248352724147e-03 2.409992231360536213e-04 1.396178565446858479e-04 9.999999612131135196e-01 1.247391408889213325e-03
9.999998975908760412e-01 -3.786197417912930650e-04 -2.479220209217374623e-04 1.396071296257884176e-01 3.785525821726829897e-04 9.999998916607056865e-01 -2.708810060639095171e-04 -2.697845088428219539e-04 2.480245549586127104e-04 2.707871268020255661e-04 9.999999325790738247e-01 2.342439729906833738e-03
9.999997463217386029e-01 -6.910096813873740657e-04 -1.728064774233850176e-04 1.717631387418314670e-01 6.909776811943244262e-04 9.999997441308224877e-01 -1.851705530068727882e-04 -1.957315484323807458e-03 1.729343878523693836e-04 1.850511006140634547e-04 9.999999679248933182e-01 2.437334138140167042e-03
9.999995564429352557e-01 -8.918968672917350522e-04 -3.027109361873233902e-04 2.123166718560907384e-01 8.918326266817888821e-04 9.999995797844475343e-01 -2.122863497531462921e-04 -5.255834099305377316e-03 3.029001465137937631e-04 2.120162881026908580e-04 9.999999316502951041e-01 3.055738068607827436e-03
9.999994793348054856e-01 -8.197991465322385617e-04 -6.076672422360605234e-04 2.572553560178019727e-01 8.196419375415364521e-04 9.999996305755306514e-01 -2.589129130729096295e-04 -4.319923254215553808e-03 6.078792743340753930e-04 2.584147087101605405e-04 9.999997818522893267e-01 3.322164379290920132e-03
9.999989155247394068e-01 -1.022068433313568945e-03 -1.060342144231614641e-03 3.158907281696641811e-01 1.021819950451084572e-03 9.999994503628364395e-01 -2.348574330480883464e-04 -5.901270989383273352e-03 1.060581601796813447e-03 2.337736995937324724e-04 9.999994102580878064e-01 3.145987884630121589e-03
9.999978554419387544e-01 -1.455009663980174174e-03 -1.473790487529979491e-03 3.940588610215092769e-01 1.454746274853681081e-03 9.999989256971322238e-01 -1.797716809350352293e-04 -3.011164287504519525e-03 1.474050473765702637e-03 1.776273041825786466e-04 9.999988978112633875e-01 3.023239562064760667e-03
9.999971312956036362e-01 -1.699124173807220342e-03 -1.688306134953041241e-03 4.742414515424924204e-01 1.698706062338486934e-03 9.999985261836815686e-01 -2.490545693362228243e-04 -3.373657637551822925e-03 1.688726821339265249e-03 2.461859190057568585e-04 9.999985437960478007e-01 3.840497832076108543e-03
9.999963003190095456e-01 -1.922178865441672834e-03 -1.924727695668161740e-03 5.703235268458948237e-01 1.921876883974056593e-03 9.999981405948192847e-01 -1.587329419829078519e-04 -7.377729112002634135e-03 1.925029229925841797e-03 1.550332650554105400e-04 9.999981351118364392e-01 2.792223665935302922e-03
9.999943872620357110e-01 -2.263331200085327150e-03 -2.470379789519174842e-03 6.783387584343979482e-01 2.263063506711737727e-03 9.999974330911970410e-01 -1.111511648665023473e-04 -1.096219244700785168e-02 2.470625020178914694e-03 1.055599146547604565e-04 9.999969424298826848e-01 1.627301674894445068e-03
9.999922923688157050e-01 -2.504549180459937803e-03 -3.023646203459330606e-03 7.914553093208994694e-01 2.503422332490958316e-03 9.999967955925326279e-01 -3.764057539598871026e-04 -9.259587341671565719e-03 3.024579241187458356e-03 3.688333893318683910e-04 9.999953579303979545e-01 2.721041765926590812e-03
9.999895406137162546e-01 -3.048388938786163790e-03 -3.409690315345300163e-03 9.119571940686026501e-01 3.046646092592710919e-03 9.999952257196343952e-01 -5.162223590882130406e-04 -1.013811623216426261e-03 3.411247683057173387e-03 5.058288400429531090e-04 9.999940537455357381e-01 2.798193054679808025e-03
9.999880639497537027e-01 -3.511352222026076480e-03 -3.397405421233033740e-03 1.044766685476033352e+00 3.510457482989217445e-03 9.999938020671949035e-01 -2.692869396506612453e-04 -2.552002566718423321e-04 3.398329925636426295e-03 2.573572781445033022e-04 9.999941925436106605e-01 7.114009330796288062e-04
9.999866200142387695e-01 -3.837964746808742150e-03 -3.468402961120281222e-03 1.183795777743068101e+00 3.837308288362637366e-03 9.999926183162907156e-01 -1.959031122200268480e-04 -6.243390478009416475e-03 3.469129227705136480e-03 1.825911596090864055e-04 9.999939658832296407e-01 1.208625650911197618e-03
9.999831653284999566e-01 -4.041544793258562349e-03 -4.163529185428582226e-03 1.334539469690370739e+00 4.040815105584249362e-03 9.999918190087441205e-01 -1.836542011692080282e-04 -7.299407743928805654e-03 4.164237370313217911e-03 1.668270577860410690e-04 9.999913156102189227e-01 -1.424911387614787982e-03
9.999774404570140884e-01 -4.603893466082456011e-03 -4.891088017184315635e-03 1.502477922882176076e+00 4.601670940542396983e-03 9.999893038821686675e-01 -4.655596747496697045e-04 -4.947181826844202629e-03 4.893179088675211376e-03 4.430419943398624305e-04 9.999879301832584888e-01 6.106060750696376549e-04
9.999730431811206799e-01 -5.286332379529805510e-03 -5.095841545975815165e-03 1.672799627686053281e+00 5.282726673474452163e-03 9.999857865374075505e-01 -7.207787841937046995e-04 -1.779860002066101059e-03 5.099579392647985224e-03 6.938394162318413340e-04 9.999867563507441881e-01 6.000631473825257869e-03
9.999654332133781631e-01 -5.978327939168233060e-03 -5.778578841960541577e-03 1.865105524419751415e+00 5.972537288689346718e-03 9.999816452266845346e-01 -1.018826809812747479e-03 3.114512418058706412e-03 5.784563658238089413e-03 9.842788146345673745e-04 9.999827848610689518e-01 1.018864761009969158e-02
9.999557988314896617e-01 -6.957778345521247430e-03 -6.323741279643315359e-03 2.062862238746356436e+00 6.952608582855647305e-03 9.999754782443045498e-01 -8.391328667203458045e-04 1.179524513779644200e-02 6.329424710893657470e-03 7.951292781704946645e-04 9.999796528691271558e-01 1.094022451016004975e-02
9.999502654687686398e-01 -7.558836271401356451e-03 -6.506195751844393374e-03 2.272599031906092915e+00 7.554868770145893413e-03 9.999712604833116414e-01 -6.341650279926358894e-04 1.615642564814849524e-02 6.510802316538650755e-03 5.849800329941802230e-04 9.999786333975121400e-01 1.232850775309579303e-02
9.999398525797318360e-01 -8.176155463526854975e-03 -7.310383345653829502e-03 2.490273181578431139e+00 8.172256451245094380e-03 9.999664480278758205e-01 -5.630657231298355969e-04 1.487975048106005005e-02 7.314741780764092739e-03 5.032895287215537064e-04 9.999731202649054795e-01 1.427286284792444321e-02
9.999329191986408016e-01 -8.838636656873769329e-03 -7.485693350137315703e-03 2.726361357391169804e+00 8.835264291575673987e-03 9.999608514200986065e-01 -4.834584672838179546e-04 2.009603834485299695e-02 7.489673409604091607e-03 4.172879573482549424e-04 9.999718649356981182e-01 1.558651753299698101e-02
9.999204853631219470e-01 -9.673044993479179565e-03 -8.090435818463614578e-03 2.965887975528175957e+00 9.669551605220490231e-03 9.999531379624998495e-01 -4.707979435958339681e-04 1.731192877996368465e-02 8.094610733848138853e-03 3.925296216129478240e-04 9.999671610595838311e-01 1.443008716378224067e-02
9.999119033235954745e-01 -1.011244667472391452e-02 -8.597907538210203954e-03 3.226823282968381612e+00 1.011056790851423866e-02 9.999488525905521064e-01 -2.619530599015948511e-04 1.881456628639616852e-02 8.600116763862488550e-03 1.750002546714427866e-04 9.999630029988904045e-01 1.597616284082694488e-02
9.999105395308632849e-01 -1.063469555910599718e-02 -8.112717514062704055e-03 3.485425668432804880e+00 1.062509659160573716e-02 9.999428012411782918e-01 -1.225384986264961996e-03 1.953995067868089311e-02 8.125285072961854760e-03 1.139076955541889688e-03 9.999663405566071583e-01 2.743409115191359354e-02
9.999028150968743978e-01 -1.124123556471019227e-02 -8.245907125628669163e-03 3.756076155607616762e+00 1.123240209902871302e-02 9.999362909361801943e-01 -1.116786407733435594e-03 2.492895920832268603e-02 8.257935845690149088e-03 1.024056528448280762e-03 9.999653783025664877e-01 1.745192952333157396e-02
9.998882695213721084e-01 -1.197226700369992750e-02 -8.950603127611027332e-03 4.033995342395865435e+00 1.196767357314702795e-02 9.999282243101476064e-01 -5.665837992928101675e-04 1.573313475859147714e-02 8.956743984422053939e-03 4.594025980996948016e-04 9.999597820344827692e-01 6.964265219392263770e-03
9.998580330886043255e-01 -1.258674755280987309e-02 -1.120211829205808307e-02 4.325925434406709513e+00 1.258177104349316594e-02 9.999207139625057028e-01 -5.146125940595375767e-04 -2.378048177009892648e-03 1.120770741929608821e-02 3.735970485461921663e-04 9.999371218829955499e-01 -1.711733320225650255e-03
9.998371441266874493e-01 -1.259660193255941057e-02 -1.292326755671158699e-02 4.611770432897285943e+00 1.258267595465947103e-02 9.999201640754902254e-01 -1.158335471620217192e-03 -1.293770612213622322e-02 1.293682690653887198e-02 9.955375419439319029e-04 9.999158201641740185e-01 -5.965385044228291300e-03
9.998188456229872845e-01 -1.297573125916181257e-02 -1.392502550830928588e-02 4.913993609510143301e+00 1.296052869017316929e-02 9.999153108667715451e-01 -1.181435685421601198e-03 -2.728756346352592677e-02 1.393917620192281805e-02 1.000745970564192316e-03 9.999023441688263958e-01 -8.237241136141954662e-03
9.997987169030700949e-01 -1.306683397838212697e-02 -1.522443853664563751e-02 5.236947508540803931e+00 1.304480096243595781e-02 9.999137183819764019e-01 -1.545625886168633606e-03 -2.999993130440933853e-02 1.524332138430245162e-02 1.346715007328188251e-03 9.998829069005349401e-01 -1.024865484378666321e-02
9.997722546212245431e-01 -1.324252095599743814e-02 -1.673542734211609997e-02 5.538509363498783422e+00 1.319638278755342134e-02 9.999088213288270799e-01 -2.864351605533950896e-03 -3.187082043938060244e-02 1.677183266425116490e-02 2.642852157372750904e-03 9.998558500911801650e-01 -2.145383415279897982e-03
9.997330573509132234e-01 -1.396137472141992936e-02 -1.840907536200164091e-02 5.879206566491401276e+00 1.389427282109190892e-02 9.998963705822411230e-01 -3.767927710899521450e-03 -3.084529410682721254e-02 1.845977309093548707e-02 3.511141174831113737e-03 9.998234387456025329e-01 9.079798008413530325e-04
9.996758483228066483e-01 -1.456663182300154021e-02 -2.088088880795059901e-02 6.226485976978316295e+00 1.450350583301094655e-02 9.998897891554395789e-01 -3.171413130207321584e-03 -1.865351945930502145e-02 2.092478431498626459e-02 2.867539018697527146e-03 9.997769404328885612e-01 -4.179760722043783516e-04
9.996877593292605724e-01 -1.511093525308506574e-02 -1.990084126411523213e-02 6.606328813117563925e+00 1.508899234808411260e-02 9.998853704372928641e-01 -1.252316013257295932e-03 -6.098828552223282441e-03 1.991748370557635400e-02 9.516413477106673655e-04 9.998011743449711775e-01 -6.831403521700106507e-03
9.997129822117878373e-01 -1.731646820321314922e-02 -1.655575809743373497e-02 6.988268264728834112e+00 1.732006536690935961e-02 9.998499936858181725e-01 7.390639592107074263e-05 6.670464375018416575e-03 1.655199483142806918e-02 -3.606319959170698787e-04 9.998629413132901211e-01 2.904869826096187144e-02
9.997205595733187344e-01 -1.870219292552119383e-02 -1.445789563480941176e-02 7.375714026569665904e+00 1.872121276710252136e-02 9.998240448803059621e-01 1.181300856213873167e-03 -2.636006139205004928e-04 1.443325877753647013e-02 -1.451640093342403603e-03 9.998947813555684183e-01 4.817122636257653578e-02
9.997274031542627837e-01 -1.982552065024555804e-02 -1.233159005889873303e-02 7.760642206519682063e+00 1.982601889001996825e-02 9.998034418198075146e-01 -8.185498977293137240e-05 -4.539331866223256934e-03 1.233078900178794651e-02 -1.626536610907973013e-04 9.999239597021265524e-01 7.017428559238277075e-02
9.997084130357372089e-01 -2.128337002997772801e-02 -1.140644842774577762e-02 8.147634156647225012e+00 2.126752718412476192e-02 9.997726825908944681e-01 -1.508453671509006697e-03 -1.119675875620944339e-02 1.143596052110589130e-02 1.265426874070800164e-03 9.999338065601073300e-01 8.874312818686194704e-02
9.996547434823342959e-01 -2.223365981396946758e-02 -1.400207857945077149e-02 8.521839094226002942e+00 2.219353807137194531e-02 9.997491488819274519e-01 -3.014328737269537234e-03 -6.105040442506639783e-03 1.406558570209569779e-02 2.702532356595225248e-03 9.998974225477924582e-01 1.006393275032662349e-01
9.995828419780022900e-01 -2.409399085462857887e-02 -1.592550243719467046e-02 8.894885625931820528e+00 2.403216993333780888e-02 9.997029335551603779e-01 -4.061951440113405198e-03 4.440091330013909605e-03 1.601864012565340500e-02 3.677532583640748861e-03 9.998649303394039345e-01 1.134801451017135171e-01
9.995450904381891766e-01 -2.544473923921160632e-02 -1.619189383490127546e-02 9.291323277721190266e+00 2.536917879944972434e-02 9.996663611763074719e-01 -4.855007678883109176e-03 2.227744592351495884e-02 1.631002599488239405e-02 4.442024039668002536e-03 9.998571155292526047e-01 1.410287324378740603e-01
9.995137179301356589e-01 -2.689525146557805724e-02 -1.577888202885667501e-02 9.676520367907116338e+00 2.681257291159892114e-02 9.996257401552356425e-01 -5.428218212033752814e-03 4.436932921528152773e-02 1.591896992074067624e-02 5.002506141983691611e-03 9.998607709721198944e-01 1.633236577892042685e-01
9.994782212551144296e-01 -2.772096936072008036e-02 -1.657809079522251303e-02 1.009273425375645594e+01 2.766521200972505909e-02 9.996108223131099368e-01 -3.583288847556152876e-03 5.199596155340809045e-02 1.667097121254748973e-02 3.122782767032410405e-03 9.998561531273487679e-01 1.407598036527482610e-01
9.993990000941095353e-01 -2.871856534695237106e-02 -1.941346479397521030e-02 1.051222852143162001e+01 2.868896963747151474e-02 9.995867637180009257e-01 -1.801338644897642650e-03 6.207990929667511065e-02 1.945717430754851512e-02 1.243303738509105288e-03 9.998099182163474596e-01 1.160978353554602688e-01
9.993097357719161744e-01 -2.984960299674688233e-02 -2.211454707652122861e-02 1.094873459245719438e+01 2.981478731119585612e-02 9.995536299495899613e-01 -1.902448997029712640e-03 6.509283629931010562e-02 2.216146315231078481e-02 1.241795286971400384e-03 9.997536333994561097e-01 1.159687592918770549e-01
9.992478820174822696e-01 -3.055849140547003961e-02 -2.387150784088953870e-02 1.140387248217658112e+01 3.050157614782518511e-02 9.995309499512862184e-01 -2.744802721099089040e-03 8.001263736871168375e-02 2.394418793933631578e-02 2.014619691441788419e-03 9.997112669023114906e-01 1.292319882612988913e-01
9.992048112826663608e-01 -3.137015959478713090e-02 -2.461012386333709043e-02 1.187190575378257584e+01 3.131317451285173248e-02 9.995059820808203099e-01 -2.697570496321716627e-03 1.060287868072523898e-01 2.468258923814317315e-02 1.924804315383257932e-03 9.996934854828496420e-01 1.434067379750627869e-01
9.991813997641960654e-01 -3.237813453144355869e-02 -2.425256212290747768e-02 1.235097513497156108e+01 3.233465653658718075e-02 9.994747146420774886e-01 -2.182837098504249868e-03 1.263605656851421455e-01 2.431049880036780311e-02 1.396851961164235828e-03 9.997034802643611773e-01 1.499518057378751157e-01
9.991406943297322929e-01 -3.321675338404956462e-02 -2.478951852948670445e-02 1.284503740654667148e+01 3.318710920769166878e-02 9.994478652017618758e-01 -1.606401592861485522e-03 1.327715438162704042e-01 2.482919081922082757e-02 7.823287442198412385e-04 9.996914020061384853e-01 1.553363676174085994e-01
9.990503359321820653e-01 -3.409474360047937136e-02 -2.712885424436128554e-02 1.334213386646169930e+01 3.404613986012015869e-02 9.994177257810384907e-01 -2.251611707645402496e-03 1.410549486557841348e-01 2.718982593580484067e-02 1.325840667063634803e-03 9.996294090872407390e-01 1.635437578072899689e-01
9.989622737303421873e-01 -3.516437914418745619e-02 -2.894550229152415347e-02 1.385369287609423417e+01 3.510588631860404180e-02 9.993804044191074709e-01 -2.526659630111183826e-03 1.515786461298133936e-01 2.901641620341915626e-02 1.507880136157394458e-03 9.995777978167607047e-01 1.720871823553149493e-01
9.988978122800377113e-01 -3.621983146693547040e-02 -2.985438712587054969e-02 1.438056138281635832e+01 3.614844813748563368e-02 9.993421433788407526e-01 -2.927484284516785294e-03 1.769926778943164136e-01 2.994078020703644025e-02 1.845067882592057529e-03 9.995499714396987034e-01 1.835272455072532449e-01
9.988106086794216187e-01 -3.733727208125438984e-02 -3.135755256670665764e-02 1.492691450292144850e+01 3.728520588128290264e-02 9.993021461163850150e-01 -2.243699974910663957e-03 1.955228533048365136e-01 3.141944321329926543e-02 1.071858534251714668e-03 9.995057126937538783e-01 1.839645987651186421e-01
9.987443152726022122e-01 -3.878665292792338876e-02 -3.170785810031434560e-02 1.547872581944887216e+01 3.878879734264786133e-02 9.992472813156236811e-01 -5.477079932237527340e-04 1.987643634708199658e-01 3.170523476291969844e-02 -6.828894373609403247e-04 9.994970293856028087e-01 1.888373042747444330e-01
9.987128421288995472e-01 -3.930254498685939457e-02 -3.206195446899215429e-02 1.603949688967781739e+01 3.929543124281371924e-02 9.992272728702826790e-01 -8.521946132850602342e-04 2.099633737035450642e-01 3.207067274406839863e-02 -4.087906230656441846e-04 9.994855200751882052e-01 2.132262693582482049e-01
9.986280136577081468e-01 -4.076719961597913972e-02 -3.286526697793826918e-02 1.662867715700150129e+01 4.072869542907852497e-02 9.991685473700933073e-01 -1.840465968970899941e-03 2.150353987140157241e-01 3.291297170882032802e-02 4.993814258582193700e-04 9.994580966261096266e-01 2.393100429615132307e-01
9.985666088127158613e-01 -4.116147425774518975e-02 -3.421199791303287246e-02 1.720839173644823106e+01 4.109649531756057184e-02 9.991517976526670397e-01 -2.600638394230705107e-03 2.371152180597288772e-01 3.429002532641391848e-02 1.190917450037755213e-03 9.994112146052499535e-01 2.667410488129688395e-01
9.984927195468866756e-01 -4.203181961335978462e-02 -3.529327346467509008e-02 1.779147674166510740e+01 4.194052094804919667e-02 9.991145813686265198e-01 -3.323552196147896119e-03 2.740547571757933620e-01 3.540171908917137678e-02 1.838324395817306353e-03 9.993714719006877578e-01 2.925713146686637622e-01
9.984005003804230505e-01 -4.357489090939488385e-02 -3.602318312358465668e-02 1.837645766996597274e+01 4.350785569077521286e-02 9.990495886850043750e-01 -2.643074254405656728e-03 2.955318804942642652e-01 3.610411795504299415e-02 1.071555205277931015e-03 9.993474593133913064e-01 3.072534538722355157e-01
9.983127369547023511e-01 -4.517138449558079361e-02 -3.648595972101765367e-02 1.895840067975812460e+01 4.515261004028571501e-02 9.989792036759895799e-01 -1.338816430888785424e-03 3.174791826205766720e-01 3.650919117922512419e-02 -3.108788158281720546e-04 9.993332688917149209e-01 3.194289674633166709e-01
9.982313277784568006e-01 -4.678193890409382966e-02 -3.668332637633709564e-02 1.956007435742528600e+01 4.675782840789782097e-02 9.989051051851431939e-01 -1.515360562872955594e-03 3.306810883035048998e-01 3.671405349776594301e-02 -2.025522933959020234e-04 9.993257913455109165e-01 3.479203533708061791e-01
9.981044206569932298e-01 -4.815771331961238994e-02 -3.831970919506094003e-02 2.016267774089153875e+01 4.810123537840938629e-02 9.988395943279894107e-01 -2.394985964144966638e-03 3.438330817069095158e-01 3.839057983462697971e-02 5.472207266007176989e-04 9.992626601296765720e-01 3.655054458801308970e-01
9.980067870503512850e-01 -4.882261508164577324e-02 -3.998506293635580716e-02 2.077075505441502301e+01 4.873134914916656124e-02 9.988066196339357994e-01 -3.254563800636639699e-03 3.638428084922331052e-01 4.009624186300885657e-02 1.299550699220798676e-03 9.991949772474055802e-01 3.943577490252527240e-01
9.979078247260390055e-01 -4.959102305776082881e-02 -4.148136669192112325e-02 2.137974114433366069e+01 4.947337678411351664e-02 9.987679894904122335e-01 -3.858517702050405767e-03 3.960913404889014888e-01 4.162160905253577126e-02 1.798221722850645247e-03 9.991318271672229301e-01 4.187918407067285909e-01
9.977773110239620546e-01 -5.052088082855556161e-02 -4.345202188734731408e-02 2.199374734183457392e+01 5.040193710883868194e-02 9.987216736672731576e-01 -3.829266629187681563e-03 4.159507159641953611e-01 4.358993394659245457e-02 1.630689286046715447e-03 9.990481762712867253e-01 4.365233378708262002e-01
9.976885883175796721e-01 -5.117800474667637267e-02 -4.470226583769896372e-02 2.261363499906903485e+01 5.106689931194671739e-02 9.986886570370020477e-01 -3.624651747804645031e-03 4.435350371042947604e-01 4.482914828031683147e-02 1.333467576860415194e-03 9.989937784234108609e-01 4.606637245992274421e-01
9.975981360604720960e-01 -5.164853663834689801e-02 -4.615612193186449663e-02 2.323177333094180597e+01 5.153679768121362248e-02 9.986645772158219136e-01 -3.608420583776056779e-03 4.737978847548080519e-01 4.628085363773509764e-02 1.221014930745307949e-03 9.989277209633845578e-01 4.805462053619873886e-01
9.975257457724369115e-01 -5.182782974997408171e-02 -4.750013246877563683e-02 2.386509405790287985e+01 5.174301333708148515e-02 9.986558839898582729e-01 -3.014289838980953144e-03 5.012619438787463411e-01 4.759251088083227971e-02 5.490317317587590108e-04 9.988666835330004545e-01 4.987515148029844081e-01
9.974759469245538801e-01 -5.182163030151386296e-02 -4.854126017995100129e-02 2.448903388223992295e+01 5.176224929143724562e-02 9.986563558869816504e-01 -2.480402149937686439e-03 5.276388550197221861e-01 4.860457648468487213e-02 -3.846332709234656297e-05 9.988180983869470175e-01 5.206882908543311039e-01
9.974136067269954165e-01 -5.181523769122936551e-02 -4.981243076630555849e-02 2.515194450472872845e+01 5.173882126759069000e-02 9.986566598227335501e-01 -2.823148161407292196e-03 5.544995632202033287e-01 4.989179781975076194e-02 2.386099376718150630e-04 9.987546002775710141e-01 5.533999988842510653e-01
9.973987271387250164e-01 -5.146772646426654024e-02 -5.046634754616886182e-02 2.581191376018460559e+01 5.140296015201734764e-02 9.986746581092924568e-01 -2.581266723534649324e-03 5.901915755896647298e-01 5.053231431135311175e-02 -1.956750747456937646e-05 9.987224263164672378e-01 5.895089010641004768e-01
9.974244264536413773e-01 -5.090504037407316690e-02 -5.052910426811985795e-02 2.647413007174865029e+01 5.084865859065549470e-02 9.987034828165559652e-01 -2.401526517050317673e-03 6.315505076235311543e-01 5.058584222048206208e-02 -1.739959629391356864e-04 9.987197015640821851e-01 6.310208023343456540e-01
9.974315596341463142e-01 -5.049960646334426123e-02 -5.079442482046388208e-02 2.715472327208500047e+01 5.043496867674430312e-02 9.987240807893719152e-01 -2.554287767657882277e-03 6.595568768450733588e-01 5.085860576510350950e-02 -1.408799292391569799e-05 9.987058636160890401e-01 6.656346999814806153e-01
9.974175006080064909e-01 -4.992353087823965530e-02 -5.163303734554913066e-02 2.783518510623390085e+01 4.984891208061975609e-02 9.987530315381933921e-01 -2.732756419269902030e-03 6.892479519477830996e-01 5.170508142587208061e-02 1.518483383850363546e-04 9.986623861429978488e-01 7.034928709190245710e-01
9.973642903760464584e-01 -4.945222250488690019e-02 -5.309378468344901764e-02 2.850735964473572537e+01 4.932128862244229695e-02 9.987758332223355406e-01 -3.774315785834062194e-03 7.154714673684460235e-01 5.321543734018383681e-02 1.145713906963304616e-03 9.985823974857239715e-01 7.390161665603968144e-01
9.973111552107667421e-01 -4.851906286783246036e-02 -5.492140047916899137e-02 2.923780573572682329e+01 4.840734199569525498e-02 9.988220143632632331e-01 -3.363460156606650799e-03 7.443808819878084959e-01 5.501989579304690514e-02 6.958173184130906491e-04 9.984850158641248585e-01 7.674223590115644145e-01
9.972332402480779123e-01 -4.728077208695608685e-02 -5.736194849532701839e-02 2.995825806370240940e+01 4.717347837842545549e-02 9.988815092431682086e-01 -3.223884267567393800e-03 7.757773859764477420e-01 5.745021742343071197e-02 5.090019172423699764e-04 9.983482425662143500e-01 7.933691434292270417e-01
9.972411982577554790e-01 -4.575063847585453258e-02 -5.845401249262332372e-02 3.067650123092841241e+01 4.571557571889738047e-02 9.989526172821281413e-01 -1.937669186375137482e-03 7.993693117793427838e-01 5.848143837257992889e-02 -7.399352929320221137e-04 9.982882218385812356e-01 8.139935675443186192e-01
9.972031585508277507e-01 -4.350938715856050854e-02 -6.076836187803017625e-02 3.140282268042659553e+01 4.346492490210776549e-02 9.990528421975019002e-01 -2.053971846822149651e-03 8.209870224814772577e-01 6.080017170622854100e-02 -5.930650722271653711e-04 9.981497820439141355e-01 8.440280862153896058e-01
9.972046847597049180e-01 -4.099841891447479625e-02 -6.246556123025602536e-02 3.214475824772743806e+01 4.096354524539864983e-02 9.991589486370423545e-01 -1.839380180488077009e-03 8.552608917087971552e-01 6.248843616402803558e-02 -7.245723106979505904e-04 9.980454249886328011e-01 8.785527685780478713e-01
9.974223609881495145e-01 -3.829901865103480657e-02 -6.067799412631516565e-02 3.289306082306271861e+01 3.827432645504911385e-02 9.992660368111251357e-01 -1.569589181711819994e-03 8.918519601711748512e-01 6.069357243759652965e-02 -7.568660084236774731e-04 9.981561588341814062e-01 9.335652065037325364e-01
9.976402311097796183e-01 -3.550402709807885804e-02 -5.876591980939713938e-02 3.362905059943921771e+01 3.553381193303040142e-02 9.993683296606783450e-01 -5.384057334125390802e-04 9.047709168697993798e-01 5.874791469263942328e-02 -1.551041922266147531e-03 9.982716447882418187e-01 9.693920492502883235e-01
9.977354330586124531e-01 -3.267372996584880229e-02 -5.879143636161600350e-02 3.436859205943144957e+01 3.262706231650408517e-02 9.994660569628760483e-01 -1.753791229303063937e-03 9.125010688739475517e-01 5.881734798457093072e-02 -1.683722061841406905e-04 9.982687469949472758e-01 1.014982797798395175e+00
9.976854709387146247e-01 -2.955754681593111138e-02 -6.123767226160053978e-02 3.510266462602130844e+01 2.940826818874657522e-02 9.995619106307053192e-01 -3.337750504849603967e-03 9.221625470324728013e-01 6.130950040518937105e-02 1.529131295183094093e-03 9.981176318037610073e-01 1.061964110349940427e+00
9.977083079808787280e-01 -2.612620697387975019e-02 -6.241436929978545073e-02 3.583624536236058589e+01 2.595578634506108887e-02 9.996568244286175853e-01 -3.539848655173386417e-03 9.490492657782153563e-01 6.248543303155979639e-02 1.911722377854457606e-03 9.980440451084353626e-01 1.105989419015445785e+00
9.976992264458094395e-01 -2.258831073785500312e-02 -6.392199752388537382e-02 3.655632184246722005e+01 2.244842973342075013e-02 9.997437794477711526e-01 -2.905762892929578470e-03 9.664755932792128412e-01 6.397125566953625053e-02 1.464128920675942039e-03 9.979506675054465870e-01 1.139098246149796712e+00
9.976013312243766640e-01 -2.014940014571695373e-02 -6.622375414546734229e-02 3.729111067846258010e+01 1.999272934307045821e-02 9.997955409395685722e-01 -3.027720391669742449e-03 9.820156199058440727e-01 6.627122084861762630e-02 1.696464300592557314e-03 9.978002040970479491e-01 1.187115371631099370e+00
9.976294598819901438e-01 -1.669371075423878303e-02 -6.675912519515460330e-02 3.800934946937052672e+01 1.662386824225116355e-02 9.998605312058767014e-01 -1.601605871129727250e-03 9.978480210988647237e-01 6.677655112562182194e-02 4.880142989467742840e-04 9.977678357522912211e-01 1.217881625582471816e+00
9.976560648342335247e-01 -1.296667385574687067e-02 -6.718810660072532803e-02 3.872545196583428861e+01 1.288916102903936087e-02 9.999156718481921891e-01 -1.587047682308126081e-03 9.964017053874900665e-01 6.720301948156223726e-02 7.173294202228046356e-04 9.977390638894838570e-01 1.256300748654305410e+00
9.975351563737895333e-01 -8.702765733907264281e-03 -6.962667353033677453e-02 3.944807349006273967e+01 8.572829346483555948e-03 9.999609093844187280e-01 -2.164786382642672029e-03 9.939395445450543987e-01 6.964279140955967340e-02 1.562552932586407008e-03 9.975707694359420286e-01 1.294751626745041628e+00
9.972844980881685473e-01 -3.971815013711449578e-03 -7.353811636509786920e-02 4.016454532167978186e+01 3.787672823021997950e-03 9.999893331227338589e-01 -2.643326566231483238e-03 1.003537456016504237e+00 7.354783074717811953e-02 2.357610283074976221e-03 9.972889041126135057e-01 1.344190575418817923e+00
9.972236681796970981e-01 7.689120872089317670e-04 -7.446048882750914977e-02 4.086996688899738217e+01 -8.471507180684522114e-04 9.999991218213898359e-01 -1.019162455168656344e-03 1.015242078783566093e+00 7.445963979156995649e-02 1.079412178592266056e-03 9.972234438236289300e-01 1.387866158131295435e+00
9.971686032262881971e-01 5.765886162074615462e-03 -7.497687174388804887e-02 4.159432605995006327e+01 -5.779847968819321058e-03 9.999832960658687764e-01 3.076846380006646861e-05 1.008494032364550153e+00 7.497579674262074001e-02 4.026735737864072613e-04 9.971852725330444533e-01 1.428392031432970555e+00
9.970718532445160820e-01 1.124576827253887835e-02 -7.563895929682375174e-02 4.230169621656731493e+01 -1.127442482906187114e-02 9.999364404933831496e-01 4.814765447727219379e-05 9.863697920931416840e-01 7.563469317925496094e-02 8.047790896614794541e-04 9.971352694184960619e-01 1.486722938941734462e+00
9.969561677227442020e-01 1.708812596200257397e-02 -7.606836129880910347e-02 4.301355322125383651e+01 -1.710443917135463440e-02 9.998536128439946546e-01 4.370851685685914114e-04 9.759978935048008175e-01 7.606469483415322086e-02 8.653519040755148529e-04 9.971025089557589149e-01 1.539420353439086231e+00
9.967976128635435140e-01 2.301120484493233975e-02 -7.658331046073785231e-02 4.372940686182129610e+01 -2.297656346934578986e-02 9.997351145366166758e-01 1.333526751559766920e-03 9.645473865014604353e-01 7.659371071230536288e-02 4.303650108493045721e-04 9.970622940745864637e-01 1.590267412706298344e+00
9.966500190139584436e-01 2.903144442927725610e-02 -7.645858247329699597e-02 4.443136229821632099e+01 -2.897867222306205887e-02 9.995784097529790690e-01 1.799808849227995181e-03 9.356683617713612566e-01 7.647859933121488318e-02 4.218886763290592007e-04 9.970711337985270761e-01 1.649349702682294305e+00
9.965061442678443404e-01 3.558561199323965335e-02 -7.555904085879372456e-02 4.513126653404057720e+01 -3.559801736891590046e-02 9.993654894837556979e-01 1.183041967034360268e-03 9.057512670304710412e-01 7.555319712518210329e-02 1.510843459793508384e-03 9.971406278736231199e-01 1.705545677424908702e+00
9.962972218307160066e-01 4.199924788391541652e-02 -7.501939049060980802e-02 4.582896639025995711e+01 -4.205496132734905246e-02 9.991149476796254980e-01 8.375863503394012340e-04 8.653369355490805326e-01 7.498817240173509535e-02 2.320452611997417779e-03 9.971817234082879233e-01 1.766263672899622605e+00
9.960137459019375861e-01 4.780982297715800911e-02 -7.530497195592952830e-02 4.651889200231643429e+01 -4.794944487683522327e-02 9.988497627799269862e-01 -4.615719679939840440e-05 8.298060081855176406e-01 7.521614660692116372e-02 3.656804804236967431e-03 9.971605482911113372e-01 1.821791363400738328e+00
9.956511539265026078e-01 5.360477596732598354e-02 -7.619256970542928609e-02 4.723865205179987470e+01 -5.376791145975377134e-02 9.985534555632809006e-01 -8.988819092816801443e-05 7.947799253015263021e-01 7.607753533126576651e-02 4.186212622834635348e-03 9.970931171369084023e-01 1.861329927413610585e+00
9.952924629377253307e-01 5.839490370038365880e-02 -7.734952127311148229e-02 4.789945693453628195e+01 -5.859609532914118041e-02 9.982817174154748896e-01 -3.320936435236587249e-04 7.565422634097636045e-01 7.719722036145346133e-02 4.862910222571298000e-03 9.970039825761141117e-01 1.905610560806663578e+00
9.948219492923939811e-01 6.377685953156277121e-02 -7.913154487543344606e-02 4.859037171989717052e+01 -6.398544814522204305e-02 9.979508265994669891e-01 -1.005738324526429112e-04 7.050483490204086934e-01 7.896297633534674065e-02 5.163320417326702598e-03 9.968641775540595384e-01 1.943715804833679117e+00
9.943646376136676679e-01 6.879935278585394554e-02 -8.065740213822342186e-02 4.928609403292641389e+01 -6.897975207490564253e-02 9.976179079337655908e-01 5.509750822419541214e-04 6.588713232304780343e-01 8.050317550956626045e-02 5.015857464512933628e-03 9.967417317975462154e-01 1.996215011267441941e+00
9.940652005995935792e-01 7.384855333741933980e-02 -7.987971035788785090e-02 4.999325620632028944e+01 -7.399804874998526516e-02 9.972577892385382503e-01 1.091138972787549476e-03 5.960525330477495221e-01 7.974124239115243373e-02 4.826279419331598250e-03 9.968039131588930513e-01 2.045481815114996049e+00
9.936823453837776432e-01 7.928683657859535161e-02 -7.942917611277387768e-02 5.068404943377373684e+01 -7.948427808473733369e-02 9.968358892357862544e-01 6.778413144046036877e-04 5.210282328843485189e-01 7.923159729516422722e-02 5.639811775093704280e-03 9.968402813456117562e-01 2.097422969325401620e+00
9.932664047051602552e-01 8.412208223985268019e-02 -7.965754555417939309e-02 5.137630083927491143e+01 -8.433182106696282543e-02 9.964374571089585908e-01 7.335023940536551830e-04 4.487974586330924498e-01 7.943546588026326183e-02 5.989102592524192525e-03 9.968220189233992778e-01 2.138986180780736657e+00
9.927331694024335018e-01 8.826158059080541074e-02 -8.179699114155776496e-02 5.206130982703727028e+01 -8.862441929746317504e-02 9.960647862100807659e-01 -8.086881064112640301e-04 3.755907731206402644e-01 8.140372640356675904e-02 8.052022347136001193e-03 9.966486834706271836e-01 2.192049492463964189e+00
