1.000000000000000000e+00 0.000000000000000000e+00 0.000000000000000000e+00 0.000000000000000000e+00 0.000000000000000000e+00 1.000000000000000000e+00 0.000000000000000000e+00 0.000000000000000000e+00 0.000000000000000000e+00 0.000000000000000000e+00 1.000000000000000000e+00 0.000000000000000000e+00
9.999999383849531576e-01 2.452305367488840358e-04 2.511813562861942928e-04 -1.882447254466184522e-02 -2.452709845761983092e-04 9.999999569586022208e-01 1.610122287502925348e-04 1.058719617684149815e-02 -2.511418603597180121e-04 -1.610738263280800115e-04 9.999999554914932309e-01 2.959496322724129800e-03
9.999998377728346322e-01 2.088618347712416787e-04 5.299349379602509439e-04 -1.447614236500644261e-02 -2.085438364317483521e-04 9.999997982218050696e-01 -6.000548452772687912e-04 1.529704469333679345e-02 -5.300601595868836965e-04 5.999442332670506823e-04 9.999996795515208037e-01 8.446388933797739640e-03
9.999999351027953898e-01 3.484063485467897895e-04 9.169199175044486991e-05 -8.703864736805217925e-03 -3.483498635557318274e-04 9.999997500128812167e-01 -6.153263748995660594e-04 1.713790302202879146e-02 -9.190635244407132070e-05 6.152943940737889625e-04 9.999998064829968003e-01 -3.530725859118481400e-03
9.999999821238745312e-01 1.791347600226879421e-04 6.052262625855167074e-05 -6.604208832960287850e-03 -1.791382159601005968e-04 9.999999823244885011e-01 5.710098235314556428e-05 1.029912431786648985e-04 -6.051239641801240196e-05 -5.711182324769441650e-05 9.999999965382447842e-01 -5.930946036545894223e-03
9.999999929506835361e-01 -6.680812562820564787e-05 -9.815960070688013262e-05 -7.895549378963223619e-03 6.680358651180532683e-05 9.999999966993516898e-01 -4.624475626563669589e-05 -2.006474078194439917e-03 9.816268990837606037e-05 4.623819852626498715e-05 9.999999941130576220e-01 -6.157254430296559694e-03
9.999999698136836646e-01 -3.573915525741122069e-05 2.430953404449798813e-04 -2.175480575302238609e-03 3.565720288805013845e-05 9.999999425405936559e-01 3.371162607231891211e-04 6.455202122490281101e-03 -2.431073747272477416e-04 -3.371075824470155954e-04 9.999999136286373824e-01 -7.857421082160635784e-05
9.999999373362469246e-01 2.350883184108192188e-04 2.646903563898671502e-04 -3.310762972334253557e-03 -2.350950058088395998e-04 9.999999720467874775e-01 2.523415529693764535e-05 1.504149589018082683e-02 -2.646844167357860727e-04 -2.529638109654379070e-05 9.999999646511257279e-01 2.372759364283581491e-03
9.999999268759864890e-01 3.622901698651815206e-04 -1.224493960499043854e-04 -1.336400730091308157e-02 -3.622971038386225192e-04 9.999999327680660910e-01 -5.660982017925566770e-05 1.817982006482994975e-02 1.224288786360258890e-04 5.665417910127407776e-05 9.999999909007367682e-01 -7.055664716385888664e-03
9.999999799164702718e-01 1.736499401117440713e-04 1.000637659786508354e-04 -2.500701386570509249e-03 -1.736301183159858093e-04 9.999999653111623088e-01 -1.980662925829960498e-04 -1.693495789555365255e-03 -1.000981567074002871e-04 1.980489145215997909e-04 9.999999753784929446e-01 -2.255043359945444956e-03
9.999999208686751739e-01 1.826840928813400038e-04 3.533966122637934460e-04 -1.729131745518803359e-02 -1.826600691941399632e-04 9.999999810049370330e-01 -6.801047436047851749e-05 1.280294370147553804e-02 -3.534090299828175023e-04 6.794591752907048988e-05 9.999999352427028088e-01 1.380730883867547446e-03
9.999998687224304073e-01 7.336130967162267271e-05 5.071225100554663289e-04 -1.720391699486102655e-02 -7.327962825990861631e-05 9.999999843408423628e-01 -1.610851052545699729e-04 6.739032889686163985e-04 -5.071343195286449846e-04 1.610479223586897424e-04 9.999998584391642797e-01 5.252140798973366394e-03
9.999999984105822914e-01 4.444722339281392115e-05 3.468832277948307743e-05 -5.536151095855030083e-03 -4.446661996264604370e-05 9.999998425657299350e-01 5.593668161937591149e-04 -1.209898694995019050e-03 -3.466345501651440619e-05 -5.593683577771578095e-04 9.999998429527302557e-01 -5.951313484921170668e-03
9.999999996088001497e-01 2.576066981126133378e-05 1.089897160839820511e-05 1.568880914205893207e-03 -2.575997485641744506e-05 9.999999976356274134e-01 -6.375867727069169967e-05 3.204051033591510944e-03 -1.090061404886174973e-05 6.375839648851473100e-05 9.999999979080217427e-01 -7.364690356631566417e-03
9.999998509682691550e-01 3.829637908839217744e-04 -3.891043232930161441e-04 -9.192628994452436628e-03 -3.831559710594733235e-04 9.999998046026555842e-01 -4.939495445210215175e-04 9.331704744722064959e-03 3.889150824729895235e-04 4.940985585517007660e-04 9.999998023058169760e-01 7.700184534851698195e-03
9.999972255931607323e-01 1.540273577041021726e-04 -2.350549202688422858e-03 -5.914628688044341887e-03 -1.555763030853923846e-04 9.999997708872359059e-01 -6.588030734236275440e-04 1.323700979197155528e-02 2.350447190450951317e-03 6.591669353910494314e-04 9.999970204440392640e-01 -6.547123646196518348e-03
9.999952351148062579e-01 2.538755851887795185e-04 -3.076571934896931305e-03 5.822231850253736102e-03 -2.552161389546397908e-04 9.999998726697458817e-01 -4.353449373665215318e-04 2.460522992898445463e-03 3.076461019705511914e-03 4.361280538083158582e-04 9.999951725783055023e-01 -4.236734095268160361e-03
9.999934024089948137e-01 2.338589072037113058e-04 -3.624975654208249104e-03 3.943924796364241606e-03 -2.357389391690229991e-04 9.999998379404849702e-01 -5.182143921676723823e-04 1.519243344150403643e-02 3.624853877695003411e-03 5.190655211162965767e-04 9.999932954801997731e-01 -1.143085928069034231e-02
9.999949980889379919e-01 1.651677852851437687e-05 -3.162834851980405714e-03 2.158792011191666346e-02 -1.560806621123728870e-05 9.999999585978054384e-01 2.873339096526678830e-04 3.402470978726954837e-03 3.162839466862651158e-03 -2.872831066982217576e-04 9.999949569447454945e-01 -9.587975796260724340e-03
9.999964083142858229e-01 2.146141733597855270e-04 -2.671572436723461310e-03 4.544690332009733436e-02 -2.129057894402472720e-04 9.999997727047574836e-01 6.397355377480180979e-04 1.176156738732571372e-02 2.671709125801358890e-03 -6.391644467803389703e-04 9.999962267124596904e-01 -4.002180470974559846e-03
9.999962767941320552e-01 1.717741998124026794e-04 -2.723397051076153954e-03 7.133317155422035094e-02 -1.705441290407603758e-04 9.999998833534290421e-01 4.518936029495089295e-04 1.537857013686552005e-02 2.723474357063273513e-03 -4.514274610784867648e-04 9.999961894430767773e-01 -3.694579304695412916e-03
9.999939997615140408e-01 -1.514683005608833993e-04 -3.460852253865340580e-03 9.752144112916590057e-02 1.498253786292013117e-04 9.999998759777635193e-01 -4.749703291759480701e-04 7.653243655232230130e-03 3.460923767591280766e-03 4.744489557413841276e-04 9.999938984338171410e-01 -1.151291931746808647e-02
9.999944407291486703e-01 2.955983915192257291e-04 -3.321314858320961304e-03 1.277781640969655741e-01 -2.972469096753743950e-04 9.999998328823750393e-01 -4.958623768063371261e-04 2.423651411931079455e-02 3.321167727149711407e-03 4.968468707507742253e-04 9.999943614781611201e-01 -2.243370544706947689e-03
9.999934196401020214e-01 -3.538623211284678194e-04 -3.610465060419069255e-03 1.534287292805788794e-01 3.527014709841818545e-04 9.999998859087914083e-01 -3.221553608350600411e-04 6.090068442950111183e-04 3.610578647140496276e-03 3.208798245990958625e-04 9.999934303574053995e-01 -1.929277943292244737e-03
9.999877853011277518e-01 2.760719179136729477e-05 -4.942518223388443072e-03 1.947234595018864090e-01 -2.964046706197044656e-05 9.999999149720607550e-01 -4.113116991630380451e-04 2.358042297011820471e-02 4.942506447975340139e-03 4.114531736630936635e-04 9.999877010925172227e-01 -1.478374227639446190e-02
9.999839276344244521e-01 -1.763079862360377738e-04 -5.666867593666468327e-03 2.469457455907372867e-01 1.727793178522021530e-04 9.999997909046794975e-01 -6.231676376148303923e-04 1.987940623947111879e-02 5.666976278182247855e-03 6.221785043195514299e-04 9.999837490048382183e-01 -9.437905068001777725e-03
9.999798746341136413e-01 -4.251389806028917280e-04 -6.330053995786019162e-03 3.012642046433108844e-01 4.191254124966094165e-04 9.999994596819929971e-01 -9.512989071377777077e-04 1.655480177111380916e-02 6.330455009791488390e-03 9.486266754070946669e-04 9.999795125135313434e-01 -8.531133457723677309e-04
9.999733777637127563e-01 -3.785553130839353878e-04 -7.287006223817547347e-03 3.667186720630677410e-01 3.744274245018721693e-04 9.999997686874770864e-01 -5.678284038405155380e-04 2.419835074589296586e-02 7.287219492700946176e-03 5.650848320058647969e-04 9.999732881988387945e-01 -6.822003041298480355e-03
9.999712225253305498e-01 -6.604035300783270973e-04 -7.557644366691114619e-03 4.477262202553272674e-01 6.568324480654330524e-04 9.999996714801807629e-01 -4.749849109338025285e-04 2.406895881753010405e-02 7.557955565567067886e-03 4.700071360165780881e-04 9.999713277894326513e-01 -9.262564252556997058e-03
9.999683261971352710e-01 -1.032976750761061295e-03 -7.891740082647919277e-03 5.271369474916907105e-01 1.029640196029636386e-03 9.999993788233171310e-01 -4.268419455869696885e-04 2.401737291704231919e-02 7.892176098289035643e-03 4.187027730736182134e-04 9.999687686345115623e-01 -1.553595944383092189e-02
9.999692013315718553e-01 -1.461079200286951848e-03 -7.711137132022808337e-03 6.296990717498028856e-01 1.460736584785978344e-03 9.999989318705861940e-01 -5.006312485827378340e-05 3.141507036620405646e-02 7.711202041720855403e-03 3.879764286164346352e-05 9.999702674868962138e-01 -5.730228918048158732e-03
9.999657909352355212e-01 -1.887035666582120462e-03 -8.053325751626873655e-03 7.334621365176215990e-01 1.885821169575053200e-03 9.999982092927042210e-01 -1.583979211070536219e-04 2.261816736308205900e-02 8.053610233004335553e-03 1.432053702744100459e-04 9.999675589010059706e-01 -1.396410559324571393e-02
9.999648343038310960e-01 -2.084709401324046172e-03 -8.123062379646942693e-03 8.535298895984492207e-01 2.081268868462036060e-03 9.999977408533994305e-01 -4.319814747846036779e-04 3.556960489527455360e-02 8.123944584299862964e-03 4.150600070079765291e-04 9.999669140774517517e-01 -1.563523202074014462e-02
9.999649786510600435e-01 -2.682517781735764377e-03 -7.927519772013497459e-03 9.764968200561265910e-01 2.680664256944748601e-03 9.999963771411295443e-01 -2.444253614918833481e-04 3.494680470849219345e-02 7.928146727106679184e-03 2.231657824869494170e-04 9.999685468486031459e-01 -1.989017967452447536e-02
9.999710137323524206e-01 -2.721649956191756446e-03 -7.110859062554042431e-03 1.116596300785687390e+00 2.722274207779999157e-03 9.999962915540305808e-01 7.811097173634539770e-05 5.507062230977224915e-02 7.110620101594609249e-03 -9.746641581196196157e-05 9.999747144713553304e-01 -1.333290981261808957e-02
9.999699369933818804e-01 -3.136876364569136412e-03 -7.091199907301092183e-03 1.250741379489326510e+00 3.134355215922884734e-03 9.999950206921323081e-01 -3.666174058938109293e-04 6.800201721407758693e-02 7.092314631508990670e-03 3.443800448557102168e-04 9.999747899200021051e-01 -1.304896634555431298e-02
9.999656625488264616e-01 -3.666294204462436628e-03 -7.431824143021298866e-03 1.404109295718504846e+00 3.667677317251299713e-03 9.999932591730645859e-01 1.724863140083714034e-04 6.710993123029154739e-02 7.431141660807538511e-03 -1.997379241031458546e-04 9.999723687374459935e-01 -2.232247481888536764e-02
9.999706183761203349e-01 -3.885341915711771222e-03 -6.608063458943565401e-03 1.561324144428254845e+00 3.886221301513660426e-03 9.999924413843013227e-01 1.202425068450370285e-04 7.007854434388205433e-02 6.607546327879471569e-03 -1.459193709008270836e-04 9.999781592810225161e-01 -1.941764327611573276e-02
9.999720629923141146e-01 -4.515183407917500863e-03 -5.957042360792616335e-03 1.745118140334679380e+00 4.517506835802782145e-03 9.999897250872112897e-01 3.766324363575461335e-04 8.474775971452008783e-02 5.955280588174355870e-03 -4.035328939603242352e-04 9.999821857384858514e-01 -1.391078375730297675e-02
9.999695997103692502e-01 -5.133920715650777504e-03 -5.868774418001859033e-03 1.927384042317066060e+00 5.145769183389992986e-03 9.999847492260933723e-01 2.005585884107531375e-03 9.225511007188025303e-02 5.858388395732664483e-03 -2.035724272260196633e-03 9.999807673710989775e-01 -7.498894357344300723e-03
9.999659617262499633e-01 -5.444558309333967679e-03 -6.199368815631538243e-03 2.142960645149435184e+00 5.464616808748355876e-03 9.999798741325651719e-01 3.223242614619557366e-03 1.175398300332859691e-01 6.181694915596148976e-03 -3.257010076038608423e-03 9.999755889687182986e-01 -1.946983043294486793e-02
9.999660571716301183e-01 -5.990339913033338945e-03 -5.656883625321290979e-03 2.342747410258076091e+00 6.019094147134989095e-03 9.999689826812789839e-01 5.079781591365012741e-03 1.318901189725272816e-01 5.626278545542670248e-03 -5.113658484330495940e-03 9.999710973256344948e-01 -1.452731788984132355e-02
9.999609990231398404e-01 -6.743606447525207943e-03 -5.702999625203744941e-03 2.576520615650107704e+00 6.773297268047209600e-03 9.999635250242903117e-01 5.202986172788534071e-03 1.323221807816980511e-01 5.667704717329741584e-03 -5.241411363026272745e-03 9.999702019211176296e-01 -1.748863637002250060e-02
9.999604291457749872e-01 -7.244753090729365470e-03 -5.162721690346744503e-03 2.804421176519416470e+00 7.275908726210156448e-03 9.999552783861451744e-01 6.041719945072869871e-03 1.434111434172082866e-01 5.118720035855481125e-03 -6.079044360851442938e-03 9.999684214638246971e-01 -1.646311727484987136e-02
9.999576499343237890e-01 -7.767988294755875933e-03 -4.935250315522147005e-03 3.045668898503442357e+00 7.799796175383191810e-03 9.999487221085046063e-01 6.458818250350509271e-03 1.571814683072848828e-01 4.884825221725286326e-03 -6.497038665508984845e-03 9.999669629398423298e-01 -1.798084629442864291e-02
9.999558411898077370e-01 -8.517592328372422181e-03 -3.970678948442819128e-03 3.299841166271111348e+00 8.543565159233388120e-03 9.999419147402895947e-01 6.570741198168860396e-03 1.661463491842938012e-01 3.914481415703628675e-03 -6.604374796377886041e-03 9.999705291001306229e-01 -1.500294511633422714e-02
9.999438908515285718e-01 -9.186416579374894614e-03 -5.274931197324175293e-03 3.576205747654324973e+00 9.212646172528492911e-03 9.999452120233587316e-01 4.969919723683732457e-03 1.708892946730703188e-01 5.228986441569141198e-03 -5.018236940425444687e-03 9.999737371545333042e-01 -2.578267183759050396e-02
9.999196301779289531e-01 -9.868142127850270187e-03 -7.959457002734742631e-03 3.843467077041721414e+00 9.906555998056615700e-03 9.999394020391834115e-01 4.801291261490465631e-03 1.710516751723148432e-01 7.911594851305575604e-03 -4.879756189077783662e-03 9.999567963899460565e-01 -1.801377141183997665e-02
9.998775751835301540e-01 -1.045745807354517623e-02 -1.163942506072112096e-02 4.123809504570600026e+00 1.048595353313376208e-02 9.999421650159355801e-01 2.389853916985004365e-03 1.932864803702749601e-01 1.161376009761944453e-02 -2.511611809896941577e-03 9.999294036993368051e-01 -1.575247630302201510e-02
9.998195744491589210e-01 -1.074093694066937353e-02 -1.566687020241614922e-02 4.421641064645046804e+00 1.071700412225269107e-02 9.999412739029146513e-01 -1.610766295832973156e-03 2.087326288201335756e-01 1.568325128748531902e-02 1.442573759894679678e-03 9.998759696132319963e-01 -2.013149419547267255e-02
9.997792259294003836e-01 -1.072335359082381839e-02 -1.806956246772764563e-02 4.712252827551762557e+00 1.065433492085654521e-02 9.999355903473640117e-01 -3.911560310529820297e-03 2.144522888650710890e-01 1.811034365778745742e-02 3.718177569033159161e-03 9.998290806973769707e-01 -1.962462584278929986e-02
9.997439562616993181e-01 -1.174993001562127382e-02 -1.933807288313335593e-02 5.025467034605498817e+00 1.161688513313961085e-02 9.999081737884190080e-01 -6.977963235239367269e-03 2.101858437392382095e-01 1.941828772082686283e-02 6.751528400067250725e-03 9.997886511489587624e-01 -1.655353047073956224e-02
9.997261042532586961e-01 -1.195441907940920055e-02 -2.011984938006165444e-02 5.338281030140129779e+00 1.176406332515035104e-02 9.998851668161319317e-01 -9.553009743417552671e-03 2.211970524519740744e-01 2.023173963564088920e-02 9.313702032480721330e-03 9.997519350647768865e-01 -1.879655174024890546e-02
9.997302681552294734e-01 -1.196302523211128545e-02 -1.990670644704430406e-02 5.667264135343841325e+00 1.171969044253793647e-02 9.998557200178485038e-01 -1.229585310260753080e-02 2.469034358626588099e-01 2.005092990871025840e-02 1.205923608217730238e-02 9.997262300424603065e-01 -7.601327905695828835e-03
9.997054079764282619e-01 -1.272465214969533895e-02 -2.066834512853627653e-02 5.993737770222828054e+00 1.247411630585971987e-02 9.998476964724420935e-01 -1.220574787300112568e-02 2.619922972717254051e-01 2.082051116257523787e-02 1.194433281605300143e-02 9.997118781071416826e-01 -5.858147968851272827e-03
9.997307452661473581e-01 -1.327195625464221672e-02 -1.903397348870044387e-02 6.335674464211694890e+00 1.310499545429613839e-02 9.998747850331501930e-01 -8.869799831707962309e-03 2.715713070756232139e-01 1.914930974569489797e-02 8.617971460068337905e-03 9.997794929404067998e-01 -1.917587603082781395e-02
9.998396885376770182e-01 -1.415883452420978184e-02 -1.096013821979207291e-02 6.697029547827418661e+00 1.410996470221929228e-02 9.998902177109358913e-01 -4.523430344258800445e-03 3.030055188997675675e-01 1.102298149245599553e-02 4.368058023112885921e-03 9.999297045033334053e-01 -1.023542224553382340e-02
9.998697601244148636e-01 -1.613424518463742532e-02 3.859029245260092765e-04 7.065738672611590943e+00 1.613501666074136989e-02 9.998676432627123800e-01 -2.087389189156717891e-03 3.235189498724708179e-01 -3.521733987003932342e-04 2.093343877965080525e-03 9.999977469401147845e-01 -2.132406070440048124e-02
9.997580312227015709e-01 -1.751566175369178094e-02 1.330716344823391385e-02 7.426785215980681976e+00 1.754029822192612262e-02 9.998446484734967443e-01 -1.736910243959639746e-03 3.637109931539119212e-01 -1.327467302774908327e-02 1.969901581281569350e-03 9.999099472171313341e-01 -3.188481347890384510e-02
9.995781868871702613e-01 -1.946254888376032152e-02 2.155591543647926434e-02 7.796282618793277663e+00 1.956766892006364320e-02 9.997975980401176965e-01 -4.676460867586665175e-03 3.694990915567080147e-01 -2.146053662870946871e-02 5.096287291600997381e-03 9.997567070159866232e-01 -3.731096912482918110e-02
9.995495392656525979e-01 -2.064934050971796095e-02 2.177896439997390604e-02 8.176819113257597138e+00 2.083984818480808313e-02 9.997462077467611508e-01 -8.556916711300873585e-03 3.777646257327666457e-01 -2.159674238064068080e-02 9.006932468033149175e-03 9.997261904571973501e-01 -3.953296159097165197e-02
9.995850747775503198e-01 -2.159859002863670843e-02 1.905726084026796927e-02 8.553239479480851060e+00 2.177396698843345538e-02 9.997220150834492669e-01 -9.043612059032922132e-03 4.082096905677375376e-01 -1.885663393996251172e-02 9.454811804713541060e-03 9.997774921902331524e-01 -3.802562283240870644e-02
9.995535759805579401e-01 -2.344736481355635255e-02 1.851674452432045329e-02 8.945753691241156602e+00 2.357125206876994200e-02 9.997010227727005649e-01 -6.500857107095648832e-03 4.134047746522110378e-01 -1.835878047119308618e-02 6.934417821011854000e-03 9.998074159702428076e-01 -3.472838996102797782e-02
9.995412085619496123e-01 -2.479317551597970751e-02 1.739743758003052879e-02 9.341094603155198683e+00 2.485524992494688931e-02 9.996854110367421331e-01 -3.360879567665196743e-03 4.518595841231549670e-01 -1.730863766116969363e-02 3.791755284000555663e-03 9.998430045032973279e-01 -3.838631454565225032e-02
9.995858729111383179e-01 -2.585253647270944685e-02 1.263839524642592325e-02 9.731761700168856777e+00 2.586596842002062205e-02 9.996650143163726687e-01 -9.004607381487557231e-04 4.831103239280634121e-01 -1.261088237087911422e-02 1.226992165288423673e-03 9.999197268461375021e-01 -5.544797804079799886e-02
9.996246299239046618e-01 -2.696397772328962966e-02 4.852128897157777579e-03 1.015640202444191864e+01 2.695235181454929546e-02 9.996337275630233776e-01 2.445700333221942531e-03 5.017996326794835760e-01 -4.916297505384930114e-03 -2.314006005416016989e-03 9.999852375885582845e-01 -7.625220326425441453e-02
9.996073476153599646e-01 -2.801922689057716187e-02 -2.711417328233397964e-04 1.056570303167086244e+01 2.801993559262231509e-02 9.996025222453488457e-01 3.111387170081861969e-03 5.272618751852373720e-01 1.838552969532304454e-04 -3.117762850380173013e-03 9.999951228641260625e-01 -9.304246118441703017e-02
9.995808554034207871e-01 -2.892661919298607567e-02 -1.167995303751976060e-03 1.101174122674544265e+01 2.892841860145719743e-02 9.995802773434001587e-01 1.554266164462702899e-03 5.743688538994874415e-01 1.122545404196233308e-03 -1.587402959269695706e-03 9.999981100200442397e-01 -9.947884409556237428e-02
9.995449606559854150e-01 -3.015918241213759107e-02 -5.434551094782350510e-04 1.148237009861475322e+01 3.016032157298069796e-02 9.995425941987989837e-01 2.226518571557983481e-03 5.751985108162974702e-01 4.760565502148381384e-04 -2.241896198870088099e-03 9.999973736323483076e-01 -9.346784456121413898e-02
9.995298416801009500e-01 -3.066070581192325770e-02 1.292674241778238547e-04 1.194247231752841287e+01 3.065964853467361903e-02 9.995168742274900264e-01 5.099420186477504786e-03 6.358622148910608729e-01 -2.855567939026271932e-04 -5.093059357857897436e-03 9.999869895172111001e-01 -9.648782274652770163e-02
9.994899797405244479e-01 -3.193347957789791081e-02 1.824289836537017272e-04 1.242173937274075257e+01 3.193193173415366515e-02 9.994739441212948661e-01 5.673337496396022028e-03 6.668866621359460511e-01 -3.635024228940892982e-04 -5.664618669481657348e-03 9.999838898508904839e-01 -9.723555926681722028e-02
9.994538508875133731e-01 -3.302316090158578799e-02 -1.212761389658397479e-03 1.291592166877443049e+01 3.302861420181435470e-02 9.994429194719354204e-01 4.791801469402520372e-03 6.742467656940185350e-01 1.053845352970495365e-03 -4.829240259340677674e-03 9.999877838496276095e-01 -1.003682094555686244e-01
9.994264059962705282e-01 -3.369795775715156427e-02 -3.362534813943936478e-03 1.341795582957403532e+01 3.370858060257149458e-02 9.994267271536243502e-01 3.154147231001555064e-03 7.262726125666202348e-01 3.254318843889982601e-03 -3.265684306867754766e-03 9.999893723009610769e-01 -1.064398743241479345e-01
9.993828418488188703e-01 -3.485361264008467186e-02 -4.377339844436254485e-03 1.392223393347442340e+01 3.486955703525941586e-02 9.993853138702680772e-01 3.620554182789915369e-03 7.446645380366789801e-01 4.248459761319359554e-03 -3.770955629632497062e-03 9.999838651114806298e-01 -1.097597901766863837e-01
9.993658464072725511e-01 -3.526592170558921768e-02 -4.921361694798545919e-03 1.446662655191183866e+01 3.528843900427022784e-02 9.993667377467013724e-01 4.566131640435619650e-03 8.326833361900521924e-01 4.757216341273384427e-03 -4.736903183635821600e-03 9.999774650665439468e-01 -1.178410441417143822e-01
9.993118117433239522e-01 -3.672355623543813175e-02 -5.223344493524895854e-03 1.500737695130083083e+01 3.675079775426674800e-02 9.993108349684929337e-01 5.218618495199129487e-03 8.477176972527236121e-01 5.028098517372700180e-03 -5.406989180317057359e-03 9.999727409751245633e-01 -1.207179127742021435e-01
9.992547993659957051e-01 -3.851580664213524047e-02 -2.525585621053119418e-03 1.557202971221888887e+01 3.852998391252589888e-02 9.992404481292654905e-01 5.828135390083101150e-03 8.641513760683553480e-01 2.299191972001321787e-03 -5.921103033244232497e-03 9.999798269240962600e-01 -1.192902263991740819e-01
9.992180093467956103e-01 -3.953946574656932306e-02 2.110694291156134123e-05 1.613829778356754474e+01 3.953906633127938358e-02 9.992100470988481975e-01 3.992995162559215272e-03 9.124819494668544584e-01 -1.789711648770009864e-04 -3.989038128847972528e-03 9.999920277402859492e-01 -1.193845379374015164e-01
9.991738414016756442e-01 -4.061986736721330538e-02 1.288810959389650014e-03 1.670989849992998089e+01 4.061766310132655655e-02 9.991733283663837284e-01 1.692727216602655073e-03 9.458950171885601721e-01 -1.356503890955700715e-03 -1.638980266108254957e-03 9.999977368178796233e-01 -1.376475599231168356e-01
9.991440740627662853e-01 -4.132784332551712320e-02 1.768793746844051938e-03 1.729313180512993497e+01 4.132647148677410370e-02 9.991453719764907815e-01 8.052405930597131365e-04 9.878579879498352589e-01 -1.800560943209509506e-03 -7.314533624054647600e-04 9.999981114763509815e-01 -1.456189811372225473e-01
9.990957707536233245e-01 -4.248802308601636046e-02 1.552016902469685166e-03 1.787789301576398415e+01 4.248366732139849389e-02 9.990934062993136466e-01 2.739251751736637187e-03 1.032008109961735753e+00 -1.666995245388744155e-03 -2.670839470427818600e-03 9.999950438594058522e-01 -1.488374219521936548e-01
9.990440629899521863e-01 -4.368781419672552319e-02 1.528101842441555560e-03 1.846337123065082508e+01 4.368113564212022099e-02 9.990368608818319673e-01 4.160407238464433610e-03 1.095137309088182631e+00 -1.708389166197301625e-03 -4.089680927353650519e-03 9.999901779099479304e-01 -1.419828886754478381e-01
9.989765243949974005e-01 -4.515527060885582422e-02 2.627783083178019449e-03 1.903692732684250899e+01 4.514184622128025737e-02 9.989682663651628935e-01 4.961503312033782413e-03 1.151280333278738466e+00 -2.849109935667668621e-03 -4.837802354586071864e-03 9.999842389962716460e-01 -1.517233795227104498e-01
9.988914317901407269e-01 -4.699245694656478678e-02 2.759798247676420544e-03 1.963336487863489666e+01 4.698615005025161273e-02 9.988928760951318875e-01 2.307333926999399504e-03 1.178087283005088359e+00 -2.865170099289672621e-03 -2.175103795384652084e-03 9.999935298409592388e-01 -1.665469845230017343e-01
9.988350830790658774e-01 -4.820377805600177534e-02 2.207394745664371504e-03 2.022024652043735315e+01 4.820303965472481911e-02 9.988374830576332020e-01 3.865321944302748639e-04 1.215132860347122534e+00 -2.223460923985861367e-03 -2.796787800776064071e-04 9.999974889974971859e-01 -1.680288415911582178e-01
9.988098811070251770e-01 -4.875172131941941239e-02 1.446053720935239987e-03 2.082340176528786557e+01 4.875392179622497352e-02 9.988096522871261485e-01 -1.527614990031889858e-03 1.279192761786985377e+00 -1.369858553918429627e-03 1.596297736594678041e-03 9.999977876580919967e-01 -1.745227719857991022e-01
9.987656613645782278e-01 -4.967038728449101048e-02 7.941023432721487239e-05 2.142910294468103416e+01 4.967044615820327691e-02 9.987636039690384049e-01 -2.027354242049409470e-03 1.323480359381810079e+00 2.138741853677491645e-05 2.028796142149322072e-03 9.999979417622777422e-01 -1.755158648814457156e-01
9.987363998835716572e-01 -5.023133158423147282e-02 -1.554630141673748675e-03 2.203826067040622405e+01 5.022913207335141794e-02 9.987367068084908039e-01 -1.422942194373403397e-03 1.377415512024413813e+00 1.624142469191221759e-03 1.343056441739578751e-03 9.999977791778510428e-01 -1.808156341173288995e-01
9.987016795602632335e-01 -5.088588869612305221e-02 -2.362535738378943300e-03 2.266100717997214886e+01 5.088394925204688113e-02 9.987041904153478589e-01 -8.739309696434623955e-04 1.428522330876460744e+00 2.403945095974440848e-03 7.525811785848340917e-04 9.999968273297397126e-01 -1.807098664166514879e-01
9.986615128538610664e-01 -5.161196012669962141e-02 -3.374657955624957729e-03 2.327167437376374437e+01 5.161210911434988002e-02 9.986672060027793618e-01 -4.298105013121542300e-05 1.473387276930445466e+00 3.372378568004603516e-03 -1.312496940812369868e-04 9.999943049019388575e-01 -1.849974197830724920e-01
9.986457409562493615e-01 -5.187783814475011718e-02 -3.920966637307134704e-03 2.389426447129622133e+01 5.187919814519719591e-02 9.986533374224271231e-01 2.458756986491719893e-04 1.515334661320773435e+00 3.902930918570512824e-03 -4.489593243582022121e-04 9.999922827531070313e-01 -1.857870959155255575e-01
9.986380783350928825e-01 -5.204743917016059485e-02 -3.612834762538958723e-03 2.453930376075605935e+01 5.204761749618476430e-02 9.986446032068854173e-01 -4.470719538302574830e-05 1.573286492796776681e+00 3.610264832919926788e-03 -1.433931341124908753e-04 9.999934726918197070e-01 -1.951461835581200788e-01
9.986687764155489644e-01 -5.152624012388527797e-02 -2.391984817253479945e-03 2.517818200626161840e+01 5.152608732541483216e-02 9.986716410183830162e-01 -1.255013296220167237e-04 1.633299622768467074e+00 2.395274014383560503e-03 2.084640717274702649e-06 9.999971313249105265e-01 -1.985718904889966496e-01
9.986755428122300327e-01 -5.145009223639246398e-02 2.195394369926969246e-04 2.584658302036502064e+01 5.144983508744227496e-02 9.986750289179342488e-01 1.049326087619562812e-03 1.680690823620900387e+00 -2.732364775813879540e-04 -1.036641032312036331e-03 9.999994253584336690e-01 -2.038629617875243882e-01
9.987062562531442422e-01 -5.076953952127689906e-02 2.875339567153053447e-03 2.650222773099669737e+01 5.076388238181341050e-02 9.987086654005208342e-01 2.007460942548862717e-03 1.730104712916420429e+00 -2.973544409344891590e-03 -1.858900402912651078e-03 9.999938512425652348e-01 -2.115257310718679229e-01
9.987089549372156760e-01 -5.059856618702873038e-02 4.495378519266486107e-03 2.717068189577154769e+01 5.059270546459231771e-02 9.987183764470507485e-01 1.408084067112330218e-03 1.780614984161684733e+00 -4.560864171143455721e-03 -1.178832805752395027e-03 9.999889043740577410e-01 -2.147876916630171440e-01
9.987479464025570408e-01 -4.986066838718457295e-02 4.056267330724029445e-03 2.786528560894457485e+01 4.985954529420880132e-02 9.987561680239082085e-01 3.775940326639703006e-04 1.846651809839394698e+00 -4.070049106562135914e-03 -1.748776199953462813e-04 9.999917020246158472e-01 -2.247540026104362099e-01
9.988125111996656313e-01 -4.867953109389714511e-02 1.967415435587206197e-03 2.853893825906454040e+01 4.867891585992951270e-02 9.988144141751208460e-01 3.594255306916938454e-04 1.915085662126567057e+00 -1.982579562032371970e-03 -2.632270664489669808e-04 9.999980000428959626e-01 -2.329027119566160486e-01
9.988548474727282356e-01 -4.784218975361954201e-02 -3.443251537367236358e-04 2.923743490527118638e+01 4.784267445874203911e-02 9.988536447017223319e-01 1.573202695227770426e-03 1.961319770263652229e+00 2.686649729064146124e-04 -1.587874574423601970e-03 9.999987032358933492e-01 -2.388365811163814245e-01
9.989002470904572162e-01 -4.676348077927031804e-02 -3.387215379976502364e-03 2.995732044057580623e+01 4.676942961088200595e-02 9.989042668966592320e-01 1.698831810567908189e-03 2.010746300282360899e+00 3.304060607235811270e-03 -1.855381646632120159e-03 9.999928203454507836e-01 -2.479889543260447859e-01
9.989514629357540976e-01 -4.547558712051950891e-02 -5.286366858312650796e-03 3.067998195128084760e+01 4.548874341840052071e-02 9.989619787961289132e-01 2.395650629224442118e-03 2.058109786158264232e+00 5.171935878522658167e-03 -2.633608886380036599e-03 9.999831574499152831e-01 -2.555298294445545459e-01
9.990607721201910651e-01 -4.298024716794315858e-02 -5.501996364054854288e-03 3.138977738169072396e+01 4.298521607017870283e-02 9.990753976754964683e-01 7.880094851327086331e-04 2.112876575734297102e+00 5.463040362985551943e-03 -1.023773867180953522e-03 9.999845534192322027e-01 -2.399047320791272697e-01
9.991854788641476581e-01 -4.015749128468749235e-02 -3.969221679886215243e-03 3.215099922431530644e+01 4.017128713288203173e-02 9.991868198063693640e-01 3.459308503378840261e-03 2.156768777962919881e+00 3.827076836356521367e-03 -3.615939567284174368e-03 9.999861391359053941e-01 -2.642800839014473047e-01
9.993058910952204998e-01 -3.724354527012177507e-02 8.089240382105597526e-04 3.287436080978876873e+01 3.723937745236148567e-02 9.992954673384266684e-01 4.668803255232693503e-03 2.207650100922010861e+00 -9.822369101984591844e-04 -4.635438769729362252e-03 9.999887738960194783e-01 -2.553552922811991310e-01
9.993830636796626754e-01 -3.478785765008361036e-02 4.826695595207626879e-03 3.360167571908166906e+01 3.476321459619014648e-02 9.993825696386570145e-01 5.098863929752023988e-03 2.265770460003182940e+00 -5.001093999367545173e-03 -4.927926800634613302e-03 9.999753519943664903e-01 -2.561740457842047181e-01
9.994682380567887492e-01 -3.214544725983541767e-02 5.469125718366371625e-03 3.434476551156840429e+01 3.213909779744448386e-02 9.994826304225655766e-01 1.244940301999291178e-03 2.301311012638114661e+00 -5.506315321924085820e-03 -1.068505523796022373e-03 9.999842692700326996e-01 -2.621619105736071598e-01
9.995749460471975434e-01 -2.881635804695458283e-02 4.420943751251059720e-03 3.507813839641746512e+01 2.881587794493716340e-02 9.995847215227204874e-01 1.722689981497211860e-04 2.326785731778371336e+00 -4.424071993592975163e-03 -4.480239899362913362e-05 9.999902127419750819e-01 -2.720595255620044672e-01
9.996750531027963627e-01 -2.528183633680328168e-02 3.258366977555523028e-03 3.581185548598298141e+01 2.527915939865692935e-02 9.996800609428285744e-01 8.601473360774731592e-04 2.379097848053657760e+00 -3.279070602873053811e-03 -7.774990556645306741e-04 9.999943215794776519e-01 -2.742999622991443287e-01
9.997653437177298485e-01 -2.160167356303873548e-02 1.620246970477560392e-03 3.653899605462238753e+01 2.159781378863948054e-02 9.997639473845025826e-01 2.363038236853031576e-03 2.427811157986353052e+00 -1.670910087551905239e-03 -2.327489942725528144e-03 9.999958954165990566e-01 -2.781248001830859407e-01
9.998225891480836403e-01 -1.883011568104912131e-02 -4.658032423439171089e-04 3.723931009400435244e+01 1.883189146734042668e-02 9.998140175740560798e-01 4.158139750831742198e-03 2.448857054684420387e+00 3.874183586007630127e-04 -4.166174007821115202e-03 9.999912464122633349e-01 -2.786687291481368400e-01
9.998779582810443101e-01 -1.556536389346575844e-02 -1.337157654955242444e-03 3.797224523274155672e+01 1.557334755368784684e-02 9.998596077094461521e-01 6.183503625327262977e-03 2.474946479350975892e+00 1.240721444264448114e-03 -6.203573000810351339e-03 9.999799879459195795e-01 -2.919794179024443048e-01
9.999262086541516048e-01 -1.191255364095321866e-02 -2.380821766862775083e-03 3.870834320647254145e+01 1.192392403542929906e-02 9.999172899124187941e-01 4.820100600722914026e-03 2.494930845508899431e+00 2.323205141925019975e-03 -4.848133656902430151e-03 9.999855490545417336e-01 -2.964343054682700429e-01
9.999563365329507958e-01 -7.692817494306348688e-03 -5.305241427061866376e-03 3.940835340433734757e+01 7.713279508589365036e-03 9.999628510015250438e-01 3.847328439870838657e-03 2.516422517527785896e+00 5.275447547127601854e-03 -3.888081262159752503e-03 9.999785260080720217e-01 -2.917560177393647702e-01
9.999641623675979973e-01 -2.465949144783467165e-03 -8.098955197031038750e-03 4.012847107900945787e+01 2.511898439819742080e-03 9.999807806333508298e-01 5.668221073866158179e-03 2.539452923163864284e+00 8.084821995332090033e-03 -5.688361691166532279e-03 9.999511379035348480e-01 -2.955702329690159114e-01
9.999690983731724936e-01 2.775253148049044039e-03 -7.355288485760575617e-03 4.082972404814130840e+01 -2.712394021325565795e-03 9.999598347498518391e-01 8.542353640656868627e-03 2.556511105635259185e+00 7.378700252591614481e-03 -8.522139227518535018e-03 9.999364619442423496e-01 -2.957640341854576027e-01
9.999560177749140522e-01 7.221017084997405529e-03 -5.984933415990707599e-03 4.153826455999979572e+01 -7.163454328675425940e-03 9.999284113270706653e-01 9.584213217657981329e-03 2.556954521629952293e+00 6.053712729940852709e-03 -9.540918885449356859e-03 9.999361596767089022e-01 -2.951278956749358584e-01
9.999063208408535131e-01 1.266708005133187348e-02 -5.186002842382719455e-03 4.224372486872098165e+01 -1.261393873376493932e-02 9.998688772309418660e-01 1.015464891350325791e-02 2.581707148447978550e+00 5.313952590010198943e-03 -1.008828171240466753e-02 9.999349921269693464e-01 -2.921986063596008210e-01
9.998226814662082296e-01 1.841124467095803935e-02 -3.953693891450235989e-03 4.295142408195195571e+01 -1.836620565186367071e-02 9.997692556728463575e-01 1.114082139324641847e-02 2.595306611765064719e+00 4.157897987519984864e-03 -1.106623156403683909e-02 9.999301227602339637e-01 -2.882886713482440411e-01
9.997010814968487757e-01 2.436163715128966678e-02 -2.063562293686389566e-03 4.365243294432484333e+01 -2.433536005820367831e-02 9.996327452437245853e-01 1.192329179935219981e-02 2.587418626341552841e+00 2.353275349083928155e-03 -1.186951017539551213e-02 9.999267857314991792e-01 -3.025140244067100470e-01
9.995347939306629126e-01 3.042279960793356150e-02 2.156150737470811755e-03 4.435286135692950893e+01 -3.044528156062219562e-02 9.994725559959426464e-01 1.130020538006682590e-02 2.576201193367656739e+00 -1.811229604886223062e-03 -1.136059307222870435e-02 9.999338259966834563e-01 -3.030211167065368083e-01
9.993073004733914466e-01 3.668484434147063766e-02 6.256310112591157054e-03 4.505274568055097006e+01 -3.675001858041673786e-02 9.992678282456209926e-01 1.064159610298293437e-02 2.568238904452059934e+00 -5.861344122457353388e-03 -1.086414418728261222e-02 9.999238046052089102e-01 -3.158271598194446472e-01
9.990391212520974840e-01 4.288174479256301463e-02 9.054842427257512802e-03 4.574387023505256877e+01 -4.296084964649833637e-02 9.990386122890092535e-01 8.730209235846027663e-03 2.544565779358480828e+00 -8.671770608585762166e-03 -9.110824287416703290e-03 9.999208935087394723e-01 -3.180643727307825852e-01
9.987526269849588134e-01 4.904669615698158125e-02 9.360111469872967743e-03 4.643819587028129092e+01 -4.912436109883362712e-02 9.987585466329655937e-01 8.256068933682855077e-03 2.536784637142037724e+00 -8.943558423531439844e-03 -8.705580031856032658e-03 9.999221097860742091e-01 -3.248804399616219696e-01
9.984793635521614918e-01 5.446140700967345288e-02 8.539069445627966645e-03 4.712398611042060281e+01 -5.452986888884005928e-02 9.984800861353544388e-01 8.000686851828777563e-03 2.511057934561140126e+00 -8.090362132591994923e-03 -8.454155053096937961e-03 9.999315343076753404e-01 -3.289756805304697718e-01
9.981848433347962901e-01 5.984858266796588833e-02 6.720542338516551084e-03 4.780116907834101880e+01 -5.989680899942045889e-02 9.981784648523485126e-01 7.219735223389410830e-03 2.487742701610294649e+00 -6.276209714077817317e-03 -7.609169313700314685e-03 9.999513536837580929e-01 -3.389251788025869350e-01
9.978703618163706768e-01 6.503559438398259784e-02 5.011234537275517306e-03 4.849924460924972891e+01 -6.507518028515602015e-02 9.978467634760345151e-01 8.188866298660432697e-03 2.443693761248812102e+00 -4.467876376975352809e-03 -8.497533967274574496e-03 9.999539139366149243e-01 -3.446501815077387954e-01
9.975052431458556468e-01 7.040776959444566829e-02 5.102536355862348667e-03 4.918033602987816977e+01 -7.044834658107368419e-02 9.974811934689272741e-01 8.264329361620673456e-03 2.428165007260516983e+00 -4.507811056418565589e-03 -8.603177118941181603e-03 9.999528313790304601e-01 -3.479738035353585612e-01
9.971145691437158787e-01 7.554078731318115969e-02 7.491692295235812676e-03 4.987701763893724660e+01 -7.560574327680090467e-02 9.970989306841289146e-01 8.803068336046510761e-03 2.397127510954471852e+00 -6.804967663717468446e-03 -9.344082655422091682e-03 9.999331880352928525e-01 -3.594671212079407763e-01
9.967166798680179296e-01 8.053048368267305690e-02 8.408404766058721197e-03 5.057694446036799008e+01 -8.058520510757706534e-02 9.967272720368952621e-01 6.385130825496887139e-03 2.345534915615387739e+00 -7.866688670901327701e-03 -7.041759419612565046e-03 9.999442628635014652e-01 -3.670372780591040218e-01
9.963028298818408235e-01 8.552222550098034781e-02 8.162114603160032164e-03 5.125871826125795394e+01 -8.555058086676470275e-02 9.963287222524956910e-01 3.189879005288545708e-03 2.312562368519778477e+00 -7.859343661833740127e-03 -3.876359125351093015e-03 9.999616015413473891e-01 -3.733350364688324818e-01
9.959572631520536845e-01 8.965371270579257368e-02 5.598372329350131266e-03 5.195751497138871855e+01 -8.965607918371122642e-02 9.959727695315216955e-01 1.726763288262816044e-04 2.248227530775792182e+00 -5.560345319755804691e-03 -6.739063567290806776e-04 9.999843140820496856e-01 -3.816914916973139782e-01
