1.000000000000000000e+00 0.000000000000000000e+00 0.000000000000000000e+00 0.000000000000000000e+00 0.000000000000000000e+00 1.000000000000000000e+00 0.000000000000000000e+00 0.000000000000000000e+00 0.000000000000000000e+00 0.000000000000000000e+00 1.000000000000000000e+00 0.000000000000000000e+00
9.999999383849531576e-01 2.452305367488838731e-04 2.511813562861968407e-04 -1.882447254466217135e-02 -2.452709845761981465e-04 9.999999569586022208e-01 1.610122287502909356e-04 1.058719617684156754e-02 -2.511418603597205599e-04 -1.610738263280784123e-04 9.999999554914932309e-01 2.959496322724351411e-03
9.999998377728346322e-01 2.088618347712411908e-04 5.299349379602572322e-04 -1.447614236500663690e-02 -2.085438364317478642e-04 9.999997982218050696e-01 -6.000548452772706343e-04 1.529704469333685937e-02 -5.300601595868899849e-04 5.999442332670525254e-04 9.999996795515208037e-01 8.446388933798388426e-03
9.999999351027953898e-01 3.484063485467960779e-04 9.169199175044660463e-05 -8.703864736805717525e-03 -3.483498635557381157e-04 9.999997500128812167e-01 -6.153263748995651920e-04 1.713790302202873594e-02 -9.190635244407305542e-05 6.152943940737880951e-04 9.999998064829968003e-01 -3.530725859118387724e-03
9.999999821238745312e-01 1.791347600226900563e-04 6.052262625855833858e-05 -6.604208832960933168e-03 -1.791382159601027110e-04 9.999999823244885011e-01 5.710098235314394475e-05 1.029912431788626570e-04 -6.051239641801906981e-05 -5.711182324769279697e-05 9.999999965382447842e-01 -5.930946036545425848e-03
9.999999929506835361e-01 -6.680812562821711331e-05 -9.815960070687763895e-05 -7.895549378963837711e-03 6.680358651181679227e-05 9.999999966993516898e-01 -4.624475626563300960e-05 -2.006474078194250832e-03 9.816268990837356671e-05 4.623819852626130086e-05 9.999999941130576220e-01 -6.157254430296417447e-03
9.999999698136836646e-01 -3.573915525740969603e-05 2.430953404449854108e-04 -2.175480575303310668e-03 3.565720288804861380e-05 9.999999425405936559e-01 3.371162607231840253e-04 6.455202122490462380e-03 -2.431073747272532711e-04 -3.371075824470104996e-04 9.999999136286373824e-01 -7.857421082082052810e-05
9.999999373362469246e-01 2.350883184108507420e-04 2.646903563898733843e-04 -3.310762972335421460e-03 -2.350950058088711230e-04 9.999999720467874775e-01 2.523415529693665601e-05 1.504149589018191971e-02 -2.646844167357923069e-04 -2.529638109654280814e-05 9.999999646511257279e-01 2.372759364283897644e-03
9.999999268759864890e-01 3.622901698652061862e-04 -1.224493960498893692e-04 -1.336400730091636541e-02 -3.622971038386471848e-04 9.999999327680660910e-01 -5.660982017926447684e-05 1.817982006483073731e-02 1.224288786360108728e-04 5.665417910128288690e-05 9.999999909007367682e-01 -7.055664716384951046e-03
9.999999799164702718e-01 1.736499401117787657e-04 1.000637659786486806e-04 -2.500701386572969087e-03 -1.736301183160205038e-04 9.999999653111623088e-01 -1.980662925829989229e-04 -1.693495789554886471e-03 -1.000981567073981322e-04 1.980489145216026640e-04 9.999999753784929446e-01 -2.255043359945585468e-03
9.999999208686751739e-01 1.826840928813355314e-04 3.533966122637965902e-04 -1.729131745519084384e-02 -1.826600691941354909e-04 9.999999810049370330e-01 -6.801047436047546817e-05 1.280294370147594396e-02 -3.534090299828206464e-04 6.794591752906744056e-05 9.999999352427028088e-01 1.380730883867855360e-03
9.999998687224304073e-01 7.336130967165293551e-05 5.071225100554750025e-04 -1.720391699486269188e-02 -7.327962825993887910e-05 9.999999843408423628e-01 -1.610851052545673979e-04 6.739032889702574469e-04 -5.071343195286536583e-04 1.610479223586871675e-04 9.999998584391642797e-01 5.252140798973863392e-03
9.999999984105822914e-01 4.444722339281989104e-05 3.468832277948902021e-05 -5.536151095856393575e-03 -4.446661996265201358e-05 9.999998425657299350e-01 5.593668161937565128e-04 -1.209898694994451795e-03 -3.466345501652034897e-05 -5.593683577771552074e-04 9.999998429527302557e-01 -5.951313484920697089e-03
9.999999996088001497e-01 2.576066981127857260e-05 1.089897160840808151e-05 1.568880914204960793e-03 -2.575997485643468388e-05 9.999999976356274134e-01 -6.375867727069428820e-05 3.204051033591659263e-03 -1.090061404887162613e-05 6.375839648851731954e-05 9.999999979080217427e-01 -7.364690356630817017e-03
9.999998509682691550e-01 3.829637908839296891e-04 -3.891043232930146262e-04 -9.192628994454582481e-03 -3.831559710594812382e-04 9.999998046026555842e-01 -4.939495445210211923e-04 9.331704744722713746e-03 3.889150824729880056e-04 4.940985585517004407e-04 9.999998023058169760e-01 7.700184534852137080e-03
9.999972255931607323e-01 1.540273577041124725e-04 -2.350549202688425460e-03 -5.914628688046064467e-03 -1.555763030854026845e-04 9.999997708872359059e-01 -6.588030734236275440e-04 1.323700979197151711e-02 2.350447190450953919e-03 6.591669353910494314e-04 9.999970204440392640e-01 -6.547123646196559982e-03
9.999952351148062579e-01 2.538755851887889510e-04 -3.076571934896931738e-03 5.822231850251187793e-03 -2.552161389546492233e-04 9.999998726697458817e-01 -4.353449373665225076e-04 2.460522992899097719e-03 3.076461019705512348e-03 4.361280538083169424e-04 9.999951725783055023e-01 -4.236734095268108319e-03
9.999934024089948137e-01 2.338589072037542944e-04 -3.624975654208245635e-03 3.943924796361937893e-03 -2.357389391690659878e-04 9.999998379404849702e-01 -5.182143921676711897e-04 1.519243344150553350e-02 3.624853877694999942e-03 5.190655211162953841e-04 9.999932954801997731e-01 -1.143085928068999189e-02
9.999949980889379919e-01 1.651677852854861395e-05 -3.162834851980396607e-03 2.158792011191605631e-02 -1.560806621127153255e-05 9.999999585978054384e-01 2.873339096526673409e-04 3.402470978727863832e-03 3.162839466862642050e-03 -2.872831066982211071e-04 9.999949569447454945e-01 -9.587975796260035655e-03
9.999964083142858229e-01 2.146141733597985374e-04 -2.671572436723456973e-03 4.544690332009362899e-02 -2.129057894402602825e-04 9.999997727047574836e-01 6.397355377480180979e-04 1.176156738732597219e-02 2.671709125801354553e-03 -6.391644467803389703e-04 9.999962267124596904e-01 -4.002180470974205963e-03
9.999962767941320552e-01 1.717741998123842751e-04 -2.723397051076149183e-03 7.133317155422215505e-02 -1.705441290407420257e-04 9.999998833534290421e-01 4.518936029495009606e-04 1.537857013686476544e-02 2.723474357063268743e-03 -4.514274610784789043e-04 9.999961894430767773e-01 -3.694579304694822243e-03
9.999939997615140408e-01 -1.514683005609091220e-04 -3.460852253865332774e-03 9.752144112916612262e-02 1.498253786292270886e-04 9.999998759777635193e-01 -4.749703291759343549e-04 7.653243655232290846e-03 3.460923767591272959e-03 4.744489557413703040e-04 9.999938984338171410e-01 -1.151291931746786616e-02
9.999944407291486703e-01 2.955983915192320175e-04 -3.321314858320958702e-03 1.277781640969664345e-01 -2.972469096753806834e-04 9.999998328823750393e-01 -4.958623768063392945e-04 2.423651411931151273e-02 3.321167727149708804e-03 4.968468707507763937e-04 9.999943614781611201e-01 -2.243370544706701358e-03
9.999934196401020214e-01 -3.538623211284438043e-04 -3.610465060419068388e-03 1.534287292805759928e-01 3.527014709841578394e-04 9.999998859087914083e-01 -3.221553608350612879e-04 6.090068442959548078e-04 3.610578647140495409e-03 3.208798245990972177e-04 9.999934303574053995e-01 -1.929277943292065194e-03
9.999877853011277518e-01 2.760719179137205849e-05 -4.942518223388442204e-03 1.947234595018854098e-01 -2.964046706197522382e-05 9.999999149720607550e-01 -4.113116991630407556e-04 2.358042297011858981e-02 4.942506447975339272e-03 4.114531736630963740e-04 9.999877010925172227e-01 -1.478374227639408546e-02
9.999839276344244521e-01 -1.763079862360019138e-04 -5.666867593666460520e-03 2.469457455907316523e-01 1.727793178521662930e-04 9.999997909046794975e-01 -6.231676376148293081e-04 1.987940623947264882e-02 5.666976278182240048e-03 6.221785043195505625e-04 9.999837490048382183e-01 -9.437905068001111591e-03
9.999798746341136413e-01 -4.251389806029060936e-04 -6.330053995786012223e-03 3.012642046433107734e-01 4.191254124966237822e-04 9.999994596819929971e-01 -9.512989071377798761e-04 1.655480177111406589e-02 6.330455009791481451e-03 9.486266754070966185e-04 9.999795125135313434e-01 -8.531133457720012706e-04
9.999733777637127563e-01 -3.785553130839398330e-04 -7.287006223817549949e-03 3.667186720630675745e-01 3.744274245018766145e-04 9.999997686874770864e-01 -5.678284038405167307e-04 2.419835074589376384e-02 7.287219492700948778e-03 5.650848320058659896e-04 9.999732881988387945e-01 -6.822003041298587908e-03
9.999712225253305498e-01 -6.604035300783285068e-04 -7.557644366691111150e-03 4.477262202553248249e-01 6.568324480654344618e-04 9.999996714801807629e-01 -4.749849109338030707e-04 2.406895881753062447e-02 7.557955565567064417e-03 4.700071360165786302e-04 9.999713277894326513e-01 -9.262564252556825320e-03
9.999683261971352710e-01 -1.032976750761059343e-03 -7.891740082647912338e-03 5.271369474916920428e-01 1.029640196029634434e-03 9.999993788233171310e-01 -4.268419455869722906e-04 2.401737291704229837e-02 7.892176098289028705e-03 4.187027730736208155e-04 9.999687686345115623e-01 -1.553595944383023841e-02
9.999692013315718553e-01 -1.461079200286916069e-03 -7.711137132022799663e-03 6.296990717498048840e-01 1.460736584785942566e-03 9.999989318705861940e-01 -5.006312485827426451e-05 3.141507036620593690e-02 7.711202041720846730e-03 3.879764286164422924e-05 9.999702674868962138e-01 -5.730228918047593212e-03
9.999657909352355212e-01 -1.887035666582017679e-03 -8.053325751626861512e-03 7.334621365176253738e-01 1.885821169574950417e-03 9.999982092927042210e-01 -1.583979211070630545e-04 2.261816736308474782e-02 8.053610233004323410e-03 1.432053702744202916e-04 9.999675589010059706e-01 -1.396410559324489861e-02
9.999648343038310960e-01 -2.084709401324016682e-03 -8.123062379646940959e-03 8.535298895984482215e-01 2.081268868462006569e-03 9.999977408533994305e-01 -4.319814747846110504e-04 3.556960489527459524e-02 8.123944584299861230e-03 4.150600070079841185e-04 9.999669140774517517e-01 -1.563523202073993645e-02
9.999649786510600435e-01 -2.682517781735781724e-03 -7.927519772013495725e-03 9.764968200561282563e-01 2.680664256944765948e-03 9.999963771411295443e-01 -2.444253614918901786e-04 3.494680470849143017e-02 7.928146727106677449e-03 2.231657824869560849e-04 9.999685468486031459e-01 -1.989017967452410413e-02
9.999710137323524206e-01 -2.721649956191751242e-03 -7.110859062554032023e-03 1.116596300785685392e+00 2.722274207779993953e-03 9.999962915540305808e-01 7.811097173634501823e-05 5.507062230977301243e-02 7.110620101594598841e-03 -9.746641581196152789e-05 9.999747144713553304e-01 -1.333290981261734016e-02
9.999699369933818804e-01 -3.136876364569142484e-03 -7.091199907301095652e-03 1.250741379489326510e+00 3.134355215922890806e-03 9.999950206921323081e-01 -3.666174058938102788e-04 6.800201721407701794e-02 7.092314631508994140e-03 3.443800448557094579e-04 9.999747899200021051e-01 -1.304896634555420890e-02
9.999656625488264616e-01 -3.666294204462385020e-03 -7.431824143021297999e-03 1.404109295718503070e+00 3.667677317251248105e-03 9.999932591730645859e-01 1.724863140083720268e-04 6.710993123029357355e-02 7.431141660807537644e-03 -1.997379241031460985e-04 9.999723687374459935e-01 -2.232247481888547519e-02
9.999706183761203349e-01 -3.885341915711756910e-03 -6.608063458943559329e-03 1.561324144428257732e+00 3.886221301513646115e-03 9.999924413843013227e-01 1.202425068450390614e-04 7.007854434388288700e-02 6.607546327879465498e-03 -1.459193709008290080e-04 9.999781592810225161e-01 -1.941764327611541358e-02
9.999720629923141146e-01 -4.515183407917428005e-03 -5.957042360792603325e-03 1.745118140334682710e+00 4.517506835802709286e-03 9.999897250872112897e-01 3.766324363575423387e-04 8.474775971452307155e-02 5.955280588174342860e-03 -4.035328939603198984e-04 9.999821857384858514e-01 -1.391078375730242685e-02
9.999695997103692502e-01 -5.133920715650745412e-03 -5.868774418001846023e-03 1.927384042317068946e+00 5.145769183389960894e-03 9.999847492260933723e-01 2.005585884107529207e-03 9.225511007188205714e-02 5.858388395732651473e-03 -2.035724272260194465e-03 9.999807673710989775e-01 -7.498894357344092557e-03
9.999659617262499633e-01 -5.444558309333933852e-03 -6.199368815631524365e-03 2.142960645149430299e+00 5.464616808748320315e-03 9.999798741325651719e-01 3.223242614619559101e-03 1.175398300332882173e-01 6.181694915596135098e-03 -3.257010076038610157e-03 9.999755889687182986e-01 -1.946983043294427118e-02
9.999660571716301183e-01 -5.990339913033326802e-03 -5.656883625321286642e-03 2.342747410258076979e+00 6.019094147134976952e-03 9.999689826812789839e-01 5.079781591365010139e-03 1.318901189725277812e-01 5.626278545542665911e-03 -5.113658484330493338e-03 9.999710973256344948e-01 -1.452731788984119865e-02
9.999609990231398404e-01 -6.743606447525244373e-03 -5.702999625203749277e-03 2.576520615650104595e+00 6.773297268047246029e-03 9.999635250242903117e-01 5.202986172788531469e-03 1.323221807816955531e-01 5.667704717329745921e-03 -5.241411363026270143e-03 9.999702019211176296e-01 -1.748863637002218488e-02
9.999604291457749872e-01 -7.244753090729363736e-03 -5.162721690346738432e-03 2.804421176519411141e+00 7.275908726210154713e-03 9.999552783861451744e-01 6.041719945072868136e-03 1.434111434172078425e-01 5.118720035855475053e-03 -6.079044360851441203e-03 9.999684214638246971e-01 -1.646311727484895196e-02
9.999576499343237890e-01 -7.767988294755851647e-03 -4.935250315522149607e-03 3.045668898503441913e+00 7.799796175383167524e-03 9.999487221085046063e-01 6.458818250350504934e-03 1.571814683072850771e-01 4.884825221725288928e-03 -6.497038665508980508e-03 9.999669629398423298e-01 -1.798084629442852495e-02
9.999558411898077370e-01 -8.517592328372394425e-03 -3.970678948442817394e-03 3.299841166271111348e+00 8.543565159233360365e-03 9.999419147402895947e-01 6.570741198168863866e-03 1.661463491842948559e-01 3.914481415703626940e-03 -6.604374796377889510e-03 9.999705291001306229e-01 -1.500294511633419245e-02
9.999438908515285718e-01 -9.186416579374913696e-03 -5.274931197324167487e-03 3.576205747654325418e+00 9.212646172528511992e-03 9.999452120233587316e-01 4.969919723683728988e-03 1.708892946730705964e-01 5.228986441569133392e-03 -5.018236940425441217e-03 9.999737371545333042e-01 -2.578267183758985170e-02
9.999196301779289531e-01 -9.868142127850277126e-03 -7.959457002734749570e-03 3.843467077041720081e+00 9.906555998056622639e-03 9.999394020391834115e-01 4.801291261490463896e-03 1.710516751723145656e-01 7.911594851305582543e-03 -4.879756189077781928e-03 9.999567963899460565e-01 -1.801377141183999053e-02
9.998775751835301540e-01 -1.045745807354518490e-02 -1.163942506072112269e-02 4.123809504570605355e+00 1.048595353313377075e-02 9.999421650159354691e-01 2.389853916985004798e-03 1.932864803702744605e-01 1.161376009761944626e-02 -2.511611809896942011e-03 9.999294036993368051e-01 -1.575247630302173407e-02
9.998195744491589210e-01 -1.074093694066939608e-02 -1.566687020241614228e-02 4.421641064645040586e+00 1.071700412225271362e-02 9.999412739029146513e-01 -1.610766295832974674e-03 2.087326288201329649e-01 1.568325128748531208e-02 1.442573759894680762e-03 9.998759696132319963e-01 -2.013149419547211397e-02
9.997792259294003836e-01 -1.072335359082379237e-02 -1.806956246772763522e-02 4.712252827551766998e+00 1.065433492085651919e-02 9.999355903473640117e-01 -3.911560310529817695e-03 2.144522888650717829e-01 1.811034365778744701e-02 3.718177569033156993e-03 9.998290806973769707e-01 -1.962462584278900843e-02
9.997439562616993181e-01 -1.174993001562131545e-02 -1.933807288313334899e-02 5.025467034605501482e+00 1.161688513313965249e-02 9.999081737884190080e-01 -6.977963235239364667e-03 2.101858437392377654e-01 1.941828772082685589e-02 6.751528400067246388e-03 9.997886511489587624e-01 -1.655353047073904529e-02
9.997261042532586961e-01 -1.195441907940919361e-02 -2.011984938006164750e-02 5.338281030140126227e+00 1.176406332515034410e-02 9.998851668161319317e-01 -9.553009743417556140e-03 2.211970524519745185e-01 2.023173963564088226e-02 9.313702032480724799e-03 9.997519350647768865e-01 -1.879655174024841974e-02
9.997302681552294734e-01 -1.196302523211130973e-02 -1.990670644704429712e-02 5.667264135343841325e+00 1.171969044253796076e-02 9.998557200178485038e-01 -1.229585310260752733e-02 2.469034358626589765e-01 2.005092990871025146e-02 1.205923608217729891e-02 9.997262300424603065e-01 -7.601327905695200865e-03
9.997054079764282619e-01 -1.272465214969534242e-02 -2.066834512853627306e-02 5.993737770222822725e+00 1.247411630585972334e-02 9.998476964724420935e-01 -1.220574787300112742e-02 2.619922972717250165e-01 2.082051116257523440e-02 1.194433281605300316e-02 9.997118781071416826e-01 -5.858147968850712511e-03
9.997307452661473581e-01 -1.327195625464227743e-02 -1.903397348870044734e-02 6.335674464211696666e+00 1.310499545429619911e-02 9.998747850331501930e-01 -8.869799831707951901e-03 2.715713070756214931e-01 1.914930974569490144e-02 8.617971460068324027e-03 9.997794929404067998e-01 -1.917587603082743924e-02
9.998396885376770182e-01 -1.415883452420981653e-02 -1.096013821979207811e-02 6.697029547827413332e+00 1.410996470221932697e-02 9.998902177109358913e-01 -4.523430344258791772e-03 3.030055188997672344e-01 1.102298149245600073e-02 4.368058023112877247e-03 9.999297045033334053e-01 -1.023542224553400382e-02
9.998697601244148636e-01 -1.613424518463747043e-02 3.859029245260126918e-04 7.065738672611594495e+00 1.613501666074141500e-02 9.998676432627123800e-01 -2.087389189156713554e-03 3.235189498724709845e-01 -3.521733987003966494e-04 2.093343877965076188e-03 9.999977469401147845e-01 -2.132406070440037368e-02
9.997580312227015709e-01 -1.751566175369179482e-02 1.330716344823391732e-02 7.426785215980685528e+00 1.754029822192613650e-02 9.998446484734967443e-01 -1.736910243959637794e-03 3.637109931539112551e-01 -1.327467302774908674e-02 1.969901581281567615e-03 9.999099472171313341e-01 -3.188481347890362305e-02
9.995781868871702613e-01 -1.946254888376034581e-02 2.155591543647926434e-02 7.796282618793286545e+00 1.956766892006366748e-02 9.997975980401176965e-01 -4.676460867586661706e-03 3.694990915567076262e-01 -2.146053662870946871e-02 5.096287291600993911e-03 9.997567070159866232e-01 -3.731096912482927824e-02
9.995495392656525979e-01 -2.064934050971797830e-02 2.177896439997390257e-02 8.176819113257590033e+00 2.083984818480810047e-02 9.997462077467611508e-01 -8.556916711300877054e-03 3.777646257327657575e-01 -2.159674238064067733e-02 9.006932468033152644e-03 9.997261904571973501e-01 -3.953296159097102747e-02
9.995850747775503198e-01 -2.159859002863670149e-02 1.905726084026796580e-02 8.553239479480849283e+00 2.177396698843344844e-02 9.997220150834492669e-01 -9.043612059032923867e-03 4.082096905677363718e-01 -1.885663393996250825e-02 9.454811804713539325e-03 9.997774921902331524e-01 -3.802562283240888685e-02
9.995535759805579401e-01 -2.344736481355636296e-02 1.851674452432044982e-02 8.945753691241158378e+00 2.357125206876995241e-02 9.997010227727005649e-01 -6.500857107095641026e-03 4.134047746522111488e-01 -1.835878047119308271e-02 6.934417821011846193e-03 9.998074159702428076e-01 -3.472838996102785292e-02
9.995412085619496123e-01 -2.479317551597965893e-02 1.739743758003053919e-02 9.341094603155193354e+00 2.485524992494684074e-02 9.996854110367421331e-01 -3.360879567665197177e-03 4.518595841231562438e-01 -1.730863766116970404e-02 3.791755284000555230e-03 9.998430045032973279e-01 -3.838631454565163970e-02
9.995858729111383179e-01 -2.585253647270940869e-02 1.263839524642595274e-02 9.731761700168862106e+00 2.586596842002058388e-02 9.996650143163726687e-01 -9.004607381487746967e-04 4.831103239280651884e-01 -1.261088237087914371e-02 1.226992165288442755e-03 9.999197268461375021e-01 -5.544797804079649312e-02
9.996246299239046618e-01 -2.696397772328966089e-02 4.852128897157765436e-03 1.015640202444192219e+01 2.695235181454932669e-02 9.996337275630233776e-01 2.445700333221959878e-03 5.017996326794840201e-01 -4.916297505384917971e-03 -2.314006005416034337e-03 9.999852375885582845e-01 -7.625220326425466433e-02
9.996073476153599646e-01 -2.801922689057710983e-02 -2.711417328233245091e-04 1.056570303167085889e+01 2.801993559262226305e-02 9.996025222453488457e-01 3.111387170081858500e-03 5.272618751852402585e-01 1.838552969532154834e-04 -3.117762850380168677e-03 9.999951228641260625e-01 -9.304246118441625302e-02
9.995808554034207871e-01 -2.892661919298599935e-02 -1.167995303751963266e-03 1.101174122674544620e+01 2.892841860145712110e-02 9.995802773434001587e-01 1.554266164462717861e-03 5.743688538994902171e-01 1.122545404196220514e-03 -1.587402959269710234e-03 9.999981100200442397e-01 -9.947884409556163876e-02
9.995449606559854150e-01 -3.015918241213755638e-02 -5.434551094782247510e-04 1.148237009861475677e+01 3.016032157298066327e-02 9.995425941987989837e-01 2.226518571557973940e-03 5.751985108162986915e-01 4.760565502148281637e-04 -2.241896198870078558e-03 9.999973736323483076e-01 -9.346784456121370877e-02
9.995298416801009500e-01 -3.066070581192330280e-02 1.292674241778220116e-04 1.194247231752841287e+01 3.065964853467366413e-02 9.995168742274900264e-01 5.099420186477506521e-03 6.358622148910587635e-01 -2.855567939026256211e-04 -5.093059357857899171e-03 9.999869895172111001e-01 -9.648782274652753510e-02
9.994899797405244479e-01 -3.193347957789786917e-02 1.824289836537024319e-04 1.242173937274075435e+01 3.193193173415362351e-02 9.994739441212948661e-01 5.673337496396027232e-03 6.668866621359466063e-01 -3.635024228940900029e-04 -5.664618669481662552e-03 9.999838898508904839e-01 -9.723555926681734518e-02
9.994538508875133731e-01 -3.302316090158574635e-02 -1.212761389658388155e-03 1.291592166877443049e+01 3.302861420181431307e-02 9.994429194719354204e-01 4.791801469402525576e-03 6.742467656940210885e-01 1.053845352970486041e-03 -4.829240259340682878e-03 9.999877838496276095e-01 -1.003682094555682358e-01
9.994264059962705282e-01 -3.369795775715164754e-02 -3.362534813943949923e-03 1.341795582957403710e+01 3.370858060257157784e-02 9.994267271536243502e-01 3.154147231001564605e-03 7.262726125666175703e-01 3.254318843889995178e-03 -3.265684306867765174e-03 9.999893723009610769e-01 -1.064398743241483092e-01
9.993828418488188703e-01 -3.485361264008474819e-02 -4.377339844436264893e-03 1.392223393347442517e+01 3.486955703525949218e-02 9.993853138702680772e-01 3.620554182789911465e-03 7.446645380366748723e-01 4.248459761319368228e-03 -3.770955629632494026e-03 9.999838651114806298e-01 -1.097597901766861894e-01
9.993658464072725511e-01 -3.526592170558927319e-02 -4.921361694798558929e-03 1.446662655191182978e+01 3.528843900427028335e-02 9.993667377467013724e-01 4.566131640435614446e-03 8.326833361900505270e-01 4.757216341273397438e-03 -4.736903183635816396e-03 9.999774650665439468e-01 -1.178410441417147569e-01
9.993118117433239522e-01 -3.672355623543817338e-02 -5.223344493524890650e-03 1.500737695130081839e+01 3.675079775426678963e-02 9.993108349684929337e-01 5.218618495199127752e-03 8.477176972527221688e-01 5.028098517372694976e-03 -5.406989180317055624e-03 9.999727409751245633e-01 -1.207179127742014774e-01
9.992547993659957051e-01 -3.851580664213523353e-02 -2.525585621053119852e-03 1.557202971221888887e+01 3.852998391252589194e-02 9.992404481292654905e-01 5.828135390083096813e-03 8.641513760683541268e-01 2.299191972001323088e-03 -5.921103033244228160e-03 9.999798269240962600e-01 -1.192902263991738321e-01
9.992180093467956103e-01 -3.953946574656930918e-02 2.110694291155667916e-05 1.613829778356754474e+01 3.953906633127936970e-02 9.992100470988481975e-01 3.992995162559212670e-03 9.124819494668556796e-01 -1.789711648769961617e-04 -3.989038128847969926e-03 9.999920277402859492e-01 -1.193845379374019328e-01
9.991738414016756442e-01 -4.061986736721318741e-02 1.288810959389669964e-03 1.670989849993000576e+01 4.061766310132643859e-02 9.991733283663837284e-01 1.692727216602642713e-03 9.458950171885631697e-01 -1.356503890955720231e-03 -1.638980266108241730e-03 9.999977368178796233e-01 -1.376475599231158642e-01
9.991440740627662853e-01 -4.132784332551714401e-02 1.768793746844056058e-03 1.729313180512993497e+01 4.132647148677412452e-02 9.991453719764907815e-01 8.052405930597249543e-04 9.878579879498360361e-01 -1.800560943209514059e-03 -7.314533624054763610e-04 9.999981114763509815e-01 -1.456189811372221865e-01
9.990957707536233245e-01 -4.248802308601639516e-02 1.552016902469679745e-03 1.787789301576397705e+01 4.248366732139852858e-02 9.990934062993136466e-01 2.739251751736644560e-03 1.032008109961735531e+00 -1.666995245388739168e-03 -2.670839470427825973e-03 9.999950438594058522e-01 -1.488374219521937658e-01
9.990440629899521863e-01 -4.368781419672550931e-02 1.528101842441570088e-03 1.846337123065082508e+01 4.368113564212020711e-02 9.990368608818319673e-01 4.160407238464437947e-03 1.095137309088183741e+00 -1.708389166197316154e-03 -4.089680927353654856e-03 9.999901779099479304e-01 -1.419828886754471997e-01
9.989765243949974005e-01 -4.515527060885581728e-02 2.627783083178012943e-03 1.903692732684251254e+01 4.514184622128025043e-02 9.989682663651628935e-01 4.961503312033787617e-03 1.151280333278738022e+00 -2.849109935667662116e-03 -4.837802354586077068e-03 9.999842389962716460e-01 -1.517233795227101445e-01
9.988914317901407269e-01 -4.699245694656466882e-02 2.759798247676446565e-03 1.963336487863491087e+01 4.698615005025149477e-02 9.988928760951318875e-01 2.307333926999415551e-03 1.178087283005094799e+00 -2.865170099289698642e-03 -2.175103795384667263e-03 9.999935298409592388e-01 -1.665469845230008183e-01
9.988350830790658774e-01 -4.820377805600180310e-02 2.207394745664361096e-03 2.022024652043734605e+01 4.820303965472484686e-02 9.988374830576332020e-01 3.865321944302695513e-04 1.215132860347120314e+00 -2.223460923985850959e-03 -2.796787800776014197e-04 9.999974889974971859e-01 -1.680288415911585509e-01
9.988098811070251770e-01 -4.875172131941942627e-02 1.446053720935246926e-03 2.082340176528786557e+01 4.875392179622498739e-02 9.988096522871261485e-01 -1.527614990031896580e-03 1.279192761786984711e+00 -1.369858553918436132e-03 1.596297736594685197e-03 9.999977876580919967e-01 -1.745227719857990190e-01
9.987656613645782278e-01 -4.967038728449107987e-02 7.941023432719932764e-05 2.142910294468103061e+01 4.967044615820334630e-02 9.987636039690384049e-01 -2.027354242049403833e-03 1.323480359381806970e+00 2.138741853679031212e-05 2.028796142149315567e-03 9.999979417622777422e-01 -1.755158648814461597e-01
9.987363998835716572e-01 -5.023133158423136180e-02 -1.554630141673721136e-03 2.203826067040623826e+01 5.022913207335130692e-02 9.987367068084908039e-01 -1.422942194373394940e-03 1.377415512024419586e+00 1.624142469191193353e-03 1.343056441739571595e-03 9.999977791778510428e-01 -1.808156341173276782e-01
9.987016795602632335e-01 -5.088588869612303833e-02 -2.362535738378943300e-03 2.266100717997214531e+01 5.088394925204686725e-02 9.987041904153478589e-01 -8.739309696434659734e-04 1.428522330876459412e+00 2.403945095974440848e-03 7.525811785848376696e-04 9.999968273297397126e-01 -1.807098664166509050e-01
9.986615128538610664e-01 -5.161196012669968386e-02 -3.374657955624967270e-03 2.327167437376375503e+01 5.161210911434994247e-02 9.986672060027793618e-01 -4.298105013119612420e-05 1.473387276930443246e+00 3.372378568004612189e-03 -1.312496940812569362e-04 9.999943049019388575e-01 -1.849974197830724643e-01
9.986457409562493615e-01 -5.187783814475002697e-02 -3.920966637307102612e-03 2.389426447129623554e+01 5.187919814519710571e-02 9.986533374224271231e-01 2.458756986492061417e-04 1.515334661320778986e+00 3.902930918570478996e-03 -4.489593243582343045e-04 9.999922827531070313e-01 -1.857870959155238366e-01
9.986380783350928825e-01 -5.204743917016060178e-02 -3.612834762538956121e-03 2.453930376075605579e+01 5.204761749618477124e-02 9.986446032068854173e-01 -4.470719538301224321e-05 1.573286492796777347e+00 3.610264832919923318e-03 -1.433931341125042381e-04 9.999934726918197070e-01 -1.951461835581196902e-01
9.986687764155489644e-01 -5.152624012388531960e-02 -2.391984817253478210e-03 2.517818200626163261e+01 5.152608732541487380e-02 9.986716410183830162e-01 -1.255013296219828966e-04 1.633299622768465520e+00 2.395274014383557033e-03 2.084640717240916199e-06 9.999971313249105265e-01 -1.985718904889965108e-01
9.986755428122300327e-01 -5.145009223639231827e-02 2.195394369927209939e-04 2.584658302036502420e+01 5.144983508744212924e-02 9.986750289179342488e-01 1.049326087619532671e-03 1.680690823620904606e+00 -2.732364775814102886e-04 -1.036641032312004889e-03 9.999994253584336690e-01 -2.038629617875235001e-01
9.987062562531442422e-01 -5.076953952127680192e-02 2.875339567153089009e-03 2.650222773099670448e+01 5.076388238181331336e-02 9.987086654005208342e-01 2.007460942548867922e-03 1.730104712916426646e+00 -2.973544409344927152e-03 -1.858900402912654981e-03 9.999938512425652348e-01 -2.115257310718659522e-01
9.987089549372156760e-01 -5.059856618702881365e-02 4.495378519266464423e-03 2.717068189577154058e+01 5.059270546459240098e-02 9.987183764470507485e-01 1.408084067112335856e-03 1.780614984161681846e+00 -4.560864171143434037e-03 -1.178832805752401533e-03 9.999889043740577410e-01 -2.147876916630181154e-01
9.987479464025570408e-01 -4.986066838718455907e-02 4.056267330724037251e-03 2.786528560894457840e+01 4.985954529420878745e-02 9.987561680239082085e-01 3.775940326640059709e-04 1.846651809839398029e+00 -4.070049106562145455e-03 -1.748776199953815179e-04 9.999917020246158472e-01 -2.247540026104355160e-01
9.988125111996656313e-01 -4.867953109389697164e-02 1.967415435587275586e-03 2.853893825906455461e+01 4.867891585992933923e-02 9.988144141751208460e-01 3.594255306917227936e-04 1.915085662126576826e+00 -1.982579562032443093e-03 -2.632270664489928932e-04 9.999980000428959626e-01 -2.329027119566126625e-01
9.988548474727282356e-01 -4.784218975361944487e-02 -3.443251537366855803e-04 2.923743490527119704e+01 4.784267445874194197e-02 9.988536447017223319e-01 1.573202695227775847e-03 1.961319770263657336e+00 2.686649729063764484e-04 -1.587874574423605656e-03 9.999987032358933492e-01 -2.388365811163799535e-01
9.989002470904572162e-01 -4.676348077927016539e-02 -3.387215379976448153e-03 2.995732044057582044e+01 4.676942961088185330e-02 9.989042668966592320e-01 1.698831810567910140e-03 2.010746300282367116e+00 3.304060607235757927e-03 -1.855381646632119075e-03 9.999928203454507836e-01 -2.479889543260420937e-01
9.989514629357540976e-01 -4.547558712051949503e-02 -5.286366858312639520e-03 3.067998195128083694e+01 4.548874341840050683e-02 9.989619787961289132e-01 2.395650629224462935e-03 2.058109786158266008e+00 5.171935878522645157e-03 -2.633608886380056548e-03 9.999831574499152831e-01 -2.555298294445539353e-01
9.990607721201910651e-01 -4.298024716794306838e-02 -5.501996364054803981e-03 3.138977738169072751e+01 4.298521607017861262e-02 9.990753976754964683e-01 7.880094851327340034e-04 2.112876575734301987e+00 5.463040362985499901e-03 -1.023773867180976290e-03 9.999845534192322027e-01 -2.399047320791251325e-01
9.991854788641476581e-01 -4.015749128468748541e-02 -3.969221679886203100e-03 3.215099922431531354e+01 4.017128713288202480e-02 9.991868198063693640e-01 3.459308503378834623e-03 2.156768777962920325e+00 3.827076836356509224e-03 -3.615939567284167863e-03 9.999861391359053941e-01 -2.642800839014468051e-01
9.993058910952204998e-01 -3.724354527012187221e-02 8.089240382105275518e-04 3.287436080978876163e+01 3.723937745236158281e-02 9.992954673384266684e-01 4.668803255232749014e-03 2.207650100922008196e+00 -9.822369101984296941e-04 -4.635438769729417763e-03 9.999887738960194783e-01 -2.553552922812005743e-01
9.993830636796626754e-01 -3.478785765008376302e-02 4.826695595207580909e-03 3.360167571908166195e+01 3.476321459619029913e-02 9.993825696386570145e-01 5.098863929752066489e-03 2.265770460003178943e+00 -5.001093999367500938e-03 -4.927926800634657538e-03 9.999753519943664903e-01 -2.561740457842068275e-01
9.994682380567887492e-01 -3.214544725983526502e-02 5.469125718366427136e-03 3.434476551156842561e+01 3.213909779744433121e-02 9.994826304225655766e-01 1.244940301999307658e-03 2.301311012638119990e+00 -5.506315321924141332e-03 -1.068505523796037986e-03 9.999842692700326996e-01 -2.621619105736042177e-01
9.995749460471976544e-01 -2.881635804695454814e-02 4.420943751251082271e-03 3.507813839641745801e+01 2.881587794493712870e-02 9.995847215227204874e-01 1.722689981497645541e-04 2.326785731778372224e+00 -4.424071993592997715e-03 -4.480239899367202737e-05 9.999902127419750819e-01 -2.720595255620035235e-01
9.996750531027963627e-01 -2.528183633680321576e-02 3.258366977555557722e-03 3.581185548598299562e+01 2.527915939865686343e-02 9.996800609428285744e-01 8.601473360775206472e-04 2.379097848053661313e+00 -3.279070602873089373e-03 -7.774990556645775116e-04 9.999943215794776519e-01 -2.742999622991424968e-01
9.997653437177298485e-01 -2.160167356303867997e-02 1.620246970477575571e-03 3.653899605462239464e+01 2.159781378863942503e-02 9.997639473845025826e-01 2.363038236853041117e-03 2.427811157986355273e+00 -1.670910087551920418e-03 -2.327489942725536817e-03 9.999958954165990566e-01 -2.781248001830849970e-01
9.998225891480836403e-01 -1.883011568104915254e-02 -4.658032423439170005e-04 3.723931009400435954e+01 1.883189146734045791e-02 9.998140175740560798e-01 4.158139750831770821e-03 2.448857054684419055e+00 3.874183586007622537e-04 -4.166174007821143825e-03 9.999912464122633349e-01 -2.786687291481367845e-01
9.998779582810443101e-01 -1.556536389346573242e-02 -1.337157654955246780e-03 3.797224523274155672e+01 1.557334755368782082e-02 9.998596077094461521e-01 6.183503625327254304e-03 2.474946479350976336e+00 1.240721444264452885e-03 -6.203573000810342665e-03 9.999799879459195795e-01 -2.919794179024446934e-01
9.999262086541516048e-01 -1.191255364095314406e-02 -2.380821766862731715e-03 3.870834320647255566e+01 1.192392403542922447e-02 9.999172899124187941e-01 4.820100600722919230e-03 2.494930845508902095e+00 2.323205141924977474e-03 -4.848133656902435355e-03 9.999855490545417336e-01 -2.964343054682681000e-01
9.999563365329507958e-01 -7.692817494306293177e-03 -5.305241427061819538e-03 3.940835340433738310e+01 7.713279508589309524e-03 9.999628510015250438e-01 3.847328439870862510e-03 2.516422517527786340e+00 5.275447547127555016e-03 -3.888081262159775488e-03 9.999785260080720217e-01 -2.917560177393632159e-01
9.999641623675979973e-01 -2.465949144783406016e-03 -8.098955197031005790e-03 4.012847107900945076e+01 2.511898439819680931e-03 9.999807806333508298e-01 5.668221073866167720e-03 2.539452923163864284e+00 8.084821995332057074e-03 -5.688361691166540085e-03 9.999511379035348480e-01 -2.955702329690149677e-01
9.999690983731724936e-01 2.775253148049073963e-03 -7.355288485760552199e-03 4.082972404814130840e+01 -2.712394021325595719e-03 9.999598347498518391e-01 8.542353640656873831e-03 2.556511105635260073e+00 7.378700252591591062e-03 -8.522139227518540222e-03 9.999364619442423496e-01 -2.957640341854567145e-01
9.999560177749140522e-01 7.221017084997424611e-03 -5.984933415990684180e-03 4.153826455999980283e+01 -7.163454328675445022e-03 9.999284113270706653e-01 9.584213217657990003e-03 2.556954521629952737e+00 6.053712729940829290e-03 -9.540918885449365533e-03 9.999361596767089022e-01 -2.951278956749348592e-01
9.999063208408535131e-01 1.266708005133189083e-02 -5.186002842382696036e-03 4.224372486872099586e+01 -1.261393873376495667e-02 9.998688772309418660e-01 1.015464891350329087e-02 2.581707148447980771e+00 5.313952590010175524e-03 -1.008828171240470049e-02 9.999349921269693464e-01 -2.921986063596000438e-01
9.998226814662082296e-01 1.841124467095806364e-02 -3.953693891450190886e-03 4.295142408195195571e+01 -1.836620565186369500e-02 9.997692556728463575e-01 1.114082139324646531e-02 2.595306611765065607e+00 4.157897987519941496e-03 -1.106623156403688593e-02 9.999301227602339637e-01 -2.882886713482420982e-01
9.997010814968487757e-01 2.436163715128971535e-02 -2.063562293686390867e-03 4.365243294432484333e+01 -2.433536005820372689e-02 9.996327452437245853e-01 1.192329179935220675e-02 2.587418626341554173e+00 2.353275349083930323e-03 -1.186951017539551907e-02 9.999267857314991792e-01 -3.025140244067106021e-01
9.995347939306629126e-01 3.042279960793361007e-02 2.156150737470897624e-03 4.435286135692955156e+01 -3.044528156062225113e-02 9.994725559959426464e-01 1.130020538006686059e-02 2.576201193367661180e+00 -1.811229604886307630e-03 -1.136059307222874251e-02 9.999338259966834563e-01 -3.030211167065327560e-01
9.993073004733914466e-01 3.668484434147067236e-02 6.256310112591190013e-03 4.505274568055098428e+01 -3.675001858041677255e-02 9.992678282456209926e-01 1.064159610298295172e-02 2.568238904452060378e+00 -5.861344122457384613e-03 -1.086414418728263304e-02 9.999238046052089102e-01 -3.158271598194434260e-01
9.990391212520974840e-01 4.288174479256303545e-02 9.054842427257571782e-03 4.574387023505257588e+01 -4.296084964649835719e-02 9.990386122890092535e-01 8.730209235846084909e-03 2.544565779358482605e+00 -8.671770608585821147e-03 -9.110824287416764006e-03 9.999208935087394723e-01 -3.180643727307802537e-01
9.987526269849588134e-01 4.904669615698157431e-02 9.360111469872972947e-03 4.643819587028130513e+01 -4.912436109883362018e-02 9.987585466329655937e-01 8.256068933682835995e-03 2.536784637142036392e+00 -8.943558423531445048e-03 -8.705580031856013576e-03 9.999221097860742091e-01 -3.248804399616213034e-01
9.984793635521614918e-01 5.446140700967345982e-02 8.539069445628008279e-03 4.712398611042061702e+01 -5.452986888884006622e-02 9.984800861353544388e-01 8.000686851828836543e-03 2.511057934561141014e+00 -8.090362132592033087e-03 -8.454155053096996941e-03 9.999315343076753404e-01 -3.289756805304683285e-01
9.981848433347962901e-01 5.984858266796589527e-02 6.720542338516583176e-03 4.780116907834101880e+01 -5.989680899942046582e-02 9.981784648523485126e-01 7.219735223389449862e-03 2.487742701610293761e+00 -6.276209714077845940e-03 -7.609169313700355451e-03 9.999513536837580929e-01 -3.389251788025848811e-01
9.978703618163706768e-01 6.503559438398259784e-02 5.011234537275554603e-03 4.849924460924973602e+01 -6.507518028515602015e-02 9.978467634760345151e-01 8.188866298660437901e-03 2.443693761248812990e+00 -4.467876376975390106e-03 -8.497533967274583169e-03 9.999539139366149243e-01 -3.446501815077376296e-01
9.975052431458556468e-01 7.040776959444569605e-02 5.102536355862382494e-03 4.918033602987815556e+01 -7.044834658107371195e-02 9.974811934689272741e-01 8.264329361620713355e-03 2.428165007260518315e+00 -4.507811056418597681e-03 -8.603177118941224971e-03 9.999528313790304601e-01 -3.479738035353568959e-01
9.971145691437158787e-01 7.554078731318118745e-02 7.491692295235832626e-03 4.987701763893723239e+01 -7.560574327680093243e-02 9.970989306841289146e-01 8.803068336046522904e-03 2.397127510954473184e+00 -6.804967663717486660e-03 -9.344082655422103825e-03 9.999331880352928525e-01 -3.594671212079400546e-01
9.967166798680179296e-01 8.053048368267308466e-02 8.408404766058773239e-03 5.057694446036796165e+01 -8.058520510757709310e-02 9.967272720368952621e-01 6.385130825496949589e-03 2.345534915615388183e+00 -7.866688670901376274e-03 -7.041759419612630966e-03 9.999442628635014652e-01 -3.670372780591018014e-01
9.963028298818408235e-01 8.552222550098036169e-02 8.162114603160080736e-03 5.125871826125796815e+01 -8.555058086676471663e-02 9.963287222524956910e-01 3.189879005288563055e-03 2.312562368519778033e+00 -7.859343661833788700e-03 -3.876359125351114699e-03 9.999616015413473891e-01 -3.733350364688302059e-01
9.959572631520536845e-01 8.965371270579260143e-02 5.598372329350171164e-03 5.195751497138875408e+01 -8.965607918371125418e-02 9.959727695315216955e-01 1.726763288262878385e-04 2.248227530775793515e+00 -5.560345319755842855e-03 -6.739063567290906522e-04 9.999843140820496856e-01 -3.816914916973130900e-01
