1.000000000000000000e+00 0.000000000000000000e+00 0.000000000000000000e+00 0.000000000000000000e+00 0.000000000000000000e+00 1.000000000000000000e+00 0.000000000000000000e+00 0.000000000000000000e+00 0.000000000000000000e+00 0.000000000000000000e+00 1.000000000000000000e+00 0.000000000000000000e+00
9.999999210722472220e-01 3.972360751776795955e-04 7.681133442547872773e-06 2.754426811501882108e-03 -3.972358552484902606e-04 9.999999206924898854e-01 -2.861274579415460254e-05 -3.539028643478522445e-05 -7.692498848215629698e-06 2.860969231420254817e-05 9.999999995611554837e-01 -6.484240410728256800e-04
9.999999928729048637e-01 -1.193790609143710509e-04 -1.682297430842709656e-06 1.011724873002415453e-03 1.193790326695007140e-04 9.999999927335462280e-01 -1.677957364187449357e-05 -1.261327372063498033e-04 1.684300548362283817e-06 1.677937269124491699e-05 9.999999998578078531e-01 -5.801395531451878805e-04
9.999999009760657254e-01 4.449679548882301701e-04 7.167842084309928498e-06 1.294312583527569950e-03 -4.449679818035301286e-04 9.999999009946969331e-01 3.753850404045471955e-06 -2.064660176723752232e-03 -7.166171031518305966e-06 -3.757039492550577651e-06 9.999999999672652962e-01 -4.060287365746168475e-04
9.999999866508708646e-01 -1.621017632183307914e-04 -2.052502186152780698e-05 1.560491179579911276e-03 1.621014828577636727e-04 9.999999867682515253e-01 -1.366037965281648131e-05 1.026944633852559102e-04 2.052723596157383270e-05 1.365705233398286724e-05 9.999999996960587945e-01 -4.139155963023464189e-04
9.999999942648837292e-01 -1.065466072426327028e-04 -1.086521579984887354e-05 -2.098155724793175983e-03 1.065465192040046115e-04 9.999999942910898776e-01 -8.103053024172284205e-06 -1.917327544987244056e-03 1.086607909062836651e-05 8.101895326776460359e-06 9.999999999081438107e-01 -7.465007805995977491e-04
9.999999981963404450e-01 -5.715810484559188172e-05 -1.844641415394858213e-05 -1.703804372061980786e-03 5.715765046029713770e-05 9.999999980631263385e-01 -2.463230391875212763e-05 -1.173312021701166177e-03 1.844782205403018186e-05 2.463124952063137902e-05 9.999999995264896580e-01 -1.434147028369372155e-04
9.999999889892509097e-01 1.472137789055652784e-04 -1.869762947310261043e-05 -2.432556871982713247e-03 -1.472136160500083304e-04 9.999999891261345253e-01 8.711035081610971428e-06 -1.360966239064794348e-03 1.869891165417964717e-05 -8.708282440049652177e-06 9.999999997872582869e-01 -4.535954885548159569e-04
9.999999299982668122e-01 3.741662737568415180e-04 -1.749608508175142375e-06 -3.441513120988532771e-04 -3.741662884271926065e-04 9.999999299645778716e-01 -8.392137608371409260e-06 -3.036789707288774232e-04 1.746468330782792934e-06 8.392791665428936716e-06 9.999999999632555037e-01 -1.276382030498742371e-04
9.999998781891374922e-01 4.932829383878090243e-04 1.713629976670213604e-05 1.683564532774926847e-03 -4.932824197651318856e-04 9.999998778785184061e-01 -3.025562098384600046e-05 2.156845631514505519e-04 -1.715122225561348240e-05 3.024716426296797402e-05 9.999999993954723498e-01 -2.112219474454528920e-04
9.999999993080525007e-01 3.562743826971590487e-05 -1.070423933286422760e-05 9.919428687944079406e-04 -3.562751343693797449e-05 9.999999993406852861e-01 -7.022083219051182258e-06 -1.771722692894835789e-04 1.070398914697035474e-05 7.022464579622932215e-06 9.999999999180547716e-01 -5.428933678647403184e-04
9.999999542606943237e-01 -3.022922663871452104e-04 -9.899241780421478895e-06 -1.270252311521564330e-03 3.022921432937997980e-04 9.999999542324298218e-01 -1.243375991521307774e-05 -1.561271483103098792e-04 9.902999956821717821e-06 1.243076688348674652e-05 9.999999998737033602e-01 -6.164031110894314502e-04
9.999998632181628100e-01 5.230030102268657614e-04 5.613110618235606310e-06 6.793049296514065694e-04 -5.230030036722241663e-04 9.999998632332363080e-01 -1.169142151532337833e-06 -4.203689996484853654e-04 -5.613721315413267014e-06 1.166206317901644860e-06 9.999999999835630371e-01 -1.660367383395499209e-04
9.999999388754829965e-01 -3.145865362265856495e-04 1.525920755028659819e-04 -2.454977996166455862e-03 3.145997299454964501e-04 9.999999467769019601e-01 -8.644768990057557253e-05 3.194113067091494196e-04 -1.525648721021123937e-04 8.649569004224731857e-05 9.999999846212276333e-01 8.542496943015695380e-04
9.999997461380661923e-01 4.319494712038509428e-04 5.666952068569614453e-04 -1.054051320304454434e-02 -4.316995017327757839e-04 9.999998095117201835e-01 -4.411485730050237856e-04 -4.463599649750025870e-04 -5.668856528009980902e-04 4.409038189757594726e-04 9.999997421222063254e-01 4.561988611250365755e-03
9.999998233539373338e-01 -2.907070515301566813e-04 5.184414184468613815e-04 -1.378392262514665026e-02 2.908681909091374103e-04 9.999999094098699359e-01 -3.107667090570753418e-04 -1.750526937039565811e-03 -5.183510294074822116e-04 3.109174522788358207e-04 9.999998173212574226e-01 3.026326447490848386e-03
9.999999662189297256e-01 1.557917799384160292e-04 2.080650398774174295e-04 -6.995382903672507993e-03 -1.557774197287316797e-04 9.999999854839676239e-01 -6.903231096508705340e-05 -3.199159993717272128e-03 -2.080757915237370999e-04 6.899989679805384872e-05 9.999999759717392855e-01 -8.999652211647193173e-04
9.999999646082498028e-01 6.440322439586926328e-05 -2.581389623464424308e-04 6.254886776062074279e-03 -6.442029121860337354e-05 9.999999957399389183e-01 -6.610709593701223641e-05 -1.273283170178873651e-03 2.581347037366208763e-04 6.612372298449562577e-05 9.999999644970634094e-01 -1.261614510325534746e-03
9.999999162537823727e-01 -2.768191192287242043e-04 -3.014359026400921905e-04 1.825621881538236693e-02 2.768171170531110760e-04 9.999999616638043376e-01 -6.683828270234715073e-06 -3.470083639034986928e-04 3.014377412956412931e-04 6.600385092944245299e-06 9.999999545458604366e-01 -1.420967764743414187e-03
9.999999939129843307e-01 1.311301347810220431e-05 -1.095540055070756458e-04 3.929708410506000532e-02 -1.312025794374316044e-05 9.999999977275768615e-01 -6.612643273538146044e-05 2.512504704783624730e-03 1.095531381413188723e-04 6.612786970967985593e-05 9.999999918126073473e-01 -2.794795112565637892e-04
9.999999917581305908e-01 1.252134800001941824e-04 2.837821816436229957e-05 5.726478624672946133e-02 -1.252118345435603334e-04 9.999999904803060780e-01 -5.797744628982514096e-05 1.549643921328338128e-03 -2.838547745202182074e-05 5.797389252322516248e-05 9.999999979166461772e-01 5.829294651680182963e-04
9.999999884410946116e-01 3.358984487481597541e-05 -1.482886808704906580e-04 8.037865316765918644e-02 -3.360028487810250240e-05 9.999999969573383218e-01 -7.040130807874549017e-05 5.142635718592902198e-04 1.482863156502810286e-04 7.040628980690487695e-05 9.999999865270613464e-01 7.480363667210262590e-04
9.999999546845667053e-01 -1.804504993720050597e-04 -2.409740274497671234e-04 1.046634341953866093e-01 1.804168480956965372e-04 9.999999739722353898e-01 -1.396613386480046208e-04 -1.189197248352106152e-03 2.409992231360538653e-04 1.396178565446851432e-04 9.999999612131135196e-01 1.247391408889262764e-03
9.999998975908760412e-01 -3.786197417912986487e-04 -2.479220209217357276e-04 1.396071296257877237e-01 3.785525821726885734e-04 9.999998916607056865e-01 -2.708810060639093003e-04 -2.697845088416028769e-04 2.480245549586109757e-04 2.707871268020253493e-04 9.999999325790738247e-01 2.342439729906843713e-03
9.999997463217386029e-01 -6.910096813873737405e-04 -1.728064774233847465e-04 1.717631387418314115e-01 6.909776811943241009e-04 9.999997441308224877e-01 -1.851705530068719751e-04 -1.957315484323309158e-03 1.729343878523691125e-04 1.850511006140626415e-04 9.999999679248933182e-01 2.437334138140187859e-03
9.999995564429352557e-01 -8.918968672917293060e-04 -3.027109361873240949e-04 2.123166718560897392e-01 8.918326266817831359e-04 9.999995797844475343e-01 -2.122863497531497616e-04 -5.255834099308575279e-03 3.029001465137944678e-04 2.120162881026943274e-04 9.999999316502951041e-01 3.055738068607759782e-03
9.999994793348054856e-01 -8.197991465322435490e-04 -6.076672422360715822e-04 2.572553560178020837e-01 8.196419375415414394e-04 9.999996305755306514e-01 -2.589129130729019316e-04 -4.319923254214427973e-03 6.078792743340864519e-04 2.584147087101527343e-04 9.999997818522893267e-01 3.322164379290887606e-03
9.999989155247394068e-01 -1.022068433313570680e-03 -1.060342144231620713e-03 3.158907281696647917e-01 1.021819950451086307e-03 9.999994503628364395e-01 -2.348574330480884820e-04 -5.901270989383365292e-03 1.060581601796819519e-03 2.337736995937326080e-04 9.999994102580878064e-01 3.145987884630125492e-03
9.999978554419387544e-01 -1.455009663980176343e-03 -1.473790487529987297e-03 3.940588610215084997e-01 1.454746274853683250e-03 9.999989256971322238e-01 -1.797716809350367471e-04 -3.011164287505093719e-03 1.474050473765710443e-03 1.776273041825801645e-04 9.999988978112633875e-01 3.023239562064690411e-03
9.999971312956036362e-01 -1.699124173807229667e-03 -1.688306134953045795e-03 4.742414515424927535e-01 1.698706062338496258e-03 9.999985261836815686e-01 -2.490545693362216859e-04 -3.373657637549641944e-03 1.688726821339269803e-03 2.461859190057557201e-04 9.999985437960478007e-01 3.840497832076153646e-03
9.999963003190095456e-01 -1.922178865441675653e-03 -1.924727695668176919e-03 5.703235268458948237e-01 1.921876883974059412e-03 9.999981405948192847e-01 -1.587329419829093427e-04 -7.377729112003905687e-03 1.925029229925856976e-03 1.550332650554120308e-04 9.999981351118364392e-01 2.792223665935044015e-03
9.999943872620357110e-01 -2.263331200085331053e-03 -2.470379789519173974e-03 6.783387584343963939e-01 2.263063506711741630e-03 9.999974330911970410e-01 -1.111511648665084053e-04 -1.096219244700895323e-02 2.470625020178913826e-03 1.055599146547665145e-04 9.999969424298826848e-01 1.627301674894515542e-03
9.999922923688157050e-01 -2.504549180459938237e-03 -3.023646203459334075e-03 7.914553093208991363e-01 2.503422332490958750e-03 9.999967955925326279e-01 -3.764057539598875362e-04 -9.259587341672814720e-03 3.024579241187461826e-03 3.688333893318687163e-04 9.999953579303979545e-01 2.721041765926676681e-03
9.999895406137162546e-01 -3.048388938786161188e-03 -3.409690315345305801e-03 9.119571940686016509e-01 3.046646092592708317e-03 9.999952257196343952e-01 -5.162223590882137995e-04 -1.013811623218356141e-03 3.411247683057179025e-03 5.058288400429538680e-04 9.999940537455357381e-01 2.798193054679715217e-03
9.999880639497537027e-01 -3.511352222026075613e-03 -3.397405421233035908e-03 1.044766685476033574e+00 3.510457482989216577e-03 9.999938020671949035e-01 -2.692869396506605405e-04 -2.552002566726108146e-04 3.398329925636428463e-03 2.573572781445025975e-04 9.999941925436106605e-01 7.114009330795288428e-04
9.999866200142387695e-01 -3.837964746808739114e-03 -3.468402961120282957e-03 1.183795777743068767e+00 3.837308288362634330e-03 9.999926183162907156e-01 -1.959031122200304530e-04 -6.243390478010596954e-03 3.469129227705138215e-03 1.825911596090900105e-04 9.999939658832296407e-01 1.208625650911352876e-03
9.999831653284999566e-01 -4.041544793258561481e-03 -4.163529185428580491e-03 1.334539469690370961e+00 4.040815105584248494e-03 9.999918190087441205e-01 -1.836542011692070795e-04 -7.299407743929400665e-03 4.164237370313216176e-03 1.668270577860401203e-04 9.999913156102189227e-01 -1.424911387614707751e-03
9.999774404570140884e-01 -4.603893466082458613e-03 -4.891088017184326044e-03 1.502477922882175854e+00 4.601670940542399585e-03 9.999893038821686675e-01 -4.655596747496652593e-04 -4.947181826842412394e-03 4.893179088675221784e-03 4.430419943398579852e-04 9.999879301832584888e-01 6.106060750695639291e-04
9.999730431811206799e-01 -5.286332379529804643e-03 -5.095841545975809093e-03 1.672799627686053281e+00 5.282726673474451295e-03 9.999857865374075505e-01 -7.207787841937045911e-04 -1.779860002066805790e-03 5.099579392647979152e-03 6.938394162318414424e-04 9.999867563507441881e-01 6.000631473825370626e-03
9.999654332133781631e-01 -5.978327939168237397e-03 -5.778578841960532904e-03 1.865105524419750971e+00 5.972537288689351055e-03 9.999816452266845346e-01 -1.018826809812742058e-03 3.114512418061390897e-03 5.784563658238080740e-03 9.842788146345619535e-04 9.999827848610689518e-01 1.018864761010002465e-02
9.999557988314896617e-01 -6.957778345521250032e-03 -6.323741279643313624e-03 2.062862238746356436e+00 6.952608582855649907e-03 9.999754782443045498e-01 -8.391328667203426604e-04 1.179524513779778641e-02 6.329424710893655735e-03 7.951292781704915203e-04 9.999796528691271558e-01 1.094022451016021281e-02
9.999502654687686398e-01 -7.558836271401359053e-03 -6.506195751844392507e-03 2.272599031906093803e+00 7.554868770145896015e-03 9.999712604833116414e-01 -6.341650279926328536e-04 1.615642564814964016e-02 6.510802316538649888e-03 5.849800329941771872e-04 9.999786333975121400e-01 1.232850775309597691e-02
9.999398525797318360e-01 -8.176155463526860179e-03 -7.310383345653829502e-03 2.490273181578430250e+00 8.172256451245099584e-03 9.999664480278758205e-01 -5.630657231298327780e-04 1.487975048105980025e-02 7.314741780764092739e-03 5.032895287215508875e-04 9.999731202649054795e-01 1.427286284792455943e-02
9.999329191986408016e-01 -8.838636656873791880e-03 -7.485693350137320040e-03 2.726361357391168028e+00 8.835264291575696538e-03 9.999608514200986065e-01 -4.834584672838109615e-04 2.009603834485583149e-02 7.489673409604095944e-03 4.172879573482477325e-04 9.999718649356981182e-01 1.558651753299719264e-02
9.999204853631219470e-01 -9.673044993479195178e-03 -8.090435818463619783e-03 2.965887975528174181e+00 9.669551605220505844e-03 9.999531379624998495e-01 -4.707979435958312576e-04 1.731192877996437507e-02 8.094610733848144057e-03 3.925296216129448967e-04 9.999671610595838311e-01 1.443008716378245578e-02
9.999119033235954745e-01 -1.011244667472392493e-02 -8.597907538210203954e-03 3.226823282968381168e+00 1.011056790851424907e-02 9.999488525905521064e-01 -2.619530599015896469e-04 1.881456628639784079e-02 8.600116763862488550e-03 1.750002546714374469e-04 9.999630029988904045e-01 1.597616284082731958e-02
9.999105395308632849e-01 -1.063469555910600758e-02 -8.112717514062704055e-03 3.485425668432803992e+00 1.062509659160574757e-02 9.999428012411782918e-01 -1.225384986264961128e-03 1.953995067867858940e-02 8.125285072961854760e-03 1.139076955541888821e-03 9.999663405566071583e-01 2.743409115191360048e-02
9.999028150968743978e-01 -1.124123556471020441e-02 -8.245907125628670897e-03 3.756076155607616762e+00 1.123240209902872516e-02 9.999362909361801943e-01 -1.116786407733429956e-03 2.492895920832305379e-02 8.257935845690150822e-03 1.024056528448275124e-03 9.999653783025664877e-01 1.745192952333154621e-02
9.998882695213721084e-01 -1.197226700369993443e-02 -8.950603127611029067e-03 4.033995342395864547e+00 1.196767357314703489e-02 9.999282243101476064e-01 -5.665837992928081076e-04 1.573313475859095673e-02 8.956743984422055674e-03 4.594025980996925790e-04 9.999597820344827692e-01 6.964265219392438110e-03
9.998580330886043255e-01 -1.258674755280988003e-02 -1.120211829205808654e-02 4.325925434406709513e+00 1.258177104349317288e-02 9.999207139625057028e-01 -5.146125940595394199e-04 -2.378048177012254474e-03 1.120770741929609168e-02 3.735970485461939010e-04 9.999371218829955499e-01 -1.711733320225226115e-03
9.998371441266874493e-01 -1.259660193255941751e-02 -1.292326755671158525e-02 4.611770432897285943e+00 1.258267595465947797e-02 9.999201640754902254e-01 -1.158335471620215674e-03 -1.293770612213640536e-02 1.293682690653887024e-02 9.955375419439303850e-04 9.999158201641740185e-01 -5.965385044227976448e-03
9.998188456229872845e-01 -1.297573125916182124e-02 -1.392502550830928415e-02 4.913993609510143301e+00 1.296052869017317796e-02 9.999153108667715451e-01 -1.181435685421599897e-03 -2.728756346352610718e-02 1.393917620192281631e-02 1.000745970564191015e-03 9.999023441688263958e-01 -8.237241136141722209e-03
9.997987169030700949e-01 -1.306683397838213218e-02 -1.522443853664563751e-02 5.236947508540803042e+00 1.304480096243596302e-02 9.999137183819764019e-01 -1.545625886168633823e-03 -2.999993130441061875e-02 1.524332138430245162e-02 1.346715007328188468e-03 9.998829069005349401e-01 -1.024865484378660249e-02
9.997722546212245431e-01 -1.324252095599744335e-02 -1.673542734211609651e-02 5.538509363498784310e+00 1.319638278755342654e-02 9.999088213288270799e-01 -2.864351605533951763e-03 -3.187082043938180287e-02 1.677183266425116143e-02 2.642852157372751771e-03 9.998558500911801650e-01 -2.145383415279870226e-03
9.997330573509132234e-01 -1.396137472141993977e-02 -1.840907536200163050e-02 5.879206566491402164e+00 1.389427282109191933e-02 9.998963705822411230e-01 -3.767927710899524052e-03 -3.084529410682748315e-02 1.845977309093547666e-02 3.511141174831116339e-03 9.998234387456025329e-01 9.079798008416115063e-04
9.996758483228066483e-01 -1.456663182300155582e-02 -2.088088880795060595e-02 6.226485976978316295e+00 1.450350583301096216e-02 9.998897891554395789e-01 -3.171413130207325487e-03 -1.865351945930485492e-02 2.092478431498627153e-02 2.867539018697531049e-03 9.997769404328885612e-01 -4.179760722042760029e-04
9.996877593292605724e-01 -1.511093525308507442e-02 -1.990084126411523560e-02 6.606328813117563925e+00 1.508899234808412128e-02 9.998853704372928641e-01 -1.252316013257291378e-03 -6.098828552221502615e-03 1.991748370557635747e-02 9.516413477106624866e-04 9.998011743449711775e-01 -6.831403521699971199e-03
9.997129822117878373e-01 -1.731646820321315963e-02 -1.655575809743373844e-02 6.988268264728834112e+00 1.732006536690937001e-02 9.998499936858181725e-01 7.390639592107250445e-05 6.670464375017377476e-03 1.655199483142807265e-02 -3.606319959170718845e-04 9.998629413132901211e-01 2.904869826096220797e-02
9.997205595733187344e-01 -1.870219292552119730e-02 -1.445789563480941002e-02 7.375714026569666792e+00 1.872121276710252483e-02 9.998240448803059621e-01 1.181300856213870131e-03 -2.636006139209931542e-04 1.443325877753646840e-02 -1.451640093342400567e-03 9.998947813555684183e-01 4.817122636257648027e-02
9.997274031542627837e-01 -1.982552065024556498e-02 -1.233159005889873823e-02 7.760642206519682063e+00 1.982601889001997519e-02 9.998034418198075146e-01 -8.185498977293142661e-05 -4.539331866223702758e-03 1.233078900178795172e-02 -1.626536610907974097e-04 9.999239597021265524e-01 7.017428559238310382e-02
9.997084130357372089e-01 -2.128337002997772107e-02 -1.140644842774578109e-02 8.147634156647226789e+00 2.126752718412475499e-02 9.997726825908944681e-01 -1.508453671509004312e-03 -1.119675875621045646e-02 1.143596052110589477e-02 1.265426874070797779e-03 9.999338065601073300e-01 8.874312818686229398e-02
9.996547434823342959e-01 -2.223365981396947799e-02 -1.400207857945077322e-02 8.521839094226002942e+00 2.219353807137195572e-02 9.997491488819274519e-01 -3.014328737269538535e-03 -6.105040442508280832e-03 1.406558570209569953e-02 2.702532356595226549e-03 9.998974225477924582e-01 1.006393275032665957e-01
9.995828419780022900e-01 -2.409399085462857193e-02 -1.592550243719467393e-02 8.894885625931820528e+00 2.403216993333780194e-02 9.997029335551603779e-01 -4.061951440113404331e-03 4.440091330012158402e-03 1.601864012565340847e-02 3.677532583640748427e-03 9.998649303394039345e-01 1.134801451017136142e-01
9.995450904381891766e-01 -2.544473923921160979e-02 -1.619189383490127546e-02 9.291323277721190266e+00 2.536917879944972781e-02 9.996663611763074719e-01 -4.855007678883110911e-03 2.227744592351578110e-02 1.631002599488239405e-02 4.442024039668004270e-03 9.998571155292526047e-01 1.410287324378743656e-01
9.995137179301356589e-01 -2.689525146557806418e-02 -1.577888202885667501e-02 9.676520367907116338e+00 2.681257291159892808e-02 9.996257401552356425e-01 -5.428218212033751947e-03 4.436932921528122936e-02 1.591896992074067624e-02 5.002506141983690743e-03 9.998607709721198944e-01 1.633236577892045460e-01
9.994782212551144296e-01 -2.772096936072009077e-02 -1.657809079522251303e-02 1.009273425375645594e+01 2.766521200972506950e-02 9.996108223131099368e-01 -3.583288847556152009e-03 5.199596155340899251e-02 1.667097121254748973e-02 3.122782767032409538e-03 9.998561531273487679e-01 1.407598036527486218e-01
9.993990000941095353e-01 -2.871856534695237800e-02 -1.941346479397520336e-02 1.051222852143162001e+01 2.868896963747152168e-02 9.995867637180009257e-01 -1.801338644897646987e-03 6.207990929667332042e-02 1.945717430754850819e-02 1.243303738509109625e-03 9.998099182163474596e-01 1.160978353554605047e-01
9.993097357719161744e-01 -2.984960299674688233e-02 -2.211454707652123555e-02 1.094873459245719260e+01 2.981478731119585612e-02 9.995536299495899613e-01 -1.902448997029718061e-03 6.509283629930720516e-02 2.216146315231079175e-02 1.241795286971405805e-03 9.997536333994561097e-01 1.159687592918770688e-01
9.992478820174822696e-01 -3.055849140547003615e-02 -2.387150784088953523e-02 1.140387248217658112e+01 3.050157614782518165e-02 9.995309499512862184e-01 -2.744802721099092076e-03 8.001263736871175314e-02 2.394418793933631232e-02 2.014619691441792322e-03 9.997112669023114906e-01 1.292319882612989745e-01
9.992048112826663608e-01 -3.137015959478713090e-02 -2.461012386333708002e-02 1.187190575378257762e+01 3.131317451285173248e-02 9.995059820808203099e-01 -2.697570496321721831e-03 1.060287868072510159e-01 2.468258923814316275e-02 1.924804315383263787e-03 9.996934854828496420e-01 1.434067379750626481e-01
9.991813997641960654e-01 -3.237813453144355869e-02 -2.425256212290747421e-02 1.235097513497156108e+01 3.233465653658718075e-02 9.994747146420774886e-01 -2.182837098504250735e-03 1.263605656851411740e-01 2.431049880036779964e-02 1.396851961164236695e-03 9.997034802643611773e-01 1.499518057378748659e-01
9.991406943297322929e-01 -3.321675338404955768e-02 -2.478951852948669751e-02 1.284503740654667325e+01 3.318710920769166184e-02 9.994478652017618758e-01 -1.606401592861487907e-03 1.327715438162691552e-01 2.482919081922082064e-02 7.823287442198440574e-04 9.996914020061384853e-01 1.553363676174083219e-01
9.990503359321820653e-01 -3.409474360047936442e-02 -2.712885424436127513e-02 1.334213386646170107e+01 3.404613986012015175e-02 9.994177257810384907e-01 -2.251611707645404664e-03 1.410549486557815813e-01 2.718982593580483026e-02 1.325840667063637188e-03 9.996294090872407390e-01 1.635437578072898857e-01
9.989622737303421873e-01 -3.516437914418747701e-02 -2.894550229152415693e-02 1.385369287609423594e+01 3.510588631860406261e-02 9.993804044191074709e-01 -2.526659630111180790e-03 1.515786461298135046e-01 2.901641620341915279e-02 1.507880136157390555e-03 9.995777978167607047e-01 1.720871823553151991e-01
9.988978122800377113e-01 -3.621983146693549122e-02 -2.985438712587053928e-02 1.438056138281635832e+01 3.614844813748565450e-02 9.993421433788407526e-01 -2.927484284516782692e-03 1.769926778943150258e-01 2.994078020703642984e-02 1.845067882592054710e-03 9.995499714396987034e-01 1.835272455072533004e-01
9.988106086794216187e-01 -3.733727208125439678e-02 -3.135755256670665764e-02 1.492691450292144850e+01 3.728520588128290958e-02 9.993021461163850150e-01 -2.243699974910663090e-03 1.955228533048382344e-01 3.141944321329926543e-02 1.071858534251713367e-03 9.995057126937538783e-01 1.839645987651187531e-01
9.987443152726022122e-01 -3.878665292792339570e-02 -3.170785810031433866e-02 1.547872581944887216e+01 3.878879734264786827e-02 9.992472813156236811e-01 -5.477079932237552276e-04 1.987643634708179119e-01 3.170523476291969150e-02 -6.828894373609378310e-04 9.994970293856028087e-01 1.888373042747444053e-01
9.987128421288995472e-01 -3.930254498685939457e-02 -3.206195446899215429e-02 1.603949688967781739e+01 3.929543124281371924e-02 9.992272728702826790e-01 -8.521946132850616437e-04 2.099633737035448422e-01 3.207067274406839863e-02 -4.087906230656428294e-04 9.994855200751882052e-01 2.132262693582482882e-01
9.986280136577081468e-01 -4.076719961597914665e-02 -3.286526697793826918e-02 1.662867715700150129e+01 4.072869542907853191e-02 9.991685473700933073e-01 -1.840465968970899507e-03 2.150353987140154466e-01 3.291297170882032802e-02 4.993814258582186111e-04 9.994580966261096266e-01 2.393100429615134528e-01
9.985666088127158613e-01 -4.116147425774519669e-02 -3.421199791303287246e-02 1.720839173644823106e+01 4.109649531756057877e-02 9.991517976526670397e-01 -2.600638394230703372e-03 2.371152180597307368e-01 3.429002532641391848e-02 1.190917450037752828e-03 9.994112146052499535e-01 2.667410488129688950e-01
9.984927195468866756e-01 -4.203181961335979849e-02 -3.529327346467509008e-02 1.779147674166510740e+01 4.194052094804921055e-02 9.991145813686265198e-01 -3.323552196147893083e-03 2.740547571757936396e-01 3.540171908917137678e-02 1.838324395817302667e-03 9.993714719006877578e-01 2.925713146686638177e-01
9.984005003804230505e-01 -4.357489090939489079e-02 -3.602318312358464975e-02 1.837645766996597274e+01 4.350785569077521980e-02 9.990495886850043750e-01 -2.643074254405654994e-03 2.955318804942638211e-01 3.610411795504298721e-02 1.071555205277929280e-03 9.993474593133913064e-01 3.072534538722355157e-01
9.983127369547023511e-01 -4.517138449558080054e-02 -3.648595972101765367e-02 1.895840067975812460e+01 4.515261004028572195e-02 9.989792036759895799e-01 -1.338816430888784123e-03 3.174791826205767276e-01 3.650919117922512419e-02 -3.108788158281737893e-04 9.993332688917149209e-01 3.194289674633167819e-01
9.982313277784568006e-01 -4.678193890409383660e-02 -3.668332637633708870e-02 1.956007435742528600e+01 4.675782840789782790e-02 9.989051051851431939e-01 -1.515360562872956679e-03 3.306810883035036230e-01 3.671405349776593607e-02 -2.025522933959008308e-04 9.993257913455109165e-01 3.479203533708064011e-01
9.981044206569932298e-01 -4.815771331961239687e-02 -3.831970919506093309e-02 2.016267774089153875e+01 4.810123537840939323e-02 9.988395943279894107e-01 -2.394985964144965770e-03 3.438330817069092937e-01 3.839057983462697277e-02 5.472207266007170483e-04 9.992626601296765720e-01 3.655054458801307860e-01
9.980067870503512850e-01 -4.882261508164579406e-02 -3.998506293635581410e-02 2.077075505441502301e+01 4.873134914916658206e-02 9.988066196339357994e-01 -3.254563800636637531e-03 3.638428084922329941e-01 4.009624186300886350e-02 1.299550699220795424e-03 9.991949772474055802e-01 3.943577490252531126e-01
9.979078247260390055e-01 -4.959102305776084268e-02 -4.148136669192112325e-02 2.137974114433366069e+01 4.947337678411353051e-02 9.987679894904122335e-01 -3.858517702050403599e-03 3.960913404889020994e-01 4.162160905253577126e-02 1.798221722850642428e-03 9.991318271672229301e-01 4.187918407067287019e-01
9.977773110239620546e-01 -5.052088082855556161e-02 -4.345202188734731408e-02 2.199374734183457747e+01 5.040193710883868194e-02 9.987216736672731576e-01 -3.829266629187684165e-03 4.159507159641918639e-01 4.358993394659245457e-02 1.630689286046718050e-03 9.990481762712867253e-01 4.365233378708262002e-01
9.976885883175796721e-01 -5.117800474667635879e-02 -4.470226583769897066e-02 2.261363499906903485e+01 5.106689931194670351e-02 9.986886570370020477e-01 -3.624651747804647633e-03 4.435350371042921513e-01 4.482914828031683840e-02 1.333467576860418230e-03 9.989937784234108609e-01 4.606637245992275531e-01
9.975981360604720960e-01 -5.164853663834687719e-02 -4.615612193186451051e-02 2.323177333094180597e+01 5.153679768121360166e-02 9.986645772158219136e-01 -3.608420583776055044e-03 4.737978847548058314e-01 4.628085363773511152e-02 1.221014930745306214e-03 9.989277209633845578e-01 4.805462053619876661e-01
9.975257457724369115e-01 -5.182782974997406783e-02 -4.750013246877564377e-02 2.386509405790288696e+01 5.174301333708147127e-02 9.986558839898582729e-01 -3.014289838980952277e-03 5.012619438787434545e-01 4.759251088083228665e-02 5.490317317587590108e-04 9.988666835330004545e-01 4.987515148029847412e-01
9.974759469245538801e-01 -5.182163030151386296e-02 -4.854126017995100129e-02 2.448903388223992295e+01 5.176224929143724562e-02 9.986563558869816504e-01 -2.480402149937688608e-03 5.276388550197198546e-01 4.860457648468487213e-02 -3.846332709234417772e-05 9.988180983869470175e-01 5.206882908543311039e-01
9.974136067269954165e-01 -5.181523769122937939e-02 -4.981243076630556543e-02 2.515194450472873200e+01 5.173882126759070388e-02 9.986566598227335501e-01 -2.823148161407293064e-03 5.544995632202007751e-01 4.989179781975076888e-02 2.386099376718150630e-04 9.987546002775710141e-01 5.533999988842511764e-01
9.973987271387250164e-01 -5.146772646426650555e-02 -5.046634754616887569e-02 2.581191376018460915e+01 5.140296015201731294e-02 9.986746581092924568e-01 -2.581266723534650191e-03 5.901915755896622873e-01 5.053231431135312562e-02 -1.956750747456807542e-05 9.987224263164672378e-01 5.895089010641010319e-01
9.974244264536413773e-01 -5.090504037407313914e-02 -5.052910426811987182e-02 2.647413007174865029e+01 5.084865859065546695e-02 9.987034828165559652e-01 -2.401526517050316806e-03 6.315505076235297111e-01 5.058584222048207596e-02 -1.739959629391359033e-04 9.987197015640821851e-01 6.310208023343458761e-01
9.974315596341463142e-01 -5.049960646334425429e-02 -5.079442482046389595e-02 2.715472327208500047e+01 5.043496867674429618e-02 9.987240807893719152e-01 -2.554287767657883144e-03 6.595568768450698061e-01 5.085860576510352338e-02 -1.408799292391526431e-05 9.987058636160890401e-01 6.656346999814809484e-01
9.974175006080064909e-01 -4.992353087823964142e-02 -5.163303734554914454e-02 2.783518510623390085e+01 4.984891208061974222e-02 9.987530315381933921e-01 -2.732756419269902898e-03 6.892479519477808791e-01 5.170508142587209449e-02 1.518483383850367883e-04 9.986623861429978488e-01 7.034928709190251261e-01
9.973642903760464584e-01 -4.945222250488689325e-02 -5.309378468344903845e-02 2.850735964473572892e+01 4.932128862244229001e-02 9.987758332223355406e-01 -3.774315785834063495e-03 7.154714673684448023e-01 5.321543734018385763e-02 1.145713906963305700e-03 9.985823974857239715e-01 7.390161665603973695e-01
9.973111552107667421e-01 -4.851906286783248118e-02 -5.492140047916899831e-02 2.923780573572683039e+01 4.840734199569527579e-02 9.988220143632632331e-01 -3.363460156606653401e-03 7.443808819878047212e-01 5.501989579304691208e-02 6.958173184130917333e-04 9.984850158641248585e-01 7.674223590115645255e-01
9.972332402480779123e-01 -4.728077208695607991e-02 -5.736194849532701839e-02 2.995825806370241295e+01 4.717347837842544855e-02 9.988815092431682086e-01 -3.223884267567395968e-03 7.757773859764461877e-01 5.745021742343071197e-02 5.090019172423723617e-04 9.983482425662143500e-01 7.933691434292272637e-01
9.972411982577554790e-01 -4.575063847585451871e-02 -5.845401249262332372e-02 3.067650123092841596e+01 4.571557571889736660e-02 9.989526172821281413e-01 -1.937669186375140734e-03 7.993693117793391201e-01 5.848143837257992889e-02 -7.399352929320179937e-04 9.982882218385812356e-01 8.139935675443188412e-01
9.972031585508277507e-01 -4.350938715856050160e-02 -6.076836187803018319e-02 3.140282268042659553e+01 4.346492490210775855e-02 9.990528421975019002e-01 -2.053971846822150952e-03 8.209870224814777018e-01 6.080017170622854794e-02 -5.930650722271640701e-04 9.981497820439141355e-01 8.440280862153894947e-01
9.972046847597049180e-01 -4.099841891447471298e-02 -6.246556123025603924e-02 3.214475824772743806e+01 4.096354524539856656e-02 9.991589486370423545e-01 -1.839380180488084816e-03 8.552608917087916041e-01 6.248843616402804946e-02 -7.245723106979379052e-04 9.980454249886328011e-01 8.785527685780480933e-01
9.974223609881495145e-01 -3.829901865103479963e-02 -6.067799412631515871e-02 3.289306082306271861e+01 3.827432645504910691e-02 9.992660368111251357e-01 -1.569589181711823463e-03 8.918519601711737410e-01 6.069357243759652271e-02 -7.568660084236735700e-04 9.981561588341814062e-01 9.335652065037325364e-01
9.976402311097796183e-01 -3.550402709807883722e-02 -5.876591980939712551e-02 3.362905059943921060e+01 3.553381193303038060e-02 9.993683296606783450e-01 -5.384057334125412486e-04 9.047709168698002680e-01 5.874791469263940941e-02 -1.551041922266143628e-03 9.982716447882418187e-01 9.693920492502881014e-01
9.977354330586124531e-01 -3.267372996584878841e-02 -5.879143636161601738e-02 3.436859205943144246e+01 3.262706231650407129e-02 9.994660569628760483e-01 -1.753791229303059817e-03 9.125010688739478848e-01 5.881734798457094460e-02 -1.683722061841443768e-04 9.982687469949472758e-01 1.014982797798395620e+00
9.976854709387146247e-01 -2.955754681593110444e-02 -6.123767226160056060e-02 3.510266462602130844e+01 2.940826818874656828e-02 9.995619106307053192e-01 -3.337750504849595727e-03 9.221625470324746887e-01 6.130950040518939187e-02 1.529131295183085854e-03 9.981176318037610073e-01 1.061964110349940871e+00
9.977083079808787280e-01 -2.612620697387971203e-02 -6.241436929978546461e-02 3.583624536236058589e+01 2.595578634506105070e-02 9.996568244286175853e-01 -3.539848655173381646e-03 9.490492657782148012e-01 6.248543303155981027e-02 1.911722377854455221e-03 9.980440451084353626e-01 1.105989419015445785e+00
9.976992264458094395e-01 -2.258831073785497884e-02 -6.392199752388537382e-02 3.655632184246722005e+01 2.244842973342072584e-02 9.997437794477711526e-01 -2.905762892929580204e-03 9.664755932792105098e-01 6.397125566953625053e-02 1.464128920675945291e-03 9.979506675054465870e-01 1.139098246149796045e+00
9.976013312243766640e-01 -2.014940014571692944e-02 -6.622375414546732841e-02 3.729111067846258010e+01 1.999272934307043392e-02 9.997955409395685722e-01 -3.027720391669739847e-03 9.820156199058416302e-01 6.627122084861761242e-02 1.696464300592556446e-03 9.978002040970479491e-01 1.187115371631099592e+00
9.976294598819901438e-01 -1.669371075423875528e-02 -6.675912519515461718e-02 3.800934946937052672e+01 1.662386824225113580e-02 9.998605312058767014e-01 -1.601605871129722913e-03 9.978480210988627253e-01 6.677655112562183581e-02 4.880142989467715735e-04 9.977678357522912211e-01 1.217881625582472260e+00
9.976560648342335247e-01 -1.296667385574684465e-02 -6.718810660072534191e-02 3.872545196583428861e+01 1.288916102903933485e-02 9.999156718481921891e-01 -1.587047682308120010e-03 9.964017053874901775e-01 6.720301948156225114e-02 7.173294202228001903e-04 9.977390638894838570e-01 1.256300748654305632e+00
9.975351563737895333e-01 -8.702765733907239995e-03 -6.962667353033677453e-02 3.944807349006273967e+01 8.572829346483531662e-03 9.999609093844187280e-01 -2.164786382642672029e-03 9.939395445450519562e-01 6.964279140955967340e-02 1.562552932586408743e-03 9.975707694359420286e-01 1.294751626745041406e+00
9.972844980881685473e-01 -3.971815013711427894e-03 -7.353811636509786920e-02 4.016454532167978186e+01 3.787672823021976266e-03 9.999893331227338589e-01 -2.643326566231481503e-03 1.003537456016503349e+00 7.354783074717811953e-02 2.357610283074976221e-03 9.972889041126135057e-01 1.344190575418817701e+00
9.972236681796970981e-01 7.689120872089491143e-04 -7.446048882750916365e-02 4.086996688899738217e+01 -8.471507180684693418e-04 9.999991218213898359e-01 -1.019162455168654826e-03 1.015242078783564539e+00 7.445963979156997037e-02 1.079412178592265839e-03 9.972234438236289300e-01 1.387866158131295657e+00
9.971686032262881971e-01 5.765886162074631074e-03 -7.497687174388804887e-02 4.159432605995006327e+01 -5.779847968819338405e-03 9.999832960658687764e-01 3.076846380006473388e-05 1.008494032364545712e+00 7.497579674262074001e-02 4.026735737864102428e-04 9.971852725330444533e-01 1.428392031432970333e+00
9.970718532445160820e-01 1.124576827253890091e-02 -7.563895929682375174e-02 4.230169621656731493e+01 -1.127442482906189369e-02 9.999364404933831496e-01 4.814765447727360325e-05 9.863697920931392416e-01 7.563469317925496094e-02 8.047790896614797794e-04 9.971352694184960619e-01 1.486722938941734462e+00
9.969561677227442020e-01 1.708812596200260173e-02 -7.606836129880908959e-02 4.301355322125384362e+01 -1.710443917135466216e-02 9.998536128439946546e-01 4.370851685685896767e-04 9.759978935047982640e-01 7.606469483415320698e-02 8.653519040755185392e-04 9.971025089557589149e-01 1.539420353439086009e+00
9.967976128635435140e-01 2.301120484493236057e-02 -7.658331046073783843e-02 4.372940686182130321e+01 -2.297656346934581068e-02 9.997351145366166758e-01 1.333526751559769305e-03 9.645473865014594361e-01 7.659371071230534900e-02 4.303650108493034337e-04 9.970622940745864637e-01 1.590267412706298789e+00
9.966500190139584436e-01 2.903144442927728733e-02 -7.645858247329699597e-02 4.443136229821633520e+01 -2.897867222306209009e-02 9.995784097529790690e-01 1.799808849228004071e-03 9.356683617713602574e-01 7.647859933121488318e-02 4.218886763290524786e-04 9.970711337985270761e-01 1.649349702682294971e+00
9.965061442678443404e-01 3.558561199323965335e-02 -7.555904085879372456e-02 4.513126653404058430e+01 -3.559801736891590046e-02 9.993654894837556979e-01 1.183041967034370026e-03 9.057512670304729285e-01 7.555319712518210329e-02 1.510843459793498626e-03 9.971406278736231199e-01 1.705545677424908924e+00
9.962972218307158956e-01 4.199924788391542346e-02 -7.501939049060983578e-02 4.582896639025997132e+01 -4.205496132734905940e-02 9.991149476796254980e-01 8.375863503394064382e-04 8.653369355490782011e-01 7.498817240173512311e-02 2.320452611997414309e-03 9.971817234082878123e-01 1.766263672899623272e+00
9.960137459019375861e-01 4.780982297715800217e-02 -7.530497195592952830e-02 4.651889200231644139e+01 -4.794944487683521633e-02 9.988497627799269862e-01 -4.615719679939840440e-05 8.298060081855156422e-01 7.521614660692116372e-02 3.656804804236966563e-03 9.971605482911113372e-01 1.821791363400738550e+00
9.956511539265026078e-01 5.360477596732601824e-02 -7.619256970542928609e-02 4.723865205179988180e+01 -5.376791145975380604e-02 9.985534555632809006e-01 -8.988819092816324394e-05 7.947799253015247478e-01 7.607753533126576651e-02 4.186212622834632746e-03 9.970931171369084023e-01 1.861329927413611030e+00
9.952924629377253307e-01 5.839490370038367267e-02 -7.734952127311146841e-02 4.789945693453628905e+01 -5.859609532914119429e-02 9.982817174154748896e-01 -3.320936435236548218e-04 7.565422634097619392e-01 7.719722036145344746e-02 4.862910222571294530e-03 9.970039825761141117e-01 1.905610560806663800e+00
9.948219492923939811e-01 6.377685953156277121e-02 -7.913154487543344606e-02 4.859037171989717763e+01 -6.398544814522204305e-02 9.979508265994669891e-01 -1.005738324526416101e-04 7.050483490204073611e-01 7.896297633534674065e-02 5.163320417326701731e-03 9.968641775540595384e-01 1.943715804833680005e+00
9.943646376136676679e-01 6.879935278585397329e-02 -8.065740213822343574e-02 4.928609403292642099e+01 -6.897975207490567029e-02 9.976179079337655908e-01 5.509750822419562898e-04 6.588713232304768130e-01 8.050317550956627433e-02 5.015857464512935363e-03 9.967417317975462154e-01 1.996215011267441275e+00
9.940652005995935792e-01 7.384855333741932593e-02 -7.987971035788783702e-02 4.999325620632028944e+01 -7.399804874998525128e-02 9.972577892385382503e-01 1.091138972787550777e-03 5.960525330477465245e-01 7.974124239115241985e-02 4.826279419331594780e-03 9.968039131588930513e-01 2.045481815114996049e+00
9.936823453837776432e-01 7.928683657859536549e-02 -7.942917611277386380e-02 5.068404943377372973e+01 -7.948427808473734757e-02 9.968358892357862544e-01 6.778413144046010856e-04 5.210282328843438560e-01 7.923159729516421335e-02 5.639811775093707749e-03 9.968402813456117562e-01 2.097422969325402065e+00
9.932664047051602552e-01 8.412208223985269406e-02 -7.965754555417940697e-02 5.137630083927491853e+01 -8.433182106696283931e-02 9.964374571089585908e-01 7.335023940536703618e-04 4.487974586330922833e-01 7.943546588026327571e-02 5.989102592524180382e-03 9.968220189233992778e-01 2.138986180780737545e+00
9.927331694024335018e-01 8.826158059080542462e-02 -8.179699114155775108e-02 5.206130982703727028e+01 -8.862441929746318892e-02 9.960647862100807659e-01 -8.086881064112518870e-04 3.755907731206382660e-01 8.140372640356674516e-02 8.052022347135989050e-03 9.966486834706271836e-01 2.192049492463964189e+00
