1.000000000000000000e+00 0.000000000000000000e+00 0.000000000000000000e+00 0.000000000000000000e+00 0.000000000000000000e+00 1.000000000000000000e+00 0.000000000000000000e+00 0.000000000000000000e+00 0.000000000000000000e+00 0.000000000000000000e+00 1.000000000000000000e+00 0.000000000000000000e+00
9.999999383849531576e-01 2.452305367488840358e-04 2.511813562861948891e-04 -1.882447254466178277e-02 -2.452709845761983092e-04 9.999999569586022208e-01 1.610122287502925348e-04 1.058719617684145999e-02 -2.511418603597186084e-04 -1.610738263280800115e-04 9.999999554914932309e-01 2.959496322724137606e-03
9.999998377728346322e-01 2.088618347712423292e-04 5.299349379602558228e-04 -1.447614236500632118e-02 -2.085438364317490027e-04 9.999997982218050696e-01 -6.000548452772696585e-04 1.529704469333677611e-02 -5.300601595868885754e-04 5.999442332670515497e-04 9.999996795515208037e-01 8.446388933798194137e-03
9.999999351027953898e-01 3.484063485467909821e-04 9.169199175044443623e-05 -8.703864736805504154e-03 -3.483498635557330200e-04 9.999997500128812167e-01 -6.153263748995648668e-04 1.713790302202878799e-02 -9.190635244407088702e-05 6.152943940737877699e-04 9.999998064829968003e-01 -3.530725859118483134e-03
9.999999821238745312e-01 1.791347600226884842e-04 6.052262625855134548e-05 -6.604208832960626989e-03 -1.791382159601011389e-04 9.999999823244885011e-01 5.710098235314599796e-05 1.029912431788210236e-04 -6.051239641801207670e-05 -5.711182324769485018e-05 9.999999965382447842e-01 -5.930946036545862998e-03
9.999999929506835361e-01 -6.680812562822517706e-05 -9.815960070687696133e-05 -7.895549378963414439e-03 6.680358651182485602e-05 9.999999966993516898e-01 -4.624475626563170856e-05 -2.006474078194282057e-03 9.816268990837288908e-05 4.623819852625999982e-05 9.999999941130576220e-01 -6.157254430296481632e-03
9.999999698136836646e-01 -3.573915525743393473e-05 2.430953404449768456e-04 -2.175480575303054796e-03 3.565720288807285249e-05 9.999999425405936559e-01 3.371162607231935663e-04 6.455202122490224723e-03 -2.431073747272447059e-04 -3.371075824470200406e-04 9.999999136286373824e-01 -7.857421082160028630e-05
9.999999373362469246e-01 2.350883184108517449e-04 2.646903563898727880e-04 -3.310762972335552865e-03 -2.350950058088721259e-04 9.999999720467874775e-01 2.523415529693665262e-05 1.504149589018196134e-02 -2.646844167357917106e-04 -2.529638109654280476e-05 9.999999646511257279e-01 2.372759364283885935e-03
9.999999268759864890e-01 3.622901698651528977e-04 -1.224493960499085596e-04 -1.336400730091755543e-02 -3.622971038385938963e-04 9.999999327680660910e-01 -5.660982017925214404e-05 1.817982006482948484e-02 1.224288786360300631e-04 5.665417910127055410e-05 9.999999909007367682e-01 -7.055664716385750754e-03
9.999999799164702718e-01 1.736499401117376203e-04 1.000637659786437881e-04 -2.500701386571577839e-03 -1.736301183159793583e-04 9.999999653111623088e-01 -1.980662925829976761e-04 -1.693495789555746894e-03 -1.000981567073932398e-04 1.980489145216014172e-04 9.999999753784929446e-01 -2.255043359945791900e-03
9.999999208686751739e-01 1.826840928813649946e-04 3.533966122637912776e-04 -1.729131745519060098e-02 -1.826600691941649541e-04 9.999999810049370330e-01 -6.801047436048074011e-05 1.280294370147619723e-02 -3.534090299828153339e-04 6.794591752907271250e-05 9.999999352427028088e-01 1.380730883867403247e-03
9.999998687224304073e-01 7.336130967160474272e-05 5.071225100554702320e-04 -1.720391699486147064e-02 -7.327962825989068631e-05 9.999999843408423628e-01 -1.610851052545722768e-04 6.739032889680508787e-04 -5.071343195286488878e-04 1.610479223586920464e-04 9.999998584391642797e-01 5.252140798973585836e-03
9.999999984105822914e-01 4.444722339277982299e-05 3.468832277948309098e-05 -5.536151095854925999e-03 -4.446661996261194554e-05 9.999998425657299350e-01 5.593668161937624759e-04 -1.209898694995345178e-03 -3.466345501651444685e-05 -5.593683577771611706e-04 9.999998429527302557e-01 -5.951313484921366692e-03
9.999999996088001497e-01 2.576066981128895383e-05 1.089897160840646029e-05 1.568880914208379065e-03 -2.575997485644506511e-05 9.999999976356274134e-01 -6.375867727069190296e-05 3.204051033592597315e-03 -1.090061404887000491e-05 6.375839648851493429e-05 9.999999979080217427e-01 -7.364690356631087634e-03
9.999998509682691550e-01 3.829637908839395553e-04 -3.891043232930159273e-04 -9.192628994456577413e-03 -3.831559710594911045e-04 9.999998046026555842e-01 -4.939495445210149039e-04 9.331704744723253245e-03 3.889150824729893066e-04 4.940985585516941524e-04 9.999998023058169760e-01 7.700184534851734625e-03
9.999972255931607323e-01 1.540273577040643339e-04 -2.350549202688438904e-03 -5.914628688047828681e-03 -1.555763030853545459e-04 9.999997708872359059e-01 -6.588030734236226650e-04 1.323700979197051965e-02 2.350447190450967363e-03 6.591669353910445525e-04 9.999970204440392640e-01 -6.547123646197819391e-03
9.999952351148062579e-01 2.538755851887508955e-04 -3.076571934896938244e-03 5.822231850254258254e-03 -2.552161389546110594e-04 9.999998726697458817e-01 -4.353449373665169782e-04 2.460522992897964945e-03 3.076461019705518853e-03 4.361280538083113045e-04 9.999951725783055023e-01 -4.236734095268621797e-03
9.999934024089948137e-01 2.338589072037593902e-04 -3.624975654208250405e-03 3.943924796358407731e-03 -2.357389391690710835e-04 9.999998379404849702e-01 -5.182143921676688044e-04 1.519243344150567922e-02 3.624853877695004712e-03 5.190655211162929989e-04 9.999932954801997731e-01 -1.143085928069037527e-02
9.999949980889379919e-01 1.651677852850483928e-05 -3.162834851980400076e-03 2.158792011191311769e-02 -1.560806621122773078e-05 9.999999585978054384e-01 2.873339096526746593e-04 3.402470978726448297e-03 3.162839466862645520e-03 -2.872831066982286423e-04 9.999949569447454945e-01 -9.587975796260523112e-03
9.999964083142858229e-01 2.146141733597748747e-04 -2.671572436723455238e-03 4.544690332009708456e-02 -2.129057894402366197e-04 9.999997727047574836e-01 6.397355377480199411e-04 1.176156738732574841e-02 2.671709125801352818e-03 -6.391644467803408135e-04 9.999962267124596904e-01 -4.002180470974465304e-03
9.999962767941320552e-01 1.717741998123867417e-04 -2.723397051076147882e-03 7.133317155422595757e-02 -1.705441290407444380e-04 9.999998833534290421e-01 4.518936029495142963e-04 1.537857013686590169e-02 2.723474357063267442e-03 -4.514274610784922400e-04 9.999961894430767773e-01 -3.694579304695081584e-03
9.999939997615140408e-01 -1.514683005608992016e-04 -3.460852253865339279e-03 9.752144112916660834e-02 1.498253786292171139e-04 9.999998759777635193e-01 -4.749703291759386375e-04 7.653243655231933493e-03 3.460923767591279464e-03 4.744489557413746950e-04 9.999938984338171410e-01 -1.151291931746800667e-02
9.999944407291486703e-01 2.955983915192502863e-04 -3.321314858320956968e-03 1.277781640969658516e-01 -2.972469096753989522e-04 9.999998328823750393e-01 -4.958623768063268262e-04 2.423651411931296643e-02 3.321167727149707070e-03 4.968468707507641422e-04 9.999943614781611201e-01 -2.243370544706461966e-03
9.999934196401020214e-01 -3.538623211284413648e-04 -3.610465060419073158e-03 1.534287292805772418e-01 3.527014709841554000e-04 9.999998859087914083e-01 -3.221553608350615589e-04 6.090068442956703132e-04 3.610578647140500180e-03 3.208798245990974888e-04 9.999934303574053995e-01 -1.929277943292402597e-03
9.999877853011277518e-01 2.760719179136076246e-05 -4.942518223388440470e-03 1.947234595018823011e-01 -2.964046706196390068e-05 9.999999149720607550e-01 -4.113116991630362562e-04 2.358042297011855859e-02 4.942506447975337537e-03 4.114531736630918746e-04 9.999877010925172227e-01 -1.478374227639421210e-02
9.999839276344244521e-01 -1.763079862360421377e-04 -5.666867593666468327e-03 2.469457455907332621e-01 1.727793178522065169e-04 9.999997909046794975e-01 -6.231676376148308260e-04 1.987940623947109103e-02 5.666976278182247855e-03 6.221785043195518635e-04 9.999837490048382183e-01 -9.437905068001364861e-03
9.999798746341136413e-01 -4.251389806029058226e-04 -6.330053995786017428e-03 3.012642046433133824e-01 4.191254124966235111e-04 9.999994596819929971e-01 -9.512989071377797676e-04 1.655480177111398957e-02 6.330455009791486655e-03 9.486266754070965101e-04 9.999795125135313434e-01 -8.531133457722068353e-04
9.999733777637127563e-01 -3.785553130839151674e-04 -7.287006223817555153e-03 3.667186720630650765e-01 3.744274245018518405e-04 9.999997686874770864e-01 -5.678284038405181401e-04 2.419835074589386098e-02 7.287219492700953982e-03 5.650848320058676159e-04 9.999732881988387945e-01 -6.822003041299059753e-03
9.999712225253305498e-01 -6.604035300783516003e-04 -7.557644366691112885e-03 4.477262202553244919e-01 6.568324480654575553e-04 9.999996714801807629e-01 -4.749849109338022033e-04 2.406895881753015609e-02 7.557955565567066152e-03 4.700071360165775460e-04 9.999713277894326513e-01 -9.262564252556650113e-03
9.999683261971352710e-01 -1.032976750761056524e-03 -7.891740082647915808e-03 5.271369474916900444e-01 1.029640196029631615e-03 9.999993788233171310e-01 -4.268419455869669238e-04 2.401737291704273553e-02 7.892176098289032174e-03 4.187027730736154487e-04 9.999687686345115623e-01 -1.553595944383062699e-02
9.999692013315718553e-01 -1.461079200286967243e-03 -7.711137132022811806e-03 6.296990717498037737e-01 1.460736584785993740e-03 9.999989318705861940e-01 -5.006312485826954145e-05 3.141507036620415361e-02 7.711202041720858873e-03 3.879764286163908606e-05 9.999702674868962138e-01 -5.730228918048418940e-03
9.999657909352355212e-01 -1.887035666582041098e-03 -8.053325751626861512e-03 7.334621365176252628e-01 1.885821169574973836e-03 9.999982092927042210e-01 -1.583979211070604524e-04 2.261816736308443904e-02 8.053610233004323410e-03 1.432053702744175269e-04 9.999675589010059706e-01 -1.396410559324510678e-02
9.999648343038310960e-01 -2.084709401324006707e-03 -8.123062379646937489e-03 8.535298895984493317e-01 2.081268868461996595e-03 9.999977408533994305e-01 -4.319814747846085568e-04 3.556960489527478952e-02 8.123944584299857760e-03 4.150600070079817332e-04 9.999669140774517517e-01 -1.563523202073996074e-02
9.999649786510600435e-01 -2.682517781735811215e-03 -7.927519772013497459e-03 9.764968200561295886e-01 2.680664256944795439e-03 9.999963771411295443e-01 -2.444253614918844865e-04 3.494680470849125670e-02 7.928146727106679184e-03 2.231657824869501760e-04 9.999685468486031459e-01 -1.989017967452467311e-02
9.999710137323524206e-01 -2.721649956191763385e-03 -7.110859062554037227e-03 1.116596300785684726e+00 2.722274207780006096e-03 9.999962915540305808e-01 7.811097173634626507e-05 5.507062230977218670e-02 7.110620101594604045e-03 -9.746641581196285604e-05 9.999747144713553304e-01 -1.333290981261781201e-02
9.999699369933818804e-01 -3.136876364569116029e-03 -7.091199907301091315e-03 1.250741379489329619e+00 3.134355215922864351e-03 9.999950206921323081e-01 -3.666174058938140193e-04 6.800201721407786448e-02 7.092314631508989803e-03 3.443800448557134152e-04 9.999747899200021051e-01 -1.304896634555403195e-02
9.999656625488264616e-01 -3.666294204462414944e-03 -7.431824143021300601e-03 1.404109295718500627e+00 3.667677317251278029e-03 9.999932591730645859e-01 1.724863140083666058e-04 6.710993123029239393e-02 7.431141660807540246e-03 -1.997379241031408943e-04 9.999723687374459935e-01 -2.232247481888558621e-02
9.999706183761203349e-01 -3.885341915711807651e-03 -6.608063458943569737e-03 1.561324144428254623e+00 3.886221301513696855e-03 9.999924413843013227e-01 1.202425068450405793e-04 7.007854434388174902e-02 6.607546327879475906e-03 -1.459193709008309054e-04 9.999781592810225161e-01 -1.941764327611597910e-02
9.999720629923141146e-01 -4.515183407917487853e-03 -5.957042360792612866e-03 1.745118140334680268e+00 4.517506835802769134e-03 9.999897250872112897e-01 3.766324363575516629e-04 8.474775971452203072e-02 5.955280588174352401e-03 -4.035328939603296562e-04 9.999821857384858514e-01 -1.391078375730264542e-02
9.999695997103692502e-01 -5.133920715650785310e-03 -5.868774418001854697e-03 1.927384042317066060e+00 5.145769183390000792e-03 9.999847492260933723e-01 2.005585884107526605e-03 9.225511007188043344e-02 5.858388395732660146e-03 -2.035724272260191862e-03 9.999807673710989775e-01 -7.498894357344514094e-03
9.999659617262499633e-01 -5.444558309333976352e-03 -6.199368815631537376e-03 2.142960645149435628e+00 5.464616808748364550e-03 9.999798741325651719e-01 3.223242614619559101e-03 1.175398300332858303e-01 6.181694915596148109e-03 -3.257010076038610157e-03 9.999755889687182986e-01 -1.946983043294463200e-02
9.999660571716301183e-01 -5.990339913033305118e-03 -5.656883625321289244e-03 2.342747410258074758e+00 6.019094147134955268e-03 9.999689826812789839e-01 5.079781591365015343e-03 1.318901189725293077e-01 5.626278545542668513e-03 -5.113658484330498542e-03 9.999710973256344948e-01 -1.452731788984176764e-02
9.999609990231398404e-01 -6.743606447525207076e-03 -5.702999625203745808e-03 2.576520615650103263e+00 6.773297268047208733e-03 9.999635250242903117e-01 5.202986172788539275e-03 1.323221807816982731e-01 5.667704717329742452e-03 -5.241411363026277949e-03 9.999702019211176296e-01 -1.748863637002242427e-02
9.999604291457749872e-01 -7.244753090729359399e-03 -5.162721690346746238e-03 2.804421176519412029e+00 7.275908726210150376e-03 9.999552783861451744e-01 6.041719945072868136e-03 1.434111434172081201e-01 5.118720035855482860e-03 -6.079044360851441203e-03 9.999684214638246971e-01 -1.646311727484952442e-02
9.999576499343237890e-01 -7.767988294755904556e-03 -4.935250315522151342e-03 3.045668898503438804e+00 7.799796175383220433e-03 9.999487221085046063e-01 6.458818250350510139e-03 1.571814683072847441e-01 4.884825221725290663e-03 -6.497038665508985712e-03 9.999669629398423298e-01 -1.798084629442843821e-02
9.999558411898077370e-01 -8.517592328372430854e-03 -3.970678948442818261e-03 3.299841166271112680e+00 8.543565159233396794e-03 9.999419147402895947e-01 6.570741198168861263e-03 1.661463491842936624e-01 3.914481415703627808e-03 -6.604374796377886908e-03 9.999705291001306229e-01 -1.500294511633431735e-02
9.999438908515285718e-01 -9.186416579374905023e-03 -5.274931197324173558e-03 3.576205747654321865e+00 9.212646172528503319e-03 9.999452120233587316e-01 4.969919723683729855e-03 1.708892946730705409e-01 5.228986441569139464e-03 -5.018236940425442084e-03 9.999737371545333042e-01 -2.578267183759046233e-02
9.999196301779289531e-01 -9.868142127850296208e-03 -7.959457002734751305e-03 3.843467077041721414e+00 9.906555998056641721e-03 9.999394020391834115e-01 4.801291261490467366e-03 1.710516751723137052e-01 7.911594851305584278e-03 -4.879756189077785397e-03 9.999567963899460565e-01 -1.801377141184026809e-02
9.998775751835301540e-01 -1.045745807354512419e-02 -1.163942506072112443e-02 4.123809504570602691e+00 1.048595353313371004e-02 9.999421650159355801e-01 2.389853916985001329e-03 1.932864803702759593e-01 1.161376009761945147e-02 -2.511611809896938542e-03 9.999294036993368051e-01 -1.575247630302227878e-02
9.998195744491589210e-01 -1.074093694066940476e-02 -1.566687020241614922e-02 4.421641064645040586e+00 1.071700412225272230e-02 9.999412739029146513e-01 -1.610766295832976192e-03 2.087326288201326041e-01 1.568325128748531902e-02 1.442573759894682280e-03 9.998759696132319963e-01 -2.013149419547233948e-02
9.997792259294003836e-01 -1.072335359082380625e-02 -1.806956246772764563e-02 4.712252827551763446e+00 1.065433492085653307e-02 9.999355903473640117e-01 -3.911560310529815093e-03 2.144522888650718107e-01 1.811034365778745742e-02 3.718177569033154824e-03 9.998290806973769707e-01 -1.962462584278940742e-02
9.997439562616993181e-01 -1.174993001562126167e-02 -1.933807288313334899e-02 5.025467034605499705e+00 1.161688513313959871e-02 9.999081737884190080e-01 -6.977963235239372473e-03 2.101858437392380707e-01 1.941828772082685589e-02 6.751528400067255929e-03 9.997886511489587624e-01 -1.655353047073909734e-02
9.997261042532586961e-01 -1.195441907940916065e-02 -2.011984938006165444e-02 5.338281030140130667e+00 1.176406332515031114e-02 9.998851668161319317e-01 -9.553009743417550936e-03 2.211970524519749903e-01 2.023173963564088920e-02 9.313702032480719595e-03 9.997519350647768865e-01 -1.879655174024907546e-02
9.997302681552294734e-01 -1.196302523211130280e-02 -1.990670644704430406e-02 5.667264135343841325e+00 1.171969044253795382e-02 9.998557200178485038e-01 -1.229585310260752212e-02 2.469034358626585879e-01 2.005092990871025840e-02 1.205923608217729370e-02 9.997262300424603065e-01 -7.601327905695728221e-03
9.997054079764282619e-01 -1.272465214969531119e-02 -2.066834512853626959e-02 5.993737770222828942e+00 1.247411630585969211e-02 9.998476964724420935e-01 -1.220574787300113088e-02 2.619922972717270704e-01 2.082051116257523093e-02 1.194433281605300663e-02 9.997118781071416826e-01 -5.858147968851118437e-03
9.997307452661473581e-01 -1.327195625464220805e-02 -1.903397348870044040e-02 6.335674464211701995e+00 1.310499545429612972e-02 9.998747850331501930e-01 -8.869799831707962309e-03 2.715713070756238801e-01 1.914930974569489450e-02 8.617971460068337905e-03 9.997794929404067998e-01 -1.917587603082761966e-02
9.998396885376770182e-01 -1.415883452420978010e-02 -1.096013821979207117e-02 6.697029547827419549e+00 1.410996470221929054e-02 9.998902177109358913e-01 -4.523430344258800445e-03 3.030055188997674565e-01 1.102298149245599379e-02 4.368058023112885921e-03 9.999297045033334053e-01 -1.023542224553349034e-02
9.998697601244148636e-01 -1.613424518463747737e-02 3.859029245260123123e-04 7.065738672611595383e+00 1.613501666074142193e-02 9.998676432627123800e-01 -2.087389189156713988e-03 3.235189498724702073e-01 -3.521733987003962700e-04 2.093343877965076621e-03 9.999977469401147845e-01 -2.132406070440043266e-02
9.997580312227015709e-01 -1.751566175369171502e-02 1.330716344823393120e-02 7.426785215980684640e+00 1.754029822192605670e-02 9.998446484734967443e-01 -1.736910243959650588e-03 3.637109931539134200e-01 -1.327467302774910062e-02 1.969901581281579325e-03 9.999099472171313341e-01 -3.188481347890344264e-02
9.995781868871702613e-01 -1.946254888376031111e-02 2.155591543647926780e-02 7.796282618793282992e+00 1.956766892006363279e-02 9.997975980401176965e-01 -4.676460867586668645e-03 3.694990915567082923e-01 -2.146053662870947218e-02 5.096287291601000850e-03 9.997567070159866232e-01 -3.731096912482918804e-02
9.995495392656525979e-01 -2.064934050971795748e-02 2.177896439997391298e-02 8.176819113257597138e+00 2.083984818480807966e-02 9.997462077467611508e-01 -8.556916711300883993e-03 3.777646257327669232e-01 -2.159674238064068774e-02 9.006932468033159583e-03 9.997261904571973501e-01 -3.953296159097115237e-02
9.995850747775503198e-01 -2.159859002863671190e-02 1.905726084026796233e-02 8.553239479480847507e+00 2.177396698843345885e-02 9.997220150834492669e-01 -9.043612059032922132e-03 4.082096905677365939e-01 -1.885663393996250478e-02 9.454811804713541060e-03 9.997774921902331524e-01 -3.802562283240881746e-02
9.995535759805579401e-01 -2.344736481355641847e-02 1.851674452432044982e-02 8.945753691241158378e+00 2.357125206877000792e-02 9.997010227727005649e-01 -6.500857107095652301e-03 4.134047746522097055e-01 -1.835878047119308271e-02 6.934417821011857469e-03 9.998074159702428076e-01 -3.472838996102808884e-02
9.995412085619496123e-01 -2.479317551597967975e-02 1.739743758003053919e-02 9.341094603155195131e+00 2.485524992494686156e-02 9.996854110367421331e-01 -3.360879567665197177e-03 4.518595841231559107e-01 -1.730863766116970404e-02 3.791755284000555230e-03 9.998430045032973279e-01 -3.838631454565155643e-02
9.995858729111383179e-01 -2.585253647270946420e-02 1.263839524642593366e-02 9.731761700168860330e+00 2.586596842002063940e-02 9.996650143163726687e-01 -9.004607381487624452e-04 4.831103239280636341e-01 -1.261088237087912463e-02 1.226992165288430829e-03 9.999197268461375021e-01 -5.544797804079724945e-02
9.996246299239046618e-01 -2.696397772328964354e-02 4.852128897157779314e-03 1.015640202444191331e+01 2.695235181454930934e-02 9.996337275630233776e-01 2.445700333221964215e-03 5.017996326794856854e-01 -4.916297505384931849e-03 -2.314006005416038673e-03 9.999852375885582845e-01 -7.625220326425438677e-02
9.996073476153599646e-01 -2.801922689057720003e-02 -2.711417328233419648e-04 1.056570303167086067e+01 2.801993559262235325e-02 9.996025222453488457e-01 3.111387170081866306e-03 5.272618751852374830e-01 1.838552969532323970e-04 -3.117762850380177350e-03 9.999951228641260625e-01 -9.304246118441736324e-02
9.995808554034207871e-01 -2.892661919298599241e-02 -1.167995303751966085e-03 1.101174122674544265e+01 2.892841860145711416e-02 9.995802773434001587e-01 1.554266164462722631e-03 5.743688538994916604e-01 1.122545404196222899e-03 -1.587402959269715004e-03 9.999981100200442397e-01 -9.947884409556213836e-02
9.995449606559854150e-01 -3.015918241213757026e-02 -5.434551094782317984e-04 1.148237009861475144e+01 3.016032157298067715e-02 9.995425941987989837e-01 2.226518571557977409e-03 5.751985108162979143e-01 4.760565502148351568e-04 -2.241896198870082027e-03 9.999973736323483076e-01 -9.346784456121397244e-02
9.995298416801009500e-01 -3.066070581192331321e-02 1.292674241778155335e-04 1.194247231752841287e+01 3.065964853467367454e-02 9.995168742274900264e-01 5.099420186477509991e-03 6.358622148910580973e-01 -2.855567939026192785e-04 -5.093059357857902640e-03 9.999869895172111001e-01 -9.648782274652800695e-02
9.994899797405244479e-01 -3.193347957789789693e-02 1.824289836536931077e-04 1.242173937274076145e+01 3.193193173415365127e-02 9.994739441212948661e-01 5.673337496396030702e-03 6.668866621359464952e-01 -3.635024228940808956e-04 -5.664618669481666022e-03 9.999838898508904839e-01 -9.723555926681771988e-02
9.994538508875133731e-01 -3.302316090158578799e-02 -1.212761389658402683e-03 1.291592166877442693e+01 3.302861420181435470e-02 9.994429194719354204e-01 4.791801469402529913e-03 6.742467656940193121e-01 1.053845352970500570e-03 -4.829240259340687215e-03 9.999877838496276095e-01 -1.003682094555689158e-01
9.994264059962705282e-01 -3.369795775715168223e-02 -3.362534813943939081e-03 1.341795582957404065e+01 3.370858060257161254e-02 9.994267271536243502e-01 3.154147231001559401e-03 7.262726125666171262e-01 3.254318843889984336e-03 -3.265684306867759103e-03 9.999893723009610769e-01 -1.064398743241480455e-01
9.993828418488188703e-01 -3.485361264008468574e-02 -4.377339844436259689e-03 1.392223393347442340e+01 3.486955703525942973e-02 9.993853138702680772e-01 3.620554182789924042e-03 7.446645380366792022e-01 4.248459761319363023e-03 -3.770955629632505735e-03 9.999838651114806298e-01 -1.097597901766868000e-01
9.993658464072725511e-01 -3.526592170558919687e-02 -4.921361694798543317e-03 1.446662655191183866e+01 3.528843900427020702e-02 9.993667377467013724e-01 4.566131640435618783e-03 8.326833361900533026e-01 4.757216341273381825e-03 -4.736903183635820733e-03 9.999774650665439468e-01 -1.178410441417143961e-01
9.993118117433239522e-01 -3.672355623543816644e-02 -5.223344493524893252e-03 1.500737695130083260e+01 3.675079775426678269e-02 9.993108349684929337e-01 5.218618495199139028e-03 8.477176972527238341e-01 5.028098517372697578e-03 -5.406989180317066900e-03 9.999727409751245633e-01 -1.207179127742019908e-01
9.992547993659957051e-01 -3.851580664213526128e-02 -2.525585621053120285e-03 1.557202971221889243e+01 3.852998391252591970e-02 9.992404481292654905e-01 5.828135390083103752e-03 8.641513760683554590e-01 2.299191972001322654e-03 -5.921103033244235099e-03 9.999798269240962600e-01 -1.192902263991737766e-01
9.992180093467956103e-01 -3.953946574656930224e-02 2.110694291155479536e-05 1.613829778356754829e+01 3.953906633127936276e-02 9.992100470988481975e-01 3.992995162559216139e-03 9.124819494668556796e-01 -1.789711648769943728e-04 -3.989038128847973395e-03 9.999920277402859492e-01 -1.193845379374020854e-01
9.991738414016756442e-01 -4.061986736721325680e-02 1.288810959389662591e-03 1.670989849992998799e+01 4.061766310132650798e-02 9.991733283663837284e-01 1.692727216602651821e-03 9.458950171885621705e-01 -1.356503890955713292e-03 -1.638980266108251271e-03 9.999977368178796233e-01 -1.376475599231159475e-01
9.991440740627662853e-01 -4.132784332551713014e-02 1.768793746844053239e-03 1.729313180512992432e+01 4.132647148677411064e-02 9.991453719764907815e-01 8.052405930597234364e-04 9.878579879498357030e-01 -1.800560943209511241e-03 -7.314533624054750599e-04 9.999981114763509815e-01 -1.456189811372226861e-01
9.990957707536233245e-01 -4.248802308601636046e-02 1.552016902469688419e-03 1.787789301576398060e+01 4.248366732139849389e-02 9.990934062993136466e-01 2.739251751736644560e-03 1.032008109961736642e+00 -1.666995245388747842e-03 -2.670839470427825973e-03 9.999950438594058522e-01 -1.488374219521935715e-01
9.990440629899521863e-01 -4.368781419672553706e-02 1.528101842441561631e-03 1.846337123065083219e+01 4.368113564212023486e-02 9.990368608818319673e-01 4.160407238464437080e-03 1.095137309088183297e+00 -1.708389166197307697e-03 -4.089680927353653989e-03 9.999901779099479304e-01 -1.419828886754474773e-01
9.989765243949974005e-01 -4.515527060885583810e-02 2.627783083178019449e-03 1.903692732684250544e+01 4.514184622128027125e-02 9.989682663651628935e-01 4.961503312033789352e-03 1.151280333278738688e+00 -2.849109935667668621e-03 -4.837802354586078803e-03 9.999842389962716460e-01 -1.517233795227106441e-01
9.988914317901407269e-01 -4.699245694656482147e-02 2.759798247676424014e-03 1.963336487863489666e+01 4.698615005025164743e-02 9.988928760951318875e-01 2.307333926999421622e-03 1.178087283005090580e+00 -2.865170099289676958e-03 -2.175103795384674202e-03 9.999935298409592388e-01 -1.665469845230019841e-01
9.988350830790658774e-01 -4.820377805600181004e-02 2.207394745664361963e-03 2.022024652043734960e+01 4.820303965472485380e-02 9.988374830576332020e-01 3.865321944302800680e-04 1.215132860347121424e+00 -2.223460923985851826e-03 -2.796787800776119365e-04 9.999974889974971859e-01 -1.680288415911588285e-01
9.988098811070251770e-01 -4.875172131941930831e-02 1.446053720935253648e-03 2.082340176528787268e+01 4.875392179622486943e-02 9.988096522871261485e-01 -1.527614990031893761e-03 1.279192761786989374e+00 -1.369858553918443288e-03 1.596297736594682812e-03 9.999977876580919967e-01 -1.745227719857989079e-01
9.987656613645782278e-01 -4.967038728449103824e-02 7.941023432720653759e-05 2.142910294468103416e+01 4.967044615820330467e-02 9.987636039690384049e-01 -2.027354242049425083e-03 1.323480359381808746e+00 2.138741853678406441e-05 2.028796142149336817e-03 9.999979417622777422e-01 -1.755158648814464373e-01
9.987363998835716572e-01 -5.023133158423145200e-02 -1.554630141673735881e-03 2.203826067040623826e+01 5.022913207335139713e-02 9.987367068084908039e-01 -1.422942194373403614e-03 1.377415512024415811e+00 1.624142469191208965e-03 1.343056441739579401e-03 9.999977791778510428e-01 -1.808156341173283443e-01
9.987016795602632335e-01 -5.088588869612302445e-02 -2.362535738378948938e-03 2.266100717997214531e+01 5.088394925204685337e-02 9.987041904153478589e-01 -8.739309696434666239e-04 1.428522330876460966e+00 2.403945095974446486e-03 7.525811785848381032e-04 9.999968273297397126e-01 -1.807098664166518487e-01
9.986615128538610664e-01 -5.161196012669958672e-02 -3.374657955624947320e-03 2.327167437376374792e+01 5.161210911434984533e-02 9.986672060027793618e-01 -4.298105013119461987e-05 1.473387276930448575e+00 3.372378568004592240e-03 -1.312496940812570988e-04 9.999943049019388575e-01 -1.849974197830720479e-01
9.986457409562493615e-01 -5.187783814474999922e-02 -3.920966637307102612e-03 2.389426447129623199e+01 5.187919814519707795e-02 9.986533374224272341e-01 2.458756986491908545e-04 1.515334661320780540e+00 3.902930918570479430e-03 -4.489593243582189089e-04 9.999922827531070313e-01 -1.857870959155238644e-01
9.986380783350928825e-01 -5.204743917016060872e-02 -3.612834762538967830e-03 2.453930376075605935e+01 5.204761749618477817e-02 9.986446032068854173e-01 -4.470719538302303102e-05 1.573286492796777347e+00 3.610264832919935895e-03 -1.433931341124941008e-04 9.999934726918197070e-01 -1.951461835581204951e-01
9.986687764155489644e-01 -5.152624012388540981e-02 -2.391984817253513338e-03 2.517818200626161840e+01 5.152608732541496400e-02 9.986716410183830162e-01 -1.255013296220107606e-04 1.633299622768462189e+00 2.395274014383593896e-03 2.084640717266706658e-06 9.999971313249105265e-01 -1.985718904889982594e-01
9.986755428122300327e-01 -5.145009223639244317e-02 2.195394369926978461e-04 2.584658302036502064e+01 5.144983508744225414e-02 9.986750289179342488e-01 1.049326087619550018e-03 1.680690823620901719e+00 -2.732364775813881709e-04 -1.036641032312023538e-03 9.999994253584336690e-01 -2.038629617875243882e-01
9.987062562531442422e-01 -5.076953952127691988e-02 2.875339567153052580e-03 2.650222773099670803e+01 5.076388238181343132e-02 9.987086654005208342e-01 2.007460942548861416e-03 1.730104712916421539e+00 -2.973544409344890723e-03 -1.858900402912649994e-03 9.999938512425652348e-01 -2.115257310718678951e-01
9.987089549372156760e-01 -5.059856618702875120e-02 4.495378519266462689e-03 2.717068189577154413e+01 5.059270546459233853e-02 9.987183764470507485e-01 1.408084067112296391e-03 1.780614984161684289e+00 -4.560864171143430568e-03 -1.178832805752362501e-03 9.999889043740577410e-01 -2.147876916630183930e-01
9.987479464025570408e-01 -4.986066838718449662e-02 4.056267330724063272e-03 2.786528560894456774e+01 4.985954529420872500e-02 9.987561680239082085e-01 3.775940326639840158e-04 1.846651809839400249e+00 -4.070049106562171476e-03 -1.748776199953585057e-04 9.999917020246158472e-01 -2.247540026104348776e-01
9.988125111996656313e-01 -4.867953109389713817e-02 1.967415435587203595e-03 2.853893825906454396e+01 4.867891585992950576e-02 9.988144141751208460e-01 3.594255306916920565e-04 1.915085662126565946e+00 -1.982579562032369368e-03 -2.632270664489654087e-04 9.999980000428959626e-01 -2.329027119566162707e-01
9.988548474727282356e-01 -4.784218975361953508e-02 -3.443251537367223347e-04 2.923743490527118993e+01 4.784267445874203217e-02 9.988536447017223319e-01 1.573202695227769992e-03 1.961319770263653783e+00 2.686649729064133113e-04 -1.587874574423601536e-03 9.999987032358933492e-01 -2.388365811163815078e-01
9.989002470904572162e-01 -4.676348077927022784e-02 -3.387215379976466802e-03 2.995732044057582044e+01 4.676942961088191575e-02 9.989042668966592320e-01 1.698831810567879783e-03 2.010746300282365784e+00 3.304060607235777443e-03 -1.855381646632090018e-03 9.999928203454507836e-01 -2.479889543260434537e-01
9.989514629357540976e-01 -4.547558712051957830e-02 -5.286366858312675950e-03 3.067998195128084049e+01 4.548874341840059010e-02 9.989619787961289132e-01 2.395650629224443853e-03 2.058109786158261123e+00 5.171935878522683321e-03 -2.633608886380040068e-03 9.999831574499152831e-01 -2.555298294445561558e-01
9.990607721201910651e-01 -4.298024716794328348e-02 -5.501996364054907197e-03 3.138977738169072040e+01 4.298521607017882773e-02 9.990753976754964683e-01 7.880094851327040795e-04 2.112876575734292661e+00 5.463040362985604852e-03 -1.023773867180952004e-03 9.999845534192322027e-01 -2.399047320791301563e-01
9.991854788641476581e-01 -4.015749128468750623e-02 -3.969221679886208304e-03 3.215099922431531354e+01 4.017128713288204561e-02 9.991868198063693640e-01 3.459308503378858476e-03 2.156768777962920769e+00 3.827076836356513561e-03 -3.615939567284191716e-03 9.999861391359053941e-01 -2.642800839014466385e-01
9.993058910952204998e-01 -3.724354527012171956e-02 8.089240382105760156e-04 3.287436080978877584e+01 3.723937745236143015e-02 9.992954673384266684e-01 4.668803255232720391e-03 2.207650100922013081e+00 -9.822369101984763148e-04 -4.635438769729387405e-03 9.999887738960194783e-01 -2.553552922811981873e-01
9.993830636796626754e-01 -3.478785765008370057e-02 4.826695595207614736e-03 3.360167571908165485e+01 3.476321459619023668e-02 9.993825696386570145e-01 5.098863929752076030e-03 2.265770460003183384e+00 -5.001093999367534765e-03 -4.927926800634665344e-03 9.999753519943664903e-01 -2.561740457842053842e-01
9.994682380567887492e-01 -3.214544725983527196e-02 5.469125718366408054e-03 3.434476551156843271e+01 3.213909779744433814e-02 9.994826304225655766e-01 1.244940301999293997e-03 2.301311012638120435e+00 -5.506315321924122250e-03 -1.068505523796024759e-03 9.999842692700326996e-01 -2.621619105736051059e-01
9.995749460471976544e-01 -2.881635804695453773e-02 4.420943751251082271e-03 3.507813839641747222e+01 2.881587794493711829e-02 9.995847215227204874e-01 1.722689981497581031e-04 2.326785731778374000e+00 -4.424071993592997715e-03 -4.480239899366563058e-05 9.999902127419750819e-01 -2.720595255620041342e-01
9.996750531027963627e-01 -2.528183633680327821e-02 3.258366977555508283e-03 3.581185548598299562e+01 2.527915939865692588e-02 9.996800609428285744e-01 8.601473360774800981e-04 2.379097848053658648e+00 -3.279070602873039066e-03 -7.774990556645380467e-04 9.999943215794776519e-01 -2.742999622991448838e-01
9.997653437177298485e-01 -2.160167356303874242e-02 1.620246970477565813e-03 3.653899605462240174e+01 2.159781378863948748e-02 9.997639473845025826e-01 2.363038236853033311e-03 2.427811157986355273e+00 -1.670910087551910660e-03 -2.327489942725529878e-03 9.999958954165990566e-01 -2.781248001830856076e-01
9.998225891480836403e-01 -1.883011568104921846e-02 -4.658032423439358656e-04 3.723931009400434533e+01 1.883189146734052383e-02 9.998140175740560798e-01 4.158139750831774291e-03 2.448857054684418166e+00 3.874183586007806852e-04 -4.166174007821149029e-03 9.999912464122633349e-01 -2.786687291481373951e-01
9.998779582810443101e-01 -1.556536389346578793e-02 -1.337157654955255020e-03 3.797224523274154251e+01 1.557334755368787634e-02 9.998596077094461521e-01 6.183503625327241293e-03 2.474946479350976336e+00 1.240721444264460691e-03 -6.203573000810329655e-03 9.999799879459195795e-01 -2.919794179024455261e-01
9.999262086541516048e-01 -1.191255364095317529e-02 -2.380821766862756435e-03 3.870834320647254145e+01 1.192392403542925569e-02 9.999172899124187941e-01 4.820100600722894944e-03 2.494930845508902095e+00 2.323205141925002194e-03 -4.848133656902411069e-03 9.999855490545417336e-01 -2.964343054682690437e-01
9.999563365329507958e-01 -7.692817494306351291e-03 -5.305241427061849029e-03 3.940835340433735468e+01 7.713279508589367638e-03 9.999628510015250438e-01 3.847328439870885061e-03 2.516422517527785452e+00 5.275447547127584506e-03 -3.888081262159798906e-03 9.999785260080720217e-01 -2.917560177393646037e-01
9.999641623675979973e-01 -2.465949144783379562e-03 -8.098955197031030076e-03 4.012847107900945787e+01 2.511898439819654476e-03 9.999807806333508298e-01 5.668221073866115678e-03 2.539452923163865172e+00 8.084821995332081360e-03 -5.688361691166488043e-03 9.999511379035348480e-01 -2.955702329690161334e-01
9.999690983731724936e-01 2.775253148049116898e-03 -7.355288485760505361e-03 4.082972404814135103e+01 -2.712394021325639521e-03 9.999598347498518391e-01 8.542353640656898117e-03 2.556511105635262737e+00 7.378700252591544224e-03 -8.522139227518564508e-03 9.999364619442423496e-01 -2.957640341854547161e-01
9.999560177749140522e-01 7.221017084997427213e-03 -5.984933415990701527e-03 4.153826455999980283e+01 -7.163454328675447624e-03 9.999284113270706653e-01 9.584213217657981329e-03 2.556954521629954069e+00 6.053712729940846637e-03 -9.540918885449356859e-03 9.999361596767089022e-01 -2.951278956749361360e-01
9.999063208408535131e-01 1.266708005133185613e-02 -5.186002842382724659e-03 4.224372486872099586e+01 -1.261393873376492197e-02 9.998688772309418660e-01 1.015464891350328393e-02 2.581707148447979439e+00 5.313952590010204147e-03 -1.008828171240469355e-02 9.999349921269693464e-01 -2.921986063596012095e-01
9.998226814662082296e-01 1.841124467095802200e-02 -3.953693891450218642e-03 4.295142408195194861e+01 -1.836620565186365336e-02 9.997692556728463575e-01 1.114082139324642021e-02 2.595306611765064719e+00 4.157897987519967517e-03 -1.106623156403684083e-02 9.999301227602339637e-01 -2.882886713482432639e-01
9.997010814968487757e-01 2.436163715128967372e-02 -2.063562293686378290e-03 4.365243294432485044e+01 -2.433536005820368525e-02 9.996327452437245853e-01 1.192329179935220501e-02 2.587418626341554173e+00 2.353275349083917747e-03 -1.186951017539551734e-02 9.999267857314991792e-01 -3.025140244067096029e-01
9.995347939306629126e-01 3.042279960793355803e-02 2.156150737470821296e-03 4.435286135692951603e+01 -3.044528156062219909e-02 9.994725559959426464e-01 1.130020538006682070e-02 2.576201193367657627e+00 -1.811229604886233037e-03 -1.136059307222869914e-02 9.999338259966834563e-01 -3.030211167065363642e-01
9.993073004733914466e-01 3.668484434147063766e-02 6.256310112591163125e-03 4.505274568055096296e+01 -3.675001858041673786e-02 9.992678282456209926e-01 1.064159610298293437e-02 2.568238904452060378e+00 -5.861344122457359460e-03 -1.086414418728261222e-02 9.999238046052089102e-01 -3.158271598194445362e-01
9.990391212520974840e-01 4.288174479256302157e-02 9.054842427257575252e-03 4.574387023505258298e+01 -4.296084964649834331e-02 9.990386122890092535e-01 8.730209235846081439e-03 2.544565779358482605e+00 -8.671770608585824616e-03 -9.110824287416760536e-03 9.999208935087394723e-01 -3.180643727307804203e-01
9.987526269849588134e-01 4.904669615698159513e-02 9.360111469872993764e-03 4.643819587028129092e+01 -4.912436109883364099e-02 9.987585466329655937e-01 8.256068933682841199e-03 2.536784637142039500e+00 -8.943558423531465865e-03 -8.705580031856022249e-03 9.999221097860742091e-01 -3.248804399616200822e-01
9.984793635521614918e-01 5.446140700967346676e-02 8.539069445627999605e-03 4.712398611042059571e+01 -5.452986888884007316e-02 9.984800861353544388e-01 8.000686851828824400e-03 2.511057934561141902e+00 -8.090362132592024413e-03 -8.454155053096984798e-03 9.999315343076753404e-01 -3.289756805304687726e-01
9.981848433347962901e-01 5.984858266796589527e-02 6.720542338516584044e-03 4.780116907834104722e+01 -5.989680899942046582e-02 9.981784648523485126e-01 7.219735223389418637e-03 2.487742701610295537e+00 -6.276209714077848542e-03 -7.609169313700324226e-03 9.999513536837580929e-01 -3.389251788025846035e-01
9.978703618163706768e-01 6.503559438398262560e-02 5.011234537275560674e-03 4.849924460924972180e+01 -6.507518028515604791e-02 9.978467634760345151e-01 8.188866298660429227e-03 2.443693761248812990e+00 -4.467876376975396177e-03 -8.497533967274574496e-03 9.999539139366149243e-01 -3.446501815077371855e-01
9.975052431458556468e-01 7.040776959444562666e-02 5.102536355862330453e-03 4.918033602987816266e+01 -7.044834658107364256e-02 9.974811934689272741e-01 8.264329361620668252e-03 2.428165007260515651e+00 -4.507811056418549109e-03 -8.603177118941176399e-03 9.999528313790304601e-01 -3.479738035353590608e-01
9.971145691437158787e-01 7.554078731318113193e-02 7.491692295235778849e-03 4.987701763893726792e+01 -7.560574327680087692e-02 9.970989306841289146e-01 8.803068336046446576e-03 2.397127510954473628e+00 -6.804967663717439823e-03 -9.344082655422024028e-03 9.999331880352928525e-01 -3.594671212079424416e-01
9.967166798680179296e-01 8.053048368267309853e-02 8.408404766058768035e-03 5.057694446036798297e+01 -8.058520510757710698e-02 9.967272720368952621e-01 6.385130825496899282e-03 2.345534915615391292e+00 -7.866688670901374539e-03 -7.041759419612580659e-03 9.999442628635014652e-01 -3.670372780591028006e-01
9.963028298818408235e-01 8.552222550098032006e-02 8.162114603160020021e-03 5.125871826125798236e+01 -8.555058086676467499e-02 9.963287222524956910e-01 3.189879005288532698e-03 2.312562368519776701e+00 -7.859343661833731454e-03 -3.876359125351079137e-03 9.999616015413473891e-01 -3.733350364688330369e-01
9.959572631520536845e-01 8.965371270579262919e-02 5.598372329350159021e-03 5.195751497138873987e+01 -8.965607918371128193e-02 9.959727695315216955e-01 1.726763288262448499e-04 2.248227530775794847e+00 -5.560345319755834181e-03 -6.739063567290467420e-04 9.999843140820496856e-01 -3.816914916973129790e-01
