1.000000000000000000e+00 0.000000000000000000e+00 0.000000000000000000e+00 0.000000000000000000e+00 0.000000000000000000e+00 1.000000000000000000e+00 0.000000000000000000e+00 0.000000000000000000e+00 0.000000000000000000e+00 0.000000000000000000e+00 1.000000000000000000e+00 0.000000000000000000e+00
9.999999383849531576e-01 2.452305367488836021e-04 2.511813562861974912e-04 -1.882447254466220257e-02 -2.452709845761978755e-04 9.999999569586022208e-01 1.610122287502898243e-04 1.058719617684155540e-02 -2.511418603597212105e-04 -1.610738263280773010e-04 9.999999554914932309e-01 2.959496322724369192e-03
9.999998377728346322e-01 2.088618347712410282e-04 5.299349379602589670e-04 -1.447614236500666812e-02 -2.085438364317477016e-04 9.999997982218050696e-01 -6.000548452772698754e-04 1.529704469333682815e-02 -5.300601595868917196e-04 5.999442332670517665e-04 9.999996795515208037e-01 8.446388933798364140e-03
9.999999351027953898e-01 3.484063485467895726e-04 9.169199175044931514e-05 -8.703864736805512828e-03 -3.483498635557316105e-04 9.999997500128812167e-01 -6.153263748995676857e-04 1.713790302202874288e-02 -9.190635244407576593e-05 6.152943940737905888e-04 9.999998064829968003e-01 -3.530725859118061596e-03
9.999999821238745312e-01 1.791347600226375267e-04 6.052262625855005121e-05 -6.604208832960423159e-03 -1.791382159600501814e-04 9.999999823244885011e-01 5.710098235314176279e-05 1.029912431775095727e-04 -6.051239641801079599e-05 -5.711182324769061502e-05 9.999999965382447842e-01 -5.930946036545927183e-03
9.999999929506835361e-01 -6.680812562821639503e-05 -9.815960070687795066e-05 -7.895549378964857729e-03 6.680358651181607398e-05 9.999999966993516898e-01 -4.624475626564026698e-05 -2.006474078194465938e-03 9.816268990837387842e-05 4.623819852626855824e-05 9.999999941130576220e-01 -6.157254430296404436e-03
9.999999698136836646e-01 -3.573915525743669267e-05 2.430953404449784448e-04 -2.175480575302785047e-03 3.565720288807561043e-05 9.999999425405936559e-01 3.371162607231909100e-04 6.455202122490464982e-03 -2.431073747272463051e-04 -3.371075824470173843e-04 9.999999136286373824e-01 -7.857421082144069174e-05
9.999999373362469246e-01 2.350883184108524496e-04 2.646903563898723544e-04 -3.310762972335481742e-03 -2.350950058088728306e-04 9.999999720467874775e-01 2.523415529693068951e-05 1.504149589018198910e-02 -2.646844167357912769e-04 -2.529638109653684164e-05 9.999999646511257279e-01 2.372759364283713764e-03
9.999999268759864890e-01 3.622901698652000605e-04 -1.224493960498988831e-04 -1.336400730091701072e-02 -3.622971038386410591e-04 9.999999327680660910e-01 -5.660982017926204416e-05 1.817982006483071303e-02 1.224288786360203866e-04 5.665417910128045422e-05 9.999999909007367682e-01 -7.055664716385314471e-03
9.999999799164702718e-01 1.736499401117694958e-04 1.000637659786401018e-04 -2.500701386572632551e-03 -1.736301183160112338e-04 9.999999653111623088e-01 -1.980662925829970798e-04 -1.693495789555056474e-03 -1.000981567073895535e-04 1.980489145216008209e-04 9.999999753784929446e-01 -2.255043359946197826e-03
9.999999208686751739e-01 1.826840928813495176e-04 3.533966122637917113e-04 -1.729131745519003199e-02 -1.826600691941494771e-04 9.999999810049370330e-01 -6.801047436048685230e-05 1.280294370147582253e-02 -3.534090299828157675e-04 6.794591752907882469e-05 9.999999352427028088e-01 1.380730883867394140e-03
9.999998687224304073e-01 7.336130967165740784e-05 5.071225100554704488e-04 -1.720391699486295556e-02 -7.327962825994335143e-05 9.999999843408423628e-01 -1.610851052545678587e-04 6.739032889705176554e-04 -5.071343195286491046e-04 1.610479223586876282e-04 9.999998584391642797e-01 5.252140798973474814e-03
9.999999984105822914e-01 4.444722339280051770e-05 3.468832277948664174e-05 -5.536151095855128962e-03 -4.446661996263264025e-05 9.999998425657299350e-01 5.593668161937549949e-04 -1.209898694994852517e-03 -3.466345501651798406e-05 -5.593683577771536896e-04 9.999998429527302557e-01 -5.951313484920893113e-03
9.999999996088001497e-01 2.576066981127893174e-05 1.089897160840938086e-05 1.568880914206465665e-03 -2.575997485643504302e-05 9.999999976356274134e-01 -6.375867727069146928e-05 3.204051033592613361e-03 -1.090061404887292548e-05 6.375839648851450061e-05 9.999999979080217427e-01 -7.364690356630884671e-03
9.999998509682691550e-01 3.829637908839032346e-04 -3.891043232930222699e-04 -9.192628994453760222e-03 -3.831559710594547837e-04 9.999998046026555842e-01 -4.939495445210185902e-04 9.331704744722212411e-03 3.889150824729956492e-04 4.940985585516978387e-04 9.999998023058169760e-01 7.700184534851379006e-03
9.999972255931607323e-01 1.540273577040818167e-04 -2.350549202688429797e-03 -5.914628688044544849e-03 -1.555763030853720287e-04 9.999997708872359059e-01 -6.588030734236249419e-04 1.323700979197103313e-02 2.350447190450958256e-03 6.591669353910468293e-04 9.999970204440392640e-01 -6.547123646196834068e-03
9.999952351148062579e-01 2.538755851887551239e-04 -3.076571934896933473e-03 5.822231850253988504e-03 -2.552161389546153962e-04 9.999998726697458817e-01 -4.353449373665215318e-04 2.460522992898240766e-03 3.076461019705514083e-03 4.361280538083158582e-04 9.999951725783055023e-01 -4.236734095268111788e-03
9.999934024089948137e-01 2.338589072037097337e-04 -3.624975654208247369e-03 3.943924796363400265e-03 -2.357389391690214271e-04 9.999998379404849702e-01 -5.182143921676739002e-04 1.519243344150428103e-02 3.624853877695001676e-03 5.190655211162978778e-04 9.999932954801997731e-01 -1.143085928069011332e-02
9.999949980889379919e-01 1.651677852853063313e-05 -3.162834851980395739e-03 2.158792011191452975e-02 -1.560806621125353818e-05 9.999999585978054384e-01 2.873339096526722198e-04 3.402470978727794443e-03 3.162839466862641183e-03 -2.872831066982260944e-04 9.999949569447454945e-01 -9.587975796259905550e-03
9.999964083142858229e-01 2.146141733598326898e-04 -2.671572436723453504e-03 4.544690332009644618e-02 -2.129057894402944348e-04 9.999997727047574836e-01 6.397355377480159295e-04 1.176156738732755079e-02 2.671709125801351083e-03 -6.391644467803365851e-04 9.999962267124596904e-01 -4.002180470974133104e-03
9.999962767941320552e-01 1.717741998123809141e-04 -2.723397051076152653e-03 7.133317155422090605e-02 -1.705441290407386646e-04 9.999998833534290421e-01 4.518936029495065443e-04 1.537857013686491289e-02 2.723474357063272212e-03 -4.514274610784844879e-04 9.999961894430767773e-01 -3.694579304695045155e-03
9.999939997615140408e-01 -1.514683005609531135e-04 -3.460852253865338412e-03 9.752144112916516505e-02 1.498253786292710259e-04 9.999998759777635193e-01 -4.749703291759403722e-04 7.653243655230373976e-03 3.460923767591278597e-03 4.744489557413762129e-04 9.999938984338171410e-01 -1.151291931746781932e-02
9.999944407291486703e-01 2.955983915192323969e-04 -3.321314858320961304e-03 1.277781640969654353e-01 -2.972469096753810628e-04 9.999998328823750393e-01 -4.958623768063387524e-04 2.423651411931163069e-02 3.321167727149711407e-03 4.968468707507758516e-04 9.999943614781611201e-01 -2.243370544706527886e-03
9.999934196401020214e-01 -3.538623211284533453e-04 -3.610465060419068388e-03 1.534287292805761316e-01 3.527014709841673804e-04 9.999998859087914083e-01 -3.221553608350646489e-04 6.090068442954482686e-04 3.610578647140495409e-03 3.208798245991005787e-04 9.999934303574053995e-01 -1.929277943292073867e-03
9.999877853011277518e-01 2.760719179135014405e-05 -4.942518223388443072e-03 1.947234595018865755e-01 -2.964046706195330938e-05 9.999999149720607550e-01 -4.113116991630420024e-04 2.358042297011749000e-02 4.942506447975340139e-03 4.114531736630975124e-04 9.999877010925172227e-01 -1.478374227639394495e-02
9.999839276344244521e-01 -1.763079862359907466e-04 -5.666867593666465724e-03 2.469457455907329013e-01 1.727793178521550715e-04 9.999997909046794975e-01 -6.231676376148333196e-04 1.987940623947239555e-02 5.666976278182245252e-03 6.221785043195545740e-04 9.999837490048382183e-01 -9.437905068001503639e-03
9.999798746341136413e-01 -4.251389806029145504e-04 -6.330053995786019162e-03 3.012642046433113285e-01 4.191254124966322389e-04 9.999994596819929971e-01 -9.512989071377800929e-04 1.655480177111354895e-02 6.330455009791488390e-03 9.486266754070968353e-04 9.999795125135313434e-01 -8.531133457723807413e-04
9.999733777637127563e-01 -3.785553130839526266e-04 -7.287006223817550817e-03 3.667186720630662977e-01 3.744274245018892997e-04 9.999997686874770864e-01 -5.678284038405193327e-04 2.419835074589329199e-02 7.287219492700949645e-03 5.650848320058683748e-04 9.999732881988387945e-01 -6.822003041298534132e-03
9.999712225253305498e-01 -6.604035300783352288e-04 -7.557644366691106813e-03 4.477262202553292103e-01 6.568324480654409670e-04 9.999996714801807629e-01 -4.749849109338089796e-04 2.406895881753061406e-02 7.557955565567060080e-03 4.700071360165845391e-04 9.999713277894326513e-01 -9.262564252556367353e-03
9.999683261971352710e-01 -1.032976750761040261e-03 -7.891740082647910604e-03 5.271369474916914877e-01 1.029640196029615352e-03 9.999993788233171310e-01 -4.268419455869729411e-04 2.401737291704352309e-02 7.892176098289026970e-03 4.187027730736216828e-04 9.999687686345115623e-01 -1.553595944383010137e-02
9.999692013315718553e-01 -1.461079200286943174e-03 -7.711137132022804867e-03 6.296990717498041068e-01 1.460736584785969671e-03 9.999989318705861940e-01 -5.006312485827671752e-05 3.141507036620454218e-02 7.711202041720851934e-03 3.879764286164646541e-05 9.999702674868962138e-01 -5.730228918048023423e-03
9.999657909352355212e-01 -1.887035666582101597e-03 -8.053325751626868451e-03 7.334621365176265950e-01 1.885821169575034335e-03 9.999982092927042210e-01 -1.583979211070635153e-04 2.261816736308270431e-02 8.053610233004330349e-03 1.432053702744201019e-04 9.999675589010059706e-01 -1.396410559324511372e-02
9.999648343038310960e-01 -2.084709401324004972e-03 -8.123062379646934020e-03 8.535298895984484435e-01 2.081268868461994860e-03 9.999977408533994305e-01 -4.319814747846043284e-04 3.556960489527598301e-02 8.123944584299854291e-03 4.150600070079775048e-04 9.999669140774517517e-01 -1.563523202073985319e-02
9.999649786510600435e-01 -2.682517781735801674e-03 -7.927519772013502664e-03 9.764968200561269240e-01 2.680664256944785898e-03 9.999963771411295443e-01 -2.444253614918844865e-04 3.494680470849145099e-02 7.928146727106684388e-03 2.231657824869502302e-04 9.999685468486031459e-01 -1.989017967452474250e-02
9.999710137323524206e-01 -2.721649956191739966e-03 -7.110859062554038962e-03 1.116596300785685170e+00 2.722274207779982677e-03 9.999962915540305808e-01 7.811097173634042393e-05 5.507062230977222139e-02 7.110620101594605780e-03 -9.746641581195685227e-05 9.999747144713553304e-01 -1.333290981261785885e-02
9.999699369933818804e-01 -3.136876364569116463e-03 -7.091199907301093050e-03 1.250741379489326288e+00 3.134355215922864785e-03 9.999950206921323081e-01 -3.666174058938147782e-04 6.800201721407719835e-02 7.092314631508991538e-03 3.443800448557141742e-04 9.999747899200021051e-01 -1.304896634555387930e-02
9.999656625488264616e-01 -3.666294204462332111e-03 -7.431824143021290192e-03 1.404109295718505068e+00 3.667677317251195196e-03 9.999932591730645859e-01 1.724863140083624316e-04 6.710993123029543317e-02 7.431141660807529838e-03 -1.997379241031360696e-04 9.999723687374459935e-01 -2.232247481888494089e-02
9.999706183761203349e-01 -3.885341915711755609e-03 -6.608063458943556727e-03 1.561324144428253069e+00 3.886221301513644814e-03 9.999924413843013227e-01 1.202425068450375299e-04 7.007854434388313680e-02 6.607546327879462895e-03 -1.459193709008274630e-04 9.999781592810225161e-01 -1.941764327611530949e-02
9.999720629923141146e-01 -4.515183407917506067e-03 -5.957042360792620672e-03 1.745118140334677159e+00 4.517506835802787349e-03 9.999897250872112897e-01 3.766324363575500366e-04 8.474775971452075396e-02 5.955280588174360207e-03 -4.035328939603281383e-04 9.999821857384858514e-01 -1.391078375730296288e-02
9.999695997103692502e-01 -5.133920715650773167e-03 -5.868774418001858166e-03 1.927384042317064949e+00 5.145769183389988649e-03 9.999847492260933723e-01 2.005585884107526605e-03 9.225511007188078039e-02 5.858388395732663616e-03 -2.035724272260191862e-03 9.999807673710989775e-01 -7.498894357344644199e-03
9.999659617262499633e-01 -5.444558309333969413e-03 -6.199368815631539111e-03 2.142960645149438292e+00 5.464616808748357611e-03 9.999798741325651719e-01 3.223242614619559968e-03 1.175398300332861357e-01 6.181694915596149843e-03 -3.257010076038611025e-03 9.999755889687182986e-01 -1.946983043294508303e-02
9.999660571716301183e-01 -5.990339913033312057e-03 -5.656883625321286642e-03 2.342747410258078755e+00 6.019094147134962207e-03 9.999689826812789839e-01 5.079781591365004068e-03 1.318901189725274481e-01 5.626278545542665911e-03 -5.113658484330487267e-03 9.999710973256344948e-01 -1.452731788984127151e-02
9.999609990231398404e-01 -6.743606447525190596e-03 -5.702999625203736267e-03 2.576520615650104151e+00 6.773297268047192253e-03 9.999635250242903117e-01 5.202986172788527132e-03 1.323221807816982176e-01 5.667704717329732911e-03 -5.241411363026265806e-03 9.999702019211176296e-01 -1.748863637002205304e-02
9.999604291457749872e-01 -7.244753090729348123e-03 -5.162721690346738432e-03 2.804421176519412029e+00 7.275908726210139101e-03 9.999552783861451744e-01 6.041719945072866402e-03 1.434111434172092858e-01 5.118720035855475053e-03 -6.079044360851439469e-03 9.999684214638246971e-01 -1.646311727484928850e-02
9.999576499343237890e-01 -7.767988294755830830e-03 -4.935250315522137464e-03 3.045668898503441024e+00 7.799796175383146707e-03 9.999487221085046063e-01 6.458818250350502332e-03 1.571814683072863261e-01 4.884825221725276785e-03 -6.497038665508977906e-03 9.999669629398423298e-01 -1.798084629442816412e-02
9.999558411898077370e-01 -8.517592328372378813e-03 -3.970678948442813924e-03 3.299841166271112236e+00 8.543565159233344752e-03 9.999419147402895947e-01 6.570741198168858661e-03 1.661463491842954388e-01 3.914481415703623471e-03 -6.604374796377884306e-03 9.999705291001306229e-01 -1.500294511633409530e-02
9.999438908515285718e-01 -9.186416579374920635e-03 -5.274931197324171823e-03 3.576205747654324085e+00 9.212646172528518931e-03 9.999452120233587316e-01 4.969919723683727253e-03 1.708892946730704854e-01 5.228986441569137729e-03 -5.018236940425439482e-03 9.999737371545333042e-01 -2.578267183759021947e-02
9.999196301779289531e-01 -9.868142127850242432e-03 -7.959457002734751305e-03 3.843467077041722302e+00 9.906555998056587944e-03 9.999394020391834115e-01 4.801291261490458692e-03 1.710516751723154538e-01 7.911594851305584278e-03 -4.879756189077776724e-03 9.999567963899460565e-01 -1.801377141184035829e-02
9.998775751835301540e-01 -1.045745807354512245e-02 -1.163942506072111922e-02 4.123809504570605355e+00 1.048595353313370830e-02 9.999421650159355801e-01 2.389853916984999594e-03 1.932864803702762924e-01 1.161376009761944626e-02 -2.511611809896936807e-03 9.999294036993368051e-01 -1.575247630302192142e-02
9.998195744491589210e-01 -1.074093694066942210e-02 -1.566687020241614922e-02 4.421641064645043251e+00 1.071700412225273964e-02 9.999412739029146513e-01 -1.610766295832977493e-03 2.087326288201325764e-01 1.568325128748531902e-02 1.442573759894683148e-03 9.998759696132319963e-01 -2.013149419547257887e-02
9.997792259294003836e-01 -1.072335359082381839e-02 -1.806956246772764216e-02 4.712252827551763446e+00 1.065433492085654521e-02 9.999355903473640117e-01 -3.911560310529822899e-03 2.144522888650705061e-01 1.811034365778745395e-02 3.718177569033161763e-03 9.998290806973769707e-01 -1.962462584278873434e-02
9.997439562616993181e-01 -1.174993001562132586e-02 -1.933807288313335246e-02 5.025467034605498817e+00 1.161688513313966289e-02 9.999081737884190080e-01 -6.977963235239374208e-03 2.101858437392362944e-01 1.941828772082685936e-02 6.751528400067255929e-03 9.997886511489587624e-01 -1.655353047073914591e-02
9.997261042532586961e-01 -1.195441907940919361e-02 -2.011984938006164750e-02 5.338281030140128891e+00 1.176406332515034410e-02 9.998851668161319317e-01 -9.553009743417554406e-03 2.211970524519740744e-01 2.023173963564088226e-02 9.313702032480723064e-03 9.997519350647768865e-01 -1.879655174024864525e-02
9.997302681552294734e-01 -1.196302523211130453e-02 -1.990670644704430059e-02 5.667264135343840437e+00 1.171969044253795555e-02 9.998557200178485038e-01 -1.229585310260752733e-02 2.469034358626588932e-01 2.005092990871025493e-02 1.205923608217729891e-02 9.997262300424603065e-01 -7.601327905695835774e-03
9.997054079764282619e-01 -1.272465214969530425e-02 -2.066834512853627306e-02 5.993737770222825390e+00 1.247411630585968517e-02 9.998476964724420935e-01 -1.220574787300113782e-02 2.619922972717269594e-01 2.082051116257523440e-02 1.194433281605301357e-02 9.997118781071416826e-01 -5.858147968851196499e-03
9.997307452661473581e-01 -1.327195625464220284e-02 -1.903397348870043693e-02 6.335674464211703771e+00 1.310499545429612452e-02 9.998747850331501930e-01 -8.869799831707964044e-03 2.715713070756237135e-01 1.914930974569489103e-02 8.617971460068339640e-03 9.997794929404067998e-01 -1.917587603082710965e-02
9.998396885376770182e-01 -1.415883452420988765e-02 -1.096013821979208505e-02 6.697029547827418661e+00 1.410996470221939809e-02 9.998902177109358913e-01 -4.523430344258798710e-03 3.030055188997650695e-01 1.102298149245600767e-02 4.368058023112882451e-03 9.999297045033334053e-01 -1.023542224553390667e-02
9.998697601244148636e-01 -1.613424518463744614e-02 3.859029245260137760e-04 7.065738672611591831e+00 1.613501666074139071e-02 9.998676432627123800e-01 -2.087389189156724396e-03 3.235189498724704293e-01 -3.521733987003976252e-04 2.093343877965087030e-03 9.999977469401147845e-01 -2.132406070439996776e-02
9.997580312227015709e-01 -1.751566175369172890e-02 1.330716344823392773e-02 7.426785215980681087e+00 1.754029822192607058e-02 9.998446484734967443e-01 -1.736910243959642565e-03 3.637109931539137531e-01 -1.327467302774909715e-02 1.969901581281571518e-03 9.999099472171313341e-01 -3.188481347890356754e-02
9.995781868871702613e-01 -1.946254888376033887e-02 2.155591543647927821e-02 7.796282618793287433e+00 1.956766892006366054e-02 9.997975980401176965e-01 -4.676460867586662573e-03 3.694990915567084033e-01 -2.146053662870948259e-02 5.096287291600994779e-03 9.997567070159866232e-01 -3.731096912482874395e-02
9.995495392656525979e-01 -2.064934050971796095e-02 2.177896439997391992e-02 8.176819113257600691e+00 2.083984818480808313e-02 9.997462077467611508e-01 -8.556916711300892667e-03 3.777646257327659796e-01 -2.159674238064069468e-02 9.006932468033168257e-03 9.997261904571973501e-01 -3.953296159097033358e-02
9.995850747775503198e-01 -2.159859002863668762e-02 1.905726084026795539e-02 8.553239479480852836e+00 2.177396698843343456e-02 9.997220150834492669e-01 -9.043612059032929071e-03 4.082096905677371490e-01 -1.885663393996249784e-02 9.454811804713544529e-03 9.997774921902331524e-01 -3.802562283240926849e-02
9.995535759805579401e-01 -2.344736481355636643e-02 1.851674452432045329e-02 8.945753691241158378e+00 2.357125206876995588e-02 9.997010227727005649e-01 -6.500857107095647097e-03 4.134047746522119815e-01 -1.835878047119308618e-02 6.934417821011852265e-03 9.998074159702428076e-01 -3.472838996102766557e-02
9.995412085619496123e-01 -2.479317551597973179e-02 1.739743758003053919e-02 9.341094603155195131e+00 2.485524992494691360e-02 9.996854110367421331e-01 -3.360879567665206718e-03 4.518595841231549115e-01 -1.730863766116969710e-02 3.791755284000565638e-03 9.998430045032973279e-01 -3.838631454565168133e-02
9.995858729111383179e-01 -2.585253647270940869e-02 1.263839524642594754e-02 9.731761700168862106e+00 2.586596842002058388e-02 9.996650143163726687e-01 -9.004607381487741546e-04 4.831103239280648554e-01 -1.261088237087913851e-02 1.226992165288442104e-03 9.999197268461375021e-01 -5.544797804079658332e-02
9.996246299239046618e-01 -2.696397772328965048e-02 4.852128897157787987e-03 1.015640202444192752e+01 2.695235181454931628e-02 9.996337275630233776e-01 2.445700333221952072e-03 5.017996326794850193e-01 -4.916297505384940522e-03 -2.314006005416026530e-03 9.999852375885582845e-01 -7.625220326425397044e-02
9.996073476153599646e-01 -2.801922689057701615e-02 -2.711417328233130708e-04 1.056570303167086067e+01 2.801993559262216937e-02 9.996025222453488457e-01 3.111387170081842020e-03 5.272618751852433672e-01 1.838552969532047769e-04 -3.117762850380152197e-03 9.999951228641260625e-01 -9.304246118441636404e-02
9.995808554034207871e-01 -2.892661919298598200e-02 -1.167995303751955460e-03 1.101174122674545153e+01 2.892841860145710375e-02 9.995802773434001587e-01 1.554266164462713524e-03 5.743688538994919934e-01 1.122545404196212708e-03 -1.587402959269705463e-03 9.999981100200442397e-01 -9.947884409556144447e-02
9.995449606559854150e-01 -3.015918241213752515e-02 -5.434551094782281121e-04 1.148237009861475322e+01 3.016032157298063204e-02 9.995425941987989837e-01 2.226518571557968302e-03 5.751985108162985805e-01 4.760565502148318500e-04 -2.241896198870072920e-03 9.999973736323483076e-01 -9.346784456121376428e-02
9.995298416801009500e-01 -3.066070581192330280e-02 1.292674241778136632e-04 1.194247231752840932e+01 3.065964853467366413e-02 9.995168742274900264e-01 5.099420186477508256e-03 6.358622148910590965e-01 -2.855567939026173270e-04 -5.093059357857900905e-03 9.999869895172111001e-01 -9.648782274652778490e-02
9.994899797405244479e-01 -3.193347957789784836e-02 1.824289836537117560e-04 1.242173937274075790e+01 3.193193173415360270e-02 9.994739441212948661e-01 5.673337496396022028e-03 6.668866621359483826e-01 -3.635024228940990018e-04 -5.664618669481655613e-03 9.999838898508904839e-01 -9.723555926681741457e-02
9.994538508875133731e-01 -3.302316090158573941e-02 -1.212761389658395961e-03 1.291592166877442871e+01 3.302861420181430613e-02 9.994429194719354204e-01 4.791801469402530780e-03 6.742467656940216436e-01 1.053845352970493848e-03 -4.829240259340688082e-03 9.999877838496276095e-01 -1.003682094555687909e-01
9.994264059962705282e-01 -3.369795775715160591e-02 -3.362534813943931274e-03 1.341795582957403710e+01 3.370858060257153621e-02 9.994267271536243502e-01 3.154147231001541186e-03 7.262726125666187915e-01 3.254318843889977397e-03 -3.265684306867740888e-03 9.999893723009610769e-01 -1.064398743241477263e-01
9.993828418488188703e-01 -3.485361264008468574e-02 -4.377339844436256219e-03 1.392223393347442517e+01 3.486955703525942973e-02 9.993853138702680772e-01 3.620554182789917971e-03 7.446645380366786471e-01 4.248459761319359554e-03 -3.770955629632499664e-03 9.999838651114806298e-01 -1.097597901766862588e-01
9.993658464072725511e-01 -3.526592170558925932e-02 -4.921361694798550256e-03 1.446662655191183511e+01 3.528843900427026947e-02 9.993667377467013724e-01 4.566131640435604905e-03 8.326833361900515262e-01 4.757216341273388764e-03 -4.736903183635806855e-03 9.999774650665439468e-01 -1.178410441417145349e-01
9.993118117433239522e-01 -3.672355623543818726e-02 -5.223344493524890650e-03 1.500737695130082905e+01 3.675079775426680351e-02 9.993108349684929337e-01 5.218618495199130354e-03 8.477176972527228349e-01 5.028098517372694976e-03 -5.406989180317058226e-03 9.999727409751245633e-01 -1.207179127742016023e-01
9.992547993659957051e-01 -3.851580664213524741e-02 -2.525585621053121586e-03 1.557202971221889243e+01 3.852998391252590582e-02 9.992404481292654905e-01 5.828135390083096813e-03 8.641513760683549039e-01 2.299191972001324823e-03 -5.921103033244228160e-03 9.999798269240962600e-01 -1.192902263991739154e-01
9.992180093467956103e-01 -3.953946574656933000e-02 2.110694291156378069e-05 1.613829778356755540e+01 3.953906633127939052e-02 9.992100470988481975e-01 3.992995162559207466e-03 9.124819494668550135e-01 -1.789711648770031277e-04 -3.989038128847964722e-03 9.999920277402859492e-01 -1.193845379374017801e-01
9.991738414016756442e-01 -4.061986736721325680e-02 1.288810959389665193e-03 1.670989849992999154e+01 4.061766310132650798e-02 9.991733283663837284e-01 1.692727216602650736e-03 9.458950171885626146e-01 -1.356503890955715894e-03 -1.638980266108250186e-03 9.999977368178796233e-01 -1.376475599231161417e-01
9.991440740627662853e-01 -4.132784332551707462e-02 1.768793746844057142e-03 1.729313180512992787e+01 4.132647148677405513e-02 9.991453719764907815e-01 8.052405930597145460e-04 9.878579879498364802e-01 -1.800560943209514710e-03 -7.314533624054661695e-04 9.999981114763509815e-01 -1.456189811372223808e-01
9.990957707536233245e-01 -4.248802308601636046e-02 1.552016902469692322e-03 1.787789301576397705e+01 4.248366732139849389e-02 9.990934062993136466e-01 2.739251751736629381e-03 1.032008109961736642e+00 -1.666995245388751311e-03 -2.670839470427810794e-03 9.999950438594058522e-01 -1.488374219521933772e-01
9.990440629899521863e-01 -4.368781419672553706e-02 1.528101842441557945e-03 1.846337123065081798e+01 4.368113564212023486e-02 9.990368608818319673e-01 4.160407238464431876e-03 1.095137309088183075e+00 -1.708389166197304011e-03 -4.089680927353648784e-03 9.999901779099479304e-01 -1.419828886754476993e-01
9.989765243949974005e-01 -4.515527060885580340e-02 2.627783083178022918e-03 1.903692732684251254e+01 4.514184622128023655e-02 9.989682663651628935e-01 4.961503312033775474e-03 1.151280333278739132e+00 -2.849109935667671224e-03 -4.837802354586064925e-03 9.999842389962716460e-01 -1.517233795227101167e-01
9.988914317901407269e-01 -4.699245694656473821e-02 2.759798247676429651e-03 1.963336487863489310e+01 4.698615005025156416e-02 9.988928760951318875e-01 2.307333926999408178e-03 1.178087283005092578e+00 -2.865170099289681728e-03 -2.175103795384660758e-03 9.999935298409592388e-01 -1.665469845230014567e-01
9.988350830790658774e-01 -4.820377805600176840e-02 2.207394745664378009e-03 2.022024652043736026e+01 4.820303965472481217e-02 9.988374830576332020e-01 3.865321944302704728e-04 1.215132860347122534e+00 -2.223460923985867872e-03 -2.796787800776016908e-04 9.999974889974971859e-01 -1.680288415911580790e-01
9.988098811070251770e-01 -4.875172131941937076e-02 1.446053720935250829e-03 2.082340176528785136e+01 4.875392179622493188e-02 9.988096522871261485e-01 -1.527614990031903519e-03 1.279192761786986043e+00 -1.369858553918440035e-03 1.596297736594692136e-03 9.999977876580919967e-01 -1.745227719857989634e-01
9.987656613645782278e-01 -4.967038728449107293e-02 7.941023432719705082e-05 2.142910294468103061e+01 4.967044615820333936e-02 9.987636039690384049e-01 -2.027354242049429420e-03 1.323480359381806970e+00 2.138741853679384256e-05 2.028796142149341154e-03 9.999979417622777422e-01 -1.755158648814467426e-01
9.987363998835716572e-01 -5.023133158423136180e-02 -1.554630141673718534e-03 2.203826067040623471e+01 5.022913207335130692e-02 9.987367068084908039e-01 -1.422942194373403831e-03 1.377415512024420030e+00 1.624142469191191184e-03 1.343056441739580919e-03 9.999977791778510428e-01 -1.808156341173275117e-01
9.987016795602632335e-01 -5.088588869612310078e-02 -2.362535738378962816e-03 2.266100717997213820e+01 5.088394925204692970e-02 9.987041904153478589e-01 -8.739309696434738881e-04 1.428522330876458080e+00 2.403945095974461231e-03 7.525811785848445000e-04 9.999968273297397126e-01 -1.807098664166518487e-01
9.986615128538610664e-01 -5.161196012669959365e-02 -3.374657955624941249e-03 2.327167437376375148e+01 5.161210911434985227e-02 9.986672060027793618e-01 -4.298105013120706109e-05 1.473387276930448353e+00 3.372378568004587036e-03 -1.312496940812443865e-04 9.999943049019388575e-01 -1.849974197830716871e-01
9.986457409562493615e-01 -5.187783814475010330e-02 -3.920966637307124296e-03 2.389426447129623199e+01 5.187919814519718203e-02 9.986533374224271231e-01 2.458756986491918302e-04 1.515334661320774989e+00 3.902930918570500680e-03 -4.489593243582214025e-04 9.999922827531070313e-01 -1.857870959155246415e-01
9.986380783350928825e-01 -5.204743917016058791e-02 -3.612834762538947447e-03 2.453930376075604869e+01 5.204761749618475736e-02 9.986446032068854173e-01 -4.470719538301324609e-05 1.573286492796779124e+00 3.610264832919914645e-03 -1.433931341125027474e-04 9.999934726918197070e-01 -1.951461835581194126e-01
9.986687764155489644e-01 -5.152624012388523633e-02 -2.391984817253470404e-03 2.517818200626163616e+01 5.152608732541479053e-02 9.986716410183830162e-01 -1.255013296219910281e-04 1.633299622768469295e+00 2.395274014383550094e-03 2.084640717249630474e-06 9.999971313249105265e-01 -1.985718904889962888e-01
9.986755428122300327e-01 -5.145009223639249868e-02 2.195394369926942954e-04 2.584658302036501709e+01 5.144983508744230966e-02 9.986750289179342488e-01 1.049326087619556090e-03 1.680690823620899499e+00 -2.732364775813850267e-04 -1.036641032312029609e-03 9.999994253584336690e-01 -2.038629617875244993e-01
9.987062562531442422e-01 -5.076953952127698233e-02 2.875339567153036100e-03 2.650222773099669027e+01 5.076388238181349377e-02 9.987086654005208342e-01 2.007460942548869656e-03 1.730104712916417542e+00 -2.973544409344875111e-03 -1.858900402912658885e-03 9.999938512425652348e-01 -2.115257310718683947e-01
9.987089549372156760e-01 -5.059856618702878589e-02 4.495378519266476566e-03 2.717068189577154769e+01 5.059270546459237322e-02 9.987183764470507485e-01 1.408084067112329134e-03 1.780614984161684511e+00 -4.560864171143446180e-03 -1.178832805752394377e-03 9.999889043740577410e-01 -2.147876916630175881e-01
9.987479464025570408e-01 -4.986066838718462152e-02 4.056267330724032914e-03 2.786528560894457485e+01 4.985954529420884990e-02 9.987561680239082085e-01 3.775940326640020678e-04 1.846651809839397584e+00 -4.070049106562141118e-03 -1.748776199953776147e-04 9.999917020246158472e-01 -2.247540026104359878e-01
9.988125111996656313e-01 -4.867953109389701327e-02 1.967415435587236121e-03 2.853893825906454040e+01 4.867891585992938086e-02 9.988144141751208460e-01 3.594255306916984533e-04 1.915085662126572164e+00 -1.982579562032402761e-03 -2.632270664489703960e-04 9.999980000428959626e-01 -2.329027119566144388e-01
9.988548474727282356e-01 -4.784218975361951426e-02 -3.443251537367030359e-04 2.923743490527118993e+01 4.784267445874201136e-02 9.988536447017223319e-01 1.573202695227768908e-03 1.961319770263653561e+00 2.686649729063941209e-04 -1.587874574423599585e-03 9.999987032358933492e-01 -2.388365811163805641e-01
9.989002470904572162e-01 -4.676348077927030417e-02 -3.387215379976498027e-03 2.995732044057580978e+01 4.676942961088199208e-02 9.989042668966592320e-01 1.698831810567914043e-03 2.010746300282361787e+00 3.304060607235806933e-03 -1.855381646632126014e-03 9.999928203454507836e-01 -2.479889543260442863e-01
9.989514629357540976e-01 -4.547558712051954360e-02 -5.286366858312663806e-03 3.067998195128084760e+01 4.548874341840055541e-02 9.989619787961289132e-01 2.395650629224446455e-03 2.058109786158264232e+00 5.171935878522671177e-03 -2.633608886380041803e-03 9.999831574499152831e-01 -2.555298294445553786e-01
9.990607721201910651e-01 -4.298024716794318634e-02 -5.501996364054834339e-03 3.138977738169073461e+01 4.298521607017873059e-02 9.990753976754964683e-01 7.880094851327405087e-04 2.112876575734299323e+00 5.463040362985530259e-03 -1.023773867180984747e-03 9.999845534192322027e-01 -2.399047320791261872e-01
9.991854788641476581e-01 -4.015749128468742990e-02 -3.969221679886174477e-03 3.215099922431531354e+01 4.017128713288196928e-02 9.991868198063693640e-01 3.459308503378835924e-03 2.156768777962922989e+00 3.827076836356480601e-03 -3.615939567284168297e-03 9.999861391359053941e-01 -2.642800839014449177e-01
9.993058910952204998e-01 -3.724354527012177507e-02 8.089240382105740640e-04 3.287436080978878294e+01 3.723937745236148567e-02 9.992954673384266684e-01 4.668803255232744677e-03 2.207650100922013081e+00 -9.822369101984754474e-04 -4.635438769729411691e-03 9.999887738960194783e-01 -2.553552922811983539e-01
9.993830636796626754e-01 -3.478785765008369363e-02 4.826695595207629481e-03 3.360167571908166195e+01 3.476321459619022974e-02 9.993825696386570145e-01 5.098863929752057815e-03 2.265770460003182496e+00 -5.001093999367549510e-03 -4.927926800634647130e-03 9.999753519943664903e-01 -2.561740457842043850e-01
9.994682380567887492e-01 -3.214544725983528584e-02 5.469125718366441881e-03 3.434476551156842561e+01 3.213909779744435202e-02 9.994826304225655766e-01 1.244940301999302454e-03 2.301311012638120435e+00 -5.506315321924156077e-03 -1.068505523796032348e-03 9.999842692700326996e-01 -2.621619105736032740e-01
9.995749460471975434e-01 -2.881635804695458283e-02 4.420943751251064924e-03 3.507813839641745091e+01 2.881587794493716340e-02 9.995847215227204874e-01 1.722689981497386416e-04 2.326785731778370447e+00 -4.424071993592980367e-03 -4.480239899364646730e-05 9.999902127419750819e-01 -2.720595255620045783e-01
9.996750531027963627e-01 -2.528183633680329903e-02 3.258366977555528232e-03 3.581185548598297430e+01 2.527915939865694669e-02 9.996800609428285744e-01 8.601473360775121904e-04 2.379097848053657316e+00 -3.279070602873059882e-03 -7.774990556645694885e-04 9.999943215794776519e-01 -2.742999622991437736e-01
9.997653437177298485e-01 -2.160167356303878752e-02 1.620246970477570584e-03 3.653899605462238753e+01 2.159781378863953258e-02 9.997639473845025826e-01 2.363038236853045888e-03 2.427811157986353052e+00 -1.670910087551915864e-03 -2.327489942725541588e-03 9.999958954165990566e-01 -2.781248001830849415e-01
9.998225891480836403e-01 -1.883011568104916988e-02 -4.658032423439408530e-04 3.723931009400435244e+01 1.883189146734047525e-02 9.998140175740560798e-01 4.158139750831751739e-03 2.448857054684419499e+00 3.874183586007863230e-04 -4.166174007821126478e-03 9.999912464122633349e-01 -2.786687291481377837e-01
9.998779582810443101e-01 -1.556536389346569252e-02 -1.337157654955230300e-03 3.797224523274155672e+01 1.557334755368778093e-02 9.998596077094461521e-01 6.183503625327203129e-03 2.474946479350978557e+00 1.240721444264437272e-03 -6.203573000810291491e-03 9.999799879459195795e-01 -2.919794179024440273e-01
9.999262086541516048e-01 -1.191255364095319957e-02 -2.380821766862795466e-03 3.870834320647252724e+01 1.192392403542927998e-02 9.999172899124187941e-01 4.820100600722905353e-03 2.494930845508897654e+00 2.323205141925040358e-03 -4.848133656902421477e-03 9.999855490545417336e-01 -2.964343054682708201e-01
9.999563365329507958e-01 -7.692817494306276697e-03 -5.305241427061827345e-03 3.940835340433738310e+01 7.713279508589293045e-03 9.999628510015250438e-01 3.847328439870858173e-03 2.516422517527790337e+00 5.275447547127562822e-03 -3.888081262159771151e-03 9.999785260080720217e-01 -2.917560177393627163e-01
9.999641623675979973e-01 -2.465949144783360046e-03 -8.098955197030965891e-03 4.012847107900947208e+01 2.511898439819634093e-03 9.999807806333508298e-01 5.668221073866129556e-03 2.539452923163868725e+00 8.084821995332017175e-03 -5.688361691166501921e-03 9.999511379035348480e-01 -2.955702329690121921e-01
9.999690983731724936e-01 2.775253148049128607e-03 -7.355288485760528780e-03 4.082972404814134393e+01 -2.712394021325651230e-03 9.999598347498518391e-01 8.542353640656865157e-03 2.556511105635263181e+00 7.378700252591567643e-03 -8.522139227518531548e-03 9.999364619442423496e-01 -2.957640341854556598e-01
9.999560177749140522e-01 7.221017084997448029e-03 -5.984933415990679843e-03 4.153826455999980283e+01 -7.163454328675468441e-03 9.999284113270706653e-01 9.584213217658005615e-03 2.556954521629953625e+00 6.053712729940824953e-03 -9.540918885449381145e-03 9.999361596767089022e-01 -2.951278956749349702e-01
9.999063208408535131e-01 1.266708005133191685e-02 -5.186002842382643127e-03 4.224372486872101007e+01 -1.261393873376498269e-02 9.998688772309418660e-01 1.015464891350327005e-02 2.581707148447982547e+00 5.313952590010122615e-03 -1.008828171240467968e-02 9.999349921269693464e-01 -2.921986063595964911e-01
9.998226814662082296e-01 1.841124467095801853e-02 -3.953693891450240326e-03 4.295142408195194861e+01 -1.836620565186364989e-02 9.997692556728463575e-01 1.114082139324641674e-02 2.595306611765064275e+00 4.157897987519989201e-03 -1.106623156403683736e-02 9.999301227602339637e-01 -2.882886713482438190e-01
9.997010814968487757e-01 2.436163715128969454e-02 -2.063562293686386530e-03 4.365243294432485044e+01 -2.433536005820370607e-02 9.996327452437245853e-01 1.192329179935221369e-02 2.587418626341554173e+00 2.353275349083925987e-03 -1.186951017539552601e-02 9.999267857314991792e-01 -3.025140244067103246e-01
9.995347939306629126e-01 3.042279960793358926e-02 2.156150737470852521e-03 4.435286135692951603e+01 -3.044528156062223032e-02 9.994725559959426464e-01 1.130020538006681896e-02 2.576201193367658515e+00 -1.811229604886263611e-03 -1.136059307222870088e-02 9.999338259966834563e-01 -3.030211167065340883e-01
9.993073004733914466e-01 3.668484434147066542e-02 6.256310112591168329e-03 4.505274568055097006e+01 -3.675001858041676561e-02 9.992678282456209926e-01 1.064159610298292917e-02 2.568238904452060822e+00 -5.861344122457364664e-03 -1.086414418728260702e-02 9.999238046052089102e-01 -3.158271598194441476e-01
9.990391212520974840e-01 4.288174479256302157e-02 9.054842427257545762e-03 4.574387023505257588e+01 -4.296084964649834331e-02 9.990386122890092535e-01 8.730209235846038071e-03 2.544565779358481716e+00 -8.671770608585795126e-03 -9.110824287416717168e-03 9.999208935087394723e-01 -3.180643727307812529e-01
9.987526269849588134e-01 4.904669615698158819e-02 9.360111469872964274e-03 4.643819587028130513e+01 -4.912436109883363405e-02 9.987585466329655937e-01 8.256068933682846403e-03 2.536784637142037280e+00 -8.943558423531436374e-03 -8.705580031856023984e-03 9.999221097860742091e-01 -3.248804399616216365e-01
9.984793635521614918e-01 5.446140700967348064e-02 8.539069445628039504e-03 4.712398611042062413e+01 -5.452986888884008704e-02 9.984800861353544388e-01 8.000686851828813992e-03 2.511057934561142790e+00 -8.090362132592067781e-03 -8.454155053096977859e-03 9.999315343076753404e-01 -3.289756805304664411e-01
9.981848433347962901e-01 5.984858266796589527e-02 6.720542338516573636e-03 4.780116907834104012e+01 -5.989680899942046582e-02 9.981784648523485126e-01 7.219735223389409096e-03 2.487742701610294205e+00 -6.276209714077839869e-03 -7.609169313700312950e-03 9.999513536837580929e-01 -3.389251788025852141e-01
9.978703618163706768e-01 6.503559438398261172e-02 5.011234537275532051e-03 4.849924460924972180e+01 -6.507518028515603403e-02 9.978467634760345151e-01 8.188866298660427492e-03 2.443693761248811658e+00 -4.467876376975369289e-03 -8.497533967274569291e-03 9.999539139366149243e-01 -3.446501815077381292e-01
9.975052431458556468e-01 7.040776959444565442e-02 5.102536355862353004e-03 4.918033602987815556e+01 -7.044834658107367031e-02 9.974811934689272741e-01 8.264329361620673456e-03 2.428165007260516983e+00 -4.507811056418569925e-03 -8.603177118941181603e-03 9.999528313790304601e-01 -3.479738035353575620e-01
9.971145691437158787e-01 7.554078731318121520e-02 7.491692295235811809e-03 4.987701763893723950e+01 -7.560574327680096018e-02 9.970989306841289146e-01 8.803068336046455250e-03 2.397127510954473184e+00 -6.804967663717471048e-03 -9.344082655422036171e-03 9.999331880352928525e-01 -3.594671212079402212e-01
9.967166798680179296e-01 8.053048368267305690e-02 8.408404766058740279e-03 5.057694446036797586e+01 -8.058520510757706534e-02 9.967272720368952621e-01 6.385130825496922700e-03 2.345534915615388183e+00 -7.866688670901343314e-03 -7.041759419612600608e-03 9.999442628635014652e-01 -3.670372780591038553e-01
9.963028298818408235e-01 8.552222550098033393e-02 8.162114603160030429e-03 5.125871826125796815e+01 -8.555058086676468887e-02 9.963287222524956910e-01 3.189879005288558719e-03 2.312562368519777145e+00 -7.859343661833738393e-03 -3.876359125351106025e-03 9.999616015413473891e-01 -3.733350364688325929e-01
9.959572631520536845e-01 8.965371270579257368e-02 5.598372329350151215e-03 5.195751497138874697e+01 -8.965607918371122642e-02 9.959727695315216955e-01 1.726763288262997647e-04 2.248227530775793070e+00 -5.560345319755822906e-03 -6.739063567291006269e-04 9.999843140820496856e-01 -3.816914916973129790e-01
