1.000000000000000000e+00 0.000000000000000000e+00 0.000000000000000000e+00 0.000000000000000000e+00 0.000000000000000000e+00 1.000000000000000000e+00 0.000000000000000000e+00 0.000000000000000000e+00 0.000000000000000000e+00 0.000000000000000000e+00 1.000000000000000000e+00 0.000000000000000000e+00
9.999999383849531576e-01 2.452305367488836563e-04 2.511813562861936423e-04 -1.882447254466176195e-02 -2.452709845761979297e-04 9.999999569586022208e-01 1.610122287502932124e-04 1.058719617684148601e-02 -2.511418603597173616e-04 -1.610738263280806892e-04 9.999999554914932309e-01 2.959496322724106381e-03
9.999998377728346322e-01 2.088618347712422208e-04 5.299349379602557144e-04 -1.447614236500636281e-02 -2.085438364317488942e-04 9.999997982218050696e-01 -6.000548452772704175e-04 1.529704469333664774e-02 -5.300601595868884670e-04 5.999442332670523086e-04 9.999996795515208037e-01 8.446388933798234036e-03
9.999999351027953898e-01 3.484063485467958068e-04 9.169199175043923206e-05 -8.703864736805672422e-03 -3.483498635557378447e-04 9.999997500128812167e-01 -6.153263748995629152e-04 1.713790302202917656e-02 -9.190635244406568285e-05 6.152943940737858183e-04 9.999998064829968003e-01 -3.530725859118642729e-03
9.999999821238745312e-01 1.791347600226897852e-04 6.052262625854988180e-05 -6.604208832961309603e-03 -1.791382159601024400e-04 9.999999823244885011e-01 5.710098235314513737e-05 1.029912431784810178e-04 -6.051239641801061303e-05 -5.711182324769398960e-05 9.999999965382447842e-01 -5.930946036545967082e-03
9.999999929506835361e-01 -6.680812562827603970e-05 -9.815960070688692243e-05 -7.895549378965235898e-03 6.680358651187571866e-05 9.999999966993516898e-01 -4.624475626563246750e-05 -2.006474078196282193e-03 9.816268990838285019e-05 4.623819852626075876e-05 9.999999941130576220e-01 -6.157254430296785208e-03
9.999999698136836646e-01 -3.573915525741734643e-05 2.430953404449766558e-04 -2.175480575303091225e-03 3.565720288805626420e-05 9.999999425405936559e-01 3.371162607231915605e-04 6.455202122490157068e-03 -2.431073747272445161e-04 -3.371075824470180348e-04 9.999999136286373824e-01 -7.857421082156992864e-05
9.999999373362469246e-01 2.350883184108064523e-04 2.646903563898617292e-04 -3.310762972336697783e-03 -2.350950058088268333e-04 9.999999720467874775e-01 2.523415529693841784e-05 1.504149589018032723e-02 -2.646844167357806517e-04 -2.529638109654455642e-05 9.999999646511257279e-01 2.372759364283088829e-03
9.999999268759864890e-01 3.622901698651851527e-04 -1.224493960499034638e-04 -1.336400730091884953e-02 -3.622971038386261513e-04 9.999999327680660910e-01 -5.660982017925807327e-05 1.817982006482955076e-02 1.224288786360249674e-04 5.665417910127648333e-05 9.999999909007367682e-01 -7.055664716385748152e-03
9.999999799164702718e-01 1.736499401117861383e-04 1.000637659786464986e-04 -2.500701386570849255e-03 -1.736301183160278764e-04 9.999999653111623088e-01 -1.980662925829989771e-04 -1.693495789554494424e-03 -1.000981567073959503e-04 1.980489145216027182e-04 9.999999753784929446e-01 -2.255043359945824860e-03
9.999999208686751739e-01 1.826840928813677864e-04 3.533966122637904102e-04 -1.729131745519065649e-02 -1.826600691941677459e-04 9.999999810049370330e-01 -6.801047436048430442e-05 1.280294370147580171e-02 -3.534090299828144665e-04 6.794591752907627681e-05 9.999999352427028088e-01 1.380730883867203971e-03
9.999998687224304073e-01 7.336130967161834946e-05 5.071225100554666541e-04 -1.720391699486006204e-02 -7.327962825990429305e-05 9.999999843408423628e-01 -1.610851052545714094e-04 6.739032889686476235e-04 -5.071343195286453099e-04 1.610479223586911790e-04 9.999998584391642797e-01 5.252140798973552877e-03
9.999999984105822914e-01 4.444722339277522869e-05 3.468832277947592169e-05 -5.536151095857796967e-03 -4.446661996260735123e-05 9.999998425657299350e-01 5.593668161937580307e-04 -1.209898694996340909e-03 -3.466345501650727756e-05 -5.593683577771567253e-04 9.999998429527302557e-01 -5.951313484921264343e-03
9.999999996088001497e-01 2.576066981126650746e-05 1.089897160840639083e-05 1.568880914203857509e-03 -2.575997485642261874e-05 9.999999976356274134e-01 -6.375867727068973455e-05 3.204051033592494966e-03 -1.090061404886993545e-05 6.375839648851276589e-05 9.999999979080217427e-01 -7.364690356631056409e-03
9.999998509682691550e-01 3.829637908838713048e-04 -3.891043232930263898e-04 -9.192628994457541919e-03 -3.831559710594228539e-04 9.999998046026555842e-01 -4.939495445210101334e-04 9.331704744721936590e-03 3.889150824729997692e-04 4.940985585516893819e-04 9.999998023058169760e-01 7.700184534851269719e-03
9.999972255931607323e-01 1.540273577040445201e-04 -2.350549202688441506e-03 -5.914628688050023106e-03 -1.555763030853347321e-04 9.999997708872359059e-01 -6.588030734236199545e-04 1.323700979197048669e-02 2.350447190450969965e-03 6.591669353910418420e-04 9.999970204440392640e-01 -6.547123646197701430e-03
9.999952351148062579e-01 2.538755851887419509e-04 -3.076571934896929570e-03 5.822231850255247046e-03 -2.552161389546021147e-04 9.999998726697458817e-01 -4.353449373665178998e-04 2.460522992898358727e-03 3.076461019705510180e-03 4.361280538083121177e-04 9.999951725783055023e-01 -4.236734095268132605e-03
9.999934024089948137e-01 2.338589072037271623e-04 -3.624975654208248670e-03 3.943924796362329940e-03 -2.357389391690388556e-04 9.999998379404849702e-01 -5.182143921676720571e-04 1.519243344150506513e-02 3.624853877695002977e-03 5.190655211162962515e-04 9.999932954801997731e-01 -1.143085928069003526e-02
9.999949980889379919e-01 1.651677852856573756e-05 -3.162834851980402678e-03 2.158792011191523752e-02 -1.560806621128865617e-05 9.999999585978054384e-01 2.873339096526656604e-04 3.402470978727548112e-03 3.162839466862648122e-03 -2.872831066982194266e-04 9.999949569447454945e-01 -9.587975796260458927e-03
9.999964083142858229e-01 2.146141733597750644e-04 -2.671572436723455238e-03 4.544690332009429512e-02 -2.129057894402368095e-04 9.999997727047574836e-01 6.397355377480208084e-04 1.176156738732507361e-02 2.671709125801352818e-03 -6.391644467803416808e-04 9.999962267124596904e-01 -4.002180470974376833e-03
9.999962767941320552e-01 1.717741998123584982e-04 -2.723397051076156990e-03 7.133317155422062850e-02 -1.705441290407161946e-04 9.999998833534290421e-01 4.518936029495114232e-04 1.537857013686429880e-02 2.723474357063276549e-03 -4.514274610784893668e-04 9.999961894430767773e-01 -3.694579304695224699e-03
9.999939997615140408e-01 -1.514683005609761528e-04 -3.460852253865342749e-03 9.752144112916519281e-02 1.498253786292941194e-04 9.999998759777635193e-01 -4.749703291759335960e-04 7.653243655230212647e-03 3.460923767591282934e-03 4.744489557413693282e-04 9.999938984338171410e-01 -1.151291931746806739e-02
9.999944407291486703e-01 2.955983915191951004e-04 -3.321314858320964774e-03 1.277781640969659072e-01 -2.972469096753437663e-04 9.999998328823750393e-01 -4.958623768063330061e-04 2.423651411930998270e-02 3.321167727149714876e-03 4.968468707507701053e-04 9.999943614781611201e-01 -2.243370544706829728e-03
9.999934196401020214e-01 -3.538623211284433164e-04 -3.610465060419069255e-03 1.534287292805735781e-01 3.527014709841573515e-04 9.999998859087914083e-01 -3.221553608350669800e-04 6.090068442953927574e-04 3.610578647140496276e-03 3.208798245991029098e-04 9.999934303574053995e-01 -1.929277943292376576e-03
9.999877853011277518e-01 2.760719179137722539e-05 -4.942518223388443939e-03 1.947234595018870473e-01 -2.964046706198037717e-05 9.999999149720607550e-01 -4.113116991630379909e-04 2.358042297011883962e-02 4.942506447975341007e-03 4.114531736630937177e-04 9.999877010925172227e-01 -1.478374227639436128e-02
9.999839276344244521e-01 -1.763079862360593495e-04 -5.666867593666477000e-03 2.469457455907332899e-01 1.727793178522237286e-04 9.999997909046794975e-01 -6.231676376148209597e-04 1.987940623947111185e-02 5.666976278182256528e-03 6.221785043195417805e-04 9.999837490048382183e-01 -9.437905068001933850e-03
9.999798746341136413e-01 -4.251389806028993174e-04 -6.330053995786020897e-03 3.012642046433083864e-01 4.191254124966170059e-04 9.999994596819929971e-01 -9.512989071377833455e-04 1.655480177111361834e-02 6.330455009791490124e-03 9.486266754071003048e-04 9.999795125135313434e-01 -8.531133457724258441e-04
9.999733777637127563e-01 -3.785553130839451998e-04 -7.287006223817556021e-03 3.667186720630676855e-01 3.744274245018819813e-04 9.999997686874770864e-01 -5.678284038405142370e-04 2.419835074589300056e-02 7.287219492700954850e-03 5.650848320058634959e-04 9.999732881988387945e-01 -6.822003041299123938e-03
9.999712225253305498e-01 -6.604035300783233026e-04 -7.557644366691115487e-03 4.477262202553234371e-01 6.568324480654290408e-04 9.999996714801807629e-01 -4.749849109338116358e-04 2.406895881753014915e-02 7.557955565567068754e-03 4.700071360165871954e-04 9.999713277894326513e-01 -9.262564252556785421e-03
9.999683261971352710e-01 -1.032976750761013590e-03 -7.891740082647914073e-03 5.271369474916919318e-01 1.029640196029588681e-03 9.999993788233171310e-01 -4.268419455869734832e-04 2.401737291704367228e-02 7.892176098289030439e-03 4.187027730736224418e-04 9.999687686345115623e-01 -1.553595944383033556e-02
9.999692013315718553e-01 -1.461079200286937102e-03 -7.711137132022805735e-03 6.296990717498037737e-01 1.460736584785963599e-03 9.999989318705861940e-01 -5.006312485827530805e-05 3.141507036620492382e-02 7.711202041720852801e-03 3.879764286164509660e-05 9.999702674868962138e-01 -5.730228918048030362e-03
9.999657909352355212e-01 -1.887035666582125449e-03 -8.053325751626871920e-03 7.334621365176248187e-01 1.885821169575058187e-03 9.999982092927042210e-01 -1.583979211070545164e-04 2.261816736308241982e-02 8.053610233004333818e-03 1.432053702744108862e-04 9.999675589010059706e-01 -1.396410559324553873e-02
9.999648343038310960e-01 -2.084709401324004105e-03 -8.123062379646939224e-03 8.535298895984467782e-01 2.081268868461993993e-03 9.999977408533994305e-01 -4.319814747846092615e-04 3.556960489527491442e-02 8.123944584299859495e-03 4.150600070079824380e-04 9.999669140774517517e-01 -1.563523202073990870e-02
9.999649786510600435e-01 -2.682517781735808179e-03 -7.927519772013504398e-03 9.764968200561234823e-01 2.680664256944792403e-03 9.999963771411295443e-01 -2.444253614918862755e-04 3.494680470849074322e-02 7.928146727106686123e-03 2.231657824869519649e-04 9.999685468486031459e-01 -1.989017967452461066e-02
9.999710137323524206e-01 -2.721649956191773793e-03 -7.110859062554048503e-03 1.116596300785684504e+00 2.722274207780016504e-03 9.999962915540305808e-01 7.811097173634360877e-05 5.507062230977105566e-02 7.110620101594615321e-03 -9.746641581196030817e-05 9.999747144713553304e-01 -1.333290981261828906e-02
9.999699369933818804e-01 -3.136876364569176744e-03 -7.091199907301098254e-03 1.250741379489322513e+00 3.134355215922925066e-03 9.999950206921323081e-01 -3.666174058938055625e-04 6.800201721407633793e-02 7.092314631508996742e-03 3.443800448557045248e-04 9.999747899200021051e-01 -1.304896634555420716e-02
9.999656625488264616e-01 -3.666294204462414510e-03 -7.431824143021304070e-03 1.404109295718499961e+00 3.667677317251277595e-03 9.999932591730645859e-01 1.724863140083704818e-04 6.710993123029199148e-02 7.431141660807543715e-03 -1.997379241031447704e-04 9.999723687374459935e-01 -2.232247481888570417e-02
9.999706183761203349e-01 -3.885341915711775125e-03 -6.608063458943574074e-03 1.561324144428255956e+00 3.886221301513664329e-03 9.999924413843013227e-01 1.202425068450417177e-04 7.007854434388227638e-02 6.607546327879480243e-03 -1.459193709008318270e-04 9.999781592810225161e-01 -1.941764327611642665e-02
9.999720629923141146e-01 -4.515183407917477444e-03 -5.957042360792622407e-03 1.745118140334680268e+00 4.517506835802758726e-03 9.999897250872112897e-01 3.766324363575476513e-04 8.474775971452072620e-02 5.955280588174361942e-03 -4.035328939603256447e-04 9.999821857384858514e-01 -1.391078375730354054e-02
9.999695997103692502e-01 -5.133920715650783576e-03 -5.868774418001865105e-03 1.927384042317063839e+00 5.145769183389999057e-03 9.999847492260933723e-01 2.005585884107533110e-03 9.225511007188033630e-02 5.858388395732670555e-03 -2.035724272260198368e-03 9.999807673710989775e-01 -7.498894357344956449e-03
9.999659617262499633e-01 -5.444558309333961607e-03 -6.199368815631532172e-03 2.142960645149435184e+00 5.464616808748348070e-03 9.999798741325651719e-01 3.223242614619556065e-03 1.175398300332867046e-01 6.181694915596142904e-03 -3.257010076038607121e-03 9.999755889687182986e-01 -1.946983043294461466e-02
9.999660571716301183e-01 -5.990339913033313791e-03 -5.656883625321287509e-03 2.342747410258074314e+00 6.019094147134963942e-03 9.999689826812789839e-01 5.079781591365011006e-03 1.318901189725286416e-01 5.626278545542666779e-03 -5.113658484330494206e-03 9.999710973256344948e-01 -1.452731788984157335e-02
9.999609990231398404e-01 -6.743606447525188861e-03 -5.702999625203747543e-03 2.576520615650104151e+00 6.773297268047190518e-03 9.999635250242903117e-01 5.202986172788534938e-03 1.323221807816976070e-01 5.667704717329744186e-03 -5.241411363026273612e-03 9.999702019211176296e-01 -1.748863637002238264e-02
9.999604291457749872e-01 -7.244753090729334245e-03 -5.162721690346749708e-03 2.804421176519409808e+00 7.275908726210125223e-03 9.999552783861451744e-01 6.041719945072864667e-03 1.434111434172087862e-01 5.118720035855486329e-03 -6.079044360851437734e-03 9.999684214638246971e-01 -1.646311727485006565e-02
9.999576499343237890e-01 -7.767988294755867260e-03 -4.935250315522147005e-03 3.045668898503440136e+00 7.799796175383183136e-03 9.999487221085046063e-01 6.458818250350503200e-03 1.571814683072854102e-01 4.884825221725286326e-03 -6.497038665508978773e-03 9.999669629398423298e-01 -1.798084629442846943e-02
9.999558411898077370e-01 -8.517592328372404833e-03 -3.970678948442814792e-03 3.299841166271109127e+00 8.543565159233370773e-03 9.999419147402895947e-01 6.570741198168862131e-03 1.661463491842947726e-01 3.914481415703624338e-03 -6.604374796377887775e-03 9.999705291001306229e-01 -1.500294511633400510e-02
9.999438908515285718e-01 -9.186416579374934513e-03 -5.274931197324176160e-03 3.576205747654327194e+00 9.212646172528532809e-03 9.999452120233587316e-01 4.969919723683730722e-03 1.708892946730697360e-01 5.228986441569142066e-03 -5.018236940425442952e-03 9.999737371545333042e-01 -2.578267183759050396e-02
9.999196301779289531e-01 -9.868142127850320494e-03 -7.959457002734749570e-03 3.843467077041719193e+00 9.906555998056666007e-03 9.999394020391834115e-01 4.801291261490465631e-03 1.710516751723130668e-01 7.911594851305582543e-03 -4.879756189077783662e-03 9.999567963899460565e-01 -1.801377141184045544e-02
9.998775751835301540e-01 -1.045745807354515021e-02 -1.163942506072111922e-02 4.123809504570601803e+00 1.048595353313373606e-02 9.999421650159355801e-01 2.389853916984998727e-03 1.932864803702755430e-01 1.161376009761944279e-02 -2.511611809896935939e-03 9.999294036993368051e-01 -1.575247630302181040e-02
9.998195744491589210e-01 -1.074093694066944292e-02 -1.566687020241615269e-02 4.421641064645045027e+00 1.071700412225276046e-02 9.999412739029146513e-01 -1.610766295832974674e-03 2.087326288201321323e-01 1.568325128748532249e-02 1.442573759894679895e-03 9.998759696132319963e-01 -2.013149419547251989e-02
9.997792259294003836e-01 -1.072335359082382360e-02 -1.806956246772764216e-02 4.712252827551763446e+00 1.065433492085655041e-02 9.999355903473640117e-01 -3.911560310529820297e-03 2.144522888650708670e-01 1.811034365778745395e-02 3.718177569033159161e-03 9.998290806973769707e-01 -1.962462584278922700e-02
9.997439562616993181e-01 -1.174993001562135361e-02 -1.933807288313335940e-02 5.025467034605498817e+00 1.161688513313969065e-02 9.999081737884190080e-01 -6.977963235239369004e-03 2.101858437392360723e-01 1.941828772082686630e-02 6.751528400067250725e-03 9.997886511489587624e-01 -1.655353047073906264e-02
9.997261042532586961e-01 -1.195441907940923698e-02 -2.011984938006165444e-02 5.338281030140126227e+00 1.176406332515038747e-02 9.998851668161319317e-01 -9.553009743417552671e-03 2.211970524519729919e-01 2.023173963564088920e-02 9.313702032480717860e-03 9.997519350647768865e-01 -1.879655174024894362e-02
9.997302681552294734e-01 -1.196302523211128198e-02 -1.990670644704430406e-02 5.667264135343845766e+00 1.171969044253793300e-02 9.998557200178485038e-01 -1.229585310260752906e-02 2.469034358626579773e-01 2.005092990871025840e-02 1.205923608217730064e-02 9.997262300424603065e-01 -7.601327905695943327e-03
9.997054079764282619e-01 -1.272465214969533548e-02 -2.066834512853627306e-02 5.993737770222826278e+00 1.247411630585971640e-02 9.998476964724420935e-01 -1.220574787300112742e-02 2.619922972717259602e-01 2.082051116257523440e-02 1.194433281605300316e-02 9.997118781071416826e-01 -5.858147968851227724e-03
9.997307452661473581e-01 -1.327195625464221498e-02 -1.903397348870044387e-02 6.335674464211697554e+00 1.310499545429613666e-02 9.998747850331501930e-01 -8.869799831707964044e-03 2.715713070756233249e-01 1.914930974569489797e-02 8.617971460068339640e-03 9.997794929404067998e-01 -1.917587603082769598e-02
9.998396885376770182e-01 -1.415883452420985643e-02 -1.096013821979208852e-02 6.697029547827415108e+00 1.410996470221936687e-02 9.998902177109358913e-01 -4.523430344258790904e-03 3.030055188997661242e-01 1.102298149245601114e-02 4.368058023112874645e-03 9.999297045033334053e-01 -1.023542224553465607e-02
9.998697601244148636e-01 -1.613424518463741492e-02 3.859029245260115534e-04 7.065738672611591831e+00 1.613501666074135948e-02 9.998676432627123800e-01 -2.087389189156717891e-03 3.235189498724716506e-01 -3.521733987003955110e-04 2.093343877965080525e-03 9.999977469401147845e-01 -2.132406070440048818e-02
9.997580312227015709e-01 -1.751566175369172890e-02 1.330716344823392253e-02 7.426785215980679311e+00 1.754029822192607058e-02 9.998446484734967443e-01 -1.736910243959647986e-03 3.637109931539124763e-01 -1.327467302774909194e-02 1.969901581281577156e-03 9.999099472171313341e-01 -3.188481347890390061e-02
9.995781868871702613e-01 -1.946254888376037356e-02 2.155591543647926434e-02 7.796282618793284769e+00 1.956766892006369524e-02 9.997975980401176965e-01 -4.676460867586662573e-03 3.694990915567061274e-01 -2.146053662870946871e-02 5.096287291600996514e-03 9.997567070159866232e-01 -3.731096912482956274e-02
9.995495392656525979e-01 -2.064934050971795054e-02 2.177896439997391298e-02 8.176819113257586480e+00 2.083984818480807272e-02 9.997462077467611508e-01 -8.556916711300887463e-03 3.777646257327656465e-01 -2.159674238064068774e-02 9.006932468033159583e-03 9.997261904571973501e-01 -3.953296159097109685e-02
9.995850747775503198e-01 -2.159859002863665986e-02 1.905726084026796927e-02 8.553239479480849283e+00 2.177396698843340681e-02 9.997220150834492669e-01 -9.043612059032929071e-03 4.082096905677390364e-01 -1.885663393996251172e-02 9.454811804713544529e-03 9.997774921902331524e-01 -3.802562283240882440e-02
9.995535759805579401e-01 -2.344736481355642194e-02 1.851674452432044288e-02 8.945753691241156602e+00 2.357125206877001139e-02 9.997010227727005649e-01 -6.500857107095650567e-03 4.134047746522097611e-01 -1.835878047119307577e-02 6.934417821011855734e-03 9.998074159702428076e-01 -3.472838996102831782e-02
9.995412085619496123e-01 -2.479317551597971792e-02 1.739743758003053919e-02 9.341094603155200460e+00 2.485524992494689972e-02 9.996854110367421331e-01 -3.360879567665206284e-03 4.518595841231543009e-01 -1.730863766116969710e-02 3.791755284000565204e-03 9.998430045032973279e-01 -3.838631454565194501e-02
9.995858729111383179e-01 -2.585253647270945032e-02 1.263839524642593366e-02 9.731761700168858553e+00 2.586596842002062552e-02 9.996650143163726687e-01 -9.004607381487653725e-04 4.831103239280636896e-01 -1.261088237087912463e-02 1.226992165288433648e-03 9.999197268461375021e-01 -5.544797804079741599e-02
9.996246299239046618e-01 -2.696397772328968517e-02 4.852128897157773242e-03 1.015640202444191331e+01 2.695235181454935097e-02 9.996337275630233776e-01 2.445700333221963781e-03 5.017996326794850193e-01 -4.916297505384925777e-03 -2.314006005416038240e-03 9.999852375885582845e-01 -7.625220326425460882e-02
9.996073476153599646e-01 -2.801922689057712371e-02 -2.711417328233362727e-04 1.056570303167085711e+01 2.801993559262227693e-02 9.996025222453488457e-01 3.111387170081859367e-03 5.272618751852400365e-01 1.838552969532271115e-04 -3.117762850380170411e-03 9.999951228641260625e-01 -9.304246118441691915e-02
9.995808554034207871e-01 -2.892661919298605486e-02 -1.167995303751966085e-03 1.101174122674544265e+01 2.892841860145717661e-02 9.995802773434001587e-01 1.554266164462711139e-03 5.743688538994878856e-01 1.122545404196223333e-03 -1.587402959269703512e-03 9.999981100200442397e-01 -9.947884409556176366e-02
9.995449606559854150e-01 -3.015918241213757373e-02 -5.434551094782423151e-04 1.148237009861475677e+01 3.016032157298068062e-02 9.995425941987989837e-01 2.226518571557979144e-03 5.751985108162981364e-01 4.760565502148455109e-04 -2.241896198870084629e-03 9.999973736323483076e-01 -9.346784456121445817e-02
9.995298416801009500e-01 -3.066070581192332015e-02 1.292674241778104648e-04 1.194247231752840932e+01 3.065964853467368148e-02 9.995168742274900264e-01 5.099420186477504786e-03 6.358622148910585414e-01 -2.855567939026141286e-04 -5.093059357857897436e-03 9.999869895172111001e-01 -9.648782274652814572e-02
9.994899797405244479e-01 -3.193347957789791774e-02 1.824289836536920235e-04 1.242173937274075080e+01 3.193193173415367209e-02 9.994739441212948661e-01 5.673337496396034171e-03 6.668866621359458291e-01 -3.635024228940800283e-04 -5.664618669481669491e-03 9.999838898508904839e-01 -9.723555926681776151e-02
9.994538508875133731e-01 -3.302316090158576717e-02 -1.212761389658403985e-03 1.291592166877442516e+01 3.302861420181433388e-02 9.994429194719354204e-01 4.791801469402534250e-03 6.742467656940206444e-01 1.053845352970501871e-03 -4.829240259340691552e-03 9.999877838496276095e-01 -1.003682094555689713e-01
9.994264059962705282e-01 -3.369795775715165448e-02 -3.362534813943953826e-03 1.341795582957403710e+01 3.370858060257158478e-02 9.994267271536243502e-01 3.154147231001564605e-03 7.262726125666173482e-01 3.254318843889999081e-03 -3.265684306867765174e-03 9.999893723009610769e-01 -1.064398743241485451e-01
9.993828418488188703e-01 -3.485361264008473431e-02 -4.377339844436265760e-03 1.392223393347442695e+01 3.486955703525947831e-02 9.993853138702680772e-01 3.620554182789925343e-03 7.446645380366777589e-01 4.248459761319369095e-03 -3.770955629632507904e-03 9.999838651114806298e-01 -1.097597901766864947e-01
9.993658464072725511e-01 -3.526592170558925932e-02 -4.921361694798558062e-03 1.446662655191183156e+01 3.528843900427026947e-02 9.993667377467013724e-01 4.566131640435616180e-03 8.326833361900513042e-01 4.757216341273396570e-03 -4.736903183635818131e-03 9.999774650665439468e-01 -1.178410441417148541e-01
9.993118117433239522e-01 -3.672355623543819420e-02 -5.223344493524900191e-03 1.500737695130081839e+01 3.675079775426681045e-02 9.993108349684929337e-01 5.218618495199129487e-03 8.477176972527223908e-01 5.028098517372704516e-03 -5.406989180317057359e-03 9.999727409751245633e-01 -1.207179127742019215e-01
9.992547993659957051e-01 -3.851580664213526822e-02 -2.525585621053117250e-03 1.557202971221889420e+01 3.852998391252592664e-02 9.992404481292654905e-01 5.828135390083102017e-03 8.641513760683550149e-01 2.299191972001319619e-03 -5.921103033244233364e-03 9.999798269240962600e-01 -1.192902263991738321e-01
9.992180093467956103e-01 -3.953946574656932306e-02 2.110694291155207130e-05 1.613829778356754829e+01 3.953906633127938358e-02 9.992100470988481975e-01 3.992995162559216139e-03 9.124819494668546804e-01 -1.789711648769917436e-04 -3.989038128847973395e-03 9.999920277402859492e-01 -1.193845379374020438e-01
9.991738414016756442e-01 -4.061986736721320129e-02 1.288810959389662591e-03 1.670989849993000576e+01 4.061766310132645247e-02 9.991733283663837284e-01 1.692727216602646183e-03 9.458950171885633917e-01 -1.356503890955712858e-03 -1.638980266108245633e-03 9.999977368178796233e-01 -1.376475599231161417e-01
9.991440740627662853e-01 -4.132784332551713014e-02 1.768793746844043047e-03 1.729313180512993497e+01 4.132647148677411064e-02 9.991453719764907815e-01 8.052405930597162807e-04 9.878579879498348149e-01 -1.800560943209500615e-03 -7.314533624054683379e-04 9.999981114763509815e-01 -1.456189811372230469e-01
9.990957707536233245e-01 -4.248802308601641597e-02 1.552016902469674975e-03 1.787789301576398415e+01 4.248366732139854940e-02 9.990934062993136466e-01 2.739251751736643259e-03 1.032008109961734199e+00 -1.666995245388734398e-03 -2.670839470427825539e-03 9.999950438594058522e-01 -1.488374219521939601e-01
9.990440629899521863e-01 -4.368781419672555094e-02 1.528101842441558595e-03 1.846337123065082153e+01 4.368113564212024874e-02 9.990368608818319673e-01 4.160407238464442284e-03 1.095137309088182409e+00 -1.708389166197305095e-03 -4.089680927353659193e-03 9.999901779099479304e-01 -1.419828886754475050e-01
9.989765243949974005e-01 -4.515527060885585892e-02 2.627783083178012943e-03 1.903692732684250544e+01 4.514184622128029206e-02 9.989682663651628935e-01 4.961503312033779811e-03 1.151280333278737356e+00 -2.849109935667662116e-03 -4.837802354586069262e-03 9.999842389962716460e-01 -1.517233795227105608e-01
9.988914317901407269e-01 -4.699245694656480066e-02 2.759798247676417942e-03 1.963336487863489310e+01 4.698615005025162661e-02 9.988928760951318875e-01 2.307333926999407744e-03 1.178087283005089914e+00 -2.865170099289670019e-03 -2.175103795384661191e-03 9.999935298409592388e-01 -1.665469845230020951e-01
9.988350830790658774e-01 -4.820377805600175453e-02 2.207394745664378009e-03 2.022024652043735315e+01 4.820303965472479829e-02 9.988374830576332020e-01 3.865321944302814233e-04 1.215132860347123867e+00 -2.223460923985868740e-03 -2.796787800776126412e-04 9.999974889974971859e-01 -1.680288415911576905e-01
9.988098811070251770e-01 -4.875172131941944709e-02 1.446053720935242155e-03 2.082340176528786913e+01 4.875392179622500821e-02 9.988096522871261485e-01 -1.527614990031891159e-03 1.279192761786984489e+00 -1.369858553918431796e-03 1.596297736594679776e-03 9.999977876580919967e-01 -1.745227719857990467e-01
9.987656613645782278e-01 -4.967038728449107987e-02 7.941023432719318835e-05 2.142910294468101640e+01 4.967044615820334630e-02 9.987636039690384049e-01 -2.027354242049419011e-03 1.323480359381806970e+00 2.138741853679719681e-05 2.028796142149330746e-03 9.999979417622777422e-01 -1.755158648814468814e-01
9.987363998835716572e-01 -5.023133158423144506e-02 -1.554630141673741519e-03 2.203826067040622760e+01 5.022913207335139019e-02 9.987367068084908039e-01 -1.422942194373401229e-03 1.377415512024415811e+00 1.624142469191214170e-03 1.343056441739577016e-03 9.999977791778510428e-01 -1.808156341173284554e-01
9.987016795602632335e-01 -5.088588869612305221e-02 -2.362535738378955877e-03 2.266100717997213820e+01 5.088394925204688113e-02 9.987041904153478589e-01 -8.739309696434678166e-04 1.428522330876460300e+00 2.403945095974453425e-03 7.525811785848388622e-04 9.999968273297397126e-01 -1.807098664166515711e-01
9.986615128538610664e-01 -5.161196012669959365e-02 -3.374657955624950790e-03 2.327167437376374792e+01 5.161210911434985227e-02 9.986672060027793618e-01 -4.298105013119207199e-05 1.473387276930447909e+00 3.372378568004595709e-03 -1.312496940812598364e-04 9.999943049019388575e-01 -1.849974197830717704e-01
9.986457409562493615e-01 -5.187783814475018657e-02 -3.920966637307140776e-03 2.389426447129622133e+01 5.187919814519726530e-02 9.986533374224271231e-01 2.458756986491808256e-04 1.515334661320772103e+00 3.902930918570518461e-03 -4.489593243582116989e-04 9.999922827531070313e-01 -1.857870959155256130e-01
9.986380783350928825e-01 -5.204743917016067117e-02 -3.612834762538967830e-03 2.453930376075604869e+01 5.204761749618484062e-02 9.986446032068854173e-01 -4.470719538302310556e-05 1.573286492796774683e+00 3.610264832919935895e-03 -1.433931341124942635e-04 9.999934726918197070e-01 -1.951461835581203563e-01
9.986687764155489644e-01 -5.152624012388550001e-02 -2.391984817253519843e-03 2.517818200626161129e+01 5.152608732541505421e-02 9.986716410183830162e-01 -1.255013296219952294e-04 1.633299622768458637e+00 2.395274014383599534e-03 2.084640717250646914e-06 9.999971313249105265e-01 -1.985718904889980652e-01
9.986755428122300327e-01 -5.145009223639248480e-02 2.195394369926856218e-04 2.584658302036501709e+01 5.144983508744229578e-02 9.986750289179342488e-01 1.049326087619560643e-03 1.680690823620900165e+00 -2.732364775813765699e-04 -1.036641032312034597e-03 9.999994253584336690e-01 -2.038629617875246658e-01
9.987062562531442422e-01 -5.076953952127694764e-02 2.875339567153034365e-03 2.650222773099667961e+01 5.076388238181345908e-02 9.987086654005208342e-01 2.007460942548874427e-03 1.730104712916419762e+00 -2.973544409344873376e-03 -1.858900402912663872e-03 9.999938512425652348e-01 -2.115257310718683670e-01
9.987089549372156760e-01 -5.059856618702878589e-02 4.495378519266468760e-03 2.717068189577154769e+01 5.059270546459237322e-02 9.987183764470507485e-01 1.408084067112344096e-03 1.780614984161684289e+00 -4.560864171143440109e-03 -1.178832805752409339e-03 9.999889043740577410e-01 -2.147876916630175603e-01
9.987479464025570408e-01 -4.986066838718467703e-02 4.056267330723999087e-03 2.786528560894457485e+01 4.985954529420890541e-02 9.987561680239082085e-01 3.775940326639772395e-04 1.846651809839392255e+00 -4.070049106562107291e-03 -1.748776199953543044e-04 9.999917020246158472e-01 -2.247540026104375421e-01
9.988125111996656313e-01 -4.867953109389713123e-02 1.967415435587218774e-03 2.853893825906454751e+01 4.867891585992949882e-02 9.988144141751208460e-01 3.594255306917166137e-04 1.915085662126569499e+00 -1.982579562032386281e-03 -2.632270664489892069e-04 9.999980000428959626e-01 -2.329027119566147441e-01
9.988548474727282356e-01 -4.784218975361954895e-02 -3.443251537367159922e-04 2.923743490527119704e+01 4.784267445874204605e-02 9.988536447017223319e-01 1.573202695227759584e-03 1.961319770263652895e+00 2.686649729064075108e-04 -1.587874574423590694e-03 9.999987032358933492e-01 -2.388365811163809804e-01
9.989002470904572162e-01 -4.676348077927024172e-02 -3.387215379976481547e-03 2.995732044057581689e+01 4.676942961088192963e-02 9.989042668966592320e-01 1.698831810567893010e-03 2.010746300282363563e+00 3.304060607235791321e-03 -1.855381646632103679e-03 9.999928203454507836e-01 -2.479889543260440088e-01
9.989514629357540976e-01 -4.547558712051958524e-02 -5.286366858312651663e-03 3.067998195128084760e+01 4.548874341840059704e-02 9.989619787961289132e-01 2.395650629224511073e-03 2.058109786158263788e+00 5.171935878522655565e-03 -2.633608886380105554e-03 9.999831574499152831e-01 -2.555298294445541574e-01
9.990607721201910651e-01 -4.298024716794315858e-02 -5.501996364054830002e-03 3.138977738169073106e+01 4.298521607017870283e-02 9.990753976754964683e-01 7.880094851327522180e-04 2.112876575734299767e+00 5.463040362985525922e-03 -1.023773867180996023e-03 9.999845534192322027e-01 -2.399047320791261040e-01
9.991854788641476581e-01 -4.015749128468749929e-02 -3.969221679886197895e-03 3.215099922431530644e+01 4.017128713288203867e-02 9.991868198063693640e-01 3.459308503378866282e-03 2.156768777962919437e+00 3.827076836356502719e-03 -3.615939567284199522e-03 9.999861391359053941e-01 -2.642800839014456393e-01
9.993058910952204998e-01 -3.724354527012175425e-02 8.089240382105827376e-04 3.287436080978877584e+01 3.723937745236146485e-02 9.992954673384266684e-01 4.668803255232749881e-03 2.207650100922013969e+00 -9.822369101984843379e-04 -4.635438769729416895e-03 9.999887738960194783e-01 -2.553552922811979653e-01
9.993830636796626754e-01 -3.478785765008374220e-02 4.826695595207613002e-03 3.360167571908165485e+01 3.476321459619027832e-02 9.993825696386570145e-01 5.098863929752083836e-03 2.265770460003179387e+00 -5.001093999367533030e-03 -4.927926800634673150e-03 9.999753519943664903e-01 -2.561740457842055507e-01
9.994682380567887492e-01 -3.214544725983525114e-02 5.469125718366442748e-03 3.434476551156841850e+01 3.213909779744431733e-02 9.994826304225655766e-01 1.244940301999285757e-03 2.301311012638121323e+00 -5.506315321924156944e-03 -1.068505523796015651e-03 9.999842692700326996e-01 -2.621619105736037181e-01
9.995749460471976544e-01 -2.881635804695450997e-02 4.420943751251085740e-03 3.507813839641747222e+01 2.881587794493709054e-02 9.995847215227204874e-01 1.722689981497431411e-04 2.326785731778373112e+00 -4.424071993593001184e-03 -4.480239899365066859e-05 9.999902127419750819e-01 -2.720595255620031350e-01
9.996750531027963627e-01 -2.528183633680332332e-02 3.258366977555533436e-03 3.581185548598298851e+01 2.527915939865697098e-02 9.996800609428285744e-01 8.601473360775043842e-04 2.379097848053659092e+00 -3.279070602873065086e-03 -7.774990556645614654e-04 9.999943215794776519e-01 -2.742999622991432185e-01
9.997653437177298485e-01 -2.160167356303870426e-02 1.620246970477590533e-03 3.653899605462238753e+01 2.159781378863944931e-02 9.997639473845025826e-01 2.363038236853021168e-03 2.427811157986354829e+00 -1.670910087551934946e-03 -2.327489942725516868e-03 9.999958954165990566e-01 -2.781248001830847194e-01
9.998225891480836403e-01 -1.883011568104919764e-02 -4.658032423439386303e-04 3.723931009400435244e+01 1.883189146734050301e-02 9.998140175740560798e-01 4.158139750831761280e-03 2.448857054684418166e+00 3.874183586007837752e-04 -4.166174007821136019e-03 9.999912464122633349e-01 -2.786687291481376172e-01
9.998779582810443101e-01 -1.556536389346579140e-02 -1.337157654955253719e-03 3.797224523274154251e+01 1.557334755368787980e-02 9.998596077094461521e-01 6.183503625327229150e-03 2.474946479350974560e+00 1.240721444264459824e-03 -6.203573000810317511e-03 9.999799879459195795e-01 -2.919794179024450265e-01
9.999262086541516048e-01 -1.191255364095319957e-02 -2.380821766862769445e-03 3.870834320647254145e+01 1.192392403542927998e-02 9.999172899124187941e-01 4.820100600722899281e-03 2.494930845508900763e+00 2.323205141925014337e-03 -4.848133656902415406e-03 9.999855490545417336e-01 -2.964343054682692102e-01
9.999563365329507958e-01 -7.692817494306346086e-03 -5.305241427061878519e-03 3.940835340433735468e+01 7.713279508589362433e-03 9.999628510015250438e-01 3.847328439870840826e-03 2.516422517527785008e+00 5.275447547127613997e-03 -3.888081262159754671e-03 9.999785260080720217e-01 -2.917560177393657139e-01
9.999641623675979973e-01 -2.465949144783330122e-03 -8.098955197030938136e-03 4.012847107900946497e+01 2.511898439819604169e-03 9.999807806333508298e-01 5.668221073866110474e-03 2.539452923163869169e+00 8.084821995331989419e-03 -5.688361691166482839e-03 9.999511379035348480e-01 -2.955702329690111929e-01
9.999690983731724936e-01 2.775253148049037534e-03 -7.355288485760605108e-03 4.082972404814130840e+01 -2.712394021325559290e-03 9.999598347498518391e-01 8.542353640656873831e-03 2.556511105635257852e+00 7.378700252591643971e-03 -8.522139227518540222e-03 9.999364619442423496e-01 -2.957640341854590460e-01
9.999560177749140522e-01 7.221017084997416804e-03 -5.984933415990696323e-03 4.153826455999980283e+01 -7.163454328675437216e-03 9.999284113270706653e-01 9.584213217658007350e-03 2.556954521629954069e+00 6.053712729940841433e-03 -9.540918885449382880e-03 9.999361596767089022e-01 -2.951278956749353588e-01
9.999063208408535131e-01 1.266708005133192379e-02 -5.186002842382654403e-03 4.224372486872101007e+01 -1.261393873376498963e-02 9.998688772309418660e-01 1.015464891350329260e-02 2.581707148447981659e+00 5.313952590010135625e-03 -1.008828171240470223e-02 9.999349921269693464e-01 -2.921986063595969352e-01
9.998226814662082296e-01 1.841124467095800118e-02 -3.953693891450262010e-03 4.295142408195195571e+01 -1.836620565186363255e-02 9.997692556728463575e-01 1.114082139324642715e-02 2.595306611765064275e+00 4.157897987520010885e-03 -1.106623156403684777e-02 9.999301227602339637e-01 -2.882886713482449292e-01
9.997010814968487757e-01 2.436163715128965290e-02 -2.063562293686390867e-03 4.365243294432484333e+01 -2.433536005820366444e-02 9.996327452437245853e-01 1.192329179935221369e-02 2.587418626341554173e+00 2.353275349083930323e-03 -1.186951017539552601e-02 9.999267857314991792e-01 -3.025140244067098805e-01
9.995347939306629126e-01 3.042279960793356844e-02 2.156150737470865098e-03 4.435286135692950893e+01 -3.044528156062220950e-02 9.994725559959426464e-01 1.130020538006686580e-02 2.576201193367658071e+00 -1.811229604886275320e-03 -1.136059307222874772e-02 9.999338259966834563e-01 -3.030211167065337552e-01
9.993073004733914466e-01 3.668484434147063072e-02 6.256310112591154451e-03 4.505274568055097006e+01 -3.675001858041673092e-02 9.992678282456209926e-01 1.064159610298293611e-02 2.568238904452059046e+00 -5.861344122457350786e-03 -1.086414418728261395e-02 9.999238046052089102e-01 -3.158271598194446472e-01
9.990391212520974840e-01 4.288174479256300076e-02 9.054842427257545762e-03 4.574387023505257588e+01 -4.296084964649832250e-02 9.990386122890092535e-01 8.730209235846074500e-03 2.544565779358481716e+00 -8.671770608585795126e-03 -9.110824287416753597e-03 9.999208935087394723e-01 -3.180643727307815305e-01
9.987526269849588134e-01 4.904669615698158125e-02 9.360111469872971213e-03 4.643819587028130513e+01 -4.912436109883362712e-02 9.987585466329655937e-01 8.256068933682841199e-03 2.536784637142037280e+00 -8.943558423531443313e-03 -8.705580031856018780e-03 9.999221097860742091e-01 -3.248804399616211924e-01
9.984793635521614918e-01 5.446140700967344594e-02 8.539069445628018687e-03 4.712398611042060992e+01 -5.452986888884005234e-02 9.984800861353544388e-01 8.000686851828824400e-03 2.511057934561142790e+00 -8.090362132592043495e-03 -8.454155053096988268e-03 9.999315343076753404e-01 -3.289756805304671072e-01
9.981848433347962901e-01 5.984858266796585363e-02 6.720542338516558890e-03 4.780116907834104722e+01 -5.989680899942042419e-02 9.981784648523485126e-01 7.219735223389426443e-03 2.487742701610295093e+00 -6.276209714077823389e-03 -7.609169313700330298e-03 9.999513536837580929e-01 -3.389251788025858803e-01
9.978703618163706768e-01 6.503559438398258397e-02 5.011234537275545062e-03 4.849924460924971470e+01 -6.507518028515600628e-02 9.978467634760345151e-01 8.188866298660456983e-03 2.443693761248812102e+00 -4.467876376975378830e-03 -8.497533967274602251e-03 9.999539139366149243e-01 -3.446501815077370745e-01
9.975052431458556468e-01 7.040776959444568217e-02 5.102536355862373821e-03 4.918033602987814845e+01 -7.044834658107369807e-02 9.974811934689272741e-01 8.264329361620680395e-03 2.428165007260519204e+00 -4.507811056418590742e-03 -8.603177118941192011e-03 9.999528313790304601e-01 -3.479738035353565628e-01
9.971145691437158787e-01 7.554078731318117357e-02 7.491692295235784921e-03 4.987701763893724660e+01 -7.560574327680091855e-02 9.970989306841289146e-01 8.803068336046463924e-03 2.397127510954474516e+00 -6.804967663717444160e-03 -9.344082655422041375e-03 9.999331880352928525e-01 -3.594671212079420530e-01
9.967166798680179296e-01 8.053048368267307078e-02 8.408404766058752422e-03 5.057694446036797586e+01 -8.058520510757707922e-02 9.967272720368952621e-01 6.385130825496909690e-03 2.345534915615388183e+00 -7.866688670901358926e-03 -7.041759419612589332e-03 9.999442628635014652e-01 -3.670372780591019679e-01
9.963028298818408235e-01 8.552222550098032006e-02 8.162114603160000939e-03 5.125871826125793973e+01 -8.555058086676467499e-02 9.963287222524956910e-01 3.189879005288525325e-03 2.312562368519776701e+00 -7.859343661833712372e-03 -3.876359125351070030e-03 9.999616015413473891e-01 -3.733350364688332590e-01
9.959572631520536845e-01 8.965371270579261531e-02 5.598372329350170297e-03 5.195751497138873987e+01 -8.965607918371126805e-02 9.959727695315216955e-01 1.726763288262576977e-04 2.248227530775795291e+00 -5.560345319755845457e-03 -6.739063567290605114e-04 9.999843140820496856e-01 -3.816914916973122018e-01
