1.000000000000000000e+00 0.000000000000000000e+00 0.000000000000000000e+00 0.000000000000000000e+00 0.000000000000000000e+00 1.000000000000000000e+00 0.000000000000000000e+00 0.000000000000000000e+00 0.000000000000000000e+00 0.000000000000000000e+00 1.000000000000000000e+00 0.000000000000000000e+00
9.999999210722472220e-01 3.972360751776793787e-04 7.681133442547872773e-06 2.754426811501898154e-03 -3.972358552484900438e-04 9.999999206924898854e-01 -2.861274579415477872e-05 -3.539028643478437064e-05 -7.692498848215629698e-06 2.860969231420272435e-05 9.999999995611554837e-01 -6.484240410728250295e-04
9.999999928729048637e-01 -1.193790609143711594e-04 -1.682297430842682550e-06 1.011724873002428464e-03 1.193790326695008225e-04 9.999999927335462280e-01 -1.677957364187452745e-05 -1.261327372063518633e-04 1.684300548362256712e-06 1.677937269124495087e-05 9.999999998578078531e-01 -5.801395531451950362e-04
9.999999009760657254e-01 4.449679548882301701e-04 7.167842084309773491e-06 1.294312583527584696e-03 -4.449679818035301286e-04 9.999999009946969331e-01 3.753850404045502448e-06 -2.064660176723752232e-03 -7.166171031518150959e-06 -3.757039492550608144e-06 9.999999999672652962e-01 -4.060287365746314300e-04
9.999999866508708646e-01 -1.621017632183305746e-04 -2.052502186152742412e-05 1.560491179579913878e-03 1.621014828577634558e-04 9.999999867682515253e-01 -1.366037965281650164e-05 1.026944633852645838e-04 2.052723596157344984e-05 1.365705233398288757e-05 9.999999996960587945e-01 -4.139155963023477200e-04
9.999999942648837292e-01 -1.065466072426325943e-04 -1.086521579984916492e-05 -2.098155724793181187e-03 1.065465192040045031e-04 9.999999942910898776e-01 -8.103053024172426506e-06 -1.917327544987216300e-03 1.086607909062865789e-05 8.101895326776602661e-06 9.999999999081438107e-01 -7.465007805996046880e-04
9.999999981963404450e-01 -5.715810484559354868e-05 -1.844641415394853809e-05 -1.703804372061999868e-03 5.715765046029880466e-05 9.999999980631263385e-01 -2.463230391875185997e-05 -1.173312021701512255e-03 1.844782205403013782e-05 2.463124952063111135e-05 9.999999995264896580e-01 -1.434147028369455639e-04
9.999999889892509097e-01 1.472137789055646820e-04 -1.869762947310261043e-05 -2.432556871982739701e-03 -1.472136160500077341e-04 9.999999891261345253e-01 8.711035081610354788e-06 -1.360966239064067499e-03 1.869891165417964717e-05 -8.708282440049035537e-06 9.999999997872582869e-01 -4.535954885546880752e-04
9.999999299982668122e-01 3.741662737568418975e-04 -1.749608508175718569e-06 -3.441513120988836348e-04 -3.741662884271929859e-04 9.999999299645778716e-01 -8.392137608371131433e-06 -3.036789707284994703e-04 1.746468330783369128e-06 8.392791665428658889e-06 9.999999999632555037e-01 -1.276382030498664309e-04
9.999998781891374922e-01 4.932829383878089159e-04 1.713629976669976774e-05 1.683564532774899092e-03 -4.932824197651317771e-04 9.999998778785184061e-01 -3.025562098384717275e-05 2.156845631514860053e-04 -1.715122225561111410e-05 3.024716426296914632e-05 9.999999993954723498e-01 -2.112219474454186854e-04
9.999999993080525007e-01 3.562743826971568803e-05 -1.070423933287782248e-05 9.919428687944552119e-04 -3.562751343693775765e-05 9.999999993406852861e-01 -7.022083219049505133e-06 -1.771722692897326201e-04 1.070398914698394962e-05 7.022464579621256784e-06 9.999999999180547716e-01 -5.428933678651159944e-04
9.999999542606943237e-01 -3.022922663871435841e-04 -9.899241780422342869e-06 -1.270252311521663426e-03 3.022921432937981717e-04 9.999999542324298218e-01 -1.243375991521339453e-05 -1.561271483102311119e-04 9.902999956822581794e-06 1.243076688348705993e-05 9.999999998737033602e-01 -6.164031110893885158e-04
9.999998632181628100e-01 5.230030102268670624e-04 5.613110618233893609e-06 6.793049296509885010e-04 -5.230030036722254673e-04 9.999998632332363080e-01 -1.169142151531425367e-06 -4.203689996487914356e-04 -5.613721315411554314e-06 1.166206317900733240e-06 9.999999999835630371e-01 -1.660367383395855911e-04
9.999999388754829965e-01 -3.145865362265863000e-04 1.525920755028658735e-04 -2.454977996166977147e-03 3.145997299454971006e-04 9.999999467769019601e-01 -8.644768990057343123e-05 3.194113067104052510e-04 -1.525648721021122852e-04 8.649569004224517727e-05 9.999999846212276333e-01 8.542496943015672611e-04
9.999997461380661923e-01 4.319494712038489913e-04 5.666952068569640474e-04 -1.054051320304415403e-02 -4.316995017327738323e-04 9.999998095117201835e-01 -4.411485730050242735e-04 -4.463599649750296921e-04 -5.668856528010006923e-04 4.409038189757599605e-04 9.999997421222063254e-01 4.561988611250371826e-03
9.999998233539373338e-01 -2.907070515301525613e-04 5.184414184468642004e-04 -1.378392262514691741e-02 2.908681909091332903e-04 9.999999094098699359e-01 -3.107667090570788654e-04 -1.750526937040946434e-03 -5.183510294074850306e-04 3.109174522788393444e-04 9.999998173212574226e-01 3.026326447490864865e-03
9.999999662189297256e-01 1.557917799384130205e-04 2.080650398774038770e-04 -6.995382903672905245e-03 -1.557774197287286710e-04 9.999999854839676239e-01 -6.903231096508315027e-05 -3.199159993715628911e-03 -2.080757915237235473e-04 6.899989679804994559e-05 9.999999759717392855e-01 -8.999652211650686472e-04
9.999999646082498028e-01 6.440322439585907178e-05 -2.581389623464446534e-04 6.254886776062124586e-03 -6.442029121859318204e-05 9.999999957399389183e-01 -6.610709593701002734e-05 -1.273283170175925055e-03 2.581347037366230990e-04 6.612372298449341670e-05 9.999999644970634094e-01 -1.261614510325470995e-03
9.999999162537823727e-01 -2.768191192287323358e-04 -3.014359026400989668e-04 1.825621881538145447e-02 2.768171170531192075e-04 9.999999616638043376e-01 -6.683828270235374065e-06 -3.470083639025255129e-04 3.014377412956480693e-04 6.600385092944900903e-06 9.999999545458604366e-01 -1.420967764743497237e-03
9.999999939129843307e-01 1.311301347810068642e-05 -1.095540055070762692e-04 3.929708410506119187e-02 -1.312025794374164256e-05 9.999999977275768615e-01 -6.612643273537967151e-05 2.512504704783774349e-03 1.095531381413194957e-04 6.612786970967806700e-05 9.999999918126073473e-01 -2.794795112564204577e-04
9.999999917581305908e-01 1.252134800001961611e-04 2.837821816436433245e-05 5.726478624673074502e-02 -1.252118345435623121e-04 9.999999904803060780e-01 -5.797744628982955231e-05 1.549643921325932934e-03 -2.838547745202385362e-05 5.797389252322957383e-05 9.999999979166461772e-01 5.829294651679158392e-04
9.999999884410946116e-01 3.358984487482028511e-05 -1.482886808704967296e-04 8.037865316765821500e-02 -3.360028487810681210e-05 9.999999969573383218e-01 -7.040130807874211559e-05 5.142635718597075292e-04 1.482863156502871001e-04 7.040628980690150237e-05 9.999999865270613464e-01 7.480363667211440033e-04
9.999999546845667053e-01 -1.804504993719986087e-04 -2.409740274497585311e-04 1.046634341953877612e-01 1.804168480956900862e-04 9.999999739722353898e-01 -1.396613386480067350e-04 -1.189197248353714891e-03 2.409992231360452730e-04 1.396178565446872574e-04 9.999999612131135196e-01 1.247391408889375088e-03
9.999998975908760412e-01 -3.786197417912938782e-04 -2.479220209217358360e-04 1.396071296257875294e-01 3.785525821726838029e-04 9.999998916607056865e-01 -2.708810060639087582e-04 -2.697845088419671689e-04 2.480245549586110841e-04 2.707871268020248072e-04 9.999999325790738247e-01 2.342439729906441691e-03
9.999997463217386029e-01 -6.910096813873753668e-04 -1.728064774233910349e-04 1.717631387418307731e-01 6.909776811943257272e-04 9.999997441308224877e-01 -1.851705530068720293e-04 -1.957315484324305757e-03 1.729343878523754009e-04 1.850511006140626957e-04 9.999999679248933182e-01 2.437334138140255513e-03
9.999995564429352557e-01 -8.918968672917368954e-04 -3.027109361873220350e-04 2.123166718560908217e-01 8.918326266817907253e-04 9.999995797844475343e-01 -2.122863497531462921e-04 -5.255834099307090355e-03 3.029001465137924078e-04 2.120162881026908580e-04 9.999999316502951041e-01 3.055738068607733761e-03
9.999994793348054856e-01 -8.197991465322447416e-04 -6.076672422360715822e-04 2.572553560178025833e-01 8.196419375415426320e-04 9.999996305755306514e-01 -2.589129130729042085e-04 -4.319923254215877334e-03 6.078792743340864519e-04 2.584147087101550111e-04 9.999997818522893267e-01 3.322164379290702858e-03
9.999989155247394068e-01 -1.022068433313573716e-03 -1.060342144231622230e-03 3.158907281696661240e-01 1.021819950451089342e-03 9.999994503628364395e-01 -2.348574330480854191e-04 -5.901270989383252535e-03 1.060581601796821037e-03 2.337736995937295451e-04 9.999994102580878064e-01 3.145987884630076920e-03
9.999978554419387544e-01 -1.455009663980176560e-03 -1.473790487529998356e-03 3.940588610215083332e-01 1.454746274853683467e-03 9.999989256971322238e-01 -1.797716809350306756e-04 -3.011164287505765924e-03 1.474050473765721502e-03 1.776273041825740930e-04 9.999988978112633875e-01 3.023239562064815745e-03
9.999971312956036362e-01 -1.699124173807228149e-03 -1.688306134953049481e-03 4.742414515424926980e-01 1.698706062338494740e-03 9.999985261836815686e-01 -2.490545693362157770e-04 -3.373657637550016210e-03 1.688726821339273489e-03 2.461859190057498112e-04 9.999985437960478007e-01 3.840497832076216096e-03
9.999963003190095456e-01 -1.922178865441677605e-03 -1.924727695668179955e-03 5.703235268458941576e-01 1.921876883974061364e-03 9.999981405948192847e-01 -1.587329419829075538e-04 -7.377729112003652417e-03 1.925029229925860012e-03 1.550332650554101877e-04 9.999981351118364392e-01 2.792223665935093021e-03
9.999943872620357110e-01 -2.263331200085328451e-03 -2.470379789519182214e-03 6.783387584343976151e-01 2.263063506711739028e-03 9.999974330911970410e-01 -1.111511648665042582e-04 -1.096219244700882139e-02 2.470625020178922066e-03 1.055599146547623403e-04 9.999969424298826848e-01 1.627301674894130650e-03
9.999922923688157050e-01 -2.504549180459942140e-03 -3.023646203459338412e-03 7.914553093208996914e-01 2.503422332490962653e-03 9.999967955925326279e-01 -3.764057539598881868e-04 -9.259587341673369831e-03 3.024579241187466162e-03 3.688333893318693668e-04 9.999953579303979545e-01 2.721041765926609027e-03
9.999895406137162546e-01 -3.048388938786166825e-03 -3.409690315345309704e-03 9.119571940686023170e-01 3.046646092592713954e-03 9.999952257196343952e-01 -5.162223590882087038e-04 -1.013811623215934467e-03 3.411247683057182928e-03 5.058288400429487722e-04 9.999940537455357381e-01 2.798193054679718253e-03
9.999880639497537027e-01 -3.511352222026072577e-03 -3.397405421233040679e-03 1.044766685476033574e+00 3.510457482989213542e-03 9.999938020671949035e-01 -2.692869396506583721e-04 -2.552002566721328983e-04 3.398329925636433234e-03 2.573572781445003206e-04 9.999941925436106605e-01 7.114009330796925573e-04
9.999866200142387695e-01 -3.837964746808739981e-03 -3.468402961120290329e-03 1.183795777743068323e+00 3.837308288362635197e-03 9.999926183162907156e-01 -1.959031122200291519e-04 -6.243390478010771294e-03 3.469129227705145587e-03 1.825911596090886552e-04 9.999939658832296407e-01 1.208625650911296281e-03
9.999831653284999566e-01 -4.041544793258571890e-03 -4.163529185428585695e-03 1.334539469690371405e+00 4.040815105584258903e-03 9.999918190087441205e-01 -1.836542011692054532e-04 -7.299407743926818529e-03 4.164237370313221380e-03 1.668270577860384398e-04 9.999913156102189227e-01 -1.424911387614770202e-03
9.999774404570140884e-01 -4.603893466082463817e-03 -4.891088017184320839e-03 1.502477922882175854e+00 4.601670940542404789e-03 9.999893038821686675e-01 -4.655596747496654219e-04 -4.947181826841754934e-03 4.893179088675216580e-03 4.430419943398581479e-04 9.999879301832584888e-01 6.106060750695604597e-04
9.999730431811206799e-01 -5.286332379529809847e-03 -5.095841545975811696e-03 1.672799627686053725e+00 5.282726673474456500e-03 9.999857865374075505e-01 -7.207787841937052416e-04 -1.779860002066058992e-03 5.099579392647981754e-03 6.938394162318418761e-04 9.999867563507441881e-01 6.000631473825302972e-03
9.999654332133781631e-01 -5.978327939168236529e-03 -5.778578841960545914e-03 1.865105524419751193e+00 5.972537288689350188e-03 9.999816452266845346e-01 -1.018826809812744009e-03 3.114512418059217289e-03 5.784563658238093750e-03 9.842788146345639051e-04 9.999827848610689518e-01 1.018864761009965342e-02
9.999557988314896617e-01 -6.957778345521256104e-03 -6.323741279643316227e-03 2.062862238746356880e+00 6.952608582855655979e-03 9.999754782443045498e-01 -8.391328667203410340e-04 1.179524513779955062e-02 6.329424710893658337e-03 7.951292781704898940e-04 9.999796528691271558e-01 1.094022451016001506e-02
9.999502654687686398e-01 -7.558836271401364257e-03 -6.506195751844397711e-03 2.272599031906093803e+00 7.554868770145901219e-03 9.999712604833116414e-01 -6.341650279926279747e-04 1.615642564815126733e-02 6.510802316538655092e-03 5.849800329941723083e-04 9.999786333975121400e-01 1.232850775309596823e-02
9.999398525797318360e-01 -8.176155463526863648e-03 -7.310383345653833839e-03 2.490273181578431139e+00 8.172256451245103054e-03 9.999664480278758205e-01 -5.630657231298276822e-04 1.487975048106166161e-02 7.314741780764095341e-03 5.032895287215457918e-04 9.999731202649054795e-01 1.427286284792448311e-02
9.999329191986408016e-01 -8.838636656873791880e-03 -7.485693350137322642e-03 2.726361357391168028e+00 8.835264291575696538e-03 9.999608514200986065e-01 -4.834584672838097147e-04 2.009603834485656701e-02 7.489673409604098546e-03 4.172879573482464856e-04 9.999718649356981182e-01 1.558651753299707468e-02
9.999204853631219470e-01 -9.673044993479188239e-03 -8.090435818463619783e-03 2.965887975528175513e+00 9.669551605220498905e-03 9.999531379624998495e-01 -4.707979435958278423e-04 1.731192877996513835e-02 8.094610733848144057e-03 3.925296216129415898e-04 9.999671610595838311e-01 1.443008716378231526e-02
9.999119033235954745e-01 -1.011244667472392320e-02 -8.597907538210209158e-03 3.226823282968381168e+00 1.011056790851424733e-02 9.999488525905521064e-01 -2.619530599015924117e-04 1.881456628639578688e-02 8.600116763862493754e-03 1.750002546714402116e-04 9.999630029988904045e-01 1.597616284082714611e-02
9.999105395308632849e-01 -1.063469555910600585e-02 -8.112717514062709259e-03 3.485425668432804436e+00 1.062509659160574584e-02 9.999428012411782918e-01 -1.225384986264958743e-03 1.953995067867970309e-02 8.125285072961859964e-03 1.139076955541886435e-03 9.999663405566071583e-01 2.743409115191344089e-02
9.999028150968743978e-01 -1.124123556471020094e-02 -8.245907125628676101e-03 3.756076155607616762e+00 1.123240209902872169e-02 9.999362909361801943e-01 -1.116786407733430823e-03 2.492895920832334175e-02 8.257935845690156026e-03 1.024056528448275992e-03 9.999653783025664877e-01 1.745192952333159478e-02
9.998882695213721084e-01 -1.197226700369993443e-02 -8.950603127611034271e-03 4.033995342395865435e+00 1.196767357314703489e-02 9.999282243101476064e-01 -5.665837992928011687e-04 1.573313475859416596e-02 8.956743984422060878e-03 4.594025980996855859e-04 9.999597820344827692e-01 6.964265219392303669e-03
9.998580330886043255e-01 -1.258674755280987309e-02 -1.120211829205809174e-02 4.325925434406709513e+00 1.258177104349316594e-02 9.999207139625057028e-01 -5.146125940595382272e-04 -2.378048177014257213e-03 1.120770741929609689e-02 3.735970485461927084e-04 9.999371218829955499e-01 -1.711733320225652857e-03
9.998371441266874493e-01 -1.259660193255942272e-02 -1.292326755671159740e-02 4.611770432897286831e+00 1.258267595465948317e-02 9.999201640754902254e-01 -1.158335471620215674e-03 -1.293770612213678700e-02 1.293682690653888238e-02 9.955375419439299513e-04 9.999158201641740185e-01 -5.965385044228441354e-03
9.998188456229872845e-01 -1.297573125916183165e-02 -1.392502550830929282e-02 4.913993609510143301e+00 1.296052869017318837e-02 9.999153108667715451e-01 -1.181435685421592524e-03 -2.728756346352317549e-02 1.393917620192282499e-02 1.000745970564183209e-03 9.999023441688263958e-01 -8.237241136141881803e-03
9.997987169030700949e-01 -1.306683397838213911e-02 -1.522443853664564445e-02 5.236947508540803931e+00 1.304480096243596995e-02 9.999137183819764019e-01 -1.545625886168628619e-03 -2.999993130440847117e-02 1.524332138430245856e-02 1.346715007328183264e-03 9.998829069005349401e-01 -1.024865484378663372e-02
9.997722546212245431e-01 -1.324252095599745029e-02 -1.673542734211610344e-02 5.538509363498783422e+00 1.319638278755343348e-02 9.999088213288270799e-01 -2.864351605533944391e-03 -3.187082043938056775e-02 1.677183266425116837e-02 2.642852157372744398e-03 9.998558500911801650e-01 -2.145383415279976044e-03
9.997330573509132234e-01 -1.396137472141994497e-02 -1.840907536200164438e-02 5.879206566491402164e+00 1.389427282109192453e-02 9.998963705822411230e-01 -3.767927710899517980e-03 -3.084529410682697315e-02 1.845977309093549054e-02 3.511141174831110268e-03 9.998234387456025329e-01 9.079798008413140012e-04
9.996758483228066483e-01 -1.456663182300156276e-02 -2.088088880795061289e-02 6.226485976978316295e+00 1.450350583301096910e-02 9.998897891554395789e-01 -3.171413130207320283e-03 -1.865351945930348102e-02 2.092478431498627847e-02 2.867539018697524977e-03 9.997769404328885612e-01 -4.179760722044754961e-04
9.996877593292605724e-01 -1.511093525308507268e-02 -1.990084126411523213e-02 6.606328813117564813e+00 1.508899234808411954e-02 9.998853704372928641e-01 -1.252316013257291161e-03 -6.098828552222034308e-03 1.991748370557635400e-02 9.516413477106625950e-04 9.998011743449711775e-01 -6.831403521699877524e-03
9.997129822117878373e-01 -1.731646820321316310e-02 -1.655575809743374191e-02 6.988268264728834112e+00 1.732006536690937348e-02 9.998499936858181725e-01 7.390639592107638048e-05 6.670464375019573636e-03 1.655199483142807612e-02 -3.606319959170758418e-04 9.998629413132901211e-01 2.904869826096192348e-02
9.997205595733187344e-01 -1.870219292552120424e-02 -1.445789563480941869e-02 7.375714026569665904e+00 1.872121276710253177e-02 9.998240448803059621e-01 1.181300856213875336e-03 -2.636006139192619002e-04 1.443325877753647707e-02 -1.451640093342406205e-03 9.998947813555684183e-01 4.817122636257658436e-02
9.997274031542627837e-01 -1.982552065024556845e-02 -1.233159005889874343e-02 7.760642206519682063e+00 1.982601889001997866e-02 9.998034418198075146e-01 -8.185498977292501627e-05 -4.539331866221930738e-03 1.233078900178795692e-02 -1.626536610908039962e-04 9.999239597021265524e-01 7.017428559238306218e-02
9.997084130357372089e-01 -2.128337002997773494e-02 -1.140644842774578803e-02 8.147634156647225012e+00 2.126752718412476886e-02 9.997726825908944681e-01 -1.508453671509000192e-03 -1.119675875620919359e-02 1.143596052110590171e-02 1.265426874070793226e-03 9.999338065601073300e-01 8.874312818686178050e-02
9.996547434823342959e-01 -2.223365981396947452e-02 -1.400207857945077669e-02 8.521839094226002942e+00 2.219353807137195225e-02 9.997491488819274519e-01 -3.014328737269534632e-03 -6.105040442506117632e-03 1.406558570209570300e-02 2.702532356595222646e-03 9.998974225477924582e-01 1.006393275032661794e-01
9.995828419780022900e-01 -2.409399085462857540e-02 -1.592550243719467393e-02 8.894885625931820528e+00 2.403216993333780541e-02 9.997029335551603779e-01 -4.061951440113404331e-03 4.440091330012374375e-03 1.601864012565340847e-02 3.677532583640748427e-03 9.998649303394039345e-01 1.134801451017136698e-01
9.995450904381891766e-01 -2.544473923921160285e-02 -1.619189383490127546e-02 9.291323277721190266e+00 2.536917879944972087e-02 9.996663611763074719e-01 -4.855007678883109176e-03 2.227744592351532660e-02 1.631002599488239405e-02 4.442024039668002536e-03 9.998571155292526047e-01 1.410287324378742824e-01
9.995137179301356589e-01 -2.689525146557805030e-02 -1.577888202885668195e-02 9.676520367907116338e+00 2.681257291159891420e-02 9.996257401552356425e-01 -5.428218212033754549e-03 4.436932921527969587e-02 1.591896992074068318e-02 5.002506141983693345e-03 9.998607709721198944e-01 1.633236577892046848e-01
9.994782212551144296e-01 -2.772096936072008036e-02 -1.657809079522252690e-02 1.009273425375645594e+01 2.766521200972505909e-02 9.996108223131099368e-01 -3.583288847556155045e-03 5.199596155340795861e-02 1.667097121254750361e-02 3.122782767032411706e-03 9.998561531273487679e-01 1.407598036527486218e-01
9.993990000941095353e-01 -2.871856534695237106e-02 -1.941346479397522071e-02 1.051222852143162001e+01 2.868896963747151474e-02 9.995867637180009257e-01 -1.801338644897644819e-03 6.207990929667476371e-02 1.945717430754852553e-02 1.243303738509107456e-03 9.998099182163474596e-01 1.160978353554604769e-01
9.993097357719161744e-01 -2.984960299674687539e-02 -2.211454707652123902e-02 1.094873459245719260e+01 2.981478731119584918e-02 9.995536299495899613e-01 -1.902448997029719362e-03 6.509283629930709414e-02 2.216146315231079522e-02 1.241795286971407106e-03 9.997536333994561097e-01 1.159687592918771104e-01
9.992478820174822696e-01 -3.055849140547002921e-02 -2.387150784088954217e-02 1.140387248217657934e+01 3.050157614782517471e-02 9.995309499512862184e-01 -2.744802721099093810e-03 8.001263736871114252e-02 2.394418793933631925e-02 2.014619691441793189e-03 9.997112669023114906e-01 1.292319882612987525e-01
9.992048112826663608e-01 -3.137015959478711702e-02 -2.461012386333709390e-02 1.187190575378257584e+01 3.131317451285171860e-02 9.995059820808203099e-01 -2.697570496321716627e-03 1.060287868072517237e-01 2.468258923814317662e-02 1.924804315383258583e-03 9.996934854828496420e-01 1.434067379750624260e-01
9.991813997641960654e-01 -3.237813453144354481e-02 -2.425256212290748462e-02 1.235097513497156285e+01 3.233465653658716688e-02 9.994747146420774886e-01 -2.182837098504249434e-03 1.263605656851414516e-01 2.431049880036781005e-02 1.396851961164235611e-03 9.997034802643611773e-01 1.499518057378748104e-01
9.991406943297322929e-01 -3.321675338404956462e-02 -2.478951852948670792e-02 1.284503740654667325e+01 3.318710920769166878e-02 9.994478652017618758e-01 -1.606401592861485522e-03 1.327715438162697381e-01 2.482919081922083104e-02 7.823287442198412385e-04 9.996914020061384853e-01 1.553363676174083496e-01
9.990503359321820653e-01 -3.409474360047937136e-02 -2.712885424436128901e-02 1.334213386646170107e+01 3.404613986012015869e-02 9.994177257810384907e-01 -2.251611707645402062e-03 1.410549486557835519e-01 2.718982593580484414e-02 1.325840667063633935e-03 9.996294090872407390e-01 1.635437578072898024e-01
9.989622737303421873e-01 -3.516437914418746313e-02 -2.894550229152416734e-02 1.385369287609423594e+01 3.510588631860404873e-02 9.993804044191074709e-01 -2.526659630111181224e-03 1.515786461298126442e-01 2.901641620341916319e-02 1.507880136157390989e-03 9.995777978167607047e-01 1.720871823553150881e-01
9.988978122800377113e-01 -3.621983146693547734e-02 -2.985438712587054622e-02 1.438056138281636009e+01 3.614844813748564062e-02 9.993421433788407526e-01 -2.927484284516781825e-03 1.769926778943155532e-01 2.994078020703643678e-02 1.845067882592054060e-03 9.995499714396987034e-01 1.835272455072533559e-01
9.988106086794216187e-01 -3.733727208125438984e-02 -3.135755256670666458e-02 1.492691450292145028e+01 3.728520588128290264e-02 9.993021461163850150e-01 -2.243699974910661789e-03 1.955228533048374295e-01 3.141944321329927237e-02 1.071858534251712066e-03 9.995057126937538783e-01 1.839645987651187531e-01
9.987443152726022122e-01 -3.878665292792338876e-02 -3.170785810031433866e-02 1.547872581944887393e+01 3.878879734264786133e-02 9.992472813156236811e-01 -5.477079932237543603e-04 1.987643634708192164e-01 3.170523476291969150e-02 -6.828894373609384815e-04 9.994970293856028087e-01 1.888373042747443498e-01
9.987128421288995472e-01 -3.930254498685939457e-02 -3.206195446899215429e-02 1.603949688967781739e+01 3.929543124281371924e-02 9.992272728702826790e-01 -8.521946132850591500e-04 2.099633737035449810e-01 3.207067274406839863e-02 -4.087906230656453230e-04 9.994855200751882052e-01 2.132262693582483160e-01
9.986280136577081468e-01 -4.076719961597913972e-02 -3.286526697793827612e-02 1.662867715700150129e+01 4.072869542907852497e-02 9.991685473700933073e-01 -1.840465968970900158e-03 2.150353987140139478e-01 3.291297170882033496e-02 4.993814258582192616e-04 9.994580966261096266e-01 2.393100429615134250e-01
9.985666088127158613e-01 -4.116147425774518281e-02 -3.421199791303287940e-02 1.720839173644823106e+01 4.109649531756056490e-02 9.991517976526670397e-01 -2.600638394230705107e-03 2.371152180597272952e-01 3.429002532641392542e-02 1.190917450037754996e-03 9.994112146052499535e-01 2.667410488129688395e-01
9.984927195468866756e-01 -4.203181961335977074e-02 -3.529327346467509008e-02 1.779147674166511095e+01 4.194052094804918279e-02 9.991145813686265198e-01 -3.323552196147893951e-03 2.740547571757919743e-01 3.540171908917137678e-02 1.838324395817304401e-03 9.993714719006877578e-01 2.925713146686637622e-01
9.984005003804230505e-01 -4.357489090939489773e-02 -3.602318312358464975e-02 1.837645766996597274e+01 4.350785569077522674e-02 9.990495886850043750e-01 -2.643074254405654126e-03 2.955318804942629884e-01 3.610411795504298721e-02 1.071555205277928196e-03 9.993474593133913064e-01 3.072534538722355713e-01
9.983127369547023511e-01 -4.517138449558079361e-02 -3.648595972101766061e-02 1.895840067975812815e+01 4.515261004028571501e-02 9.989792036759895799e-01 -1.338816430888783906e-03 3.174791826205737855e-01 3.650919117922513113e-02 -3.108788158281735724e-04 9.993332688917149209e-01 3.194289674633168929e-01
9.982313277784568006e-01 -4.678193890409382966e-02 -3.668332637633708870e-02 1.956007435742528600e+01 4.675782840789782097e-02 9.989051051851431939e-01 -1.515360562872952992e-03 3.306810883035058990e-01 3.671405349776593607e-02 -2.025522933959041918e-04 9.993257913455109165e-01 3.479203533708061236e-01
9.981044206569932298e-01 -4.815771331961240381e-02 -3.831970919506093309e-02 2.016267774089154230e+01 4.810123537840940017e-02 9.988395943279894107e-01 -2.394985964144961867e-03 3.438330817069106260e-01 3.839057983462697277e-02 5.472207266007128200e-04 9.992626601296765720e-01 3.655054458801309525e-01
9.980067870503512850e-01 -4.882261508164577324e-02 -3.998506293635580716e-02 2.077075505441502301e+01 4.873134914916656124e-02 9.988066196339357994e-01 -3.254563800636634495e-03 3.638428084922341599e-01 4.009624186300885657e-02 1.299550699220793906e-03 9.991949772474055802e-01 3.943577490252526130e-01
9.979078247260390055e-01 -4.959102305776082881e-02 -4.148136669192112325e-02 2.137974114433366069e+01 4.947337678411351664e-02 9.987679894904122335e-01 -3.858517702050402298e-03 3.960913404889029321e-01 4.162160905253577126e-02 1.798221722850641777e-03 9.991318271672229301e-01 4.187918407067285909e-01
9.977773110239620546e-01 -5.052088082855553386e-02 -4.345202188734732102e-02 2.199374734183457392e+01 5.040193710883865419e-02 9.987216736672731576e-01 -3.829266629187681563e-03 4.159507159641927521e-01 4.358993394659246151e-02 1.630689286046716749e-03 9.990481762712867253e-01 4.365233378708263112e-01
9.976885883175796721e-01 -5.117800474667635879e-02 -4.470226583769897760e-02 2.261363499906903485e+01 5.106689931194670351e-02 9.986886570370020477e-01 -3.624651747804645899e-03 4.435350371042932616e-01 4.482914828031684534e-02 1.333467576860415844e-03 9.989937784234108609e-01 4.606637245992274421e-01
9.975981360604720960e-01 -5.164853663834689107e-02 -4.615612193186451051e-02 2.323177333094180597e+01 5.153679768121361554e-02 9.986645772158219136e-01 -3.608420583776054610e-03 4.737978847548071082e-01 4.628085363773511152e-02 1.221014930745305130e-03 9.989277209633845578e-01 4.805462053619876661e-01
9.975257457724369115e-01 -5.182782974997407477e-02 -4.750013246877564377e-02 2.386509405790288341e+01 5.174301333708147821e-02 9.986558839898582729e-01 -3.014289838980952277e-03 5.012619438787452308e-01 4.759251088083228665e-02 5.490317317587583602e-04 9.988666835330004545e-01 4.987515148029850742e-01
9.974759469245538801e-01 -5.182163030151386296e-02 -4.854126017995100822e-02 2.448903388223992295e+01 5.176224929143724562e-02 9.986563558869816504e-01 -2.480402149937686006e-03 5.276388550197219640e-01 4.860457648468487907e-02 -3.846332709234743033e-05 9.988180983869470175e-01 5.206882908543313260e-01
9.974136067269954165e-01 -5.181523769122937245e-02 -4.981243076630556543e-02 2.515194450472873200e+01 5.173882126759069694e-02 9.986566598227335501e-01 -2.823148161407290462e-03 5.544995632202056601e-01 4.989179781975075501e-02 2.386099376718131115e-04 9.987546002775710141e-01 5.533999988842508433e-01
9.973987271387250164e-01 -5.146772646426651943e-02 -5.046634754616886875e-02 2.581191376018460559e+01 5.140296015201732682e-02 9.986746581092924568e-01 -2.581266723534645854e-03 5.901915755896658400e-01 5.053231431135311869e-02 -1.956750747457219539e-05 9.987224263164672378e-01 5.895089010641010319e-01
9.974244264536413773e-01 -5.090504037407315996e-02 -5.052910426811987182e-02 2.647413007174864674e+01 5.084865859065548777e-02 9.987034828165559652e-01 -2.401526517050317239e-03 6.315505076235307103e-01 5.058584222048207596e-02 -1.739959629391365538e-04 9.987197015640821851e-01 6.310208023343459871e-01
9.974315596341463142e-01 -5.049960646334426123e-02 -5.079442482046390289e-02 2.715472327208500047e+01 5.043496867674430312e-02 9.987240807893719152e-01 -2.554287767657880542e-03 6.595568768450734698e-01 5.085860576510353032e-02 -1.408799292391851692e-05 9.987058636160890401e-01 6.656346999814809484e-01
9.974175006080064909e-01 -4.992353087823966223e-02 -5.163303734554913760e-02 2.783518510623390085e+01 4.984891208061976303e-02 9.987530315381933921e-01 -2.732756419269902898e-03 6.892479519477835437e-01 5.170508142587208755e-02 1.518483383850361378e-04 9.986623861429978488e-01 7.034928709190249041e-01
9.973642903760464584e-01 -4.945222250488689325e-02 -5.309378468344902458e-02 2.850735964473572537e+01 4.932128862244229001e-02 9.987758332223355406e-01 -3.774315785834065663e-03 7.154714673684424708e-01 5.321543734018384375e-02 1.145713906963308085e-03 9.985823974857239715e-01 7.390161665603972585e-01
9.973111552107667421e-01 -4.851906286783245342e-02 -5.492140047916900525e-02 2.923780573572682329e+01 4.840734199569524804e-02 9.988220143632632331e-01 -3.363460156606655135e-03 7.443808819878061644e-01 5.501989579304691902e-02 6.958173184130947691e-04 9.984850158641248585e-01 7.674223590115643034e-01
9.972332402480779123e-01 -4.728077208695610073e-02 -5.736194849532703227e-02 2.995825806370240940e+01 4.717347837842546937e-02 9.988815092431682086e-01 -3.223884267567390764e-03 7.757773859764515167e-01 5.745021742343072585e-02 5.090019172423656396e-04 9.983482425662143500e-01 7.933691434292273748e-01
9.972411982577554790e-01 -4.575063847585453258e-02 -5.845401249262333759e-02 3.067650123092841241e+01 4.571557571889738047e-02 9.989526172821281413e-01 -1.937669186375140084e-03 7.993693117793407854e-01 5.848143837257994276e-02 -7.399352929320200537e-04 9.982882218385812356e-01 8.139935675443189522e-01
9.972031585508277507e-01 -4.350938715856050854e-02 -6.076836187803019013e-02 3.140282268042659908e+01 4.346492490210776549e-02 9.990528421975019002e-01 -2.053971846822151386e-03 8.209870224814761475e-01 6.080017170622855488e-02 -5.930650722271640701e-04 9.981497820439141355e-01 8.440280862153897168e-01
9.972046847597049180e-01 -4.099841891447472686e-02 -6.246556123025605312e-02 3.214475824772743096e+01 4.096354524539858044e-02 9.991589486370423545e-01 -1.839380180488079395e-03 8.552608917087929363e-01 6.248843616402806334e-02 -7.245723106979447357e-04 9.980454249886328011e-01 8.785527685780484264e-01
9.974223609881495145e-01 -3.829901865103478575e-02 -6.067799412631517952e-02 3.289306082306271861e+01 3.827432645504909303e-02 9.992660368111251357e-01 -1.569589181711824981e-03 8.918519601711717426e-01 6.069357243759654352e-02 -7.568660084236719437e-04 9.981561588341814062e-01 9.335652065037329805e-01
9.976402311097796183e-01 -3.550402709807884416e-02 -5.876591980939715326e-02 3.362905059943921060e+01 3.553381193303038754e-02 9.993683296606783450e-01 -5.384057334125426581e-04 9.047709168697986026e-01 5.874791469263943716e-02 -1.551041922266143628e-03 9.982716447882418187e-01 9.693920492502884345e-01
9.977354330586124531e-01 -3.267372996584879535e-02 -5.879143636161601738e-02 3.436859205943144246e+01 3.262706231650407823e-02 9.994660569628760483e-01 -1.753791229303062853e-03 9.125010688739483289e-01 5.881734798457094460e-02 -1.683722061841418831e-04 9.982687469949472758e-01 1.014982797798395397e+00
9.976854709387146247e-01 -2.955754681593109751e-02 -6.123767226160056060e-02 3.510266462602130133e+01 2.940826818874656134e-02 9.995619106307053192e-01 -3.337750504849607003e-03 9.221625470324714691e-01 6.130950040518939187e-02 1.529131295183097780e-03 9.981176318037610073e-01 1.061964110349940427e+00
9.977083079808787280e-01 -2.612620697387970509e-02 -6.241436929978547848e-02 3.583624536236058589e+01 2.595578634506104376e-02 9.996568244286175853e-01 -3.539848655173391187e-03 9.490492657782133579e-01 6.248543303155982415e-02 1.911722377854464762e-03 9.980440451084353626e-01 1.105989419015446451e+00
9.976992264458094395e-01 -2.258831073785496843e-02 -6.392199752388538769e-02 3.655632184246722005e+01 2.244842973342071543e-02 9.997437794477711526e-01 -2.905762892929583674e-03 9.664755932792099546e-01 6.397125566953626441e-02 1.464128920675948978e-03 9.979506675054465870e-01 1.139098246149796489e+00
9.976013312243766640e-01 -2.014940014571694679e-02 -6.622375414546734229e-02 3.729111067846258720e+01 1.999272934307045127e-02 9.997955409395685722e-01 -3.027720391669743751e-03 9.820156199058422963e-01 6.627122084861762630e-02 1.696464300592559482e-03 9.978002040970479491e-01 1.187115371631099592e+00
9.976294598819901438e-01 -1.669371075423874834e-02 -6.675912519515460330e-02 3.800934946937052672e+01 1.662386824225112886e-02 9.998605312058767014e-01 -1.601605871129729419e-03 9.978480210988626142e-01 6.677655112562182194e-02 4.880142989467788376e-04 9.977678357522912211e-01 1.217881625582471816e+00
9.976560648342335247e-01 -1.296667385574682037e-02 -6.718810660072534191e-02 3.872545196583429572e+01 1.288916102903931056e-02 9.999156718481921891e-01 -1.587047682308120227e-03 9.964017053874899554e-01 6.720301948156225114e-02 7.173294202228021419e-04 9.977390638894838570e-01 1.256300748654305188e+00
9.975351563737895333e-01 -8.702765733907205301e-03 -6.962667353033677453e-02 3.944807349006274677e+01 8.572829346483496968e-03 9.999609093844187280e-01 -2.164786382642672029e-03 9.939395445450517341e-01 6.964279140955967340e-02 1.562552932586411345e-03 9.975707694359420286e-01 1.294751626745041184e+00
9.972844980881685473e-01 -3.971815013711412282e-03 -7.353811636509786920e-02 4.016454532167978897e+01 3.787672823021960219e-03 9.999893331227338589e-01 -2.643326566231488442e-03 1.003537456016502016e+00 7.354783074717811953e-02 2.357610283074984027e-03 9.972889041126135057e-01 1.344190575418817257e+00
9.972236681796970981e-01 7.689120872089693888e-04 -7.446048882750916365e-02 4.086996688899738928e+01 -8.471507180684896164e-04 9.999991218213898359e-01 -1.019162455168653308e-03 1.015242078783563429e+00 7.445963979156997037e-02 1.079412178592265622e-03 9.972234438236289300e-01 1.387866158131295213e+00
9.971686032262881971e-01 5.765886162074667504e-03 -7.497687174388804887e-02 4.159432605995006327e+01 -5.779847968819373100e-03 9.999832960658687764e-01 3.076846380007438328e-05 1.008494032364546822e+00 7.497579674262074001e-02 4.026735737864032497e-04 9.971852725330444533e-01 1.428392031432970333e+00
9.970718532445160820e-01 1.124576827253894601e-02 -7.563895929682376562e-02 4.230169621656732204e+01 -1.127442482906193880e-02 9.999364404933831496e-01 4.814765447727360325e-05 9.863697920931385754e-01 7.563469317925497482e-02 8.047790896614833572e-04 9.971352694184960619e-01 1.486722938941734462e+00
9.969561677227442020e-01 1.708812596200262601e-02 -7.606836129880910347e-02 4.301355322125383651e+01 -1.710443917135468644e-02 9.998536128439946546e-01 4.370851685685937967e-04 9.759978935047985971e-01 7.606469483415322086e-02 8.653519040755163708e-04 9.971025089557589149e-01 1.539420353439086675e+00
9.967976128635435140e-01 2.301120484493238139e-02 -7.658331046073785231e-02 4.372940686182130321e+01 -2.297656346934583149e-02 9.997351145366166758e-01 1.333526751559770173e-03 9.645473865014564385e-01 7.659371071230536288e-02 4.303650108493045721e-04 9.970622940745864637e-01 1.590267412706299011e+00
9.966500190139584436e-01 2.903144442927730121e-02 -7.645858247329700985e-02 4.443136229821633520e+01 -2.897867222306210397e-02 9.995784097529790690e-01 1.799808849228000818e-03 9.356683617713605905e-01 7.647859933121489706e-02 4.218886763290570323e-04 9.970711337985270761e-01 1.649349702682295193e+00
9.965061442678443404e-01 3.558561199323968111e-02 -7.555904085879373844e-02 4.513126653404058430e+01 -3.559801736891592822e-02 9.993654894837556979e-01 1.183041967034366556e-03 9.057512670304690428e-01 7.555319712518211717e-02 1.510843459793504697e-03 9.971406278736231199e-01 1.705545677424908924e+00
9.962972218307158956e-01 4.199924788391544428e-02 -7.501939049060983578e-02 4.582896639025997132e+01 -4.205496132734908021e-02 9.991149476796254980e-01 8.375863503394050287e-04 8.653369355490778680e-01 7.498817240173512311e-02 2.320452611997416911e-03 9.971817234082878123e-01 1.766263672899623050e+00
9.960137459019375861e-01 4.780982297715806462e-02 -7.530497195592955606e-02 4.651889200231644139e+01 -4.794944487683527878e-02 9.988497627799269862e-01 -4.615719679939124867e-05 8.298060081855147541e-01 7.521614660692119148e-02 3.656804804236965696e-03 9.971605482911113372e-01 1.821791363400738106e+00
9.956511539265024968e-01 5.360477596732605293e-02 -7.619256970542931384e-02 4.723865205179988180e+01 -5.376791145975384073e-02 9.985534555632809006e-01 -8.988819092816107553e-05 7.947799253015243037e-01 7.607753533126579426e-02 4.186212622834635348e-03 9.970931171369082913e-01 1.861329927413611474e+00
9.952924629377253307e-01 5.839490370038372125e-02 -7.734952127311152392e-02 4.789945693453628905e+01 -5.859609532914124286e-02 9.982817174154748896e-01 -3.320936435236513523e-04 7.565422634097631605e-01 7.719722036145350297e-02 4.862910222571298000e-03 9.970039825761141117e-01 1.905610560806663800e+00
9.948219492923939811e-01 6.377685953156281284e-02 -7.913154487543347382e-02 4.859037171989717763e+01 -6.398544814522208468e-02 9.979508265994669891e-01 -1.005738324526381407e-04 7.050483490204069170e-01 7.896297633534676841e-02 5.163320417326701731e-03 9.968641775540595384e-01 1.943715804833680005e+00
9.943646376136675569e-01 6.879935278585401492e-02 -8.065740213822344962e-02 4.928609403292642810e+01 -6.897975207490571192e-02 9.976179079337655908e-01 5.509750822419610602e-04 6.588713232304725942e-01 8.050317550956628820e-02 5.015857464512934495e-03 9.967417317975462154e-01 1.996215011267442607e+00
9.940652005995935792e-01 7.384855333741938144e-02 -7.987971035788786478e-02 4.999325620632028944e+01 -7.399804874998530679e-02 9.972577892385382503e-01 1.091138972787555981e-03 5.960525330477455253e-01 7.974124239115244761e-02 4.826279419331596515e-03 9.968039131588930513e-01 2.045481815114996493e+00
9.936823453837776432e-01 7.928683657859542100e-02 -7.942917611277389156e-02 5.068404943377372973e+01 -7.948427808473740308e-02 9.968358892357862544e-01 6.778413144046127950e-04 5.210282328843440780e-01 7.923159729516424110e-02 5.639811775093702545e-03 9.968402813456117562e-01 2.097422969325402065e+00
9.932664047051602552e-01 8.412208223985273570e-02 -7.965754555417940697e-02 5.137630083927491143e+01 -8.433182106696288094e-02 9.964374571089585908e-01 7.335023940536647240e-04 4.487974586330883420e-01 7.943546588026327571e-02 5.989102592524189056e-03 9.968220189233992778e-01 2.138986180780737545e+00
9.927331694024335018e-01 8.826158059080548013e-02 -8.179699114155776496e-02 5.206130982703727028e+01 -8.862441929746324443e-02 9.960647862100807659e-01 -8.086881064112540554e-04 3.755907731206360456e-01 8.140372640356675904e-02 8.052022347135995989e-03 9.966486834706271836e-01 2.192049492463964633e+00
