1.000000000000000000e+00 0.000000000000000000e+00 0.000000000000000000e+00 0.000000000000000000e+00 0.000000000000000000e+00 1.000000000000000000e+00 0.000000000000000000e+00 0.000000000000000000e+00 0.000000000000000000e+00 0.000000000000000000e+00 1.000000000000000000e+00 0.000000000000000000e+00
9.999999383849531576e-01 2.452305367488840900e-04 2.511813562861935881e-04 -1.882447254466178624e-02 -2.452709845761983634e-04 9.999999569586022208e-01 1.610122287502926161e-04 1.058719617684151550e-02 -2.511418603597173073e-04 -1.610738263280800928e-04 9.999999554914932309e-01 2.959496322724102912e-03
9.999998377728346322e-01 2.088618347712405945e-04 5.299349379602549554e-04 -1.447614236500620669e-02 -2.085438364317472679e-04 9.999997982218050696e-01 -6.000548452772700922e-04 1.529704469333675182e-02 -5.300601595868877081e-04 5.999442332670519833e-04 9.999996795515208037e-01 8.446388933798095258e-03
9.999999351027953898e-01 3.484063485467902232e-04 9.169199175044486991e-05 -8.703864736805172822e-03 -3.483498635557322610e-04 9.999997500128812167e-01 -6.153263748995650836e-04 1.713790302202881227e-02 -9.190635244407132070e-05 6.152943940737879867e-04 9.999998064829968003e-01 -3.530725859118347826e-03
9.999999821238745312e-01 1.791347600226868579e-04 6.052262625855031548e-05 -6.604208832960756226e-03 -1.791382159600995126e-04 9.999999823244885011e-01 5.710098235314599796e-05 1.029912431785955096e-04 -6.051239641801104671e-05 -5.711182324769485018e-05 9.999999965382447842e-01 -5.930946036546111064e-03
9.999999929506835361e-01 -6.680812562825954627e-05 -9.815960070688261273e-05 -7.895549378965339982e-03 6.680358651185922523e-05 9.999999966993516898e-01 -4.624475626563506959e-05 -2.006474078195709734e-03 9.816268990837854049e-05 4.623819852626336085e-05 9.999999941130576220e-01 -6.157254430296633420e-03
9.999999698136836646e-01 -3.573915525742482743e-05 2.430953404449751379e-04 -2.175480575304085222e-03 3.565720288806374519e-05 9.999999425405936559e-01 3.371162607231916147e-04 6.455202122489888186e-03 -2.431073747272429982e-04 -3.371075824470180890e-04 9.999999136286373824e-01 -7.857421082177289129e-05
9.999999373362469246e-01 2.350883184108639693e-04 2.646903563898702944e-04 -3.310762972335238447e-03 -2.350950058088843502e-04 9.999999720467874775e-01 2.523415529693296634e-05 1.504149589018173756e-02 -2.646844167357892169e-04 -2.529638109653912524e-05 9.999999646511257279e-01 2.372759364283476106e-03
9.999999268759864890e-01 3.622901698651964284e-04 -1.224493960499012141e-04 -1.336400730091489436e-02 -3.622971038386374270e-04 9.999999327680660910e-01 -5.660982017926036365e-05 1.817982006483013016e-02 1.224288786360227177e-04 5.665417910127877371e-05 9.999999909007367682e-01 -7.055664716385818408e-03
9.999999799164702718e-01 1.736499401117515523e-04 1.000637659786468239e-04 -2.500701386573052354e-03 -1.736301183159932903e-04 9.999999653111623088e-01 -1.980662925829950740e-04 -1.693495789555677505e-03 -1.000981567073962755e-04 1.980489145215988151e-04 9.999999753784929446e-01 -2.255043359945693021e-03
9.999999208686751739e-01 1.826840928813509813e-04 3.533966122637919281e-04 -1.729131745518974056e-02 -1.826600691941509408e-04 9.999999810049370330e-01 -6.801047436048724532e-05 1.280294370147534375e-02 -3.534090299828159844e-04 6.794591752907921771e-05 9.999999352427028088e-01 1.380730883867415607e-03
9.999998687224304073e-01 7.336130967162196798e-05 5.071225100554667626e-04 -1.720391699486190779e-02 -7.327962825990791157e-05 9.999999843408423628e-01 -1.610851052545725750e-04 6.739032889683943539e-04 -5.071343195286454183e-04 1.610479223586923445e-04 9.999998584391642797e-01 5.252140798973302209e-03
9.999999984105822914e-01 4.444722339281057368e-05 3.468832277948156632e-05 -5.536151095855946017e-03 -4.446661996264269622e-05 9.999998425657299350e-01 5.593668161937575970e-04 -1.209898694995020785e-03 -3.466345501651289508e-05 -5.593683577771562917e-04 9.999998429527302557e-01 -5.951313484921193220e-03
9.999999996088001497e-01 2.576066981126231295e-05 1.089897160840059035e-05 1.568880914204814209e-03 -2.575997485641842423e-05 9.999999976356274134e-01 -6.375867727069321755e-05 3.204051033591151856e-03 -1.090061404886413497e-05 6.375839648851624889e-05 9.999999979080217427e-01 -7.364690356631458865e-03
9.999998509682691550e-01 3.829637908838878931e-04 -3.891043232930208604e-04 -9.192628994452610100e-03 -3.831559710594394422e-04 9.999998046026555842e-01 -4.939495445210162049e-04 9.331704744721861997e-03 3.889150824729942398e-04 4.940985585516954534e-04 9.999998023058169760e-01 7.700184534851731155e-03
9.999972255931607323e-01 1.540273577041069430e-04 -2.350549202688427194e-03 -5.914628688046204980e-03 -1.555763030853972093e-04 9.999997708872359059e-01 -6.588030734236303629e-04 1.323700979197128813e-02 2.350447190450955653e-03 6.591669353910522503e-04 9.999970204440392640e-01 -6.547123646196580798e-03
9.999952351148062579e-01 2.538755851887494861e-04 -3.076571934896935208e-03 5.822231850254968623e-03 -2.552161389546097584e-04 9.999998726697458817e-01 -4.353449373665204476e-04 2.460522992897663103e-03 3.076461019705515818e-03 4.361280538083147740e-04 9.999951725783055023e-01 -4.236734095268545469e-03
9.999934024089948137e-01 2.338589072037189224e-04 -3.624975654208249104e-03 3.943924796358511814e-03 -2.357389391690306157e-04 9.999998379404849702e-01 -5.182143921676733581e-04 1.519243344150497145e-02 3.624853877695003411e-03 5.190655211162975525e-04 9.999932954801997731e-01 -1.143085928069029027e-02
9.999949980889379919e-01 1.651677852846913176e-05 -3.162834851980408750e-03 2.158792011191405791e-02 -1.560806621119205037e-05 9.999999585978054384e-01 2.873339096526666362e-04 3.402470978725424811e-03 3.162839466862654193e-03 -2.872831066982207276e-04 9.999949569447454945e-01 -9.587975796260632400e-03
9.999964083142858229e-01 2.146141733597763384e-04 -2.671572436723453070e-03 4.544690332009697353e-02 -2.129057894402380834e-04 9.999997727047574836e-01 6.397355377480186400e-04 1.176156738732531473e-02 2.671709125801350650e-03 -6.391644467803395124e-04 9.999962267124596904e-01 -4.002180470974144380e-03
9.999962767941320552e-01 1.717741998123662503e-04 -2.723397051076156990e-03 7.133317155422122524e-02 -1.705441290407239466e-04 9.999998833534290421e-01 4.518936029495090921e-04 1.537857013686462840e-02 2.723474357063276549e-03 -4.514274610784870358e-04 9.999961894430767773e-01 -3.694579304695222964e-03
9.999939997615140408e-01 -1.514683005609473402e-04 -3.460852253865339279e-03 9.752144112916596996e-02 1.498253786292652525e-04 9.999998759777635193e-01 -4.749703291759403722e-04 7.653243655230273362e-03 3.460923767591279464e-03 4.744489557413762129e-04 9.999938984338171410e-01 -1.151291931746830158e-02
9.999944407291486703e-01 2.955983915191948835e-04 -3.321314858320962172e-03 1.277781640969667676e-01 -2.972469096753435494e-04 9.999998328823750393e-01 -4.958623768063360419e-04 2.423651411931065924e-02 3.321167727149712274e-03 4.968468707507731411e-04 9.999943614781611201e-01 -2.243370544707034425e-03
9.999934196401020214e-01 -3.538623211284850040e-04 -3.610465060419070123e-03 1.534287292805770753e-01 3.527014709841990391e-04 9.999998859087914083e-01 -3.221553608350586316e-04 6.090068442950249961e-04 3.610578647140497144e-03 3.208798245990944530e-04 9.999934303574053995e-01 -1.929277943292317596e-03
9.999877853011277518e-01 2.760719179134778252e-05 -4.942518223388444806e-03 1.947234595018871306e-01 -2.964046706195094108e-05 9.999999149720607550e-01 -4.113116991630397256e-04 2.358042297011736857e-02 4.942506447975341874e-03 4.114531736630952356e-04 9.999877010925172227e-01 -1.478374227639450179e-02
9.999839276344244521e-01 -1.763079862359989323e-04 -5.666867593666464857e-03 2.469457455907359267e-01 1.727793178521632572e-04 9.999997909046794975e-01 -6.231676376148332112e-04 1.987940623947215962e-02 5.666976278182244385e-03 6.221785043195544656e-04 9.999837490048382183e-01 -9.437905068001507108e-03
9.999798746341136413e-01 -4.251389806029209472e-04 -6.330053995786019162e-03 3.012642046433138265e-01 4.191254124966386357e-04 9.999994596819929971e-01 -9.512989071377794424e-04 1.655480177111335813e-02 6.330455009791488390e-03 9.486266754070961848e-04 9.999795125135313434e-01 -8.531133457723616594e-04
9.999733777637127563e-01 -3.785553130839397246e-04 -7.287006223817556021e-03 3.667186720630654650e-01 3.744274245018765061e-04 9.999997686874770864e-01 -5.678284038405165138e-04 2.419835074589204299e-02 7.287219492700954850e-03 5.650848320058657727e-04 9.999732881988387945e-01 -6.822003041299177714e-03
9.999712225253305498e-01 -6.604035300783138700e-04 -7.557644366691112885e-03 4.477262202553252135e-01 6.568324480654196083e-04 9.999996714801807629e-01 -4.749849109338096301e-04 2.406895881753024630e-02 7.557955565567066152e-03 4.700071360165852981e-04 9.999713277894326513e-01 -9.262564252556872157e-03
9.999683261971352710e-01 -1.032976750761085364e-03 -7.891740082647919277e-03 5.271369474916889342e-01 1.029640196029660455e-03 9.999993788233171310e-01 -4.268419455869663817e-04 2.401737291704220470e-02 7.892176098289035643e-03 4.187027730736146897e-04 9.999687686345115623e-01 -1.553595944383033035e-02
9.999692013315718553e-01 -1.461079200286988927e-03 -7.711137132022808337e-03 6.296990717498042178e-01 1.460736584786015424e-03 9.999989318705861940e-01 -5.006312485827416964e-05 3.141507036620372340e-02 7.711202041720855403e-03 3.879764286164355162e-05 9.999702674868962138e-01 -5.730228918048172609e-03
9.999657909352355212e-01 -1.887035666582066902e-03 -8.053325751626868451e-03 7.334621365176249297e-01 1.885821169574999640e-03 9.999982092927042210e-01 -1.583979211070609945e-04 2.261816736308328371e-02 8.053610233004330349e-03 1.432053702744178522e-04 9.999675589010059706e-01 -1.396410559324551270e-02
9.999648343038310960e-01 -2.084709401324050509e-03 -8.123062379646934020e-03 8.535298895984484435e-01 2.081268868462040397e-03 9.999977408533994305e-01 -4.319814747846054126e-04 3.556960489527465075e-02 8.123944584299854291e-03 4.150600070079781554e-04 9.999669140774517517e-01 -1.563523202073969012e-02
9.999649786510600435e-01 -2.682517781735816852e-03 -7.927519772013497459e-03 9.764968200561272571e-01 2.680664256944801076e-03 9.999963771411295443e-01 -2.444253614918892570e-04 3.494680470849062526e-02 7.928146727106679184e-03 2.231657824869548922e-04 9.999685468486031459e-01 -1.989017967452448576e-02
9.999710137323524206e-01 -2.721649956191744303e-03 -7.110859062554038962e-03 1.116596300785685392e+00 2.722274207779987014e-03 9.999962915540305808e-01 7.811097173634028840e-05 5.507062230977182588e-02 7.110620101594605780e-03 -9.746641581195674385e-05 9.999747144713553304e-01 -1.333290981261796120e-02
9.999699369933818804e-01 -3.136876364569134677e-03 -7.091199907301091315e-03 1.250741379489327398e+00 3.134355215922882999e-03 9.999950206921323081e-01 -3.666174058938151577e-04 6.800201721407678201e-02 7.092314631508989803e-03 3.443800448557144452e-04 9.999747899200021051e-01 -1.304896634555403889e-02
9.999656625488264616e-01 -3.666294204462394995e-03 -7.431824143021295397e-03 1.404109295718504846e+00 3.667677317251258080e-03 9.999932591730645859e-01 1.724863140083682863e-04 6.710993123029260210e-02 7.431141660807535042e-03 -1.997379241031424122e-04 9.999723687374459935e-01 -2.232247481888547519e-02
9.999706183761203349e-01 -3.885341915711784232e-03 -6.608063458943566268e-03 1.561324144428254401e+00 3.886221301513673437e-03 9.999924413843013227e-01 1.202425068450372182e-04 7.007854434388216536e-02 6.607546327879472436e-03 -1.459193709008273817e-04 9.999781592810225161e-01 -1.941764327611588542e-02
9.999720629923141146e-01 -4.515183407917513006e-03 -5.957042360792624142e-03 1.745118140334679602e+00 4.517506835802794288e-03 9.999897250872112897e-01 3.766324363575490608e-04 8.474775971451969925e-02 5.955280588174363676e-03 -4.035328939603272710e-04 9.999821857384858514e-01 -1.391078375730312594e-02
9.999695997103692502e-01 -5.133920715650782708e-03 -5.868774418001858166e-03 1.927384042317066726e+00 5.145769183389998190e-03 9.999847492260933723e-01 2.005585884107530074e-03 9.225511007188040569e-02 5.858388395732663616e-03 -2.035724272260195332e-03 9.999807673710989775e-01 -7.498894357344536646e-03
9.999659617262499633e-01 -5.444558309333945995e-03 -6.199368815631536508e-03 2.142960645149436960e+00 5.464616808748334192e-03 9.999798741325651719e-01 3.223242614619560836e-03 1.175398300332870655e-01 6.181694915596147241e-03 -3.257010076038611892e-03 9.999755889687182986e-01 -1.946983043294492691e-02
9.999660571716301183e-01 -5.990339913033351088e-03 -5.656883625321296183e-03 2.342747410258075647e+00 6.019094147135001238e-03 9.999689826812789839e-01 5.079781591365012741e-03 1.318901189725273371e-01 5.626278545542675452e-03 -5.113658484330495940e-03 9.999710973256344948e-01 -1.452731788984197581e-02
9.999609990231398404e-01 -6.743606447525189729e-03 -5.702999625203738002e-03 2.576520615650104151e+00 6.773297268047191386e-03 9.999635250242903117e-01 5.202986172788528867e-03 1.323221807816983842e-01 5.667704717329734646e-03 -5.241411363026267541e-03 9.999702019211176296e-01 -1.748863637002217794e-02
9.999604291457749872e-01 -7.244753090729381950e-03 -5.162721690346748840e-03 2.804421176519410253e+00 7.275908726210172928e-03 9.999552783861451744e-01 6.041719945072863800e-03 1.434111434172073984e-01 5.118720035855485462e-03 -6.079044360851436866e-03 9.999684214638246971e-01 -1.646311727484978810e-02
9.999576499343237890e-01 -7.767988294755842973e-03 -4.935250315522142668e-03 3.045668898503440580e+00 7.799796175383158850e-03 9.999487221085046063e-01 6.458818250350505802e-03 1.571814683072853824e-01 4.884825221725281989e-03 -6.497038665508981375e-03 9.999669629398423298e-01 -1.798084629442837229e-02
9.999558411898077370e-01 -8.517592328372384017e-03 -3.970678948442813057e-03 3.299841166271110460e+00 8.543565159233349957e-03 9.999419147402895947e-01 6.570741198168857794e-03 1.661463491842949391e-01 3.914481415703622603e-03 -6.604374796377883439e-03 9.999705291001306229e-01 -1.500294511633418551e-02
9.999438908515285718e-01 -9.186416579374911962e-03 -5.274931197324175293e-03 3.576205747654322753e+00 9.212646172528510258e-03 9.999452120233587316e-01 4.969919723683731590e-03 1.708892946730702911e-01 5.228986441569141198e-03 -5.018236940425443819e-03 9.999737371545333042e-01 -2.578267183759047620e-02
9.999196301779289531e-01 -9.868142127850306616e-03 -7.959457002734759978e-03 3.843467077041720970e+00 9.906555998056652129e-03 9.999394020391834115e-01 4.801291261490469968e-03 1.710516751723137607e-01 7.911594851305592951e-03 -4.879756189077787999e-03 9.999567963899460565e-01 -1.801377141184102443e-02
9.998775751835301540e-01 -1.045745807354514327e-02 -1.163942506072112443e-02 4.123809504570606244e+00 1.048595353313372912e-02 9.999421650159355801e-01 2.389853916985001762e-03 1.932864803702764589e-01 1.161376009761944800e-02 -2.511611809896938975e-03 9.999294036993368051e-01 -1.575247630302221633e-02
9.998195744491589210e-01 -1.074093694066939435e-02 -1.566687020241615269e-02 4.421641064645040586e+00 1.071700412225271189e-02 9.999412739029146513e-01 -1.610766295832977927e-03 2.087326288201331037e-01 1.568325128748532249e-02 1.442573759894684015e-03 9.998759696132319963e-01 -2.013149419547254418e-02
9.997792259294003836e-01 -1.072335359082376462e-02 -1.806956246772763869e-02 4.712252827551761669e+00 1.065433492085649143e-02 9.999355903473640117e-01 -3.911560310529827236e-03 2.144522888650713666e-01 1.811034365778745048e-02 3.718177569033166967e-03 9.998290806973769707e-01 -1.962462584278894945e-02
9.997439562616993181e-01 -1.174993001562133974e-02 -1.933807288313335940e-02 5.025467034605499705e+00 1.161688513313967677e-02 9.999081737884190080e-01 -6.977963235239374208e-03 2.101858437392355450e-01 1.941828772082686630e-02 6.751528400067255929e-03 9.997886511489587624e-01 -1.655353047073946857e-02
9.997261042532586961e-01 -1.195441907940921443e-02 -2.011984938006165097e-02 5.338281030140128891e+00 1.176406332515036492e-02 9.998851668161319317e-01 -9.553009743417552671e-03 2.211970524519737136e-01 2.023173963564088573e-02 9.313702032480721330e-03 9.997519350647768865e-01 -1.879655174024884995e-02
9.997302681552294734e-01 -1.196302523211131320e-02 -1.990670644704429712e-02 5.667264135343840437e+00 1.171969044253796423e-02 9.998557200178485038e-01 -1.229585310260753080e-02 2.469034358626578107e-01 2.005092990871025146e-02 1.205923608217730238e-02 9.997262300424603065e-01 -7.601327905695183518e-03
9.997054079764282619e-01 -1.272465214969529732e-02 -2.066834512853626613e-02 5.993737770222828942e+00 1.247411630585967823e-02 9.998476964724420935e-01 -1.220574787300113435e-02 2.619922972717282361e-01 2.082051116257522747e-02 1.194433281605301010e-02 9.997118781071416826e-01 -5.858147968850823534e-03
9.997307452661473581e-01 -1.327195625464227570e-02 -1.903397348870044387e-02 6.335674464211701107e+00 1.310499545429619737e-02 9.998747850331501930e-01 -8.869799831707957105e-03 2.715713070756218817e-01 1.914930974569489797e-02 8.617971460068329231e-03 9.997794929404067998e-01 -1.917587603082772721e-02
9.998396885376770182e-01 -1.415883452420979398e-02 -1.096013821979208158e-02 6.697029547827419549e+00 1.410996470221930442e-02 9.998902177109358913e-01 -4.523430344258794374e-03 3.030055188997674009e-01 1.102298149245600420e-02 4.368058023112879849e-03 9.999297045033334053e-01 -1.023542224553423974e-02
9.998697601244148636e-01 -1.613424518463749124e-02 3.859029245260157817e-04 7.065738672611594495e+00 1.613501666074143581e-02 9.998676432627123800e-01 -2.087389189156717024e-03 3.235189498724702073e-01 -3.521733987003996310e-04 2.093343877965079657e-03 9.999977469401147845e-01 -2.132406070440015164e-02
9.997580312227015709e-01 -1.751566175369178094e-02 1.330716344823392426e-02 7.426785215980684640e+00 1.754029822192612262e-02 9.998446484734967443e-01 -1.736910243959639746e-03 3.637109931539128649e-01 -1.327467302774909368e-02 1.969901581281569350e-03 9.999099472171313341e-01 -3.188481347890349815e-02
9.995781868871702613e-01 -1.946254888376037356e-02 2.155591543647927474e-02 7.796282618793284769e+00 1.956766892006369524e-02 9.997975980401176965e-01 -4.676460867586666043e-03 3.694990915567065715e-01 -2.146053662870947218e-02 5.096287291600999983e-03 9.997567070159866232e-01 -3.731096912482920192e-02
9.995495392656525979e-01 -2.064934050971803728e-02 2.177896439997390257e-02 8.176819113257588256e+00 2.083984818480815945e-02 9.997462077467611508e-01 -8.556916711300885728e-03 3.777646257327632595e-01 -2.159674238064067733e-02 9.006932468033161318e-03 9.997261904571973501e-01 -3.953296159097142992e-02
9.995850747775503198e-01 -2.159859002863668762e-02 1.905726084026797273e-02 8.553239479480849283e+00 2.177396698843343456e-02 9.997220150834492669e-01 -9.043612059032925601e-03 4.082096905677379262e-01 -1.885663393996251519e-02 9.454811804713541060e-03 9.997774921902331524e-01 -3.802562283240842889e-02
9.995535759805579401e-01 -2.344736481355639071e-02 1.851674452432044288e-02 8.945753691241160155e+00 2.357125206876998016e-02 9.997010227727005649e-01 -6.500857107095647965e-03 4.134047746522114819e-01 -1.835878047119307577e-02 6.934417821011853132e-03 9.998074159702428076e-01 -3.472838996102844966e-02
9.995412085619496123e-01 -2.479317551597969016e-02 1.739743758003053919e-02 9.341094603155196907e+00 2.485524992494687196e-02 9.996854110367421331e-01 -3.360879567665203248e-03 4.518595841231564103e-01 -1.730863766116970404e-02 3.791755284000561301e-03 9.998430045032973279e-01 -3.838631454565168133e-02
9.995858729111383179e-01 -2.585253647270946420e-02 1.263839524642593713e-02 9.731761700168860330e+00 2.586596842002063940e-02 9.996650143163726687e-01 -9.004607381487663483e-04 4.831103239280631900e-01 -1.261088237087912810e-02 1.226992165288434732e-03 9.999197268461375021e-01 -5.544797804079693027e-02
9.996246299239046618e-01 -2.696397772328967476e-02 4.852128897157777579e-03 1.015640202444191686e+01 2.695235181454934056e-02 9.996337275630233776e-01 2.445700333221951205e-03 5.017996326794842421e-01 -4.916297505384930114e-03 -2.314006005416025663e-03 9.999852375885582845e-01 -7.625220326425438677e-02
9.996073476153599646e-01 -2.801922689057709942e-02 -2.711417328233237502e-04 1.056570303167086067e+01 2.801993559262225264e-02 9.996025222453488457e-01 3.111387170081855464e-03 5.272618751852407026e-01 1.838552969532148058e-04 -3.117762850380165641e-03 9.999951228641260625e-01 -9.304246118441679425e-02
9.995808554034207871e-01 -2.892661919298604792e-02 -1.167995303751972157e-03 1.101174122674543732e+01 2.892841860145716967e-02 9.995802773434001587e-01 1.554266164462718295e-03 5.743688538994893289e-01 1.122545404196229404e-03 -1.587402959269711101e-03 9.999981100200442397e-01 -9.947884409556181917e-02
9.995449606559854150e-01 -3.015918241213755638e-02 -5.434551094782361352e-04 1.148237009861475322e+01 3.016032157298066327e-02 9.995425941987989837e-01 2.226518571557980445e-03 5.751985108162981364e-01 4.760565502148394394e-04 -2.241896198870085063e-03 9.999973736323483076e-01 -9.346784456121436102e-02
9.995298416801009500e-01 -3.066070581192332362e-02 1.292674241778161027e-04 1.194247231752841110e+01 3.065964853467368495e-02 9.995168742274900264e-01 5.099420186477507388e-03 6.358622148910582084e-01 -2.855567939026198748e-04 -5.093059357857900038e-03 9.999869895172111001e-01 -9.648782274652806246e-02
9.994899797405244479e-01 -3.193347957789788999e-02 1.824289836536953304e-04 1.242173937274076323e+01 3.193193173415364433e-02 9.994739441212948661e-01 5.673337496396030702e-03 6.668866621359467173e-01 -3.635024228940831183e-04 -5.664618669481666022e-03 9.999838898508904839e-01 -9.723555926681778927e-02
9.994538508875133731e-01 -3.302316090158573941e-02 -1.212761389658404201e-03 1.291592166877442693e+01 3.302861420181430613e-02 9.994429194719354204e-01 4.791801469402534250e-03 6.742467656940210885e-01 1.053845352970502088e-03 -4.829240259340691552e-03 9.999877838496276095e-01 -1.003682094555691101e-01
9.994264059962705282e-01 -3.369795775715165448e-02 -3.362534813943931708e-03 1.341795582957404065e+01 3.370858060257158478e-02 9.994267271536243502e-01 3.154147231001553763e-03 7.262726125666170152e-01 3.254318843889977830e-03 -3.265684306867753465e-03 9.999893723009610769e-01 -1.064398743241478790e-01
9.993828418488188703e-01 -3.485361264008469961e-02 -4.377339844436245811e-03 1.392223393347442340e+01 3.486955703525944361e-02 9.993853138702680772e-01 3.620554182789916236e-03 7.446645380366788691e-01 4.248459761319349146e-03 -3.770955629632497929e-03 9.999838651114806298e-01 -1.097597901766856621e-01
9.993658464072725511e-01 -3.526592170558922462e-02 -4.921361694798553725e-03 1.446662655191182800e+01 3.528843900427023478e-02 9.993667377467013724e-01 4.566131640435611844e-03 8.326833361900518593e-01 4.757216341273392234e-03 -4.736903183635813794e-03 9.999774650665439468e-01 -1.178410441417147708e-01
9.993118117433239522e-01 -3.672355623543815256e-02 -5.223344493524894987e-03 1.500737695130082550e+01 3.675079775426676881e-02 9.993108349684929337e-01 5.218618495199125150e-03 8.477176972527231680e-01 5.028098517372699312e-03 -5.406989180317053022e-03 9.999727409751245633e-01 -1.207179127742017966e-01
9.992547993659957051e-01 -3.851580664213525435e-02 -2.525585621053133729e-03 1.557202971221888887e+01 3.852998391252591276e-02 9.992404481292654905e-01 5.828135390083102885e-03 8.641513760683550149e-01 2.299191972001336098e-03 -5.921103033244234232e-03 9.999798269240962600e-01 -1.192902263991747064e-01
9.992180093467956103e-01 -3.953946574656930918e-02 2.110694291155975559e-05 1.613829778356754474e+01 3.953906633127936970e-02 9.992100470988481975e-01 3.992995162559209200e-03 9.124819494668552355e-01 -1.789711648769990891e-04 -3.989038128847966456e-03 9.999920277402859492e-01 -1.193845379374019050e-01
9.991738414016756442e-01 -4.061986736721323599e-02 1.288810959389664976e-03 1.670989849992999865e+01 4.061766310132648716e-02 9.991733283663837284e-01 1.692727216602652471e-03 9.458950171885619485e-01 -1.356503890955715677e-03 -1.638980266108251921e-03 9.999977368178796233e-01 -1.376475599231156977e-01
9.991440740627662853e-01 -4.132784332551710932e-02 1.768793746844054323e-03 1.729313180512993497e+01 4.132647148677408983e-02 9.991453719764907815e-01 8.052405930597172565e-04 9.878579879498363692e-01 -1.800560943209511891e-03 -7.314533624054688800e-04 9.999981114763509815e-01 -1.456189811372224363e-01
9.990957707536233245e-01 -4.248802308601635352e-02 1.552016902469683431e-03 1.787789301576398060e+01 4.248366732139848695e-02 9.990934062993136466e-01 2.739251751736648463e-03 1.032008109961736420e+00 -1.666995245388742854e-03 -2.670839470427829876e-03 9.999950438594058522e-01 -1.488374219521934605e-01
9.990440629899521863e-01 -4.368781419672562727e-02 1.528101842441544501e-03 1.846337123065082508e+01 4.368113564212032507e-02 9.990368608818319673e-01 4.160407238464426671e-03 1.095137309088179745e+00 -1.708389166197290567e-03 -4.089680927353645315e-03 9.999901779099479304e-01 -1.419828886754484210e-01
9.989765243949974005e-01 -4.515527060885581728e-02 2.627783083178019449e-03 1.903692732684250544e+01 4.514184622128025043e-02 9.989682663651628935e-01 4.961503312033782413e-03 1.151280333278739132e+00 -2.849109935667668621e-03 -4.837802354586071864e-03 9.999842389962716460e-01 -1.517233795227103943e-01
9.988914317901407269e-01 -4.699245694656483535e-02 2.759798247676412304e-03 1.963336487863489310e+01 4.698615005025166130e-02 9.988928760951318875e-01 2.307333926999394734e-03 1.178087283005087027e+00 -2.865170099289664381e-03 -2.175103795384648181e-03 9.999935298409592388e-01 -1.665469845230024004e-01
9.988350830790658774e-01 -4.820377805600171983e-02 2.207394745664383214e-03 2.022024652043735671e+01 4.820303965472476360e-02 9.988374830576332020e-01 3.865321944302700934e-04 1.215132860347124755e+00 -2.223460923985873076e-03 -2.796787800776012029e-04 9.999974889974971859e-01 -1.680288415911576072e-01
9.988098811070251770e-01 -4.875172131941937770e-02 1.446053720935250395e-03 2.082340176528786913e+01 4.875392179622493882e-02 9.988096522871261485e-01 -1.527614990031896146e-03 1.279192761786987598e+00 -1.369858553918439602e-03 1.596297736594684763e-03 9.999977876580919967e-01 -1.745227719857988802e-01
9.987656613645782278e-01 -4.967038728449114926e-02 7.941023432718596485e-05 2.142910294468103771e+01 4.967044615820341569e-02 9.987636039690384049e-01 -2.027354242049413807e-03 1.323480359381804083e+00 2.138741853680427800e-05 2.028796142149324674e-03 9.999979417622777422e-01 -1.755158648814467981e-01
9.987363998835716572e-01 -5.023133158423144506e-02 -1.554630141673737616e-03 2.203826067040623826e+01 5.022913207335139019e-02 9.987367068084908039e-01 -1.422942194373402096e-03 1.377415512024415589e+00 1.624142469191210266e-03 1.343056441739577883e-03 9.999977791778510428e-01 -1.808156341173283166e-01
9.987016795602632335e-01 -5.088588869612314242e-02 -2.362535738378967586e-03 2.266100717997213820e+01 5.088394925204697133e-02 9.987041904153478589e-01 -8.739309696434750807e-04 1.428522330876456969e+00 2.403945095974466001e-03 7.525811785848452590e-04 9.999968273297397126e-01 -1.807098664166522928e-01
9.986615128538610664e-01 -5.161196012669970468e-02 -3.374657955624970306e-03 2.327167437376375148e+01 5.161210911434996329e-02 9.986672060027793618e-01 -4.298105013121273282e-05 1.473387276930442580e+00 3.372378568004616092e-03 -1.312496940812405918e-04 9.999943049019388575e-01 -1.849974197830728806e-01
9.986457409562493615e-01 -5.187783814475007554e-02 -3.920966637307110418e-03 2.389426447129623199e+01 5.187919814519715428e-02 9.986533374224271231e-01 2.458756986491775730e-04 1.515334661320777432e+00 3.902930918570488104e-03 -4.489593243582063863e-04 9.999922827531070313e-01 -1.857870959155242252e-01
9.986380783350928825e-01 -5.204743917016058791e-02 -3.612834762538956121e-03 2.453930376075605224e+01 5.204761749618475736e-02 9.986446032068854173e-01 -4.470719538301403214e-05 1.573286492796778901e+00 3.610264832919923318e-03 -1.433931341125023950e-04 9.999934726918197070e-01 -1.951461835581198567e-01
9.986687764155489644e-01 -5.152624012388545144e-02 -2.391984817253514639e-03 2.517818200626161840e+01 5.152608732541500564e-02 9.986716410183830162e-01 -1.255013296220051228e-04 1.633299622768460191e+00 2.395274014383594330e-03 2.084640717260933282e-06 9.999971313249105265e-01 -1.985718904889980929e-01
9.986755428122300327e-01 -5.145009223639236684e-02 2.195394369927148139e-04 2.584658302036501354e+01 5.144983508744217782e-02 9.986750289179342488e-01 1.049326087619550018e-03 1.680690823620906160e+00 -2.732364775814050302e-04 -1.036641032312022670e-03 9.999994253584336690e-01 -2.038629617875238331e-01
9.987062562531442422e-01 -5.076953952127694070e-02 2.875339567153048243e-03 2.650222773099670093e+01 5.076388238181345214e-02 9.987086654005208342e-01 2.007460942548867922e-03 1.730104712916420873e+00 -2.973544409344886386e-03 -1.858900402912656499e-03 9.999938512425652348e-01 -2.115257310718675343e-01
9.987089549372155650e-01 -5.059856618702891773e-02 4.495378519266441872e-03 2.717068189577153348e+01 5.059270546459250506e-02 9.987183764470507485e-01 1.408084067112341277e-03 1.780614984161679404e+00 -4.560864171143413220e-03 -1.178832805752407387e-03 9.999889043740577410e-01 -2.147876916630188926e-01
9.987479464025570408e-01 -4.986066838718452437e-02 4.056267330724048527e-03 2.786528560894457485e+01 4.985954529420875275e-02 9.987561680239082085e-01 3.775940326639920931e-04 1.846651809839399583e+00 -4.070049106562156731e-03 -1.748776199953672064e-04 9.999917020246158472e-01 -2.247540026104350164e-01
9.988125111996656313e-01 -4.867953109389727695e-02 1.967415435587193187e-03 2.853893825906452975e+01 4.867891585992964454e-02 9.988144141751208460e-01 3.594255306917143369e-04 1.915085662126562838e+00 -1.982579562032360694e-03 -2.632270664489877975e-04 9.999980000428959626e-01 -2.329027119566162429e-01
9.988548474727282356e-01 -4.784218975361943099e-02 -3.443251537366556563e-04 2.923743490527120770e+01 4.784267445874192809e-02 9.988536447017223319e-01 1.573202695227779533e-03 1.961319770263660223e+00 2.686649729063464160e-04 -1.587874574423607608e-03 9.999987032358933492e-01 -2.388365811163783714e-01
9.989002470904572162e-01 -4.676348077927024172e-02 -3.387215379976465067e-03 2.995732044057582399e+01 4.676942961088192963e-02 9.989042668966592320e-01 1.698831810567901900e-03 2.010746300282367116e+00 3.304060607235774841e-03 -1.855381646632112136e-03 9.999928203454507836e-01 -2.479889543260432871e-01
9.989514629357540976e-01 -4.547558712051952973e-02 -5.286366858312637786e-03 3.067998195128084049e+01 4.548874341840054153e-02 9.989619787961289132e-01 2.395650629224436914e-03 2.058109786158263788e+00 5.171935878522645157e-03 -2.633608886380030528e-03 9.999831574499152831e-01 -2.555298294445542684e-01
9.990607721201910651e-01 -4.298024716794316552e-02 -5.501996364054830002e-03 3.138977738169073461e+01 4.298521607017870977e-02 9.990753976754964683e-01 7.880094851327298835e-04 2.112876575734299767e+00 5.463040362985525922e-03 -1.023773867180973905e-03 9.999845534192322027e-01 -2.399047320791259930e-01
9.991854788641476581e-01 -4.015749128468750623e-02 -3.969221679886190089e-03 3.215099922431530644e+01 4.017128713288204561e-02 9.991868198063693640e-01 3.459308503378862379e-03 2.156768777962920769e+00 3.827076836356494913e-03 -3.615939567284195619e-03 9.999861391359053941e-01 -2.642800839014451397e-01
9.993058910952204998e-01 -3.724354527012176119e-02 8.089240382105960733e-04 3.287436080978878294e+01 3.723937745236147179e-02 9.992954673384266684e-01 4.668803255232749881e-03 2.207650100922013969e+00 -9.822369101984975651e-04 -4.635438769729416895e-03 9.999887738960194783e-01 -2.553552922811970771e-01
9.993830636796626754e-01 -3.478785765008365199e-02 4.826695595207639890e-03 3.360167571908167616e+01 3.476321459619018811e-02 9.993825696386570145e-01 5.098863929752048274e-03 2.265770460003185161e+00 -5.001093999367558184e-03 -4.927926800634637589e-03 9.999753519943664903e-01 -2.561740457842044405e-01
9.994682380567887492e-01 -3.214544725983543155e-02 5.469125718366382900e-03 3.434476551156840429e+01 3.213909779744449774e-02 9.994826304225655766e-01 1.244940301999325656e-03 2.301311012638114217e+00 -5.506315321924098831e-03 -1.068505523796056417e-03 9.999842692700326996e-01 -2.621619105736065491e-01
9.995749460471976544e-01 -2.881635804695456896e-02 4.420943751251072730e-03 3.507813839641745801e+01 2.881587794493714952e-02 9.995847215227204874e-01 1.722689981497442795e-04 2.326785731778370003e+00 -4.424071993592988174e-03 -4.480239899365192897e-05 9.999902127419750819e-01 -2.720595255620044117e-01
9.996750531027963627e-01 -2.528183633680329903e-02 3.258366977555525196e-03 3.581185548598299562e+01 2.527915939865694669e-02 9.996800609428285744e-01 8.601473360774932169e-04 2.379097848053659092e+00 -3.279070602873055979e-03 -7.774990556645507318e-04 9.999943215794776519e-01 -2.742999622991438291e-01
9.997653437177298485e-01 -2.160167356303873201e-02 1.620246970477573619e-03 3.653899605462239464e+01 2.159781378863947707e-02 9.997639473845025826e-01 2.363038236853016831e-03 2.427811157986354385e+00 -1.670910087551918033e-03 -2.327489942725512531e-03 9.999958954165990566e-01 -2.781248001830853300e-01
9.998225891480836403e-01 -1.883011568104914560e-02 -4.658032423438872392e-04 3.723931009400435954e+01 1.883189146734045097e-02 9.998140175740560798e-01 4.158139750831761280e-03 2.448857054684421275e+00 3.874183586007327092e-04 -4.166174007821134284e-03 9.999912464122633349e-01 -2.786687291481351747e-01
9.998779582810443101e-01 -1.556536389346577058e-02 -1.337157654955243745e-03 3.797224523274154961e+01 1.557334755368785899e-02 9.998596077094461521e-01 6.183503625327252569e-03 2.474946479350975892e+00 1.240721444264449415e-03 -6.203573000810340930e-03 9.999799879459195795e-01 -2.919794179024443603e-01
9.999262086541516048e-01 -1.191255364095320478e-02 -2.380821766862744725e-03 3.870834320647254856e+01 1.192392403542928518e-02 9.999172899124187941e-01 4.820100600722936578e-03 2.494930845508901651e+00 2.323205141924989618e-03 -4.848133656902452703e-03 9.999855490545417336e-01 -2.964343054682686551e-01
9.999563365329507958e-01 -7.692817494306324402e-03 -5.305241427061800456e-03 3.940835340433738310e+01 7.713279508589340749e-03 9.999628510015250438e-01 3.847328439870885929e-03 2.516422517527787672e+00 5.275447547127535934e-03 -3.888081262159798906e-03 9.999785260080720217e-01 -2.917560177393619947e-01
9.999641623675979973e-01 -2.465949144783370888e-03 -8.098955197030983238e-03 4.012847107900945787e+01 2.511898439819645803e-03 9.999807806333508298e-01 5.668221073866138229e-03 2.539452923163867393e+00 8.084821995332034522e-03 -5.688361691166510595e-03 9.999511379035348480e-01 -2.955702329690137464e-01
9.999690983731724936e-01 2.775253148049135546e-03 -7.355288485760514035e-03 4.082972404814133682e+01 -2.712394021325658169e-03 9.999598347498518391e-01 8.542353640656854749e-03 2.556511105635263181e+00 7.378700252591552898e-03 -8.522139227518521140e-03 9.999364619442423496e-01 -2.957640341854548272e-01
9.999560177749140522e-01 7.221017084997398590e-03 -5.984933415990682445e-03 4.153826455999980993e+01 -7.163454328675419001e-03 9.999284113270706653e-01 9.584213217658014289e-03 2.556954521629953181e+00 6.053712729940827555e-03 -9.540918885449389819e-03 9.999361596767089022e-01 -2.951278956749346927e-01
9.999063208408535131e-01 1.266708005133190991e-02 -5.186002842382673485e-03 4.224372486872099586e+01 -1.261393873376497575e-02 9.998688772309418660e-01 1.015464891350324576e-02 2.581707148447981215e+00 5.313952590010152972e-03 -1.008828171240465539e-02 9.999349921269693464e-01 -2.921986063595988781e-01
9.998226814662082296e-01 1.841124467095799425e-02 -3.953693891450222112e-03 4.295142408195194150e+01 -1.836620565186362561e-02 9.997692556728463575e-01 1.114082139324643408e-02 2.595306611765065163e+00 4.157897987519970986e-03 -1.106623156403685471e-02 9.999301227602339637e-01 -2.882886713482435415e-01
9.997010814968487757e-01 2.436163715128964249e-02 -2.063562293686403443e-03 4.365243294432485044e+01 -2.433536005820365403e-02 9.996327452437245853e-01 1.192329179935219460e-02 2.587418626341552841e+00 2.353275349083942033e-03 -1.186951017539550346e-02 9.999267857314991792e-01 -3.025140244067106576e-01
9.995347939306629126e-01 3.042279960793356844e-02 2.156150737470853389e-03 4.435286135692952314e+01 -3.044528156062220950e-02 9.994725559959426464e-01 1.130020538006684498e-02 2.576201193367657627e+00 -1.811229604886264262e-03 -1.136059307222872690e-02 9.999338259966834563e-01 -3.030211167065348099e-01
9.993073004733914466e-01 3.668484434147063072e-02 6.256310112591167462e-03 4.505274568055096296e+01 -3.675001858041673092e-02 9.992678282456209926e-01 1.064159610298294131e-02 2.568238904452059934e+00 -5.861344122457363796e-03 -1.086414418728261916e-02 9.999238046052089102e-01 -3.158271598194446472e-01
9.990391212520974840e-01 4.288174479256303545e-02 9.054842427257571782e-03 4.574387023505256877e+01 -4.296084964649835719e-02 9.990386122890092535e-01 8.730209235846067561e-03 2.544565779358483493e+00 -8.671770608585821147e-03 -9.110824287416746659e-03 9.999208935087394723e-01 -3.180643727307804203e-01
9.987526269849588134e-01 4.904669615698162982e-02 9.360111469873035397e-03 4.643819587028129092e+01 -4.912436109883367569e-02 9.987585466329655937e-01 8.256068933682827321e-03 2.536784637142041277e+00 -8.943558423531507498e-03 -8.705580031856008372e-03 9.999221097860742091e-01 -3.248804399616185834e-01
9.984793635521614918e-01 5.446140700967343207e-02 8.539069445627989197e-03 4.712398611042060281e+01 -5.452986888884003847e-02 9.984800861353544388e-01 8.000686851828826135e-03 2.511057934561142346e+00 -8.090362132592017474e-03 -8.454155053096986533e-03 9.999315343076753404e-01 -3.289756805304691056e-01
9.981848433347962901e-01 5.984858266796588833e-02 6.720542338516594452e-03 4.780116907834104722e+01 -5.989680899942045889e-02 9.981784648523485126e-01 7.219735223389406494e-03 2.487742701610295981e+00 -6.276209714077860685e-03 -7.609169313700312083e-03 9.999513536837580929e-01 -3.389251788025849921e-01
9.978703618163706768e-01 6.503559438398259784e-02 5.011234537275574552e-03 4.849924460924973602e+01 -6.507518028515602015e-02 9.978467634760345151e-01 8.188866298660448309e-03 2.443693761248813434e+00 -4.467876376975410055e-03 -8.497533967274593578e-03 9.999539139366149243e-01 -3.446501815077363529e-01
9.975052431458556468e-01 7.040776959444568217e-02 5.102536355862366015e-03 4.918033602987815556e+01 -7.044834658107369807e-02 9.974811934689272741e-01 8.264329361620689068e-03 2.428165007260519204e+00 -4.507811056418582936e-03 -8.603177118941200685e-03 9.999528313790304601e-01 -3.479738035353579506e-01
9.971145691437158787e-01 7.554078731318111806e-02 7.491692295235794462e-03 4.987701763893725371e+01 -7.560574327680086304e-02 9.970989306841289146e-01 8.803068336046476067e-03 2.397127510954471852e+00 -6.804967663717451966e-03 -9.344082655422053518e-03 9.999331880352928525e-01 -3.594671212079416645e-01
9.967166798680179296e-01 8.053048368267309853e-02 8.408404766058787116e-03 5.057694446036796876e+01 -8.058520510757710698e-02 9.967272720368952621e-01 6.385130825496902751e-03 2.345534915615389515e+00 -7.866688670901393621e-03 -7.041759419612585863e-03 9.999442628635014652e-01 -3.670372780591014128e-01
9.963028298818408235e-01 8.552222550098027842e-02 8.162114603160026960e-03 5.125871826125797526e+01 -8.555058086676463336e-02 9.963287222524956910e-01 3.189879005288601219e-03 2.312562368519775813e+00 -7.859343661833731454e-03 -3.876359125351147659e-03 9.999616015413473891e-01 -3.733350364688328149e-01
9.959572631520536845e-01 8.965371270579261531e-02 5.598372329350180705e-03 5.195751497138873276e+01 -8.965607918371126805e-02 9.959727695315216955e-01 1.726763288262563424e-04 2.248227530775794847e+00 -5.560345319755855865e-03 -6.739063567290601861e-04 9.999843140820496856e-01 -3.816914916973117577e-01
