1.000000000000000000e+00 0.000000000000000000e+00 0.000000000000000000e+00 0.000000000000000000e+00 0.000000000000000000e+00 1.000000000000000000e+00 0.000000000000000000e+00 0.000000000000000000e+00 0.000000000000000000e+00 0.000000000000000000e+00 1.000000000000000000e+00 0.000000000000000000e+00
9.999999210722472220e-01 3.972360751776794871e-04 7.681133442547891408e-06 2.754426811501898154e-03 -3.972358552484901522e-04 9.999999206924898854e-01 -2.861274579415461948e-05 -3.539028643479021855e-05 -7.692498848215648333e-06 2.860969231420256511e-05 9.999999995611554837e-01 -6.484240410728242705e-04
9.999999928729048637e-01 -1.193790609143711594e-04 -1.682297430842645493e-06 1.011724873002438005e-03 1.193790326695008225e-04 9.999999927335462280e-01 -1.677957364187436482e-05 -1.261327372063617024e-04 1.684300548362219231e-06 1.677937269124478824e-05 9.999999998578078531e-01 -5.801395531451953615e-04
9.999999009760657254e-01 4.449679548882299533e-04 7.167842084309737916e-06 1.294312583527585997e-03 -4.449679818035299117e-04 9.999999009946969331e-01 3.753850404045663384e-06 -2.064660176723787360e-03 -7.166171031518115383e-06 -3.757039492550769080e-06 9.999999999672652962e-01 -4.060287365746996805e-04
9.999999866508708646e-01 -1.621017632183310083e-04 -2.052502186152094940e-05 1.560491179579891760e-03 1.621014828577638895e-04 9.999999867682515253e-01 -1.366037965281822281e-05 1.026944633852385630e-04 2.052723596156697512e-05 1.365705233398460874e-05 9.999999996960587945e-01 -4.139155963022175073e-04
9.999999942648837292e-01 -1.065466072426328112e-04 -1.086521579985051848e-05 -2.098155724793288740e-03 1.065465192040047199e-04 9.999999942910898776e-01 -8.103053024173632681e-06 -1.917327544987248826e-03 1.086607909063001145e-05 8.101895326777808836e-06 9.999999999081438107e-01 -7.465007805995985081e-04
9.999999981963404450e-01 -5.715810484559130574e-05 -1.844641415394758264e-05 -1.703804372061793436e-03 5.715765046029656172e-05 9.999999980631263385e-01 -2.463230391875182609e-05 -1.173312021701169213e-03 1.844782205402918236e-05 2.463124952063107747e-05 9.999999995264896580e-01 -1.434147028369934856e-04
9.999999889892509097e-01 1.472137789055657391e-04 -1.869762947310212253e-05 -2.432556871983514689e-03 -1.472136160500087912e-04 9.999999891261345253e-01 8.711035081610461514e-06 -1.360966239064805841e-03 1.869891165417915927e-05 -8.708282440049142263e-06 9.999999997872582869e-01 -4.535954885547566510e-04
9.999999299982668122e-01 3.741662737568441201e-04 -1.749608508178015722e-06 -3.441513120999196984e-04 -3.741662884271952086e-04 9.999999299645778716e-01 -8.392137608370509711e-06 -3.036789707289342354e-04 1.746468330785666705e-06 8.392791665428037167e-06 9.999999999632555037e-01 -1.276382030497868504e-04
9.999998781891374922e-01 4.932829383878079401e-04 1.713629976670200729e-05 1.683564532776177800e-03 -4.932824197651308014e-04 9.999998778785184061e-01 -3.025562098384762676e-05 2.156845631513590452e-04 -1.715122225561335366e-05 3.024716426296960033e-05 9.999999993954723498e-01 -2.112219474453398639e-04
9.999999993080525007e-01 3.562743826971514593e-05 -1.070423933287676369e-05 9.919428687942028096e-04 -3.562751343693721555e-05 9.999999993406852861e-01 -7.022083219049830394e-06 -1.771722692895138281e-04 1.070398914698289083e-05 7.022464579621582044e-06 9.999999999180547716e-01 -5.428933678651196807e-04
9.999999542606943237e-01 -3.022922663871440178e-04 -9.899241780417997590e-06 -1.270252311520372575e-03 3.022921432937986054e-04 9.999999542324298218e-01 -1.243375991521243230e-05 -1.561271483102677038e-04 9.902999956818236515e-06 1.243076688348610109e-05 9.999999998737033602e-01 -6.164031110894087903e-04
9.999998632181628100e-01 5.230030102268659782e-04 5.613110618235785034e-06 6.793049296513718749e-04 -5.230030036722243831e-04 9.999998632332363080e-01 -1.169142151531011803e-06 -4.203689996483767283e-04 -5.613721315413445738e-06 1.166206317900318406e-06 9.999999999835630371e-01 -1.660367383396098772e-04
9.999999388754829965e-01 -3.145865362265867337e-04 1.525920755028653856e-04 -2.454977996166682677e-03 3.145997299454975343e-04 9.999999467769019601e-01 -8.644768990057513885e-05 3.194113067093057616e-04 -1.525648721021117973e-04 8.649569004224688488e-05 9.999999846212276333e-01 8.542496943015724653e-04
9.999997461380661923e-01 4.319494712038450882e-04 5.666952068569645895e-04 -1.054051320304331268e-02 -4.316995017327699292e-04 9.999998095117201835e-01 -4.411485730050187441e-04 -4.463599649716894820e-04 -5.668856528010012344e-04 4.409038189757544311e-04 9.999997421222063254e-01 4.561988611250391776e-03
9.999998233539373338e-01 -2.907070515301525613e-04 5.184414184468604057e-04 -1.378392262514719496e-02 2.908681909091332903e-04 9.999999094098699359e-01 -3.107667090570778896e-04 -1.750526937038690859e-03 -5.183510294074812359e-04 3.109174522788383686e-04 9.999998173212574226e-01 3.026326447490850120e-03
9.999999662189297256e-01 1.557917799384162731e-04 2.080650398774159116e-04 -6.995382903673486377e-03 -1.557774197287319236e-04 9.999999854839676239e-01 -6.903231096508717537e-05 -3.199159993715739066e-03 -2.080757915237355820e-04 6.899989679805397069e-05 9.999999759717392855e-01 -8.999652211647329782e-04
9.999999646082498028e-01 6.440322439585993914e-05 -2.581389623464423223e-04 6.254886776062322344e-03 -6.442029121859404941e-05 9.999999957399389183e-01 -6.610709593700949880e-05 -1.273283170174614905e-03 2.581347037366207679e-04 6.612372298449288816e-05 9.999999644970634094e-01 -1.261614510325546890e-03
9.999999162537823727e-01 -2.768191192287258848e-04 -3.014359026400921363e-04 1.825621881538169039e-02 2.768171170531127565e-04 9.999999616638043376e-01 -6.683828270236006799e-06 -3.470083639023035767e-04 3.014377412956412389e-04 6.600385092945537024e-06 9.999999545458604366e-01 -1.420967764743412669e-03
9.999999939129843307e-01 1.311301347810372219e-05 -1.095540055070757000e-04 3.929708410505958205e-02 -1.312025794374467832e-05 9.999999977275768615e-01 -6.612643273537972572e-05 2.512504704785370729e-03 1.095531381413189265e-04 6.612786970967812121e-05 9.999999918126073473e-01 -2.794795112565670418e-04
9.999999917581305908e-01 1.252134800001984921e-04 2.837821816436276036e-05 5.726478624672914908e-02 -1.252118345435646431e-04 9.999999904803060780e-01 -5.797744628982591346e-05 1.549643921329085794e-03 -2.838547745202228153e-05 5.797389252322593498e-05 9.999999979166461772e-01 5.829294651679725429e-04
9.999999884410946116e-01 3.358984487481933643e-05 -1.482886808704913086e-04 8.037865316765888113e-02 -3.360028487810586342e-05 9.999999969573383218e-01 -7.040130807874524623e-05 5.142635718613077032e-04 1.482863156502816791e-04 7.040628980690463300e-05 9.999999865270613464e-01 7.480363667212470025e-04
9.999999546845667053e-01 -1.804504993720026744e-04 -2.409740274497649279e-04 1.046634341953871505e-01 1.804168480956941519e-04 9.999999739722353898e-01 -1.396613386480039160e-04 -1.189197248351685264e-03 2.409992231360516698e-04 1.396178565446844384e-04 9.999999612131135196e-01 1.247391408889228720e-03
9.999998975908760412e-01 -3.786197417912947455e-04 -2.479220209217368660e-04 1.396071296257872241e-01 3.785525821726846703e-04 9.999998916607056865e-01 -2.708810060639123361e-04 -2.697845088423943445e-04 2.480245549586121141e-04 2.707871268020283851e-04 9.999999325790738247e-01 2.342439729906579601e-03
9.999997463217386029e-01 -6.910096813873771015e-04 -1.728064774233889478e-04 1.717631387418301903e-01 6.909776811943274619e-04 9.999997441308224877e-01 -1.851705530068705385e-04 -1.957315484322468685e-03 1.729343878523733138e-04 1.850511006140612049e-04 9.999999679248933182e-01 2.437334138140424648e-03
9.999995564429352557e-01 -8.918968672917428585e-04 -3.027109361873223602e-04 2.123166718560900446e-01 8.918326266817966884e-04 9.999995797844475343e-01 -2.122863497531464819e-04 -5.255834099304419749e-03 3.029001465137927331e-04 2.120162881026910477e-04 9.999999316502951041e-01 3.055738068607908534e-03
9.999994793348054856e-01 -8.197991465322414890e-04 -6.076672422360620412e-04 2.572553560178018062e-01 8.196419375415393794e-04 9.999996305755306514e-01 -2.589129130729065395e-04 -4.319923254214761907e-03 6.078792743340769109e-04 2.584147087101574506e-04 9.999997818522893267e-01 3.322164379291078860e-03
9.999989155247394068e-01 -1.022068433313572848e-03 -1.060342144231616593e-03 3.158907281696645142e-01 1.021819950451088475e-03 9.999994503628364395e-01 -2.348574330480878586e-04 -5.901270989381852614e-03 1.060581601796815399e-03 2.337736995937319845e-04 9.999994102580878064e-01 3.145987884630279882e-03
9.999978554419387544e-01 -1.455009663980178294e-03 -1.473790487529993152e-03 3.940588610215082221e-01 1.454746274853685201e-03 9.999989256971322238e-01 -1.797716809350329795e-04 -3.011164287504321767e-03 1.474050473765716298e-03 1.776273041825763969e-04 9.999988978112633875e-01 3.023239562064662222e-03
9.999971312956036362e-01 -1.699124173807227932e-03 -1.688306134953051867e-03 4.742414515424925314e-01 1.698706062338494523e-03 9.999985261836815686e-01 -2.490545693362174575e-04 -3.373657637548901217e-03 1.688726821339275874e-03 2.461859190057513833e-04 9.999985437960478007e-01 3.840497832076023976e-03
9.999963003190095456e-01 -1.922178865441674786e-03 -1.924727695668174317e-03 5.703235268458949347e-01 1.921876883974058545e-03 9.999981405948192847e-01 -1.587329419829073098e-04 -7.377729112002144943e-03 1.925029229925854374e-03 1.550332650554099979e-04 9.999981351118364392e-01 2.792223665934990672e-03
9.999943872620357110e-01 -2.263331200085323680e-03 -2.470379789519170938e-03 6.783387584343971710e-01 2.263063506711734257e-03 9.999974330911970410e-01 -1.111511648665093811e-04 -1.096219244701027856e-02 2.470625020178910791e-03 1.055599146547675174e-04 9.999969424298826848e-01 1.627301674894435311e-03
9.999922923688157050e-01 -2.504549180459941272e-03 -3.023646203459334075e-03 7.914553093208985812e-01 2.503422332490961785e-03 9.999967955925326279e-01 -3.764057539598850426e-04 -9.259587341671812050e-03 3.024579241187461826e-03 3.688333893318662226e-04 9.999953579303979545e-01 2.721041765926788571e-03
9.999895406137162546e-01 -3.048388938786163790e-03 -3.409690315345304066e-03 9.119571940686018729e-01 3.046646092592710919e-03 9.999952257196343952e-01 -5.162223590882088122e-04 -1.013811623215869415e-03 3.411247683057177290e-03 5.058288400429488806e-04 9.999940537455357381e-01 2.798193054679830143e-03
9.999880639497537027e-01 -3.511352222026072577e-03 -3.397405421233032439e-03 1.044766685476034462e+00 3.510457482989213542e-03 9.999938020671949035e-01 -2.692869396506575590e-04 -2.552002566708353251e-04 3.398329925636424994e-03 2.573572781444996159e-04 9.999941925436106605e-01 7.114009330796455029e-04
9.999866200142387695e-01 -3.837964746808731308e-03 -3.468402961120281656e-03 1.183795777743067879e+00 3.837308288362626524e-03 9.999926183162907156e-01 -1.959031122200261975e-04 -6.243390478011545848e-03 3.469129227705136913e-03 1.825911596090858092e-04 9.999939658832296407e-01 1.208625650911142975e-03
9.999831653284999566e-01 -4.041544793258564951e-03 -4.163529185428582226e-03 1.334539469690370961e+00 4.040815105584251964e-03 9.999918190087441205e-01 -1.836542011692041793e-04 -7.299407743927898394e-03 4.164237370313217911e-03 1.668270577860372201e-04 9.999913156102189227e-01 -1.424911387614592392e-03
9.999774404570140884e-01 -4.603893466082454276e-03 -4.891088017184326044e-03 1.502477922882175188e+00 4.601670940542395248e-03 9.999893038821686675e-01 -4.655596747496642835e-04 -4.947181826844023952e-03 4.893179088675221784e-03 4.430419943398570095e-04 9.999879301832584888e-01 6.106060750697356668e-04
9.999730431811206799e-01 -5.286332379529807245e-03 -5.095841545975815165e-03 1.672799627686053059e+00 5.282726673474453898e-03 9.999857865374075505e-01 -7.207787841937020974e-04 -1.779860002065054587e-03 5.099579392647985224e-03 6.938394162318387319e-04 9.999867563507441881e-01 6.000631473825354147e-03
9.999654332133781631e-01 -5.978327939168234795e-03 -5.778578841960541577e-03 1.865105524419750971e+00 5.972537288689348453e-03 9.999816452266845346e-01 -1.018826809812743359e-03 3.114512418059854799e-03 5.784563658238089413e-03 9.842788146345632545e-04 9.999827848610689518e-01 1.018864761009972281e-02
9.999557988314896617e-01 -6.957778345521249165e-03 -6.323741279643315359e-03 2.062862238746356436e+00 6.952608582855649040e-03 9.999754782443045498e-01 -8.391328667203426604e-04 1.179524513779727814e-02 6.329424710893657470e-03 7.951292781704915203e-04 9.999796528691271558e-01 1.094022451016014863e-02
9.999502654687686398e-01 -7.558836271401358185e-03 -6.506195751844395976e-03 2.272599031906093359e+00 7.554868770145895147e-03 9.999712604833116414e-01 -6.341650279926303599e-04 1.615642564815000792e-02 6.510802316538653357e-03 5.849800329941746936e-04 9.999786333975121400e-01 1.232850775309608793e-02
9.999398525797318360e-01 -8.176155463526860179e-03 -7.310383345653833839e-03 2.490273181578430695e+00 8.172256451245099584e-03 9.999664480278758205e-01 -5.630657231298312601e-04 1.487975048106019577e-02 7.314741780764097076e-03 5.032895287215493696e-04 9.999731202649054795e-01 1.427286284792468607e-02
9.999329191986408016e-01 -8.838636656873790146e-03 -7.485693350137322642e-03 2.726361357391167584e+00 8.835264291575694803e-03 9.999608514200986065e-01 -4.834584672838137804e-04 2.009603834485552618e-02 7.489673409604098546e-03 4.172879573482505514e-04 9.999718649356981182e-01 1.558651753299725336e-02
9.999204853631219470e-01 -9.673044993479188239e-03 -8.090435818463618048e-03 2.965887975528174625e+00 9.669551605220498905e-03 9.999531379624998495e-01 -4.707979435958286013e-04 1.731192877996470467e-02 8.094610733848142323e-03 3.925296216129423488e-04 9.999671610595838311e-01 1.443008716378258241e-02
9.999119033235954745e-01 -1.011244667472391799e-02 -8.597907538210203954e-03 3.226823282968382056e+00 1.011056790851424213e-02 9.999488525905521064e-01 -2.619530599015913817e-04 1.881456628639781303e-02 8.600116763862488550e-03 1.750002546714392359e-04 9.999630029988904045e-01 1.597616284082711835e-02
9.999105395308632849e-01 -1.063469555910600758e-02 -8.112717514062707524e-03 3.485425668432803104e+00 1.062509659160574757e-02 9.999428012411782918e-01 -1.225384986264961779e-03 1.953995067867886695e-02 8.125285072961858229e-03 1.139076955541889471e-03 9.999663405566071583e-01 2.743409115191373926e-02
9.999028150968743978e-01 -1.124123556471020094e-02 -8.245907125628669163e-03 3.756076155607616762e+00 1.123240209902872169e-02 9.999362909361801943e-01 -1.116786407733428872e-03 2.492895920832496545e-02 8.257935845690149088e-03 1.024056528448274040e-03 9.999653783025664877e-01 1.745192952333163641e-02
9.998882695213721084e-01 -1.197226700369992576e-02 -8.950603127611030801e-03 4.033995342395863659e+00 1.196767357314702622e-02 9.999282243101476064e-01 -5.665837992928081076e-04 1.573313475859194552e-02 8.956743984422057409e-03 4.594025980996926874e-04 9.999597820344827692e-01 6.964265219392262035e-03
9.998580330886043255e-01 -1.258674755280986962e-02 -1.120211829205808307e-02 4.325925434406709513e+00 1.258177104349316247e-02 9.999207139625057028e-01 -5.146125940595388778e-04 -2.378048177013985728e-03 1.120770741929608821e-02 3.735970485461934673e-04 9.999371218829955499e-01 -1.711733320225394383e-03
9.998371441266874493e-01 -1.259660193255941404e-02 -1.292326755671159393e-02 4.611770432897286831e+00 1.258267595465947450e-02 9.999201640754902254e-01 -1.158335471620210687e-03 -1.293770612213443298e-02 1.293682690653887891e-02 9.955375419439249640e-04 9.999158201641740185e-01 -5.965385044228322525e-03
9.998188456229872845e-01 -1.297573125916182644e-02 -1.392502550830928935e-02 4.913993609510142413e+00 1.296052869017318317e-02 9.999153108667715451e-01 -1.181435685421589488e-03 -2.728756346352195772e-02 1.393917620192282152e-02 1.000745970564180607e-03 9.999023441688263958e-01 -8.237241136141517511e-03
9.997987169030700949e-01 -1.306683397838213911e-02 -1.522443853664563924e-02 5.236947508540803042e+00 1.304480096243596995e-02 9.999137183819764019e-01 -1.545625886168624065e-03 -2.999993130440662195e-02 1.524332138430245336e-02 1.346715007328178710e-03 9.998829069005349401e-01 -1.024865484378659902e-02
9.997722546212245431e-01 -1.324252095599744335e-02 -1.673542734211611038e-02 5.538509363498783422e+00 1.319638278755342654e-02 9.999088213288270799e-01 -2.864351605533946559e-03 -3.187082043938019998e-02 1.677183266425117530e-02 2.642852157372746567e-03 9.998558500911801650e-01 -2.145383415279970840e-03
9.997330573509132234e-01 -1.396137472141993630e-02 -1.840907536200164438e-02 5.879206566491402164e+00 1.389427282109191586e-02 9.998963705822411230e-01 -3.767927710899522317e-03 -3.084529410682789949e-02 1.845977309093549054e-02 3.511141174831114604e-03 9.998234387456025329e-01 9.079798008413408894e-04
9.996758483228066483e-01 -1.456663182300154888e-02 -2.088088880795060942e-02 6.226485976978317183e+00 1.450350583301095522e-02 9.998897891554395789e-01 -3.171413130207319415e-03 -1.865351945930262059e-02 2.092478431498627500e-02 2.867539018697524977e-03 9.997769404328885612e-01 -4.179760722044165155e-04
9.996877593292605724e-01 -1.511093525308507095e-02 -1.990084126411523907e-02 6.606328813117563037e+00 1.508899234808411781e-02 9.998853704372928641e-01 -1.252316013257289643e-03 -6.098828552221069801e-03 1.991748370557636094e-02 9.516413477106609687e-04 9.998011743449711775e-01 -6.831403521699655479e-03
9.997129822117878373e-01 -1.731646820321316310e-02 -1.655575809743374191e-02 6.988268264728834112e+00 1.732006536690937348e-02 9.998499936858181725e-01 7.390639592107320919e-05 6.670464375020829575e-03 1.655199483142807612e-02 -3.606319959170726976e-04 9.998629413132901211e-01 2.904869826096212124e-02
9.997205595733187344e-01 -1.870219292552120424e-02 -1.445789563480941349e-02 7.375714026569666792e+00 1.872121276710253177e-02 9.998240448803059621e-01 1.181300856213872083e-03 -2.636006139197250714e-04 1.443325877753647186e-02 -1.451640093342402953e-03 9.998947813555684183e-01 4.817122636257675089e-02
9.997274031542627837e-01 -1.982552065024557192e-02 -1.233159005889873649e-02 7.760642206519682063e+00 1.982601889001998213e-02 9.998034418198075146e-01 -8.185498977293144017e-05 -4.539331866222043495e-03 1.233078900178794998e-02 -1.626536610907974639e-04 9.999239597021265524e-01 7.017428559238307606e-02
9.997084130357372089e-01 -2.128337002997773147e-02 -1.140644842774577936e-02 8.147634156647226789e+00 2.126752718412476539e-02 9.997726825908944681e-01 -1.508453671509002577e-03 -1.119675875620806949e-02 1.143596052110589303e-02 1.265426874070795611e-03 9.999338065601073300e-01 8.874312818686200255e-02
9.996547434823342959e-01 -2.223365981396948146e-02 -1.400207857945075934e-02 8.521839094226002942e+00 2.219353807137195919e-02 9.997491488819274519e-01 -3.014328737269537234e-03 -6.105040442505146187e-03 1.406558570209568565e-02 2.702532356595225248e-03 9.998974225477924582e-01 1.006393275032664708e-01
9.995828419780022900e-01 -2.409399085462857540e-02 -1.592550243719466699e-02 8.894885625931820528e+00 2.403216993333780541e-02 9.997029335551603779e-01 -4.061951440113406066e-03 4.440091330011834009e-03 1.601864012565340153e-02 3.677532583640750162e-03 9.998649303394039345e-01 1.134801451017135865e-01
9.995450904381891766e-01 -2.544473923921161673e-02 -1.619189383490127199e-02 9.291323277721190266e+00 2.536917879944973475e-02 9.996663611763074719e-01 -4.855007678883109176e-03 2.227744592351624947e-02 1.631002599488239058e-02 4.442024039668002536e-03 9.998571155292526047e-01 1.410287324378742546e-01
9.995137179301356589e-01 -2.689525146557806765e-02 -1.577888202885667501e-02 9.676520367907116338e+00 2.681257291159893155e-02 9.996257401552356425e-01 -5.428218212033750212e-03 4.436932921528250612e-02 1.591896992074067624e-02 5.002506141983689009e-03 9.998607709721198944e-01 1.633236577892044905e-01
9.994782212551144296e-01 -2.772096936072009424e-02 -1.657809079522251997e-02 1.009273425375645594e+01 2.766521200972507297e-02 9.996108223131099368e-01 -3.583288847556151575e-03 5.199596155341036641e-02 1.667097121254749667e-02 3.122782767032408237e-03 9.998561531273487679e-01 1.407598036527484275e-01
9.993990000941095353e-01 -2.871856534695238494e-02 -1.941346479397520336e-02 1.051222852143162179e+01 2.868896963747152862e-02 9.995867637180009257e-01 -1.801338644897644168e-03 6.207990929667586699e-02 1.945717430754850819e-02 1.243303738509106806e-03 9.998099182163474596e-01 1.160978353554601716e-01
9.993097357719161744e-01 -2.984960299674688233e-02 -2.211454707652123208e-02 1.094873459245719438e+01 2.981478731119585612e-02 9.995536299495899613e-01 -1.902448997029713941e-03 6.509283629930852355e-02 2.216146315231078828e-02 1.241795286971401685e-03 9.997536333994561097e-01 1.159687592918772492e-01
9.992478820174822696e-01 -3.055849140547005002e-02 -2.387150784088953523e-02 1.140387248217658112e+01 3.050157614782519552e-02 9.995309499512862184e-01 -2.744802721099088606e-03 8.001263736871250254e-02 2.394418793933631232e-02 2.014619691441787985e-03 9.997112669023114906e-01 1.292319882612988635e-01
9.992048112826663608e-01 -3.137015959478713090e-02 -2.461012386333708696e-02 1.187190575378257762e+01 3.131317451285173248e-02 9.995059820808203099e-01 -2.697570496321719663e-03 1.060287868072506412e-01 2.468258923814316969e-02 1.924804315383260968e-03 9.996934854828496420e-01 1.434067379750624815e-01
9.991813997641960654e-01 -3.237813453144355869e-02 -2.425256212290747768e-02 1.235097513497156285e+01 3.233465653658718075e-02 9.994747146420774886e-01 -2.182837098504246832e-03 1.263605656851428949e-01 2.431049880036780311e-02 1.396851961164232792e-03 9.997034802643611773e-01 1.499518057378748659e-01
9.991406943297322929e-01 -3.321675338404956462e-02 -2.478951852948671139e-02 1.284503740654667148e+01 3.318710920769166878e-02 9.994478652017618758e-01 -1.606401592861483136e-03 1.327715438162692385e-01 2.482919081922083451e-02 7.823287442198388533e-04 9.996914020061384853e-01 1.553363676174086272e-01
9.990503359321820653e-01 -3.409474360047937136e-02 -2.712885424436128207e-02 1.334213386646169930e+01 3.404613986012015869e-02 9.994177257810384907e-01 -2.251611707645403363e-03 1.410549486557828303e-01 2.718982593580483720e-02 1.325840667063635670e-03 9.996294090872407390e-01 1.635437578072899412e-01
9.989622737303421873e-01 -3.516437914418746313e-02 -2.894550229152417081e-02 1.385369287609423239e+01 3.510588631860404873e-02 9.993804044191074709e-01 -2.526659630111179923e-03 1.515786461298136989e-01 2.901641620341916666e-02 1.507880136157389687e-03 9.995777978167607047e-01 1.720871823553151436e-01
9.988978122800377113e-01 -3.621983146693548428e-02 -2.985438712587055315e-02 1.438056138281635832e+01 3.614844813748564756e-02 9.993421433788407526e-01 -2.927484284516781825e-03 1.769926778943162471e-01 2.994078020703644372e-02 1.845067882592053843e-03 9.995499714396987034e-01 1.835272455072533559e-01
9.988106086794216187e-01 -3.733727208125438984e-02 -3.135755256670665070e-02 1.492691450292144850e+01 3.728520588128290264e-02 9.993021461163850150e-01 -2.243699974910661355e-03 1.955228533048375128e-01 3.141944321329925849e-02 1.071858534251712066e-03 9.995057126937538783e-01 1.839645987651184755e-01
9.987443152726022122e-01 -3.878665292792339570e-02 -3.170785810031433866e-02 1.547872581944887393e+01 3.878879734264786827e-02 9.992472813156236811e-01 -5.477079932237520835e-04 1.987643634708193829e-01 3.170523476291969150e-02 -6.828894373609409752e-04 9.994970293856028087e-01 1.888373042747442665e-01
9.987128421288995472e-01 -3.930254498685938763e-02 -3.206195446899215429e-02 1.603949688967781739e+01 3.929543124281371230e-02 9.992272728702826790e-01 -8.521946132850576321e-04 2.099633737035462855e-01 3.207067274406839863e-02 -4.087906230656466241e-04 9.994855200751882052e-01 2.132262693582481772e-01
9.986280136577081468e-01 -4.076719961597913278e-02 -3.286526697793826918e-02 1.662867715700150129e+01 4.072869542907851803e-02 9.991685473700933073e-01 -1.840465968970895821e-03 2.150353987140155576e-01 3.291297170882032802e-02 4.993814258582153585e-04 9.994580966261096266e-01 2.393100429615134805e-01
9.985666088127158613e-01 -4.116147425774518281e-02 -3.421199791303287246e-02 1.720839173644823106e+01 4.109649531756056490e-02 9.991517976526670397e-01 -2.600638394230701204e-03 2.371152180597303205e-01 3.429002532641391848e-02 1.190917450037751527e-03 9.994112146052499535e-01 2.667410488129690616e-01
9.984927195468866756e-01 -4.203181961335978462e-02 -3.529327346467509008e-02 1.779147674166510740e+01 4.194052094804919667e-02 9.991145813686265198e-01 -3.323552196147888313e-03 2.740547571757954159e-01 3.540171908917137678e-02 1.838324395817298113e-03 9.993714719006877578e-01 2.925713146686640398e-01
9.984005003804230505e-01 -4.357489090939486998e-02 -3.602318312358464975e-02 1.837645766996597274e+01 4.350785569077519899e-02 9.990495886850043750e-01 -2.643074254405653693e-03 2.955318804942635436e-01 3.610411795504298721e-02 1.071555205277928413e-03 9.993474593133913064e-01 3.072534538722356823e-01
9.983127369547023511e-01 -4.517138449558078667e-02 -3.648595972101765367e-02 1.895840067975812460e+01 4.515261004028570807e-02 9.989792036759895799e-01 -1.338816430888781954e-03 3.174791826205771161e-01 3.650919117922512419e-02 -3.108788158281753072e-04 9.993332688917149209e-01 3.194289674633167819e-01
9.982313277784568006e-01 -4.678193890409382272e-02 -3.668332637633708870e-02 1.956007435742528600e+01 4.675782840789781403e-02 9.989051051851431939e-01 -1.515360562872952559e-03 3.306810883035044002e-01 3.671405349776593607e-02 -2.025522933959041918e-04 9.993257913455109165e-01 3.479203533708062901e-01
9.981044206569932298e-01 -4.815771331961239687e-02 -3.831970919506093309e-02 2.016267774089153875e+01 4.810123537840939323e-02 9.988395943279894107e-01 -2.394985964144961434e-03 3.438330817069131240e-01 3.839057983462697277e-02 5.472207266007127115e-04 9.992626601296765720e-01 3.655054458801307860e-01
9.980067870503512850e-01 -4.882261508164579406e-02 -3.998506293635580716e-02 2.077075505441502301e+01 4.873134914916658206e-02 9.988066196339357994e-01 -3.254563800636631893e-03 3.638428084922355477e-01 4.009624186300885657e-02 1.299550699220790436e-03 9.991949772474055802e-01 3.943577490252531681e-01
9.979078247260390055e-01 -4.959102305776084962e-02 -4.148136669192111631e-02 2.137974114433366069e+01 4.947337678411353745e-02 9.987679894904122335e-01 -3.858517702050397527e-03 3.960913404889049860e-01 4.162160905253576432e-02 1.798221722850636356e-03 9.991318271672229301e-01 4.187918407067287019e-01
9.977773110239620546e-01 -5.052088082855556855e-02 -4.345202188734731408e-02 2.199374734183457392e+01 5.040193710883868888e-02 9.987216736672731576e-01 -3.829266629187678527e-03 4.159507159641929741e-01 4.358993394659245457e-02 1.630689286046712195e-03 9.990481762712867253e-01 4.365233378708262557e-01
9.976885883175795611e-01 -5.117800474667637267e-02 -4.470226583769897066e-02 2.261363499906903129e+01 5.106689931194671739e-02 9.986886570370020477e-01 -3.624651747804644598e-03 4.435350371042927065e-01 4.482914828031683840e-02 1.333467576860414543e-03 9.989937784234108609e-01 4.606637245992276086e-01
9.975981360604720960e-01 -5.164853663834689107e-02 -4.615612193186449663e-02 2.323177333094180952e+01 5.153679768121361554e-02 9.986645772158219136e-01 -3.608420583776053309e-03 4.737978847548087735e-01 4.628085363773509764e-02 1.221014930745304480e-03 9.989277209633845578e-01 4.805462053619875551e-01
9.975257457724369115e-01 -5.182782974997408865e-02 -4.750013246877564377e-02 2.386509405790287985e+01 5.174301333708149209e-02 9.986558839898582729e-01 -3.014289838980954879e-03 5.012619438787445647e-01 4.759251088083228665e-02 5.490317317587605286e-04 9.988666835330004545e-01 4.987515148029844636e-01
9.974759469245538801e-01 -5.182163030151388378e-02 -4.854126017995100822e-02 2.448903388223992295e+01 5.176224929143726644e-02 9.986563558869816504e-01 -2.480402149937682536e-03 5.276388550197230742e-01 4.860457648468487907e-02 -3.846332709235155030e-05 9.988180983869470175e-01 5.206882908543312150e-01
9.974136067269954165e-01 -5.181523769122938633e-02 -4.981243076630555155e-02 2.515194450472873200e+01 5.173882126759071082e-02 9.986566598227335501e-01 -2.823148161407289594e-03 5.544995632202055491e-01 4.989179781975074113e-02 2.386099376718118104e-04 9.987546002775710141e-01 5.533999988842506212e-01
9.973987271387250164e-01 -5.146772646426651943e-02 -5.046634754616884794e-02 2.581191376018460915e+01 5.140296015201732682e-02 9.986746581092924568e-01 -2.581266723534646722e-03 5.901915755896646187e-01 5.053231431135309787e-02 -1.956750747457024382e-05 9.987224263164672378e-01 5.895089010641008098e-01
9.974244264536413773e-01 -5.090504037407317384e-02 -5.052910426811983713e-02 2.647413007174864674e+01 5.084865859065550164e-02 9.987034828165559652e-01 -2.401526517050316806e-03 6.315505076235332638e-01 5.058584222048204126e-02 -1.739959629391359033e-04 9.987197015640821851e-01 6.310208023343455430e-01
9.974315596341463142e-01 -5.049960646334426817e-02 -5.079442482046386820e-02 2.715472327208500403e+01 5.043496867674431006e-02 9.987240807893719152e-01 -2.554287767657878808e-03 6.595568768450722485e-01 5.085860576510349562e-02 -1.408799292391873376e-05 9.987058636160890401e-01 6.656346999814806153e-01
9.974175006080064909e-01 -4.992353087823968999e-02 -5.163303734554909596e-02 2.783518510623390085e+01 4.984891208061979079e-02 9.987530315381933921e-01 -2.732756419269898561e-03 6.892479519477843208e-01 5.170508142587204592e-02 1.518483383850326683e-04 9.986623861429978488e-01 7.034928709190246821e-01
9.973642903760464584e-01 -4.945222250488690019e-02 -5.309378468344900376e-02 2.850735964473572892e+01 4.932128862244229695e-02 9.987758332223355406e-01 -3.774315785834063929e-03 7.154714673684445803e-01 5.321543734018382293e-02 1.145713906963307651e-03 9.985823974857239715e-01 7.390161665603967034e-01
9.973111552107667421e-01 -4.851906286783247424e-02 -5.492140047916898443e-02 2.923780573572682684e+01 4.840734199569526885e-02 9.988220143632632331e-01 -3.363460156606649064e-03 7.443808819878076077e-01 5.501989579304689820e-02 6.958173184130886976e-04 9.984850158641248585e-01 7.674223590115641924e-01
9.972332402480779123e-01 -4.728077208695609379e-02 -5.736194849532701839e-02 2.995825806370240940e+01 4.717347837842546243e-02 9.988815092431682086e-01 -3.223884267567387295e-03 7.757773859764500735e-01 5.745021742343071197e-02 5.090019172423632544e-04 9.983482425662143500e-01 7.933691434292277078e-01
9.972411982577554790e-01 -4.575063847585452564e-02 -5.845401249262333065e-02 3.067650123092841241e+01 4.571557571889737354e-02 9.989526172821281413e-01 -1.937669186375137048e-03 7.993693117793410075e-01 5.848143837257993582e-02 -7.399352929320220052e-04 9.982882218385812356e-01 8.139935675443190632e-01
9.972031585508277507e-01 -4.350938715856051547e-02 -6.076836187803016931e-02 3.140282268042659908e+01 4.346492490210777243e-02 9.990528421975019002e-01 -2.053971846822148783e-03 8.209870224814770356e-01 6.080017170622853406e-02 -5.930650722271663469e-04 9.981497820439141355e-01 8.440280862153896058e-01
9.972046847597049180e-01 -4.099841891447474074e-02 -6.246556123025603924e-02 3.214475824772743096e+01 4.096354524539859432e-02 9.991589486370423545e-01 -1.839380180488078744e-03 8.552608917087952678e-01 6.248843616402804946e-02 -7.245723106979458199e-04 9.980454249886328011e-01 8.785527685780480933e-01
9.974223609881496255e-01 -3.829901865103480657e-02 -6.067799412631515177e-02 3.289306082306271861e+01 3.827432645504911385e-02 9.992660368111251357e-01 -1.569589181711824981e-03 8.918519601711742961e-01 6.069357243759651577e-02 -7.568660084236719437e-04 9.981561588341814062e-01 9.335652065037324254e-01
9.976402311097796183e-01 -3.550402709807886498e-02 -5.876591980939713245e-02 3.362905059943921060e+01 3.553381193303040836e-02 9.993683296606783450e-01 -5.384057334125397307e-04 9.047709168697987137e-01 5.874791469263941635e-02 -1.551041922266146447e-03 9.982716447882418187e-01 9.693920492502886566e-01
9.977354330586124531e-01 -3.267372996584880923e-02 -5.879143636161600350e-02 3.436859205943144246e+01 3.262706231650409211e-02 9.994660569628760483e-01 -1.753791229303062853e-03 9.125010688739476628e-01 5.881734798457093072e-02 -1.683722061841421000e-04 9.982687469949472758e-01 1.014982797798395175e+00
9.976854709387146247e-01 -2.955754681593112526e-02 -6.123767226160054672e-02 3.510266462602130844e+01 2.940826818874658910e-02 9.995619106307053192e-01 -3.337750504849595727e-03 9.221625470324763540e-01 6.130950040518937799e-02 1.529131295183084986e-03 9.981176318037610073e-01 1.061964110349940871e+00
9.977083079808787280e-01 -2.612620697387974672e-02 -6.241436929978545073e-02 3.583624536236059299e+01 2.595578634506108540e-02 9.996568244286175853e-01 -3.539848655173387284e-03 9.490492657782132468e-01 6.248543303155979639e-02 1.911722377854458473e-03 9.980440451084353626e-01 1.105989419015445785e+00
9.976992264458094395e-01 -2.258831073785499272e-02 -6.392199752388535994e-02 3.655632184246722005e+01 2.244842973342073972e-02 9.997437794477711526e-01 -2.905762892929580638e-03 9.664755932792143955e-01 6.397125566953623665e-02 1.464128920675945075e-03 9.979506675054465870e-01 1.139098246149796267e+00
9.976013312243766640e-01 -2.014940014571698149e-02 -6.622375414546730066e-02 3.729111067846258720e+01 1.999272934307048596e-02 9.997955409395685722e-01 -3.027720391669739847e-03 9.820156199058445168e-01 6.627122084861758466e-02 1.696464300592553844e-03 9.978002040970479491e-01 1.187115371631099148e+00
9.976294598819901438e-01 -1.669371075423876222e-02 -6.675912519515458943e-02 3.800934946937052672e+01 1.662386824225114274e-02 9.998605312058767014e-01 -1.601605871129723998e-03 9.978480210988641685e-01 6.677655112562180806e-02 4.880142989467726577e-04 9.977678357522912211e-01 1.217881625582472038e+00
9.976560648342335247e-01 -1.296667385574685159e-02 -6.718810660072531415e-02 3.872545196583428861e+01 1.288916102903934179e-02 9.999156718481921891e-01 -1.587047682308121961e-03 9.964017053874906216e-01 6.720301948156222338e-02 7.173294202228021419e-04 9.977390638894838570e-01 1.256300748654304966e+00
9.975351563737895333e-01 -8.702765733907252138e-03 -6.962667353033676065e-02 3.944807349006273967e+01 8.572829346483543805e-03 9.999609093844187280e-01 -2.164786382642669860e-03 9.939395445450525113e-01 6.964279140955965952e-02 1.562552932586406141e-03 9.975707694359420286e-01 1.294751626745041184e+00
9.972844980881685473e-01 -3.971815013711440037e-03 -7.353811636509785532e-02 4.016454532167978897e+01 3.787672823021988409e-03 9.999893331227338589e-01 -2.643326566231478901e-03 1.003537456016503793e+00 7.354783074717810565e-02 2.357610283074972751e-03 9.972889041126135057e-01 1.344190575418817923e+00
9.972236681796970981e-01 7.689120872089534511e-04 -7.446048882750914977e-02 4.086996688899738928e+01 -8.471507180684736786e-04 9.999991218213898359e-01 -1.019162455168655043e-03 1.015242078783561874e+00 7.445963979156995649e-02 1.079412178592266056e-03 9.972234438236289300e-01 1.387866158131295435e+00
9.971686032262881971e-01 5.765886162074651891e-03 -7.497687174388803499e-02 4.159432605995006327e+01 -5.779847968819357487e-03 9.999832960658687764e-01 3.076846380007142883e-05 1.008494032364550597e+00 7.497579674262072613e-02 4.026735737864049845e-04 9.971852725330444533e-01 1.428392031432970555e+00
9.970718532445160820e-01 1.124576827253892866e-02 -7.563895929682375174e-02 4.230169621656732204e+01 -1.127442482906192145e-02 9.999364404933831496e-01 4.814765447727203116e-05 9.863697920931395746e-01 7.563469317925496094e-02 8.047790896614833572e-04 9.971352694184960619e-01 1.486722938941734018e+00
9.969561677227442020e-01 1.708812596200260867e-02 -7.606836129880908959e-02 4.301355322125384362e+01 -1.710443917135466910e-02 9.998536128439946546e-01 4.370851685685881588e-04 9.759978935047988191e-01 7.606469483415320698e-02 8.653519040755204908e-04 9.971025089557589149e-01 1.539420353439086453e+00
9.967976128635435140e-01 2.301120484493237098e-02 -7.658331046073785231e-02 4.372940686182130321e+01 -2.297656346934582108e-02 9.997351145366166758e-01 1.333526751559769088e-03 9.645473865014592141e-01 7.659371071230536288e-02 4.303650108493048431e-04 9.970622940745864637e-01 1.590267412706298567e+00
9.966500190139584436e-01 2.903144442927728039e-02 -7.645858247329698210e-02 4.443136229821632810e+01 -2.897867222306208315e-02 9.995784097529790690e-01 1.799808849227993446e-03 9.356683617713595913e-01 7.647859933121486931e-02 4.218886763290621280e-04 9.970711337985270761e-01 1.649349702682294527e+00
9.965061442678443404e-01 3.558561199323970886e-02 -7.555904085879371068e-02 4.513126653404058430e+01 -3.559801736891595597e-02 9.993654894837556979e-01 1.183041967034365255e-03 9.057512670304695979e-01 7.555319712518208941e-02 1.510843459793507300e-03 9.971406278736231199e-01 1.705545677424908257e+00
9.962972218307158956e-01 4.199924788391543040e-02 -7.501939049060982190e-02 4.582896639025996421e+01 -4.205496132734906634e-02 9.991149476796254980e-01 8.375863503394040529e-04 8.653369355490796444e-01 7.498817240173510923e-02 2.320452611997416044e-03 9.971817234082878123e-01 1.766263672899622827e+00
9.960137459019375861e-01 4.780982297715802298e-02 -7.530497195592952830e-02 4.651889200231643429e+01 -4.794944487683523715e-02 9.988497627799269862e-01 -4.615719679939450128e-05 8.298060081855174186e-01 7.521614660692116372e-02 3.656804804236963961e-03 9.971605482911113372e-01 1.821791363400738106e+00
9.956511539265026078e-01 5.360477596732605987e-02 -7.619256970542929996e-02 4.723865205179988180e+01 -5.376791145975384767e-02 9.985534555632809006e-01 -8.988819092815673872e-05 7.947799253015237486e-01 7.607753533126578038e-02 4.186212622834630144e-03 9.970931171369082913e-01 1.861329927413610807e+00
9.952924629377253307e-01 5.839490370038372125e-02 -7.734952127311149617e-02 4.789945693453628905e+01 -5.859609532914124286e-02 9.982817174154748896e-01 -3.320936435236504849e-04 7.565422634097627164e-01 7.719722036145347521e-02 4.862910222571295397e-03 9.970039825761141117e-01 1.905610560806663578e+00
9.948219492923939811e-01 6.377685953156278509e-02 -7.913154487543343218e-02 4.859037171989717052e+01 -6.398544814522205693e-02 9.979508265994669891e-01 -1.005738324526372733e-04 7.050483490204096926e-01 7.896297633534672678e-02 5.163320417326698261e-03 9.968641775540595384e-01 1.943715804833679117e+00
9.943646376136676679e-01 6.879935278585398717e-02 -8.065740213822343574e-02 4.928609403292642099e+01 -6.897975207490568417e-02 9.976179079337655908e-01 5.509750822419549887e-04 6.588713232304731493e-01 8.050317550956627433e-02 5.015857464512937097e-03 9.967417317975462154e-01 1.996215011267441719e+00
9.940652005995935792e-01 7.384855333741938144e-02 -7.987971035788789254e-02 4.999325620632029654e+01 -7.399804874998530679e-02 9.972577892385382503e-01 1.091138972787553812e-03 5.960525330477469685e-01 7.974124239115247537e-02 4.826279419331600852e-03 9.968039131588930513e-01 2.045481815114996049e+00
9.936823453837776432e-01 7.928683657859537937e-02 -7.942917611277389156e-02 5.068404943377372973e+01 -7.948427808473736145e-02 9.968358892357862544e-01 6.778413144046036877e-04 5.210282328843440780e-01 7.923159729516424110e-02 5.639811775093707749e-03 9.968402813456117562e-01 2.097422969325401620e+00
9.932664047051602552e-01 8.412208223985273570e-02 -7.965754555417937921e-02 5.137630083927491143e+01 -8.433182106696288094e-02 9.964374571089585908e-01 7.335023940536625556e-04 4.487974586330907290e-01 7.943546588026324795e-02 5.989102592524189056e-03 9.968220189233992778e-01 2.138986180780736657e+00
9.927331694024335018e-01 8.826158059080543850e-02 -8.179699114155775108e-02 5.206130982703726318e+01 -8.862441929746320279e-02 9.960647862100807659e-01 -8.086881064112570912e-04 3.755907731206405420e-01 8.140372640356674516e-02 8.052022347135995989e-03 9.966486834706271836e-01 2.192049492463964189e+00
