1.000000000000000000e+00 0.000000000000000000e+00 0.000000000000000000e+00 0.000000000000000000e+00 0.000000000000000000e+00 1.000000000000000000e+00 0.000000000000000000e+00 0.000000000000000000e+00 0.000000000000000000e+00 0.000000000000000000e+00 1.000000000000000000e+00 0.000000000000000000e+00
9.999999210722472220e-01 3.972360751776797040e-04 7.681133442547916819e-06 2.754426811501888180e-03 -3.972358552484903690e-04 9.999999206924898854e-01 -2.861274579415457882e-05 -3.539028643477218014e-05 -7.692498848215673744e-06 2.860969231420252445e-05 9.999999995611554837e-01 -6.484240410728243790e-04
9.999999928729048637e-01 -1.193790609143725688e-04 -1.682297430842571166e-06 1.011724873002402443e-03 1.193790326695022319e-04 9.999999927335462280e-01 -1.677957364187412765e-05 -1.261327372071266342e-04 1.684300548362144903e-06 1.677937269124455107e-05 9.999999998578078531e-01 -5.801395531451909162e-04
9.999999009760657254e-01 4.449679548882397111e-04 7.167842084309742998e-06 1.294312583527701139e-03 -4.449679818035396695e-04 9.999999009946969331e-01 3.753850404045273749e-06 -2.064660176725919769e-03 -7.166171031518120465e-06 -3.757039492550379445e-06 9.999999999672652962e-01 -4.060287365746253043e-04
9.999999866508708646e-01 -1.621017632183307914e-04 -2.052502186152760369e-05 1.560491179580207263e-03 1.621014828577636727e-04 9.999999867682515253e-01 -1.366037965281665410e-05 1.026944633852749922e-04 2.052723596157362941e-05 1.365705233398304003e-05 9.999999996960587945e-01 -4.139155963023467442e-04
9.999999942648837292e-01 -1.065466072426317270e-04 -1.086521579984858047e-05 -2.098155724793488233e-03 1.065465192040036357e-04 9.999999942910898776e-01 -8.103053024169946394e-06 -1.917327544985957758e-03 1.086607909062807344e-05 8.101895326774122548e-06 9.999999999081438107e-01 -7.465007805995938460e-04
9.999999981963404450e-01 -5.715810484558677242e-05 -1.844641415394669156e-05 -1.703804372062043236e-03 5.715765046029202840e-05 9.999999980631263385e-01 -2.463230391875267651e-05 -1.173312021701752080e-03 1.844782205402829129e-05 2.463124952063192789e-05 9.999999995264896580e-01 -1.434147028369686574e-04
9.999999889892509097e-01 1.472137789055655223e-04 -1.869762947310229194e-05 -2.432556871982926618e-03 -1.472136160500085744e-04 9.999999891261345253e-01 8.711035081610447962e-06 -1.360966239064722574e-03 1.869891165417932868e-05 -8.708282440049128711e-06 9.999999997872582869e-01 -4.535954885547155055e-04
9.999999299982668122e-01 3.741662737568407591e-04 -1.749608508176097828e-06 -3.441513120989100893e-04 -3.741662884271918475e-04 9.999999299645778716e-01 -8.392137608370704529e-06 -3.036789707290682427e-04 1.746468330783748811e-06 8.392791665428231984e-06 9.999999999632555037e-01 -1.276382030497442413e-04
9.999998781891374922e-01 4.932829383878113011e-04 1.713629976669970675e-05 1.683564532775379827e-03 -4.932824197651341624e-04 9.999998778785184061e-01 -3.025562098384805367e-05 2.156845631512768627e-04 -1.715122225561105311e-05 3.024716426297002723e-05 9.999999993954723498e-01 -2.112219474453172041e-04
9.999999993080525007e-01 3.562743826971623013e-05 -1.070423933287752941e-05 9.919428687945380449e-04 -3.562751343693829975e-05 9.999999993406852861e-01 -7.022083219049572896e-06 -1.771722692897112613e-04 1.070398914698365655e-05 7.022464579621324546e-06 9.999999999180547716e-01 -5.428933678651202228e-04
9.999999542606943237e-01 -3.022922663871424999e-04 -9.899241780422359809e-06 -1.270252311521671883e-03 3.022921432937970875e-04 9.999999542324298218e-01 -1.243375991521249329e-05 -1.561271483101536457e-04 9.902999956822598735e-06 1.243076688348615868e-05 9.999999998737033602e-01 -6.164031110893913347e-04
9.999998632181628100e-01 5.230030102268679298e-04 5.613110618234027441e-06 6.793049296509004638e-04 -5.230030036722263347e-04 9.999998632332363080e-01 -1.169142151532028243e-06 -4.203689996488973080e-04 -5.613721315411688145e-06 1.166206317901336116e-06 9.999999999835630371e-01 -1.660367383395880848e-04
9.999999388754829965e-01 -3.145865362265849990e-04 1.525920755028656566e-04 -2.454977996166438949e-03 3.145997299454957995e-04 9.999999467769019601e-01 -8.644768990057328216e-05 3.194113067100086498e-04 -1.525648721021120684e-04 8.649569004224502819e-05 9.999999846212276333e-01 8.542496943015781032e-04
9.999997461380661923e-01 4.319494712038481239e-04 5.666952068569575422e-04 -1.054051320304476291e-02 -4.316995017327729649e-04 9.999998095117201835e-01 -4.411485730050215088e-04 -4.463599649728979338e-04 -5.668856528009941871e-04 4.409038189757571958e-04 9.999997421222063254e-01 4.561988611250390908e-03
9.999998233539373338e-01 -2.907070515301495256e-04 5.184414184468623572e-04 -1.378392262514725741e-02 2.908681909091302546e-04 9.999999094098699359e-01 -3.107667090570757754e-04 -1.750526937039112614e-03 -5.183510294074831874e-04 3.109174522788362544e-04 9.999998173212574226e-01 3.026326447490869202e-03
9.999999662189297256e-01 1.557917799384182247e-04 2.080650398774020339e-04 -6.995382903672230437e-03 -1.557774197287338752e-04 9.999999854839676239e-01 -6.903231096508493920e-05 -3.199159993716567396e-03 -2.080757915237217042e-04 6.899989679805173452e-05 9.999999759717392855e-01 -8.999652211650727672e-04
9.999999646082498028e-01 6.440322439586687803e-05 -2.581389623464461170e-04 6.254886776062890466e-03 -6.442029121860098830e-05 9.999999957399389183e-01 -6.610709593701157233e-05 -1.273283170177550924e-03 2.581347037366245626e-04 6.612372298449496169e-05 9.999999644970634094e-01 -1.261614510325490511e-03
9.999999162537823727e-01 -2.768191192287234453e-04 -3.014359026400945216e-04 1.825621881538201305e-02 2.768171170531103171e-04 9.999999616638043376e-01 -6.683828270235349501e-06 -3.470083639027536290e-04 3.014377412956436241e-04 6.600385092944879727e-06 9.999999545458604366e-01 -1.420967764743764168e-03
9.999999939129843307e-01 1.311301347810621586e-05 -1.095540055070809855e-04 3.929708410505985960e-02 -1.312025794374717199e-05 9.999999977275768615e-01 -6.612643273537991545e-05 2.512504704783881035e-03 1.095531381413242120e-04 6.612786970967831095e-05 9.999999918126073473e-01 -2.794795112564061462e-04
9.999999917581305908e-01 1.252134800001945890e-04 2.837821816436114761e-05 5.726478624672930173e-02 -1.252118345435607400e-04 9.999999904803060780e-01 -5.797744628982535780e-05 1.549643921329288757e-03 -2.838547745202066878e-05 5.797389252322537932e-05 9.999999979166461772e-01 5.829294651679952028e-04
9.999999884410946116e-01 3.358984487481803539e-05 -1.482886808704951846e-04 8.037865316765908930e-02 -3.360028487810456238e-05 9.999999969573383218e-01 -7.040130807874301006e-05 5.142635718602920226e-04 1.482863156502855551e-04 7.040628980690239683e-05 9.999999865270613464e-01 7.480363667211017194e-04
9.999999546845667053e-01 -1.804504993720031623e-04 -2.409740274497614043e-04 1.046634341953863595e-01 1.804168480956946398e-04 9.999999739722353898e-01 -1.396613386480039702e-04 -1.189197248351365425e-03 2.409992231360481461e-04 1.396178565446844926e-04 9.999999612131135196e-01 1.247391408889361427e-03
9.999998975908760412e-01 -3.786197417912880235e-04 -2.479220209217363781e-04 1.396071296257878624e-01 3.785525821726779482e-04 9.999998916607056865e-01 -2.708810060639107640e-04 -2.697845088431693322e-04 2.480245549586116262e-04 2.707871268020268130e-04 9.999999325790738247e-01 2.342439729906483758e-03
9.999997463217386029e-01 -6.910096813873703794e-04 -1.728064774233864270e-04 1.717631387418312450e-01 6.909776811943207399e-04 9.999997441308224877e-01 -1.851705530068698338e-04 -1.957315484323457477e-03 1.729343878523707930e-04 1.850511006140605002e-04 9.999999679248933182e-01 2.437334138140063392e-03
9.999995564429352557e-01 -8.918968672917394975e-04 -3.027109361873251791e-04 2.123166718560900446e-01 8.918326266817933274e-04 9.999995797844475343e-01 -2.122863497531471053e-04 -5.255834099304646997e-03 3.029001465137955520e-04 2.120162881026916712e-04 9.999999316502951041e-01 3.055738068607642688e-03
9.999994793348054856e-01 -8.197991465322397543e-04 -6.076672422360770032e-04 2.572553560178006959e-01 8.196419375415376447e-04 9.999996305755306514e-01 -2.589129130729058348e-04 -4.319923254215785394e-03 6.078792743340918729e-04 2.584147087101566374e-04 9.999997818522893267e-01 3.322164379290727144e-03
9.999989155247394068e-01 -1.022068433313567427e-03 -1.060342144231621146e-03 3.158907281696648472e-01 1.021819950451083054e-03 9.999994503628364395e-01 -2.348574330480865846e-04 -5.901270989383148452e-03 1.060581601796819953e-03 2.337736995937307106e-04 9.999994102580878064e-01 3.145987884630194013e-03
9.999978554419387544e-01 -1.455009663980174608e-03 -1.473790487529989248e-03 3.940588610215077225e-01 1.454746274853681515e-03 9.999989256971322238e-01 -1.797716809350328982e-04 -3.011164287505105862e-03 1.474050473765712395e-03 1.776273041825763156e-04 9.999988978112633875e-01 3.023239562064919395e-03
9.999971312956036362e-01 -1.699124173807227065e-03 -1.688306134953049048e-03 4.742414515424926424e-01 1.698706062338493656e-03 9.999985261836815686e-01 -2.490545693362172948e-04 -3.373657637549458931e-03 1.688726821339273055e-03 2.461859190057513291e-04 9.999985437960478007e-01 3.840497832076354874e-03
9.999963003190095456e-01 -1.922178865441677171e-03 -1.924727695668179087e-03 5.703235268458941576e-01 1.921876883974060930e-03 9.999981405948192847e-01 -1.587329419829064696e-04 -7.377729112002287190e-03 1.925029229925859144e-03 1.550332650554091035e-04 9.999981351118364392e-01 2.792223665935083914e-03
9.999943872620357110e-01 -2.263331200085322813e-03 -2.470379789519172673e-03 6.783387584343965049e-01 2.263063506711733390e-03 9.999974330911970410e-01 -1.111511648665097741e-04 -1.096219244701066714e-02 2.470625020178912525e-03 1.055599146547679104e-04 9.999969424298826848e-01 1.627301674894401050e-03
9.999922923688157050e-01 -2.504549180459936936e-03 -3.023646203459334943e-03 7.914553093208980261e-01 2.503422332490957448e-03 9.999967955925326279e-01 -3.764057539598852594e-04 -9.259587341671687150e-03 3.024579241187462693e-03 3.688333893318664395e-04 9.999953579303979545e-01 2.721041765926651094e-03
9.999895406137162546e-01 -3.048388938786161621e-03 -3.409690315345304500e-03 9.119571940686016509e-01 3.046646092592708750e-03 9.999952257196343952e-01 -5.162223590882094627e-04 -1.013811623217358675e-03 3.411247683057177724e-03 5.058288400429495311e-04 9.999940537455357381e-01 2.798193054679693099e-03
9.999880639497537027e-01 -3.511352222026074311e-03 -3.397405421233037643e-03 1.044766685476033574e+00 3.510457482989215276e-03 9.999938020671949035e-01 -2.692869396506608658e-04 -2.552002566721727969e-04 3.398329925636430198e-03 2.573572781445029227e-04 9.999941925436106605e-01 7.114009330795529121e-04
9.999866200142387695e-01 -3.837964746808737379e-03 -3.468402961120282089e-03 1.183795777743068323e+00 3.837308288362632595e-03 9.999926183162907156e-01 -1.959031122200289080e-04 -6.243390478009825870e-03 3.469129227705137347e-03 1.825911596090884655e-04 9.999939658832296407e-01 1.208625650910956058e-03
9.999831653284999566e-01 -4.041544793258561481e-03 -4.163529185428583961e-03 1.334539469690370739e+00 4.040815105584248494e-03 9.999918190087441205e-01 -1.836542011692035017e-04 -7.299407743927712779e-03 4.164237370313219645e-03 1.668270577860365424e-04 9.999913156102189227e-01 -1.424911387614717292e-03
9.999774404570140884e-01 -4.603893466082458613e-03 -4.891088017184328646e-03 1.502477922882176298e+00 4.601670940542399585e-03 9.999893038821686675e-01 -4.655596747496635246e-04 -4.947181826841790496e-03 4.893179088675224386e-03 4.430419943398562505e-04 9.999879301832584888e-01 6.106060750695275000e-04
9.999730431811206799e-01 -5.286332379529806377e-03 -5.095841545975813430e-03 1.672799627686052615e+00 5.282726673474453030e-03 9.999857865374075505e-01 -7.207787841937071931e-04 -1.779860002066703441e-03 5.099579392647983489e-03 6.938394162318438276e-04 9.999867563507441881e-01 6.000631473825279553e-03
9.999654332133781631e-01 -5.978327939168232193e-03 -5.778578841960544180e-03 1.865105524419750305e+00 5.972537288689345851e-03 9.999816452266845346e-01 -1.018826809812747045e-03 3.114512418058767995e-03 5.784563658238092015e-03 9.842788146345669408e-04 9.999827848610689518e-01 1.018864761009967076e-02
9.999557988314896617e-01 -6.957778345521248298e-03 -6.323741279643317094e-03 2.062862238746355992e+00 6.952608582855648173e-03 9.999754782443045498e-01 -8.391328667203440698e-04 1.179524513779698150e-02 6.329424710893659205e-03 7.951292781704929298e-04 9.999796528691271558e-01 1.094022451016002546e-02
9.999502654687686398e-01 -7.558836271401351246e-03 -6.506195751844398578e-03 2.272599031906092915e+00 7.554868770145888209e-03 9.999712604833116414e-01 -6.341650279926354557e-04 1.615642564814712134e-02 6.510802316538655959e-03 5.849800329941797893e-04 9.999786333975121400e-01 1.232850775309600813e-02
9.999398525797318360e-01 -8.176155463526853240e-03 -7.310383345653834707e-03 2.490273181578430695e+00 8.172256451245092645e-03 9.999664480278758205e-01 -5.630657231298333201e-04 1.487975048105999454e-02 7.314741780764097943e-03 5.032895287215514296e-04 9.999731202649054795e-01 1.427286284792462362e-02
9.999329191986408016e-01 -8.838636656873779737e-03 -7.485693350137321775e-03 2.726361357391168472e+00 8.835264291575684395e-03 9.999608514200986065e-01 -4.834584672838159488e-04 2.009603834485440207e-02 7.489673409604097679e-03 4.172879573482528282e-04 9.999718649356981182e-01 1.558651753299725856e-02
9.999204853631219470e-01 -9.673044993479184769e-03 -8.090435818463618048e-03 2.965887975528175513e+00 9.669551605220495435e-03 9.999531379624998495e-01 -4.707979435958284929e-04 1.731192877996560325e-02 8.094610733848142323e-03 3.925296216129422404e-04 9.999671610595838311e-01 1.443008716378262578e-02
9.999119033235954745e-01 -1.011244667472392493e-02 -8.597907538210202219e-03 3.226823282968379836e+00 1.011056790851424907e-02 9.999488525905521064e-01 -2.619530599015932248e-04 1.881456628639776793e-02 8.600116763862486816e-03 1.750002546714410790e-04 9.999630029988904045e-01 1.597616284082726407e-02
9.999105395308632849e-01 -1.063469555910599891e-02 -8.112717514062707524e-03 3.485425668432803104e+00 1.062509659160573890e-02 9.999428012411782918e-01 -1.225384986264961128e-03 1.953995067867950186e-02 8.125285072961858229e-03 1.139076955541888821e-03 9.999663405566071583e-01 2.743409115191379824e-02
9.999028150968743978e-01 -1.124123556471019574e-02 -8.245907125628670897e-03 3.756076155607616762e+00 1.123240209902871649e-02 9.999362909361801943e-01 -1.116786407733431040e-03 2.492895920832425075e-02 8.257935845690150822e-03 1.024056528448276208e-03 9.999653783025664877e-01 1.745192952333163641e-02
9.998882695213721084e-01 -1.197226700369993097e-02 -8.950603127611030801e-03 4.033995342395863659e+00 1.196767357314703142e-02 9.999282243101476064e-01 -5.665837992928074570e-04 1.573313475859317023e-02 8.956743984422057409e-03 4.594025980996919284e-04 9.999597820344827692e-01 6.964265219392510101e-03
9.998580330886043255e-01 -1.258674755280987309e-02 -1.120211829205808828e-02 4.325925434406709513e+00 1.258177104349316594e-02 9.999207139625057028e-01 -5.146125940595405041e-04 -2.378048177012257944e-03 1.120770741929609342e-02 3.735970485461950394e-04 9.999371218829955499e-01 -1.711733320225333668e-03
9.998371441266874493e-01 -1.259660193255941404e-02 -1.292326755671158872e-02 4.611770432897285943e+00 1.258267595465947450e-02 9.999201640754902254e-01 -1.158335471620214807e-03 -1.293770612213461166e-02 1.293682690653887371e-02 9.955375419439295177e-04 9.999158201641740185e-01 -5.965385044228123899e-03
9.998188456229872845e-01 -1.297573125916181257e-02 -1.392502550830928935e-02 4.913993609510142413e+00 1.296052869017316929e-02 9.999153108667715451e-01 -1.181435685421599680e-03 -2.728756346352541676e-02 1.393917620192282152e-02 1.000745970564190799e-03 9.999023441688263958e-01 -8.237241136141808945e-03
9.997987169030700949e-01 -1.306683397838213044e-02 -1.522443853664563577e-02 5.236947508540803931e+00 1.304480096243596128e-02 9.999137183819764019e-01 -1.545625886168631438e-03 -2.999993130440874525e-02 1.524332138430244989e-02 1.346715007328186083e-03 9.998829069005349401e-01 -1.024865484378675862e-02
9.997722546212245431e-01 -1.324252095599744335e-02 -1.673542734211611038e-02 5.538509363498783422e+00 1.319638278755342654e-02 9.999088213288270799e-01 -2.864351605533949161e-03 -3.187082043937941589e-02 1.677183266425117530e-02 2.642852157372749169e-03 9.998558500911801650e-01 -2.145383415280050637e-03
9.997330573509132234e-01 -1.396137472141993630e-02 -1.840907536200164785e-02 5.879206566491401276e+00 1.389427282109191586e-02 9.998963705822411230e-01 -3.767927710899524052e-03 -3.084529410682825337e-02 1.845977309093549401e-02 3.511141174831116339e-03 9.998234387456025329e-01 9.079798008413304811e-04
9.996758483228066483e-01 -1.456663182300154714e-02 -2.088088880795060942e-02 6.226485976978316295e+00 1.450350583301095349e-02 9.998897891554395789e-01 -3.171413130207322885e-03 -1.865351945930329713e-02 2.092478431498627500e-02 2.867539018697528447e-03 9.997769404328885612e-01 -4.179760722045310073e-04
9.996877593292605724e-01 -1.511093525308506574e-02 -1.990084126411523907e-02 6.606328813117563925e+00 1.508899234808411260e-02 9.998853704372928641e-01 -1.252316013257292896e-03 -6.098828552222299720e-03 1.991748370557636094e-02 9.516413477106643298e-04 9.998011743449711775e-01 -6.831403521700009362e-03
9.997129822117878373e-01 -1.731646820321315269e-02 -1.655575809743373844e-02 6.988268264728834112e+00 1.732006536690936307e-02 9.998499936858181725e-01 7.390639592107215209e-05 6.670464375018990769e-03 1.655199483142807265e-02 -3.606319959170713966e-04 9.998629413132901211e-01 2.904869826096199981e-02
9.997205595733187344e-01 -1.870219292552120077e-02 -1.445789563480941523e-02 7.375714026569665904e+00 1.872121276710252830e-02 9.998240448803059621e-01 1.181300856213874251e-03 -2.636006139196678255e-04 1.443325877753647360e-02 -1.451640093342405121e-03 9.998947813555684183e-01 4.817122636257667456e-02
9.997274031542627837e-01 -1.982552065024556845e-02 -1.233159005889873303e-02 7.760642206519682063e+00 1.982601889001997866e-02 9.998034418198075146e-01 -8.185498977293408291e-05 -4.539331866222659322e-03 1.233078900178794651e-02 -1.626536610907946992e-04 9.999239597021265524e-01 7.017428559238302055e-02
9.997084130357372089e-01 -2.128337002997772107e-02 -1.140644842774577762e-02 8.147634156647226789e+00 2.126752718412475499e-02 9.997726825908944681e-01 -1.508453671509005396e-03 -1.119675875620887093e-02 1.143596052110589130e-02 1.265426874070798863e-03 9.999338065601073300e-01 8.874312818686198867e-02
9.996547434823342959e-01 -2.223365981396947452e-02 -1.400207857945076455e-02 8.521839094226002942e+00 2.219353807137195225e-02 9.997491488819274519e-01 -3.014328737269538535e-03 -6.105040442506365697e-03 1.406558570209569085e-02 2.702532356595226549e-03 9.998974225477924582e-01 1.006393275032665818e-01
9.995828419780022900e-01 -2.409399085462857887e-02 -1.592550243719467046e-02 8.894885625931820528e+00 2.403216993333780888e-02 9.997029335551603779e-01 -4.061951440113402596e-03 4.440091330015112636e-03 1.601864012565340500e-02 3.677532583640746693e-03 9.998649303394039345e-01 1.134801451017135726e-01
9.995450904381891766e-01 -2.544473923921161326e-02 -1.619189383490127546e-02 9.291323277721188489e+00 2.536917879944973128e-02 9.996663611763074719e-01 -4.855007678883107441e-03 2.227744592351585395e-02 1.631002599488239405e-02 4.442024039668000801e-03 9.998571155292526047e-01 1.410287324378743379e-01
9.995137179301356589e-01 -2.689525146557805724e-02 -1.577888202885666807e-02 9.676520367907116338e+00 2.681257291159892114e-02 9.996257401552356425e-01 -5.428218212033753681e-03 4.436932921528064649e-02 1.591896992074066930e-02 5.002506141983692478e-03 9.998607709721198944e-01 1.633236577892044350e-01
9.994782212551144296e-01 -2.772096936072008383e-02 -1.657809079522251650e-02 1.009273425375645594e+01 2.766521200972506256e-02 9.996108223131099368e-01 -3.583288847556152443e-03 5.199596155340873577e-02 1.667097121254749320e-02 3.122782767032409972e-03 9.998561531273487679e-01 1.407598036527487051e-01
9.993990000941095353e-01 -2.871856534695237800e-02 -1.941346479397521030e-02 1.051222852143162001e+01 2.868896963747152168e-02 9.995867637180009257e-01 -1.801338644897644168e-03 6.207990929667545760e-02 1.945717430754851512e-02 1.243303738509106806e-03 9.998099182163474596e-01 1.160978353554605325e-01
9.993097357719161744e-01 -2.984960299674688580e-02 -2.211454707652122861e-02 1.094873459245719616e+01 2.981478731119585959e-02 9.995536299495899613e-01 -1.902448997029714374e-03 6.509283629931046644e-02 2.216146315231078481e-02 1.241795286971402118e-03 9.997536333994561097e-01 1.159687592918770965e-01
9.992478820174822696e-01 -3.055849140547004308e-02 -2.387150784088953176e-02 1.140387248217658112e+01 3.050157614782518858e-02 9.995309499512862184e-01 -2.744802721099090775e-03 8.001263736871230825e-02 2.394418793933630885e-02 2.014619691441790154e-03 9.997112669023114906e-01 1.292319882612988358e-01
9.992048112826663608e-01 -3.137015959478711702e-02 -2.461012386333707655e-02 1.187190575378257762e+01 3.131317451285171860e-02 9.995059820808203099e-01 -2.697570496321724434e-03 1.060287868072496836e-01 2.468258923814315928e-02 1.924804315383266606e-03 9.996934854828496420e-01 1.434067379750624538e-01
9.991813997641960654e-01 -3.237813453144355175e-02 -2.425256212290747768e-02 1.235097513497156108e+01 3.233465653658717381e-02 9.994747146420774886e-01 -2.182837098504249000e-03 1.263605656851418957e-01 2.431049880036780311e-02 1.396851961164235394e-03 9.997034802643611773e-01 1.499518057378747271e-01
9.991406943297322929e-01 -3.321675338404956462e-02 -2.478951852948670098e-02 1.284503740654667325e+01 3.318710920769166878e-02 9.994478652017618758e-01 -1.606401592861482919e-03 1.327715438162719308e-01 2.482919081922082410e-02 7.823287442198387448e-04 9.996914020061384853e-01 1.553363676174084052e-01
9.990503359321820653e-01 -3.409474360047937136e-02 -2.712885424436127513e-02 1.334213386646170107e+01 3.404613986012015869e-02 9.994177257810384907e-01 -2.251611707645399026e-03 1.410549486557848009e-01 2.718982593580483026e-02 1.325840667063631767e-03 9.996294090872407390e-01 1.635437578072896914e-01
9.989622737303421873e-01 -3.516437914418747007e-02 -2.894550229152415693e-02 1.385369287609423594e+01 3.510588631860405567e-02 9.993804044191074709e-01 -2.526659630111179489e-03 1.515786461298137544e-01 2.901641620341915279e-02 1.507880136157389254e-03 9.995777978167607047e-01 1.720871823553151714e-01
9.988978122800377113e-01 -3.621983146693547734e-02 -2.985438712587054622e-02 1.438056138281635832e+01 3.614844813748564062e-02 9.993421433788407526e-01 -2.927484284516787896e-03 1.769926778943136936e-01 2.994078020703643678e-02 1.845067882592060131e-03 9.995499714396987034e-01 1.835272455072531617e-01
9.988106086794216187e-01 -3.733727208125440372e-02 -3.135755256670665764e-02 1.492691450292144850e+01 3.728520588128291652e-02 9.993021461163850150e-01 -2.243699974910660921e-03 1.955228533048391504e-01 3.141944321329926543e-02 1.071858534251710982e-03 9.995057126937538783e-01 1.839645987651187531e-01
9.987443152726022122e-01 -3.878665292792340957e-02 -3.170785810031433866e-02 1.547872581944887216e+01 3.878879734264788215e-02 9.992472813156236811e-01 -5.477079932237500235e-04 1.987643634708206042e-01 3.170523476291969150e-02 -6.828894373609434689e-04 9.994970293856028087e-01 1.888373042747443775e-01
9.987128421288995472e-01 -3.930254498685940151e-02 -3.206195446899215429e-02 1.603949688967781739e+01 3.929543124281372618e-02 9.992272728702826790e-01 -8.521946132850630531e-04 2.099633737035447312e-01 3.207067274406839863e-02 -4.087906230656416910e-04 9.994855200751882052e-01 2.132262693582481217e-01
9.986280136577081468e-01 -4.076719961597914665e-02 -3.286526697793826918e-02 1.662867715700150129e+01 4.072869542907853191e-02 9.991685473700933073e-01 -1.840465968970899291e-03 2.150353987140161682e-01 3.291297170882032802e-02 4.993814258582183942e-04 9.994580966261096266e-01 2.393100429615133973e-01
9.985666088127158613e-01 -4.116147425774518975e-02 -3.421199791303287246e-02 1.720839173644823106e+01 4.109649531756057184e-02 9.991517976526670397e-01 -2.600638394230703372e-03 2.371152180597288217e-01 3.429002532641391848e-02 1.190917450037753478e-03 9.994112146052499535e-01 2.667410488129690060e-01
9.984927195468866756e-01 -4.203181961335977768e-02 -3.529327346467509008e-02 1.779147674166510740e+01 4.194052094804918973e-02 9.991145813686265198e-01 -3.323552196147893083e-03 2.740547571757928624e-01 3.540171908917137678e-02 1.838324395817303534e-03 9.993714719006877578e-01 2.925713146686640398e-01
9.984005003804230505e-01 -4.357489090939486998e-02 -3.602318312358464975e-02 1.837645766996597274e+01 4.350785569077519899e-02 9.990495886850043750e-01 -2.643074254405658463e-03 2.955318804942609900e-01 3.610411795504298721e-02 1.071555205277933400e-03 9.993474593133913064e-01 3.072534538722354602e-01
9.983127369547023511e-01 -4.517138449558078667e-02 -3.648595972101766061e-02 1.895840067975812460e+01 4.515261004028570807e-02 9.989792036759895799e-01 -1.338816430888788243e-03 3.174791826205739520e-01 3.650919117922513113e-02 -3.108788158281690188e-04 9.993332688917149209e-01 3.194289674633167264e-01
9.982313277784568006e-01 -4.678193890409382272e-02 -3.668332637633709564e-02 1.956007435742528600e+01 4.675782840789781403e-02 9.989051051851431939e-01 -1.515360562872954944e-03 3.306810883035051218e-01 3.671405349776594301e-02 -2.025522933959023487e-04 9.993257913455109165e-01 3.479203533708063456e-01
9.981044206569932298e-01 -4.815771331961238994e-02 -3.831970919506093309e-02 2.016267774089153875e+01 4.810123537840938629e-02 9.988395943279894107e-01 -2.394985964144967505e-03 3.438330817069121803e-01 3.839057983462697277e-02 5.472207266007189999e-04 9.992626601296765720e-01 3.655054458801307304e-01
9.980067870503512850e-01 -4.882261508164578712e-02 -3.998506293635580716e-02 2.077075505441502301e+01 4.873134914916657512e-02 9.988066196339357994e-01 -3.254563800636638832e-03 3.638428084922343264e-01 4.009624186300885657e-02 1.299550699220797592e-03 9.991949772474055802e-01 3.943577490252528350e-01
9.979078247260390055e-01 -4.959102305776083575e-02 -4.148136669192112325e-02 2.137974114433366069e+01 4.947337678411352357e-02 9.987679894904122335e-01 -3.858517702050405333e-03 3.960913404889029321e-01 4.162160905253577126e-02 1.798221722850644163e-03 9.991318271672229301e-01 4.187918407067288129e-01
9.977773110239620546e-01 -5.052088082855555468e-02 -4.345202188734731408e-02 2.199374734183457392e+01 5.040193710883867501e-02 9.987216736672731576e-01 -3.829266629187685032e-03 4.159507159641923080e-01 4.358993394659245457e-02 1.630689286046718917e-03 9.990481762712867253e-01 4.365233378708263112e-01
9.976885883175796721e-01 -5.117800474667636573e-02 -4.470226583769897066e-02 2.261363499906903129e+01 5.106689931194671045e-02 9.986886570370020477e-01 -3.624651747804650236e-03 4.435350371042938722e-01 4.482914828031683840e-02 1.333467576860420398e-03 9.989937784234108609e-01 4.606637245992272756e-01
9.975981360604720960e-01 -5.164853663834688413e-02 -4.615612193186449663e-02 2.323177333094180952e+01 5.153679768121360860e-02 9.986645772158219136e-01 -3.608420583776058080e-03 4.737978847548082739e-01 4.628085363773509764e-02 1.221014930745309467e-03 9.989277209633845578e-01 4.805462053619874996e-01
9.975257457724369115e-01 -5.182782974997408865e-02 -4.750013246877563683e-02 2.386509405790287985e+01 5.174301333708149209e-02 9.986558839898582729e-01 -3.014289838980955746e-03 5.012619438787445647e-01 4.759251088083227971e-02 5.490317317587616128e-04 9.988666835330004545e-01 4.987515148029845746e-01
9.974759469245538801e-01 -5.182163030151388378e-02 -4.854126017995100129e-02 2.448903388223992295e+01 5.176224929143726644e-02 9.986563558869816504e-01 -2.480402149937688608e-03 5.276388550197235183e-01 4.860457648468487213e-02 -3.846332709234569561e-05 9.988180983869470175e-01 5.206882908543308819e-01
9.974136067269954165e-01 -5.181523769122937245e-02 -4.981243076630554462e-02 2.515194450472873200e+01 5.173882126759069694e-02 9.986566598227335501e-01 -2.823148161407297400e-03 5.544995632202023295e-01 4.989179781975074807e-02 2.386099376718207009e-04 9.987546002775710141e-01 5.533999988842506212e-01
9.973987271387250164e-01 -5.146772646426649861e-02 -5.046634754616884794e-02 2.581191376018460915e+01 5.140296015201730601e-02 9.986746581092924568e-01 -2.581266723534654094e-03 5.901915755896623983e-01 5.053231431135309787e-02 -1.956750747456178705e-05 9.987224263164672378e-01 5.895089010641006988e-01
9.974244264536413773e-01 -5.090504037407315996e-02 -5.052910426811983713e-02 2.647413007174865029e+01 5.084865859065548777e-02 9.987034828165559652e-01 -2.401526517050321143e-03 6.315505076235324866e-01 5.058584222048204126e-02 -1.739959629391311328e-04 9.987197015640821851e-01 6.310208023343454320e-01
9.974315596341463142e-01 -5.049960646334426817e-02 -5.079442482046386820e-02 2.715472327208500047e+01 5.043496867674431006e-02 9.987240807893719152e-01 -2.554287767657881410e-03 6.595568768450733588e-01 5.085860576510349562e-02 -1.408799292391591483e-05 9.987058636160890401e-01 6.656346999814807264e-01
9.974175006080064909e-01 -4.992353087823966223e-02 -5.163303734554911678e-02 2.783518510623390085e+01 4.984891208061976303e-02 9.987530315381933921e-01 -2.732756419269902898e-03 6.892479519477842098e-01 5.170508142587206674e-02 1.518483383850367883e-04 9.986623861429978488e-01 7.034928709190247931e-01
9.973642903760464584e-01 -4.945222250488690713e-02 -5.309378468344900376e-02 2.850735964473572892e+01 4.932128862244230388e-02 9.987758332223355406e-01 -3.774315785834063061e-03 7.154714673684445803e-01 5.321543734018382293e-02 1.145713906963306133e-03 9.985823974857239715e-01 7.390161665603969254e-01
9.973111552107667421e-01 -4.851906286783246730e-02 -5.492140047916897749e-02 2.923780573572682684e+01 4.840734199569526192e-02 9.988220143632632331e-01 -3.363460156606656870e-03 7.443808819878072747e-01 5.501989579304689126e-02 6.958173184130969375e-04 9.984850158641248585e-01 7.674223590115639704e-01
9.972332402480779123e-01 -4.728077208695609379e-02 -5.736194849532701145e-02 2.995825806370240940e+01 4.717347837842546243e-02 9.988815092431682086e-01 -3.223884267567393800e-03 7.757773859764505175e-01 5.745021742343070503e-02 5.090019172423699764e-04 9.983482425662143500e-01 7.933691434292270417e-01
9.972411982577554790e-01 -4.575063847585451871e-02 -5.845401249262332372e-02 3.067650123092841241e+01 4.571557571889736660e-02 9.989526172821281413e-01 -1.937669186375139217e-03 7.993693117793410075e-01 5.848143837257992889e-02 -7.399352929320196200e-04 9.982882218385812356e-01 8.139935675443189522e-01
9.972031585508277507e-01 -4.350938715856052241e-02 -6.076836187803016931e-02 3.140282268042659908e+01 4.346492490210777937e-02 9.990528421975019002e-01 -2.053971846822150085e-03 8.209870224814804773e-01 6.080017170622853406e-02 -5.930650722271655880e-04 9.981497820439141355e-01 8.440280862153893837e-01
9.972046847597049180e-01 -4.099841891447474074e-02 -6.246556123025603924e-02 3.214475824772743096e+01 4.096354524539859432e-02 9.991589486370423545e-01 -1.839380180488078961e-03 8.552608917087937135e-01 6.248843616402804946e-02 -7.245723106979456030e-04 9.980454249886328011e-01 8.785527685780482043e-01
9.974223609881495145e-01 -3.829901865103481351e-02 -6.067799412631515871e-02 3.289306082306271861e+01 3.827432645504912079e-02 9.992660368111251357e-01 -1.569589181711827366e-03 8.918519601711745182e-01 6.069357243759652271e-02 -7.568660084236705343e-04 9.981561588341814062e-01 9.335652065037323144e-01
9.976402311097796183e-01 -3.550402709807886498e-02 -5.876591980939712551e-02 3.362905059943921060e+01 3.553381193303040836e-02 9.993683296606783450e-01 -5.384057334125490549e-04 9.047709168698007121e-01 5.874791469263940941e-02 -1.551041922266137556e-03 9.982716447882418187e-01 9.693920492502881014e-01
9.977354330586124531e-01 -3.267372996584880923e-02 -5.879143636161600350e-02 3.436859205943144246e+01 3.262706231650409211e-02 9.994660569628760483e-01 -1.753791229303064587e-03 9.125010688739486620e-01 5.881734798457093072e-02 -1.683722061841403652e-04 9.982687469949472758e-01 1.014982797798395397e+00
9.976854709387146247e-01 -2.955754681593111832e-02 -6.123767226160053978e-02 3.510266462602130844e+01 2.940826818874658216e-02 9.995619106307053192e-01 -3.337750504849607436e-03 9.221625470324739116e-01 6.130950040518937105e-02 1.529131295183097563e-03 9.981176318037610073e-01 1.061964110349939983e+00
9.977083079808787280e-01 -2.612620697387974325e-02 -6.241436929978545073e-02 3.583624536236059299e+01 2.595578634506108193e-02 9.996568244286175853e-01 -3.539848655173389452e-03 9.490492657782155783e-01 6.248543303155979639e-02 1.911722377854460858e-03 9.980440451084353626e-01 1.105989419015445785e+00
9.976992264458094395e-01 -2.258831073785499619e-02 -6.392199752388534606e-02 3.655632184246722005e+01 2.244842973342074319e-02 9.997437794477711526e-01 -2.905762892929585409e-03 9.664755932792113979e-01 6.397125566953622278e-02 1.464128920675949845e-03 9.979506675054465870e-01 1.139098246149796045e+00
9.976013312243766640e-01 -2.014940014571697455e-02 -6.622375414546730066e-02 3.729111067846258720e+01 1.999272934307047903e-02 9.997955409395685722e-01 -3.027720391669744618e-03 9.820156199058410751e-01 6.627122084861758466e-02 1.696464300592558615e-03 9.978002040970479491e-01 1.187115371631099148e+00
9.976294598819901438e-01 -1.669371075423876569e-02 -6.675912519515458943e-02 3.800934946937052672e+01 1.662386824225114620e-02 9.998605312058767014e-01 -1.601605871129728118e-03 9.978480210988657229e-01 6.677655112562180806e-02 4.880142989467764524e-04 9.977678357522912211e-01 1.217881625582471816e+00
9.976560648342335247e-01 -1.296667385574683772e-02 -6.718810660072531415e-02 3.872545196583428861e+01 1.288916102903932791e-02 9.999156718481921891e-01 -1.587047682308123479e-03 9.964017053874884011e-01 6.720301948156222338e-02 7.173294202228045272e-04 9.977390638894838570e-01 1.256300748654305188e+00
9.975351563737895333e-01 -8.702765733907241730e-03 -6.962667353033676065e-02 3.944807349006273967e+01 8.572829346483533397e-03 9.999609093844187280e-01 -2.164786382642675065e-03 9.939395445450520672e-01 6.964279140955965952e-02 1.562552932586411996e-03 9.975707694359420286e-01 1.294751626745040962e+00
9.972844980881685473e-01 -3.971815013711435700e-03 -7.353811636509785532e-02 4.016454532167978897e+01 3.787672823021983638e-03 9.999893331227338589e-01 -2.643326566231488008e-03 1.003537456016503349e+00 7.354783074717810565e-02 2.357610283074981859e-03 9.972889041126135057e-01 1.344190575418817257e+00
9.972236681796970981e-01 7.689120872089638594e-04 -7.446048882750913589e-02 4.086996688899738928e+01 -8.471507180684845206e-04 9.999991218213898359e-01 -1.019162455168659163e-03 1.015242078783560764e+00 7.445963979156994261e-02 1.079412178592271043e-03 9.972234438236289300e-01 1.387866158131295213e+00
9.971686032262881971e-01 5.765886162074657095e-03 -7.497687174388802112e-02 4.159432605995006327e+01 -5.779847968819362691e-03 9.999832960658687764e-01 3.076846380007338040e-05 1.008494032364549708e+00 7.497579674262071225e-02 4.026735737864033582e-04 9.971852725330444533e-01 1.428392031432970555e+00
9.970718532445160820e-01 1.124576827253892866e-02 -7.563895929682375174e-02 4.230169621656732204e+01 -1.127442482906192145e-02 9.999364404933831496e-01 4.814765447727246484e-05 9.863697920931405738e-01 7.563469317925496094e-02 8.047790896614829236e-04 9.971352694184960619e-01 1.486722938941734018e+00
9.969561677227442020e-01 1.708812596200261213e-02 -7.606836129880907571e-02 4.301355322125383651e+01 -1.710443917135467257e-02 9.998536128439946546e-01 4.370851685685905983e-04 9.759978935047974868e-01 7.606469483415319310e-02 8.653519040755181056e-04 9.971025089557589149e-01 1.539420353439086453e+00
9.967976128635435140e-01 2.301120484493237445e-02 -7.658331046073785231e-02 4.372940686182130321e+01 -2.297656346934582455e-02 9.997351145366166758e-01 1.333526751559767787e-03 9.645473865014571047e-01 7.659371071230536288e-02 4.303650108493065236e-04 9.970622940745864637e-01 1.590267412706298344e+00
9.966500190139584436e-01 2.903144442927730121e-02 -7.645858247329698210e-02 4.443136229821632810e+01 -2.897867222306210397e-02 9.995784097529790690e-01 1.799808849227995614e-03 9.356683617713579260e-01 7.647859933121486931e-02 4.218886763290619112e-04 9.970711337985270761e-01 1.649349702682294749e+00
9.965061442678443404e-01 3.558561199323970886e-02 -7.555904085879371068e-02 4.513126653404058430e+01 -3.559801736891595597e-02 9.993654894837556979e-01 1.183041967034363954e-03 9.057512670304691538e-01 7.555319712518208941e-02 1.510843459793508601e-03 9.971406278736231199e-01 1.705545677424908479e+00
9.962972218307158956e-01 4.199924788391546510e-02 -7.501939049060980802e-02 4.582896639025997132e+01 -4.205496132734910103e-02 9.991149476796254980e-01 8.375863503394016677e-04 8.653369355490768688e-01 7.498817240173509535e-02 2.320452611997420814e-03 9.971817234082879233e-01 1.766263672899622605e+00
9.960137459019375861e-01 4.780982297715802992e-02 -7.530497195592951443e-02 4.651889200231644139e+01 -4.794944487683524409e-02 9.988497627799269862e-01 -4.615719679940339173e-05 8.298060081855159753e-01 7.521614660692114984e-02 3.656804804236973069e-03 9.971605482911113372e-01 1.821791363400737884e+00
9.956511539265026078e-01 5.360477596732605293e-02 -7.619256970542927221e-02 4.723865205179988180e+01 -5.376791145975384073e-02 9.985534555632809006e-01 -8.988819092816324394e-05 7.947799253015258580e-01 7.607753533126575263e-02 4.186212622834634481e-03 9.970931171369084023e-01 1.861329927413610585e+00
9.952924629377253307e-01 5.839490370038369349e-02 -7.734952127311145453e-02 4.789945693453628905e+01 -5.859609532914121510e-02 9.982817174154748896e-01 -3.320936435236626280e-04 7.565422634097612731e-01 7.719722036145343358e-02 4.862910222571303204e-03 9.970039825761141117e-01 1.905610560806663356e+00
9.948219492923939811e-01 6.377685953156279897e-02 -7.913154487543343218e-02 4.859037171989717763e+01 -6.398544814522207080e-02 9.979508265994669891e-01 -1.005738324526416101e-04 7.050483490204071391e-01 7.896297633534672678e-02 5.163320417326703465e-03 9.968641775540595384e-01 1.943715804833679339e+00
9.943646376136676679e-01 6.879935278585400105e-02 -8.065740213822342186e-02 4.928609403292642810e+01 -6.897975207490569804e-02 9.976179079337655908e-01 5.509750822419562898e-04 6.588713232304758138e-01 8.050317550956626045e-02 5.015857464512935363e-03 9.967417317975462154e-01 1.996215011267441719e+00
9.940652005995935792e-01 7.384855333741938144e-02 -7.987971035788782315e-02 4.999325620632028944e+01 -7.399804874998530679e-02 9.972577892385382503e-01 1.091138972787549042e-03 5.960525330477470796e-01 7.974124239115240598e-02 4.826279419331599985e-03 9.968039131588930513e-01 2.045481815114995605e+00
9.936823453837776432e-01 7.928683657859539324e-02 -7.942917611277386380e-02 5.068404943377373684e+01 -7.948427808473737533e-02 9.968358892357862544e-01 6.778413144046049887e-04 5.210282328843444111e-01 7.923159729516421335e-02 5.639811775093706014e-03 9.968402813456117562e-01 2.097422969325401620e+00
9.932664047051602552e-01 8.412208223985272182e-02 -7.965754555417936533e-02 5.137630083927491143e+01 -8.433182106696286706e-02 9.964374571089585908e-01 7.335023940536638566e-04 4.487974586330914506e-01 7.943546588026323407e-02 5.989102592524185587e-03 9.968220189233992778e-01 2.138986180780736657e+00
9.927331694024335018e-01 8.826158059080545237e-02 -8.179699114155773720e-02 5.206130982703727028e+01 -8.862441929746321667e-02 9.960647862100807659e-01 -8.086881064112566575e-04 3.755907731206375999e-01 8.140372640356673128e-02 8.052022347135994254e-03 9.966486834706271836e-01 2.192049492463963745e+00
