1.000000000000000000e+00 0.000000000000000000e+00 0.000000000000000000e+00 0.000000000000000000e+00 0.000000000000000000e+00 1.000000000000000000e+00 0.000000000000000000e+00 0.000000000000000000e+00 0.000000000000000000e+00 0.000000000000000000e+00 1.000000000000000000e+00 0.000000000000000000e+00
9.999999995969379718e-01 2.445824693239730872e-05 -1.441936943031315383e-05 -5.761853747959140744e-03 -2.445783138483979016e-05 9.999999992856635211e-01 2.881817725320419087e-05 2.467926568531911280e-03 1.442007426210827223e-05 -2.881782457508247849e-05 9.999999994807972081e-01 1.373867411082763069e-03
9.999999879963147320e-01 1.249787102051144532e-04 -9.158434537637269305e-05 2.796529006579746152e-03 -1.249760077099540173e-04 9.999999917549784456e-01 2.951339412703461122e-05 3.228408344901771525e-03 9.158803316718958055e-05 -2.950194792691124903e-05 9.999999953706336653e-01 -4.070154608979057592e-03
9.999999983636920220e-01 -1.068107059387450440e-05 -5.620080686382767472e-05 -8.519003696829197461e-03 1.068461820820258416e-05 9.999999979506009051e-01 6.312398224329398308e-05 -3.790949079643122013e-04 5.620013251693928649e-05 -6.312458262416804119e-05 9.999999964284160825e-01 -4.478580889623329231e-04
9.999999991031375268e-01 -1.867901454025949450e-05 -3.801077989812979093e-05 -2.061955182937516562e-03 1.868003502944040524e-05 9.999999994651425084e-01 2.684718442599977664e-05 -2.788004628525635360e-03 3.801027839885117652e-05 -2.684789444462154073e-05 9.999999989172047021e-01 -1.540552754134409154e-04
9.999999974505446865e-01 -4.460851669350632346e-05 -5.575832486498273085e-05 -4.608216335320619410e-03 4.461035594605971063e-05 9.999999984609416748e-01 3.298534310075898219e-05 1.980756780844564538e-04 5.575685335193905845e-05 -3.298783041538351220e-05 9.999999979014881912e-01 -2.112074663336236443e-03
9.999999782130877257e-01 2.087065989931197706e-04 -3.921682486178679344e-06 -7.558892039183657402e-03 -2.087066986864758258e-04 9.999999778972139541e-01 -2.543787753394969814e-05 2.967531414367715302e-03 3.916373346592856125e-06 2.543869546114188099e-05 9.999999996687674031e-01 6.284167529174884692e-05
9.999999851095120462e-01 1.400269071761254972e-04 -1.008634771815622081e-04 -9.605598944654961807e-04 -1.400240700336750530e-04 9.999999898008392618e-01 2.813505343571447224e-05 2.684905122631174330e-03 1.008674158173552339e-04 -2.812092970217708912e-05 9.999999945174888882e-01 -2.642870803503650189e-03
9.999999987149645886e-01 4.305767172888578322e-05 -2.676018925524715629e-05 -6.080853966505216784e-03 -4.305744068577432843e-05 9.999999990357523183e-01 8.634353117902083258e-06 -9.607455377590606339e-04 2.676056100458585251e-05 -8.633200881545035957e-06 9.999999996046701201e-01 -1.137654903533256989e-03
9.999999990225666435e-01 -4.035738057109822193e-05 -1.805958099565712694e-05 -1.948581450521947450e-03 4.035783444571902466e-05 9.999999988698036191e-01 2.513240952760928908e-05 -3.071521020561403074e-03 1.805856669703028057e-05 -2.513313834862401823e-05 9.999999995211067416e-01 -5.865629279843116804e-04
9.999999836720150359e-01 1.696079374859250759e-04 -6.236278657041093346e-05 -2.616784838006981553e-03 -1.696075225249821358e-04 9.999999855944714522e-01 6.659211732801049554e-06 4.035394762787308451e-03 6.236391512720932100e-05 -6.648634426341578225e-06 9.999999980332688887e-01 -1.333778459807254211e-03
9.999999919455994091e-01 1.242324229274774621e-04 -2.598280804931527789e-05 -2.733023761198721466e-03 -1.242324759341733372e-04 9.999999922810682840e-01 -2.038464019370870489e-06 3.446103247400937250e-03 2.598255460543157983e-05 2.041691911527953794e-06 9.999999996603691210e-01 -2.191903489778292830e-03
9.999999917116930703e-01 1.266228262038754783e-04 -2.330823285250347473e-05 2.199175306733928449e-03 -1.266234750991370578e-04 9.999999915957045182e-01 -2.784037499088974754e-05 8.765994439929236312e-04 2.330470742965027946e-05 2.784332612958237931e-05 9.999999993408199561e-01 -6.502883299331799032e-04
9.999999438408961883e-01 -1.180163188281478865e-04 3.136723656897266841e-04 -2.426955885571285484e-02 1.180887920185893017e-04 9.999999663380217951e-01 -2.310389414894500470e-04 1.788379113645665892e-03 -3.136450887655138566e-04 2.310759697052640501e-04 9.999999241153243457e-01 2.095754858118654279e-03
9.999993678003328279e-01 1.423752736433712865e-04 -1.115404956126724847e-03 -9.569431342089937398e-02 -1.434419857616685387e-04 9.999995324347428216e-01 -9.563235291307151803e-04 2.792906459834098090e-02 1.115268277777967934e-03 9.564829204451335588e-04 9.999989206579632528e-01 -9.608370063589817198e-03
9.999984394036056656e-01 8.487804752554969456e-05 -1.764648993479594769e-03 -1.241315476435870258e-01 -8.575820132017002205e-05 9.999998719718063978e-01 -4.987002121755587311e-04 4.040872409822741929e-02 1.764606438854462046e-03 4.988507670294481042e-04 9.999983186546006486e-01 1.887044175444524408e-03
9.999972817107685152e-01 -9.028883298134294621e-05 -2.329896778935439290e-03 -1.334730682919029188e-01 9.025811986700533465e-05 9.999999958384594434e-01 -1.328732094578329275e-05 3.509519879403433240e-02 2.329897968936181334e-03 1.307699272425094598e-05 9.999972856985396286e-01 -1.110393564159633389e-03
9.999963687244474153e-01 9.422692462639103875e-05 -2.693261815275007406e-03 -8.372270399187034529e-02 -9.403110876135317622e-05 9.999999929267979759e-01 7.283237385452352079e-05 3.231732707327345661e-02 2.693268658995623659e-03 -7.257885898542998143e-05 9.999963705115332280e-01 -9.744507672010477989e-03
9.999961995503762191e-01 4.843402392948116552e-04 -2.714092728101738603e-03 -3.726473838133630145e-02 -4.841068497292086979e-04 9.999998790663302550e-01 8.664804036369544655e-05 4.515530452665187516e-02 2.714134367009149191e-03 -8.533380018170875310e-05 9.999963130895935803e-01 -1.808694418843449087e-02
9.999967315961574288e-01 6.068910187960897124e-04 -2.483642545538867000e-03 -4.831875709403634159e-03 -6.063111794097533324e-04 9.999997887662924745e-01 2.342095730844558196e-04 4.659004036439889224e-02 2.483784160596264751e-03 -2.327029473519692468e-04 9.999968883279496401e-01 -1.797065905753991027e-02
9.999970771928624602e-01 1.462189108145117722e-04 -2.413343274859835064e-03 -1.679846000934596614e-02 -1.456238341964205703e-04 9.999999589536794353e-01 2.467515719492760495e-04 3.662130517804689650e-02 2.413379255547065932e-03 -2.463994104411030986e-04 9.999970574396204182e-01 -1.457226613043874179e-02
9.999968727376968847e-01 1.041346750770835922e-04 -2.498733838547824004e-03 -1.263473380161479406e-02 -1.038680982262854384e-04 9.999999889010611209e-01 1.068143047828377050e-04 4.444204956704414511e-02 2.498744933887451971e-03 -1.065544320147052967e-04 9.999968724550634125e-01 -1.162582271027626582e-02
9.999970413125907065e-01 -2.121806749732226165e-05 -2.432471142372095302e-03 -1.096026370192896941e-02 2.130396629828279636e-05 9.999999991504672225e-01 3.528748428456815906e-05 4.384544083045412155e-02 2.432470391573408192e-03 -3.533920116317134085e-05 9.999970409150894524e-01 -8.368840021243981186e-03
9.999972830573872207e-01 -2.328409372617559997e-04 -2.319410041733613141e-03 -9.588811577492580701e-03 2.329764514503561293e-04 9.999999711699182336e-01 5.815613252836252824e-05 5.661831618238320762e-02 2.319396433736426594e-03 -5.869634244246928710e-05 9.999973084738391638e-01 -7.923228652579909423e-04
9.999965341040958355e-01 -5.456287720906428723e-04 -2.575668658621927971e-03 -1.556059521857132422e-02 5.458612692118776409e-04 9.999998470068179879e-01 8.956458727999055990e-05 6.131503731724488593e-02 2.575619395546403703e-03 -9.097023462151895455e-05 9.999966789490581931e-01 3.830953858001115691e-03
9.999920158073531962e-01 4.161538689699370206e-04 -3.974309688943351675e-03 5.008987994490955720e-02 -4.188541028160061683e-04 9.999996820221290772e-01 -6.786139412954513093e-04 8.780461177918738591e-02 3.974026017383611338e-03 6.802731790300864476e-04 9.999918721397764720e-01 -7.370405033035050402e-03
9.999753511286396668e-01 5.391710148453368384e-04 -7.000459254259831614e-03 1.652808329489293127e-01 -5.475045091513634126e-04 9.999991437824968799e-01 -1.188559247796260997e-03 9.674710742351672055e-02 6.999812423648250383e-03 1.192362734160095760e-03 9.999747901308032594e-01 -3.985525682995044727e-02
9.999730847622007035e-01 1.377887676169696788e-04 -7.335582146228868637e-03 2.215832697643380922e-01 -1.444642125891345196e-04 9.999995759818389729e-01 -9.094867967498920141e-04 9.312921968585868848e-02 7.335453718743928549e-03 9.105220467951199515e-04 9.999726806609980923e-01 -3.594956113189599206e-02
9.999728479477797416e-01 -8.720472146740464777e-04 -7.317301474044784343e-03 2.926239263059174922e-01 8.661098494535956777e-04 9.999992931854844169e-01 -8.145442040107015065e-04 7.217115639524243620e-02 7.318006623074224323e-03 8.081845005858468486e-04 9.999728964411374044e-01 -3.084291471695813774e-02
9.999724661274870252e-01 -1.651012459051009540e-03 -7.234718016058628610e-03 3.723575692024642114e-01 1.646910411591708109e-03 9.999984797257124303e-01 -5.729156657694805740e-04 6.391784939935657439e-02 7.235652908205021140e-03 5.609849587570015731e-04 9.999736649646669973e-01 -3.103558785478720619e-02
9.999720583542155428e-01 -1.896057442534053927e-03 -7.231008021564996890e-03 4.648664891548892619e-01 1.892048935365559436e-03 9.999980526287276517e-01 -5.611502282610943311e-04 6.866117253037336277e-02 7.232057913174379932e-03 5.474531277713625462e-04 9.999736984708215148e-01 -3.007254276848967192e-02
9.999703917500559758e-01 -2.171779918529017587e-03 -7.382343477856304417e-03 5.870965891199272368e-01 2.166276376719644594e-03 9.999973698026937141e-01 -7.534151274286939081e-04 5.962542764898089154e-02 7.383960312680440743e-03 7.374006238443788592e-04 9.999724663061582142e-01 -3.331533251520710226e-02
9.999694834580488134e-01 -1.972890120524913547e-03 -7.559091031030642886e-03 7.396852546215685331e-01 1.966783184417984082e-03 9.999977335700973580e-01 -8.152414206978529339e-04 7.510708120276951560e-02 7.560682280625430872e-03 8.003494492195220448e-04 9.999710973444235762e-01 -3.831465916800958632e-02
9.999685409012188941e-01 -2.212953194183141063e-03 -7.617089079666062440e-03 8.805950784885303584e-01 2.209342094135431644e-03 9.999974430163645067e-01 -4.824606139367545554e-04 9.995589310453406595e-02 7.618137265650614873e-03 4.656166806221571810e-04 9.999708731686680618e-01 -4.874210491672453793e-02
9.999695119496641027e-01 -2.353276785532737014e-03 -7.445620156933714304e-03 1.012532488738224545e+00 2.349441520875597284e-03 9.999971028705645359e-01 -5.238081877454701680e-04 1.125036044776742405e-01 7.446831251656686051e-03 5.062991687097074308e-04 9.999721437947465263e-01 -6.064065542268558262e-02
9.999683035180915169e-01 -2.991434886924709304e-03 -7.378568727557452064e-03 1.150487377867219330e+00 2.986681771261884798e-03 9.999953252683271288e-01 -6.551133411670640285e-04 1.136282215488333552e-01 7.380493963632177648e-03 6.330551396622989676e-04 9.999725633986379369e-01 -6.301868547659997266e-02
9.999649372169993056e-01 -3.653459902360321407e-03 -7.535022716919043823e-03 1.327935167760764479e+00 3.648499341780493156e-03 9.999931184275158147e-01 -6.719748249759213308e-04 1.117460299369428256e-01 7.537425897192492549e-03 6.444597382454711606e-04 9.999713855318511646e-01 -7.433515202743284922e-02
9.999711934052242235e-01 -3.961947501242446372e-03 -6.474205104025003259e-03 1.499216762402799663e+00 3.963262429979773523e-03 9.999921281401519257e-01 1.902856826710218156e-04 1.139572840295378087e-01 6.473400238104816927e-03 -2.159391750412350945e-04 9.999790240098188621e-01 -6.846260970086566477e-02
9.999715436867704366e-01 -3.974111662608218951e-03 -6.412351611583866177e-03 1.669914821794535875e+00 3.977017737105154049e-03 9.999919946075240818e-01 4.405119571092500205e-04 1.506341196644778724e-01 6.410549634486255831e-03 -4.660014578588409688e-04 9.999793436346697817e-01 -8.158538012699884101e-02
9.999697407707057728e-01 -3.966962890034641566e-03 -6.691841928539284980e-03 1.866196192338255067e+00 3.975781448941844050e-03 9.999912450043972889e-01 1.305019703189657255e-03 2.065874775782935158e-01 6.686606376759309835e-03 -1.331585515297962867e-03 9.999767578174892924e-01 -8.587169121543872241e-02
9.999669703008186028e-01 -5.063786943415256314e-03 -6.357386978430535837e-03 2.074449126237972507e+00 5.085875784490073714e-03 9.999810699803463043e-01 3.463170291291398778e-03 1.966608494114773509e-01 6.339729876466223060e-03 -3.495388784304696156e-03 9.999737946978111136e-01 -9.737579805372707786e-02
9.999656920416208905e-01 -5.791167213138921285e-03 -5.922594197792161765e-03 2.269150349096330732e+00 5.816600617197046838e-03 9.999738977813238394e-01 4.286130339420013771e-03 2.145469792328515146e-01 5.897617907450392570e-03 -4.320432656105006181e-03 9.999732756252447397e-01 -9.875459515270069988e-02
9.999675718469956953e-01 -5.922228448653825764e-03 -5.457331273191218073e-03 2.506030683750562371e+00 5.951888646118872611e-03 9.999675184098205660e-01 5.434808814426308685e-03 2.311384097913654900e-01 5.424967831019538063e-03 -5.467114001657542507e-03 9.999703397543975303e-01 -9.746529886353563765e-02
9.999667298448630115e-01 -6.569547613307203000e-03 -4.835312557354633396e-03 2.726516798599891711e+00 6.599513463109788793e-03 9.999589549059880733e-01 6.207650551894198197e-03 2.275737182397184755e-01 4.794332635628698221e-03 -6.239354732717905354e-03 9.999690419343482128e-01 -1.028501344270452977e-01
9.999597157193645947e-01 -7.684512412569097055e-03 -4.638448817070133651e-03 2.976260535190263568e+00 7.715233978443948419e-03 9.999481775613463519e-01 6.642089761516474337e-03 2.221576600089483211e-01 4.587167220123091263e-03 -6.677608907629248476e-03 9.999671831796138610e-01 -1.097695053381537444e-01
9.999576304372218560e-01 -8.280232259457481758e-03 -4.021825966628659633e-03 3.241208984062946552e+00 8.305410586552937346e-03 9.999457605418301531e-01 6.284594609813707461e-03 2.232078307926824434e-01 3.969569921941583888e-03 -6.317731250248363739e-03 9.999721640058208960e-01 -1.233634458308648790e-01
9.999471115007616540e-01 -8.781737300640263949e-03 -5.353063727048258322e-03 3.497275825580153263e+00 8.807502707368755623e-03 9.999496504604258318e-01 4.808787802757017241e-03 2.731874786905756913e-01 5.310564691535955492e-03 -4.855680596455668949e-03 9.999741097991499128e-01 -1.310737121796381188e-01
9.999208719312657756e-01 -9.898843081781063744e-03 -7.762910656410105560e-03 3.748328460030144083e+00 9.937883523169004432e-03 9.999380835302313919e-01 5.006753136308644998e-03 2.479309277976762815e-01 7.712868940741597797e-03 -5.083503863506511587e-03 9.999573339103887681e-01 -1.256130345607719134e-01
9.998778833686789991e-01 -1.061729384973091050e-02 -1.146697089378265200e-02 4.035964083963742510e+00 1.063786557385523746e-02 9.999419119848086401e-01 1.734494796112069333e-03 2.748291078679852006e-01 1.144788915927202541e-02 -1.856267080357894587e-03 9.999327477917319129e-01 -1.193457176978876266e-01
9.998260766283064704e-01 -1.083719169120358518e-02 -1.517800284279901060e-02 4.325544371832375390e+00 1.080247723003479286e-02 9.999388493688506907e-01 -2.367278731702690195e-03 2.891346260533535495e-01 1.520272935174755979e-02 2.202906976497194004e-03 9.998820051491628114e-01 -1.280343962694414361e-01
9.997961968667350430e-01 -1.096205784322178828e-02 -1.695281742527175381e-02 4.638401411283806119e+00 1.088104692968788062e-02 9.999289721088108207e-01 -4.863492071634954554e-03 2.882330636577302152e-01 1.700492718380963372e-02 4.678036474717334019e-03 9.998444621170907709e-01 -1.231107519706628323e-01
9.997641837135295972e-01 -1.126467992627033961e-02 -1.856566588567417492e-02 4.952763361366709027e+00 1.111742019415598408e-02 9.999060685493188494e-01 -8.016049305701215127e-03 3.092562347602237360e-01 1.865422021544659720e-02 7.807756681886434368e-03 9.997955085935074093e-01 -1.367011561886484761e-01
9.997530193640968843e-01 -1.136707296421722406e-02 -1.909685640616742841e-02 5.262544548796543431e+00 1.116860279657707310e-02 9.998828397498085163e-01 -1.046752527730208764e-02 3.360981589141495141e-01 1.921360413727489502e-02 1.025165479738901660e-02 9.997628423731156344e-01 -1.441832501350121809e-01
9.997434509855843698e-01 -1.183029050265733094e-02 -1.931518672074131193e-02 5.565819107463168436e+00 1.160250675605101374e-02 9.998623188259053718e-01 -1.186276650108674877e-02 3.407914799900937930e-01 1.945286735702879410e-02 1.163561853561086504e-02 9.997430661589424838e-01 -1.562854472737748024e-01
9.997160253993908618e-01 -1.257328245347700060e-02 -2.024305135076032505e-02 5.913902022385820523e+00 1.235152897786152837e-02 9.998627413285088306e-01 -1.104256469070451913e-02 3.594849685337350165e-01 2.037911410129200976e-02 1.078939624744752052e-02 9.997341049684471681e-01 -1.706477670350047271e-01
9.997601576567454185e-01 -1.309889569653892305e-02 -1.755124194154924003e-02 6.248231906387374579e+00 1.296801551682407946e-02 9.998874060950504461e-01 -7.550212319337694031e-03 3.729330937087598219e-01 1.764816522234005300e-02 7.320796680885409760e-03 9.998174574392277858e-01 -1.865610948457115947e-01
9.998659544629392437e-01 -1.391040954684243103e-02 -8.635601435600135517e-03 6.606217946998726553e+00 1.388233489791547426e-02 9.998981819106574909e-01 -3.302512610691352591e-03 4.065296171840153128e-01 8.680661478109967522e-03 3.182187612440881812e-03 9.999572589857537164e-01 -1.899737081228999314e-01
9.998703688652342825e-01 -1.575818972086412070e-02 3.305286980224564006e-03 6.977053078385964113e+00 1.576071398907774243e-02 9.998755190997814513e-01 -7.390531083627525141e-04 4.404362233783877256e-01 -3.293229396030410670e-03 7.910509868168050934e-04 9.999942644227922672e-01 -2.035661751611633485e-01
9.997282784810711531e-01 -1.683541459790230399e-02 1.612259348214879762e-02 7.326962235321923700e+00 1.684737271703994760e-02 9.998578892054981182e-01 -6.061567940732455820e-04 4.535141976442450540e-01 -1.611009738664005708e-02 8.776154297875306438e-04 9.998698388057069009e-01 -2.187741512328968130e-01
9.995785526351581574e-01 -1.816550668795810855e-02 2.264357477458251930e-02 7.680714876409184377e+00 1.827889454308246828e-02 9.998213540550358047e-01 -4.810612210279466283e-03 4.649345695424204061e-01 -2.255214238349053865e-02 5.222484305823164863e-03 9.997320273611275399e-01 -2.409940306418048572e-01
9.995556064991273360e-01 -1.988308864698036180e-02 2.220928414015146957e-02 8.037506568366771020e+00 2.006738742484629953e-02 9.997657653485779727e-01 -8.106441815824960359e-03 4.681343525780597981e-01 -2.204290085498693263e-02 8.548521675035719927e-03 9.997204775831435297e-01 -2.428351700698801463e-01
9.996051157949882304e-01 -2.068019407021982198e-02 1.902477462957603144e-02 8.435935944426834254e+00 2.083915795687489581e-02 9.997492489624557610e-01 -8.195650959748465234e-03 5.153030723324901752e-01 -1.885051649521923833e-02 8.588874910234351248e-03 9.997854216058762455e-01 -2.709722882579189140e-01
9.995717067008919043e-01 -2.253175729965074120e-02 1.867412852199128864e-02 8.807878865951716207e+00 2.263667972796620104e-02 9.997290309166712019e-01 -5.426368334985609554e-03 5.209716502489557532e-01 -1.854680279616131161e-02 5.846764524340438210e-03 9.998108978455061413e-01 -2.868133141615859527e-01
9.995825700124770785e-01 -2.348292418366635867e-02 1.682967614173322760e-02 9.214678588362648526e+00 2.351938249727954580e-02 9.997214368387452588e-01 -1.971641960751855348e-03 5.804587009175814494e-01 -1.677868809526262064e-02 2.366642528755542353e-03 9.998564270078694749e-01 -3.194937322281657388e-01
9.996279161182630713e-01 -2.477832379840162400e-02 1.140455991260857539e-02 9.628334082781021763e+00 2.477663597373506651e-02 9.996929701793881851e-01 2.892814164197825104e-04 6.374298435766041493e-01 -1.140822628122936146e-02 -6.607150072092285269e-06 9.999349240472911182e-01 -3.419270801904393808e-01
9.996488022582644684e-01 -2.601787909394515097e-02 5.034094861060530411e-03 1.003686330778062796e+01 2.600315095076403266e-02 9.996574508806977954e-01 2.969349985618298816e-03 6.592720603826330850e-01 -5.109626625212815472e-03 -2.837404828036304855e-03 9.999829202789379812e-01 -3.415636133192394563e-01
9.996222725960288713e-01 -2.748012200934769889e-02 3.937312558929279699e-04 1.045993120462423320e+01 2.747878513620323482e-02 9.996176648971677459e-01 3.072522249248087721e-03 6.628659398721327145e-01 -4.780140048984907056e-04 -3.060542416813146795e-03 9.999952022798539453e-01 -3.733212643134699582e-01
9.995875445924217173e-01 -2.871827896166820326e-02 -3.389945583916035860e-05 1.090218704025067353e+01 2.871826893217756943e-02 9.995840954416247426e-01 2.626246311361332599e-03 6.763819144512169812e-01 -4.153591729077644600e-05 -2.626136635558022712e-03 9.999965508346211340e-01 -3.903574702308383326e-01
9.995916027742063337e-01 -2.857476644349612321e-02 3.322438758106252186e-04 1.136710655693842753e+01 2.857320223468490933e-02 9.995836207893351588e-01 4.019597459745411633e-03 7.591552077813615851e-01 -4.469645949769623905e-04 -4.008462595839271114e-03 9.999918661920549345e-01 -4.029677033649736173e-01
9.995489653682808617e-01 -3.001293702085968546e-02 1.043763661534446649e-03 1.181704209757984891e+01 3.000652746588635539e-02 9.995334899205240431e-01 5.693051619015586373e-03 7.942789462502345410e-01 -1.214141934963768044e-03 -5.659164132597517549e-03 9.999832497200551451e-01 -4.220208275898887362e-01
9.995087690471538000e-01 -3.133574498187548935e-02 5.400780261168856063e-04 1.231430719868283319e+01 3.133160465985896509e-02 9.994881349683343297e-01 6.465184216940751509e-03 8.150640760223082371e-01 -7.423929429438470579e-04 -6.445086807137766390e-03 9.999789546329296286e-01 -4.444892161829515631e-01
9.994747346326353643e-01 -3.240347949047766435e-02 -5.189874114769905521e-04 1.280047982182743915e+01 3.240568670868827078e-02 9.994620890709142724e-01 5.040236000633707518e-03 8.374429750944927253e-01 3.553870586025976324e-04 -5.054406682681307321e-03 9.999871632541712518e-01 -4.460156311239061311e-01
9.994550447448498076e-01 -3.290540869124901346e-02 -2.616794400040393150e-03 1.331315758910986169e+01 3.291523682794311734e-02 9.994509005611433849e-01 3.805857601099740459e-03 9.076892248735159985e-01 2.490124219918844663e-03 -3.889915986407033177e-03 9.999893338606107296e-01 -4.668883364469840203e-01
9.994336220412456395e-01 -3.341040972783899943e-02 -4.022394229123683017e-03 1.383415286564926916e+01 3.342659232355447985e-02 9.994330686613672743e-01 4.025443051101579642e-03 9.629455715147353656e-01 3.885622106105470798e-03 -4.157618060944751059e-03 9.999838079453625683e-01 -5.060017124653296561e-01
9.993649722933782842e-01 -3.541133307536778463e-02 -3.961015385054400713e-03 1.436773724041067446e+01 3.543304132032282228e-02 9.993566329904690626e-01 5.551547599118164360e-03 9.640644156097468720e-01 3.761879297315280559e-03 -5.688373034387162429e-03 9.999767450677911063e-01 -5.069169453991820840e-01
9.993249405672528507e-01 -3.648883662102129360e-02 -4.269421775945326028e-03 1.488668399855709090e+01 3.651620307116908853e-02 9.993118057738711313e-01 6.517802868301219611e-03 1.011935810383669532e+00 4.028656540540744360e-03 -6.669306036561077795e-03 9.999696446810117934e-01 -5.321539263116958907e-01
9.992645692321610040e-01 -3.831472055807307736e-02 -1.517519627715966171e-03 1.544150495161534131e+01 3.832350563344816968e-02 9.992457811825184999e-01 6.259209606759934784e-03 1.057009544699668346e+00 1.276555218859431844e-03 -6.312763063434410384e-03 9.999792594995549067e-01 -5.421865328358345115e-01
9.992208253116532379e-01 -3.944385054929747808e-02 1.387413904834494324e-03 1.600081706747953803e+01 3.943832629152355801e-02 9.992147577387726631e-01 3.806092007437478220e-03 1.085386465718305216e+00 -1.536451373120843560e-03 -3.748409114603504060e-03 9.999917943394773800e-01 -5.576335140257074885e-01
9.992106073230073715e-01 -3.965173300844279658e-02 2.429461383492322046e-03 1.656509221106335872e+01 3.964626664462647665e-02 9.992112256237974943e-01 2.258346415336148771e-03 1.129820285122173029e+00 -2.517092435706532773e-03 -2.160244619401010049e-03 9.999944987792954709e-01 -5.862763571331919277e-01
9.991817077362867838e-01 -4.036971157414843969e-02 2.490243485623639015e-03 1.714735513140590228e+01 4.036441286661722472e-02 9.991827277911422556e-01 2.142582037035008821e-03 1.183653618652078521e+00 -2.574703697688604173e-03 -2.040311562537615395e-03 9.999946040002399839e-01 -6.170975713161054310e-01
9.991400511540088347e-01 -4.138148737006654837e-02 2.594355990520773921e-03 1.772950975823134101e+01 4.137145145049676148e-02 9.991365724065044418e-01 3.809551766424785178e-03 1.245469424560743166e+00 -2.749760870279129975e-03 -3.698943473872368971e-03 9.999893782597559788e-01 -6.354437787818769667e-01
9.990627721747687984e-01 -4.323349228645101405e-02 2.107699974737037817e-03 1.830039824392338943e+01 4.322122120779237076e-02 9.990500764405907397e-01 5.556149868099941568e-03 1.283260343033090223e+00 -2.345909583339733477e-03 -5.459845122994635806e-03 9.999823432438493809e-01 -6.523769128439651510e-01
9.990274057857871925e-01 -4.394378225759951878e-02 3.631320671143293231e-03 1.887648185920070887e+01 4.392481309417758245e-02 9.990215751429454283e-01 5.148125246123676918e-03 1.359022163829149754e+00 -3.853995791585220800e-03 -4.983613127530261977e-03 9.999801549614040219e-01 -6.665173766871166361e-01
9.989584306925201052e-01 -4.545631719888423850e-02 3.972024049767783858e-03 1.945583144205736659e+01 4.544684352762985713e-02 9.989637694547820468e-01 2.443712353798891887e-03 1.418007996397670389e+00 -4.078990281018188106e-03 -2.260651102537086267e-03 9.999891255883135432e-01 -6.894754653685709611e-01
9.988896491057053240e-01 -4.699237308917191686e-02 3.344515051383401168e-03 2.006415605403936198e+01 4.698956541321366170e-02 9.988949628362222555e-01 9.132155821608024110e-04 1.433614805784861002e+00 -3.383733405304554555e-03 -7.550442836400082531e-04 9.999939901101263517e-01 -7.049862440654073303e-01
9.988715125809830564e-01 -4.743522411053417015e-02 2.366615254421039656e-03 2.068164297965817156e+01 4.743691901322410337e-02 9.988740141745581225e-01 -6.652227728019912724e-04 1.489288645628319196e+00 -2.332395487878993409e-03 7.767370134314722976e-04 9.999969783008847424e-01 -7.302514127353415541e-01
9.988438558408245793e-01 -4.806726628196763412e-02 6.996865102058176262e-04 2.129143716057815894e+01 4.806769710865348849e-02 9.988438923636014932e-01 -6.125215104271447639e-04 1.570231531363342370e+00 -6.694353627431490119e-04 6.454456665040790575e-04 9.999995676279999079e-01 -7.574845480732098624e-01
9.988130734779823161e-01 -4.870470133488284670e-02 -5.443503894665636857e-04 2.189844484533730551e+01 4.870464130170018557e-02 9.988132171654392488e-01 -1.230093403996219698e-04 1.629632522291095675e+00 5.496954969539228925e-04 9.635094688963599251e-05 9.999998442756656836e-01 -7.742948276540139174e-01
9.987849658213022730e-01 -4.925427638834658367e-02 -1.615025324989249889e-03 2.249449021854611885e+01 4.925468358538964003e-02 9.987862287016263663e-01 2.133093660345534298e-04 1.701924168909796364e+00 1.602558655132742347e-03 -2.925977492289216515e-04 9.999986730952766800e-01 -8.011173228953495373e-01
9.987297264200661884e-01 -5.033468083962754774e-02 -2.313756614815825133e-03 2.310767874597810589e+01 5.033774537696714818e-02 9.987314243274052483e-01 1.285865979045516935e-03 1.733953873106712118e+00 2.246097785804173318e-03 -1.400701868805871936e-03 9.999964965333685285e-01 -8.184476120213296513e-01
9.987299935569230458e-01 -5.030484779712550425e-02 -2.796829972743390853e-03 2.374980363210901757e+01 5.030867256516671771e-02 9.987328520961114009e-01 1.314385292703670926e-03 1.800454599076396045e+00 2.727166023409657511e-03 -1.453420818232442928e-03 9.999952250553029165e-01 -8.369346664165238092e-01
9.987009382508788002e-01 -5.090847899839062718e-02 -2.182361767614845668e-03 2.438667926093301475e+01 5.091052873319378003e-02 9.987028179304021647e-01 8.941599300800896072e-04 1.825213730057664296e+00 2.134010525038834878e-03 -1.004103552593704849e-03 9.999972188837000786e-01 -8.550977294855611754e-01
9.987008938770622901e-01 -5.094494043534133348e-02 -1.066589516291875737e-03 2.501603463419600715e+01 5.094593328628222589e-02 9.987009840860695542e-01 9.253470192402647385e-04 1.862508514525738290e+00 1.018062250759365229e-03 -9.784832936025815268e-04 9.999990030593519652e-01 -8.864866294906578181e-01
9.987312454729551092e-01 -5.033017602942291974e-02 1.665141701825658760e-03 2.566978435472666931e+01 5.032601480973421942e-02 9.987298306425178573e-01 2.453083394008593113e-03 1.923640217499765548e+00 -1.786490808895440817e-03 -2.366171087400842019e-03 9.999956048328286773e-01 -9.125206003122457998e-01
9.987601577936539021e-01 -4.959622815720906436e-02 4.285015352793700161e-03 2.633135925933580879e+01 4.958612623261566404e-02 9.987668892588561498e-01 2.432489554123775863e-03 2.012392903957577861e+00 -4.400373761252554874e-03 -2.216996338715752218e-03 9.999878607453169810e-01 -9.333780466967217526e-01
9.987946639157428974e-01 -4.882049009052368688e-02 5.077310386343584538e-03 2.700085149535325257e+01 4.881159733758442393e-02 9.988062699107451703e-01 1.860954684328569890e-03 2.082344177711927369e+00 -5.162102167888096664e-03 -1.610879978360243254e-03 9.999853787765616842e-01 -9.643469515980753748e-01
9.988106081406221692e-01 -4.852814845268449417e-02 4.731582559224779133e-03 2.767097652835453303e+01 4.852192627595711127e-02 9.988211066190012533e-01 1.421141394908729530e-03 2.121095275860718221e+00 -4.794969888448446377e-03 -1.189865600795290924e-03 9.999877961673436788e-01 -9.827188259555428296e-01
9.988703868080784920e-01 -4.746868455754812283e-02 2.162023185724795248e-03 2.838947308564245375e+01 4.746470641902347104e-02 9.988711920761462748e-01 1.855609046782313734e-03 2.186536715960124777e+00 -2.247665997325035744e-03 -1.750893130542470174e-03 9.999959411771679463e-01 -1.020625569603812899e+00
9.989245018312008506e-01 -4.636596203429376589e-02 -1.928883656573330261e-04 2.907175496171861795e+01 4.636631477080605662e-02 9.989208294015763379e-01 2.709509594260428762e-03 2.261735096489152941e+00 6.705118722530393734e-05 -2.715539044331151917e-03 9.999963106691128756e-01 -1.046691332368254734e+00
9.989566252329228346e-01 -4.558174792499593980e-02 -2.822261389705390741e-03 2.978982426098129821e+01 4.558995323797689764e-02 9.989559854983471876e-01 2.914652772632920965e-03 2.309497096649624659e+00 2.686459939916039513e-03 -3.040278462257180441e-03 9.999917697860634114e-01 -1.070323925588345437e+00
9.990167818525638177e-01 -4.413961589417313147e-02 -4.142932012696956545e-03 3.050003568874223348e+01 4.415049778633045596e-02 9.990215781253484195e-01 2.572933181710678526e-03 2.345930280296628645e+00 4.025310195028457619e-03 -2.753315937769774697e-03 9.999881079938803818e-01 -1.078220023258726901e+00
9.991206232087116446e-01 -4.160007347305447190e-02 -5.235853900944631781e-03 3.123372663589755049e+01 4.161375431842090356e-02 9.991305652006370330e-01 2.531626627620839343e-03 2.417097772285637269e+00 5.125985813643402222e-03 -2.747283911801358045e-03 9.999830882072687777e-01 -1.111253597280153382e+00
9.992570675008949355e-01 -3.846848568638875504e-02 -2.342788617880355983e-03 3.194919868704736032e+01 3.847974850139718878e-02 9.992470268270113865e-01 4.968735517947964198e-03 2.487645467938372157e+00 2.149884829749476502e-03 -5.055193999660194393e-03 9.999849113905892040e-01 -1.139504077344331012e+00
9.993668600565877025e-01 -3.555046474723444483e-02 1.429502323308066329e-03 3.266777627841783982e+01 3.554025241548622316e-02 9.993462703008213488e-01 6.627404777232030406e-03 2.551794819121057767e+00 -1.664175135082915499e-03 -6.572403829147510299e-03 9.999770167503982954e-01 -1.167804186207073602e+00
9.994277471416700420e-01 -3.340790587418072249e-02 5.300006455467621419e-03 3.340474218938935280e+01 3.337907406781049496e-02 9.994279678952298074e-01 5.438235300833054245e-03 2.595269975622770176e+00 -5.478654734671481105e-03 -5.258213947100954383e-03 9.999711673485315311e-01 -1.172036381730365617e+00
9.995099294295334280e-01 -3.090270026266041595e-02 4.992403053164885980e-03 3.414406169680253811e+01 3.089299937907686103e-02 9.995206789508427336e-01 2.008715761567972206e-03 2.618693314110039694e+00 -5.052084830388243498e-03 -1.853501044667271204e-03 9.999855203815423144e-01 -1.212632641549532320e+00
9.996291912633606946e-01 -2.698705652465473170e-02 3.630255403484880256e-03 3.488624101715016224e+01 2.698401501663309082e-02 9.996354741068611549e-01 8.842175824582546636e-04 2.696986930323590936e+00 -3.652794511269496797e-03 -7.859308405317397012e-04 9.999930196781237068e-01 -1.257195423756209074e+00
9.997135999822875929e-01 -2.378725269895048261e-02 2.623855844171910784e-03 3.559011976919021691e+01 2.378039700487477592e-02 9.997137894232092092e-01 2.613800944555692233e-03 2.731244597543281749e+00 -2.685280012450236113e-03 -2.550656018260905478e-03 9.999931416890474045e-01 -1.265746736375866321e+00
9.997895660047992905e-01 -2.050924714153761624e-02 4.410097759536140988e-04 3.632694591546197671e+01 2.050732460460551881e-02 9.997817255457672747e-01 3.993858070761752664e-03 2.788116532240817680e+00 -5.228245370069338959e-04 -3.983973696622371795e-03 9.999919272714595797e-01 -1.297703186481421689e+00
9.998404533571586539e-01 -1.779914981111295480e-02 -1.502696427454263371e-03 3.707150478911857050e+01 1.780808537785594919e-02 9.998224562397372006e-01 6.158578887521381530e-03 2.816398035944446043e+00 1.392812164837449029e-03 -6.184356453212309056e-03 9.999799067028962707e-01 -1.319437702427771475e+00
9.998896702152719751e-01 -1.479115926712334245e-02 -1.367115331374699075e-03 3.778277237808378430e+01 1.480074546358953538e-02 9.998638863680178179e-01 7.290176319238231110e-03 2.818269044912615762e+00 1.259099089318343372e-03 -7.309606321693347918e-03 9.999724917841016358e-01 -1.322784216779502753e+00
9.999380392977558207e-01 -1.081885503470935393e-02 -2.621057248082194532e-03 3.851633440319083945e+01 1.083472996503539836e-02 9.999225731770304826e-01 6.120153397651889420e-03 2.868009670690052637e+00 2.554641255547274604e-03 -6.148172636155398683e-03 9.999778366450385869e-01 -1.332752237513976645e+00
9.999616745091447489e-01 -6.081140556775349419e-03 -6.298352355650286248e-03 3.922577060820497508e+01 6.112633589419888026e-03 9.999688519450821156e-01 4.993080235280793547e-03 2.906762581970472326e+00 6.267792551503220157e-03 -5.031388393197047323e-03 9.999676994320206846e-01 -1.369084200532966644e+00
9.999608674330371372e-01 -2.069018219336382115e-03 -8.601323513038871063e-03 3.993108107407226726e+01 2.128299739525730747e-03 9.999740076778678155e-01 6.888708796443702986e-03 2.893738538643003899e+00 8.586847080659812045e-03 -6.906745418177815884e-03 9.999392796189885413e-01 -1.389925458912066869e+00
9.999596549883008612e-01 3.074319515298852036e-03 -8.440198765198445724e-03 4.067278884112384674e+01 -2.994144137408147159e-03 9.999504341877647473e-01 9.495486748199454680e-03 2.926466234522392185e+00 8.468972580108473369e-03 -9.469832481024131193e-03 9.999192961315521710e-01 -1.424104269257119526e+00
9.999442316750550841e-01 7.974755879080532364e-03 -6.923641271245845573e-03 4.136580679888115952e+01 -7.899201848872937012e-03 9.999096961308077125e-01 1.087208322938127900e-02 2.954264267793872634e+00 7.009718249301514180e-03 -1.081678567158015497e-02 9.999169270483425631e-01 -1.432750706830461684e+00
9.998994951041899615e-01 1.247822614251806878e-02 -6.730049236242933303e-03 4.206585104070325798e+01 -1.240167032025403168e-02 9.998592504431346173e-01 1.129946355189991904e-02 2.936888105367069013e+00 6.870099246284996908e-03 -1.121486404862596410e-02 9.999135105401452117e-01 -1.464177304470101637e+00
9.998116464508850498e-01 1.868563918070284199e-02 -5.245808763102521519e-03 4.276756824756406417e+01 -1.861632511795370190e-02 9.997426383871798050e-01 1.296493076507788944e-02 2.963281651421521445e+00 5.486716711577742031e-03 -1.286483109291372898e-02 9.999021912470628104e-01 -1.463990212816967285e+00
9.996956775367749071e-01 2.453088661437309928e-02 -2.605362969218756423e-03 4.344224389321042423e+01 -2.449370782430597068e-02 9.996094495077109121e-01 1.345387423415962160e-02 2.962617156860182011e+00 2.934380906790741775e-03 -1.338596491866845227e-02 9.999060982671773568e-01 -1.476830133795698607e+00
9.995078266841745940e-01 3.134182560298779535e-02 1.339539081153403493e-03 4.412560001841995927e+01 -3.135656001234026630e-02 9.994244226010590149e-01 1.294564222942990242e-02 3.006219818218025086e+00 -9.330280116598272094e-04 -1.298127406735541736e-02 9.999153044044868377e-01 -1.507655500101378721e+00
9.992760248138781165e-01 3.767496897253594379e-02 5.293670285556844116e-03 4.483799147677520835e+01 -3.773638687462459174e-02 9.992153693158990491e-01 1.202542425613761963e-02 2.968021853514123620e+00 -4.836459223687717204e-03 -1.221648213725606315e-02 9.999136793875598173e-01 -1.516932266916283911e+00
9.990189606687270851e-01 4.371908421080177021e-02 7.053927994050750334e-03 4.553151278419279180e+01 -4.379364275608263468e-02 9.989823695025085160e-01 1.078620773516683097e-02 2.957976299904909734e+00 -6.575186577507934928e-03 -1.108454324374194035e-02 9.999169464623292036e-01 -1.556148050211775047e+00
9.987570824902025635e-01 4.938195619629720534e-02 6.761107741020287373e-03 4.623294476530170272e+01 -4.944680500859280348e-02 9.987288160868476039e-01 9.785979368763434924e-03 2.938197590996669106e+00 -6.269262325098667876e-03 -1.010813137976780164e-02 9.999292585127752542e-01 -1.582060753902079897e+00
9.984797664853949373e-01 5.481360553900451599e-02 5.798669423726386662e-03 4.691322091333901056e+01 -5.487077558526750470e-02 9.984412830305164910e-01 1.020795410683504600e-02 2.918399059697852405e+00 -5.230096169522881894e-03 -1.051061312152872657e-02 9.999310841782382830e-01 -1.598390331469780712e+00
9.981773013837621500e-01 6.023735213884727491e-02 3.679185987507584566e-03 4.761636659709396469e+01 -6.027168589892058226e-02 9.981312198742836594e-01 1.006934909397408026e-02 2.916671763814485896e+00 -3.065759470672617133e-03 -1.027274644751684576e-02 9.999425342484902224e-01 -1.631137042014086269e+00
9.978427778111265134e-01 6.561803667974883125e-02 2.015944560262753274e-03 4.832426720701795375e+01 -6.563559301322277606e-02 9.977890597178451504e-01 1.043844994149688982e-02 2.881997090272900408e+00 -1.326536836087012679e-03 -1.054824960236027190e-02 9.999434857682452105e-01 -1.646097132076811631e+00
9.975225592022121113e-01 7.032247610415562344e-02 1.869020398391408287e-03 4.898975162524490656e+01 -7.033890483717639142e-02 9.974619700155894497e-01 1.104793369485555093e-02 2.860398819361406275e+00 -1.087358715322040825e-03 -1.115202794112985646e-02 9.999372229914358368e-01 -1.681240619129180436e+00
9.971397173748897114e-01 7.544048906183695169e-02 4.595284935232527533e-03 4.967911609093891911e+01 -7.548602701545889526e-02 9.970893629729741248e-01 1.070803303927331945e-02 2.846343532287836098e+00 -3.774090479377217953e-03 -1.102428484118667118e-02 9.999321083877614758e-01 -1.696576585515085833e+00
9.967326343151194923e-01 8.061175158235361904e-02 5.079487972927490026e-03 5.036504730330984358e+01 -8.065389672465386739e-02 9.967039821899863483e-01 8.724725196371182351e-03 2.807967873033774708e+00 -4.359430509948795072e-03 -9.105898827037162135e-03 9.999490376875116437e-01 -1.717518405087065325e+00
9.962897867422364495e-01 8.595729222009469706e-02 4.243200124712088669e-03 5.105869093204093190e+01 -8.597974338281015594e-02 9.962821037815702274e-01 5.427099814333460372e-03 2.782734128240667903e+00 -3.760925542366097812e-03 -5.771793374495767619e-03 9.999762706386121636e-01 -1.743494033721333381e+00
9.959855045181310595e-01 8.950201515145053688e-02 1.504683884893999804e-03 5.175187776581609711e+01 -8.950607546630448552e-02 9.959820794341671668e-01 2.891349271982115304e-03 2.709513218490819053e+00 -1.239856598218728144e-03 -3.014420312747492260e-03 9.999946879987883230e-01 -1.769201161099350106e+00
