9.999999999999998890e-01 4.398956837314658088e-19 2.441745095945777155e-19 -8.673617379884035472e-19 1.176356710168812141e-18 1.000000000000000000e+00 2.573458147325975460e-19 0.000000000000000000e+00 5.500537250520463348e-20 -2.210423569125054137e-19 1.000000000000000000e+00 0.000000000000000000e+00
9.999985826300007430e-01 1.563635327305509803e-03 6.243240418046786368e-04 -2.399236186963888892e-02 -1.564101141302640411e-03 9.999984983123347826e-01 7.462998362313139761e-04 -1.587686526705374412e-02 -6.231561737386597790e-04 -7.472752917840912905e-04 9.999995266275450989e-01 8.000809545266492906e-01
9.999879102745838910e-01 4.868059948308113560e-03 6.937497926183109525e-04 -1.731377137674122366e-02 -4.868698195061328497e-03 9.999877234773454360e-01 9.212390977672130742e-04 -3.316302234118713443e-02 -6.892566402117738557e-04 -9.246056298820090743e-04 9.999993350142560855e-01 1.567629686939838951e+00
9.999818711310437536e-01 5.914129552300378782e-03 1.131579088164369864e-03 -3.455344489261508167e-02 -5.915080960159592102e-03 9.999821535884362289e-01 8.392454395545435528e-04 -5.562495747354181952e-02 -1.126595506617072712e-03 -8.459236177899078250e-04 9.999990075967175596e-01 2.316062029318429971e+00
9.999727787490682029e-01 7.254292675245883372e-03 1.347956474528534936e-03 -3.834865439854774627e-02 -7.255120068609160339e-03 9.999734952849632652e-01 6.098967768170394758e-04 -6.614676682223959159e-02 -1.343496401039749599e-03 -6.196597702821178728e-04 9.999989055181343067e-01 3.050117149187236087e+00
9.999706697744930040e-01 7.491376131522075460e-03 1.593380770708528174e-03 -4.804309107469502405e-02 -7.492372589121846539e-03 9.999717394056973907e-01 6.202879245595928044e-04 -8.775623223728978850e-02 -1.588688958360071415e-03 -6.322079433887777683e-04 9.999985381881604241e-01 3.774604485687473865e+00
9.999694424207076215e-01 7.465121832572765848e-03 2.320812301609304594e-03 -4.979023304126597993e-02 -7.467953281250592525e-03 9.999713778564977007e-01 1.213736197394883840e-03 -1.068331785804654543e-01 -2.311685226054714399e-03 -1.231030840817235643e-03 9.999965703299179554e-01 4.472600717756987976e+00
9.999604300255829914e-01 8.505942840587919426e-03 2.605245986935497693e-03 -5.123968049649293977e-02 -8.514847896886298603e-03 9.999578780511541032e-01 3.426295988537831228e-03 -1.253532900577787323e-01 -2.575992413351003204e-03 -3.448343718691212860e-03 9.999907365500944056e-01 5.159583082423330858e+00
9.999569084952456555e-01 8.382672132931113032e-03 3.988978538347198212e-03 -5.228947027957702581e-02 -8.413574139328220888e-03 9.999342292900448292e-01 7.794156668872097467e-03 -1.308021679234796786e-01 -3.923380382061556620e-03 -7.827382447803564111e-03 9.999616688490134964e-01 5.813800351050103288e+00
9.999564755045252662e-01 7.760243304973132687e-03 5.179354435304876075e-03 -5.152451348047783902e-02 -7.817908825927036981e-03 9.999066270609681117e-01 1.120792007795302567e-02 -1.485160458049736842e-01 -5.091894715615571596e-03 -1.124792408375473174e-02 9.999237754992794658e-01 6.451394498670797617e+00
9.999569749476664438e-01 6.879582956706115776e-03 6.222506472277399524e-03 -5.009938807668678357e-02 -6.961691987779055485e-03 9.998876946042617453e-01 1.327151206063680901e-02 -1.615762354873119255e-01 -6.130505277651466557e-03 -1.331426034811438938e-02 9.998925679155463708e-01 7.064464819027168829e+00
9.999473350720414766e-01 6.856707434179374824e-03 7.636271480045912774e-03 -4.784640676183858632e-02 -6.959140789206308755e-03 9.998850682180793203e-01 1.346925100514926622e-02 -1.702651105913586260e-01 -7.543039235133327386e-03 -1.352168365845859282e-02 9.998801261275614971e-01 7.637659794024547644e+00
9.999309532041549264e-01 8.098005300703420631e-03 8.515346707553264269e-03 -5.331299493303437442e-02 -8.195982446646932207e-03 9.998998833389624030e-01 1.153469472468591356e-02 -1.803097614930517789e-01 -8.421086296411041047e-03 -1.160369002765691999e-02 9.998972145556920266e-01 8.195935239510840020e+00
9.999193009302014268e-01 8.304802692958581159e-03 9.613629670592533163e-03 -4.781129636636131941e-02 -8.387417238914255876e-03 9.999279694025657861e-01 8.585292774736873189e-03 -1.893664602367334249e-01 -9.541638190627735674e-03 -8.665233549465233345e-03 9.999169319792073907e-01 8.717076247656919463e+00
9.999201129984017777e-01 6.338286654532091988e-03 1.093589249967370433e-02 -4.743899027650692879e-02 -6.413820732777435717e-03 9.999557234078593204e-01 6.885792454627716504e-03 -1.928506526396490395e-01 -1.089176435203268074e-02 -6.955383281654580613e-03 9.999164925638706070e-01 9.210349616319994936e+00
9.999116349794534564e-01 3.291811885498797507e-03 1.287968230398132963e-02 -3.176588223290433693e-02 -3.355043456587433921e-03 9.999824113378826818e-01 4.890879604508083234e-03 -2.148199385173021891e-01 -1.286335613050910813e-02 -4.933659351413714929e-03 9.999050920264438425e-01 9.685176366707382911e+00
9.998890931962558515e-01 1.601395142797908296e-03 1.480664900546972002e-02 -2.401440752919022786e-02 -1.657163924933170978e-03 9.999915769837336432e-01 3.754966241090819390e-03 -2.465631655949244716e-01 -1.480051135707585036e-02 -3.779086856519476515e-03 9.998833248684236841e-01 1.012664841920582504e+01
9.998448978474472337e-01 4.771625334599426116e-03 1.695322535361848404e-02 -2.313644337882576202e-02 -4.805980244457800851e-03 9.999864785217359442e-01 1.986287038891196028e-03 -2.383497892533240070e-01 -1.694351859535548482e-02 -2.067455834286340693e-03 9.998543107801114438e-01 1.052328321335103212e+01
9.997585499608169224e-01 9.181450732998509834e-03 1.996353541084466485e-02 -2.559466066410999788e-02 -9.199308994542642476e-03 9.999573631423723796e-01 8.028878509347176125e-04 -2.407449169768423325e-01 -1.995531289873051645e-02 -9.863447215315455582e-04 9.998003863723305962e-01 1.091864136142342367e+01
9.996841908124337595e-01 9.726071598342402730e-03 2.317158120149876224e-02 -1.630350125571653624e-02 -9.761752835017088736e-03 9.999513343951721422e-01 1.427249593179722364e-03 -2.419615573871420344e-01 -2.315657241117195786e-02 -1.652994103703601340e-03 9.997304840514447122e-01 1.126432357092291525e+01
9.996306274205219999e-01 6.075751329896346246e-03 2.648950701869540875e-02 1.064244884080321751e-03 -6.135986691018307203e-03 9.999787694638725410e-01 2.193239608979360034e-03 -2.543000833571883446e-01 -2.647561951066704569e-02 -2.354968750304718347e-03 9.996466854189598461e-01 1.158619134267243389e+01
9.995732153260130648e-01 1.149588837089995409e-03 2.919016396661625046e-02 1.510584076937187062e-02 -1.220378380696629647e-03 9.999963575055650367e-01 2.407416440178674656e-03 -2.743349891617340441e-01 -2.918729060578648810e-02 -2.442012032973092488e-03 9.995709772790231096e-01 1.187550688068311722e+01
9.995084365745326993e-01 -2.319834527347670091e-03 3.126505421904027249e-02 3.046642617666337621e-02 2.208510768913018660e-03 9.999911002338855992e-01 3.594708374159765515e-03 -2.836497860022394457e-01 -3.127311563397339178e-02 -3.523892139836466882e-03 9.995046645195915236e-01 1.213178926663165846e+01
9.994286977000639283e-01 -3.541495217685223119e-03 3.361154651696659362e-02 3.649929663171497252e-02 3.388184051065601648e-03 9.999836010334230973e-01 4.617127434021784174e-03 -2.827048345957977049e-01 -3.362734743480273042e-02 -4.500607560364308993e-03 9.994243072936154215e-01 1.236574995156779977e+01
9.993535225098424402e-01 -2.519640912171077027e-03 3.586347012672399387e-02 4.200336034651859507e-02 2.384849956824159917e-03 9.999899334184153554e-01 3.800729828608174349e-03 -2.855630901717007286e-01 -3.587268619599749686e-02 -3.712743746240079398e-03 9.993494713520179040e-01 1.256549052901417873e+01
9.992733710258731028e-01 -1.311598657078655783e-03 3.809212121032101023e-02 4.952333908518988248e-02 1.215874273503899467e-03 9.999960450961472569e-01 2.536028191648880860e-03 -2.968728634037239855e-01 -3.809529746800312255e-02 -2.487870196503759977e-03 9.992710136818663269e-01 1.275320009587937164e+01
9.991768293104206222e-01 4.577894484069970301e-04 4.056419881582081638e-02 5.510397214977419411e-02 -5.212018055858227668e-04 9.999986587391447301e-01 1.552697396787457943e-03 -3.021146995826051729e-01 -4.056343430111690462e-02 -1.572561372622643342e-03 9.991757276977044633e-01 1.293139255021618261e+01
9.990992544047591073e-01 3.275269535262444968e-03 4.230783000249706272e-02 5.505017354258648354e-02 -3.321434444370888455e-03 9.999939628831830962e-01 1.020919401996361019e-03 -3.048675772318356625e-01 -4.230423153073611248e-02 -1.160522470909511458e-03 9.991041012597171589e-01 1.309709321988383479e+01
9.990410158416584974e-01 4.353819406632321656e-03 4.356710849546339970e-02 5.574180907772990912e-02 -4.347658396502697767e-03 9.999905210049976345e-01 -2.361670384416237353e-04 -3.065793084046457007e-01 -4.356772450656003215e-02 4.652569071134289060e-05 9.990504747951511888e-01 1.324512706529436201e+01
9.989589287381933636e-01 3.962103081732515526e-03 4.544623696097608440e-02 6.818294682969833209e-02 -3.872304227818644615e-03 9.999903729455825729e-01 -2.063803240539933796e-03 -3.158226309999698778e-01 -4.545397723793893896e-02 1.885673075486093107e-03 9.989646541104991728e-01 1.340163152112063472e+01
9.988928713438226525e-01 2.789652541425250223e-03 4.696008347131698513e-02 7.676891408664711369e-02 -2.634226679315954545e-03 9.999908475356666937e-01 -3.371305422143616292e-03 -3.249595026742734261e-01 -4.696905925811161592e-02 3.243869519986981344e-03 9.988910775229475902e-01 1.355337289270475232e+01
9.988309032584560265e-01 1.983459778446153808e-03 4.830002698591542853e-02 8.811566821120347948e-02 -1.778348115249997171e-03 9.999892199858906316e-01 -4.289218349714039868e-03 -3.325981435830301369e-01 -4.830801464354631675e-02 4.198309658572524534e-03 9.988236630604587774e-01 1.368454684669171328e+01
9.987630747061375658e-01 2.405230566493913365e-03 4.966422748715224045e-02 8.984792879162784018e-02 -2.131851095959977089e-03 9.999822884766079722e-01 -5.556793038659210357e-03 -3.304272076921467849e-01 -4.967671409191170423e-02 5.444043057436664772e-03 9.987505126130867827e-01 1.381330768560301614e+01
9.986883544510845034e-01 3.153656937374411939e-03 5.110406199329031035e-02 9.299081223410088359e-02 -2.756830574293702481e-03 9.999655159639676549e-01 -7.833694810141922718e-03 -3.311906914883235853e-01 -5.112700539763429669e-02 7.682534654474372678e-03 9.986626096703367095e-01 1.394166008409632695e+01
9.986501482493331805e-01 3.409085703726352865e-03 5.182913809808584182e-02 1.019374944091137186e-01 -2.890734014140799047e-03 9.999450892769309318e-01 -1.007283944351653436e-02 -3.349633135436110853e-01 -5.186063220304622245e-02 9.909418487941228787e-03 9.986051663326928063e-01 1.406409422053453540e+01
9.986143440201130650e-01 2.740978359007951223e-03 5.255358194866268512e-02 1.102548676325971755e-01 -2.098795649853664024e-03 9.999225073181696732e-01 -1.227087692540941577e-02 -3.399655608427871734e-01 -5.258314456073560905e-02 1.214357464072195365e-02 9.985427113935468890e-01 1.419303150184877182e+01
9.986366346092457880e-01 1.812851087867550131e-03 5.216881836779700687e-02 1.186326938782247681e-01 -1.077029580516356954e-03 9.998995966746124786e-01 -1.412928095805274578e-02 -3.484873687719439728e-01 -5.218919564414373213e-02 1.405383040115824184e-02 9.985383205882841784e-01 1.431945995588220910e+01
9.987382852575784620e-01 1.433338359670132366e-03 5.019744142872691051e-02 1.225953972536603376e-01 -6.665447037094309303e-04 9.998828948140136008e-01 -1.528896264715196365e-02 -3.537354420291609625e-01 -5.021347818834473453e-02 1.523621368447712794e-02 9.986222831353090967e-01 1.444661093563412280e+01
9.988818431233936757e-01 1.348094230217995477e-03 4.725723378974379385e-02 1.282340495397562563e-01 -5.840352434009948900e-04 9.998689543357232035e-01 -1.617816616668523930e-02 -3.542725508260784473e-01 -4.727285146021917989e-02 1.613247674007501492e-02 9.987517312534960334e-01 1.456966720619490552e+01
9.990622093642140822e-01 1.886096992685849620e-03 4.325672760607116724e-02 1.286960219028289165e-01 -1.138243027929653536e-03 9.998495773575261092e-01 -1.730685019922517318e-02 -3.572013735037341542e-01 -4.328286397852861705e-02 1.724138352584661874e-02 9.989140745590392445e-01 1.469978349294306241e+01
9.992856914397411083e-01 2.223303284186791112e-03 3.772484367671492811e-02 1.255030033255338240e-01 -1.528491678343238446e-03 9.998288606143014290e-01 -1.843673505636254928e-02 -3.590105278997405280e-01 -3.775937859481465902e-02 1.836590363130802608e-02 9.991180725440660382e-01 1.482514816603548269e+01
9.995138469082535115e-01 2.092642929040214143e-03 3.110772745192600872e-02 1.191498229144563326e-01 -1.496446496502223250e-03 9.998149944618782703e-01 -1.917648300807647463e-02 -3.643678420466699430e-01 -3.114210243883867163e-02 1.912060945494132441e-02 9.993320627915881493e-01 1.494187154020692532e+01
9.997132274011590880e-01 2.259404347430012724e-03 2.384026154529972005e-02 1.213343233649351455e-01 -1.784428776230176069e-03 9.997998700789589854e-01 -1.992575238126617979e-02 -3.693399586133461199e-01 -2.388051115940084332e-02 1.987749717596479573e-02 9.995171865803357258e-01 1.507372572210894823e+01
9.998737393557276532e-01 1.989513532460271232e-03 1.576537969131533087e-02 1.096759849541723841e-01 -1.657150396628809686e-03 9.997766942587889005e-01 -2.106692841923439238e-02 -3.658373200634671418e-01 -1.580377242413033220e-02 2.103814309666498378e-02 9.996537587057867658e-01 1.520641131088554943e+01
9.999825153809808187e-01 1.143358464844704747e-03 5.801867732395477213e-03 1.039703546859057914e-01 -1.013461297949061479e-03 9.997498588951061471e-01 -2.234261706784530441e-02 -3.733243164359246746e-01 -5.825962188965631838e-03 2.233634665717200082e-02 9.997335373863974750e-01 1.535337166251274610e+01
9.999749268989551743e-01 -4.532559851112857949e-04 -7.066832564083959552e-03 9.274948874597856163e-02 2.833565814076047479e-04 9.997113348702909574e-01 -2.402429270811232837e-02 -3.785250562808738506e-01 7.075681870519517046e-03 2.402168812562801431e-02 9.996863974449177181e-01 1.549935640264228809e+01
9.997346310138850445e-01 -1.069659178915059565e-03 -2.301137417151391182e-02 7.339825544561721926e-02 4.744950071922191133e-04 9.996656209851390029e-01 -2.585384059064336007e-02 -3.892002869656620012e-01 2.303133482348245289e-02 2.583606121794733770e-02 9.994008483076745053e-01 1.564757024505202665e+01
9.991000346822911382e-01 -6.476394290338862011e-04 -4.241109726892267062e-02 4.787288785360821475e-02 -4.953534128818844152e-04 9.996370839893747862e-01 -2.693427070019403097e-02 -3.910142456326730076e-01 4.241315000754874304e-02 2.693103948130540909e-02 9.987371245269792697e-01 1.583298252386252614e+01
9.979594407994741845e-01 8.039795926591191224e-05 -6.385098194348298728e-02 3.806160406080283387e-03 -1.786117707865272084e-03 9.996430316222255641e-01 -2.665744014591153732e-02 -3.943678563130323389e-01 6.382604703823714642e-02 2.671708961732665449e-02 9.976033445210582551e-01 1.601892777592236428e+01
9.961576849350941565e-01 5.204585814130302523e-04 -8.757622743278131727e-02 -3.243053268418951557e-02 -2.765150284712462880e-03 9.996706935006273165e-01 -2.551192867148479454e-02 -4.004329262428337199e-01 8.753411160107896216e-02 2.565606538868204362e-02 9.958310829988090696e-01 1.621613684608139749e+01
9.934645407696517383e-01 1.652194185525624869e-03 -1.141292079177812918e-01 -8.000839130217127226e-02 -4.407678320040954618e-03 9.997047469849068557e-01 -2.389542290710060246e-02 -4.130925428218460427e-01 1.140560329980212784e-01 2.424230029712411139e-02 9.931784998642477769e-01 1.645826050713924005e+01
9.895590745038296276e-01 2.728081641517672573e-03 -1.441020300790670505e-01 -1.459127107927997713e-01 -5.949634317957421328e-03 9.997418082287569119e-01 -2.192985961307221746e-02 -4.140868973071376025e-01 1.440050001450379202e-01 2.255824603942542528e-02 9.893198097794030366e-01 1.667208122137019544e+01
9.841788758008669369e-01 3.267570748506201921e-03 -1.771475729854468661e-01 -2.184172105545222897e-01 -6.652052742673396184e-03 9.998064554249296298e-01 -1.851491016805638032e-02 -4.261652429407802867e-01 1.770527913017175270e-01 1.940037848734308193e-02 9.840101296162275801e-01 1.694265764779185801e+01
9.768922442649075055e-01 4.243520184071215492e-03 -2.136902771304381443e-01 -3.146905276316644962e-01 -7.556577444207814714e-03 9.998635478676063393e-01 -1.468958129564106041e-02 -4.278758540652669584e-01 2.135987867845350607e-01 1.596490511596860770e-02 9.767910120207599078e-01 1.720782776681959092e+01
9.673751607247272899e-01 5.607285623664761375e-03 -2.532861135077216774e-01 -4.164147675195729592e-01 -8.177176451406902719e-03 9.999252084013748876e-01 -9.094581116317248387e-03 -4.457049167005289747e-01 2.532161782939166272e-01 1.086903697706497092e-02 9.673486613074827600e-01 1.743901445604453215e+01
9.555864145494136208e-01 9.936982844573028287e-03 -2.945434752041883875e-01 -5.418196374748114330e-01 -1.181484215692941986e-02 9.999196368603197049e-01 -4.596667246809020731e-03 -4.346453910225678841e-01 2.944741328524701496e-01 7.872497238724518454e-03 9.556270249209938283e-01 1.773867539411292427e+01
9.415758233337077066e-01 1.374008304939447304e-02 -3.365206926786726283e-01 -6.932758518793966651e-01 -1.463203784248983189e-02 9.998929394525910563e-01 -1.145873988924224626e-04 -4.433217550086002157e-01 3.364830959687733491e-01 5.031875965908701002e-03 9.416760635977780014e-01 1.802436917007753081e+01
9.251371886693885438e-01 1.658891762123143598e-02 -3.792703349068183849e-01 -8.416066947408030741e-01 -1.574041967147698368e-02 9.998618624760136075e-01 5.338088065600506311e-03 -4.421126573579525210e-01 3.793065031101499063e-01 1.031410109226867317e-03 9.252705095671367452e-01 1.828077841505790957e+01
9.060314545255668817e-01 1.971629968052519138e-02 -4.227508335537160655e-01 -1.029166294441055562e+00 -1.575967040250567802e-02 9.997931998198362757e-01 1.285264212080485142e-02 -4.509064109612565541e-01 4.229168224747190674e-01 -4.982484677100941853e-03 9.061548100377180281e-01 1.859879322050224815e+01
8.844005643411391171e-01 2.407618584431300487e-02 -4.661072566329141353e-01 -1.234755452903011363e+00 -1.702029578188807984e-02 9.996680437089543458e-01 1.934197364485973000e-02 -4.487486158584564899e-01 4.664182184316105206e-01 -9.172769553650147317e-03 8.845167664721410583e-01 1.889100714641045897e+01
8.599137678788005834e-01 2.905662177476010799e-02 -5.096116358379184641e-01 -1.455588571267194542e+00 -1.954689681255495498e-02 9.995206858531462402e-01 2.400661169153877131e-02 -4.459090591103879730e-01 5.100649316471403960e-01 -1.068229042931211591e-02 8.600695665519463295e-01 1.914130948565749790e+01
8.323098912968168728e-01 3.266024904791159367e-02 -5.533475824271510968e-01 -1.712827249813970276e+00 -2.102051472915669739e-02 9.994043287610868687e-01 2.737015972073295403e-02 -4.475491899739831858e-01 5.539118950193107072e-01 -1.114880427552378782e-02 8.325006442603889445e-01 1.944458111995972516e+01
8.019068561762240366e-01 3.650514209272751054e-02 -5.963327609053499234e-01 -1.959598441099565047e+00 -2.392007546199541312e-02 9.992929700833558249e-01 2.900672277165588370e-02 -4.315469045418475202e-01 5.969700406820442895e-01 -8.996365864396289880e-03 8.022130906340256828e-01 1.969497105957679040e+01
7.685929088691217936e-01 3.935803789563747240e-02 -6.385263326418797458e-01 -2.274449149275162618e+00 -2.466755478883298977e-02 9.991867335221836788e-01 3.189644694005651371e-02 -4.334480685524825794e-01 6.392624332222714978e-01 -8.764500317122848536e-03 7.689387054788954234e-01 1.999541009129079328e+01
7.321173421641681278e-01 4.333161585299216689e-02 -6.797989111507137805e-01 -2.579951603852852937e+00 -2.602684590874866644e-02 9.990253734952233566e-01 3.564977472456648533e-02 -4.121610200526305556e-01 6.806811352488635336e-01 -8.406797520088667153e-03 7.325315874465624377e-01 2.026133267502423507e+01
6.935991142511053198e-01 4.463711967668993613e-02 -7.189769026467202062e-01 -2.895597096727627662e+00 -2.416703145365645122e-02 9.989583752338472289e-01 3.870554439702992428e-02 -3.963943363705297318e-01 7.199557149884732166e-01 -9.470594642093845689e-03 6.939553919265568638e-01 2.049205846775923590e+01
6.534300447176224491e-01 4.497965367359360589e-02 -7.556493874620354712e-01 -3.283123572782878252e+00 -2.208828655696723833e-02 9.989409823429455937e-01 4.036113740684882378e-02 -3.907863844899832073e-01 7.566645845090301803e-01 -9.682180398095261917e-03 6.537315753093229098e-01 2.077194165374150714e+01
6.112409915268420812e-01 4.414212046727679362e-02 -7.902125738870369176e-01 -3.669077131057253638e+00 -1.752944394643756246e-02 9.989535621838874224e-01 4.224333324479501856e-02 -3.725361964117830937e-01 7.912503895817395438e-01 -1.196887071053708181e-02 6.113751537810799830e-01 2.102226411975041742e+01
5.667976872690319023e-01 4.447536960302023862e-02 -8.226556453202398256e-01 -4.051388362039745950e+00 -1.244011137672407924e-02 9.988899678813963900e-01 4.543209977291151613e-02 -3.759750855124742719e-01 8.237630948370053829e-01 -1.551688211713364053e-02 5.667218033452348092e-01 2.123569652995512058e+01
5.207231792056392639e-01 4.577551088329163270e-02 -8.524974838563406099e-01 -4.521720003550001366e+00 -1.084389552490641964e-02 9.988355771806697314e-01 4.700957006923899700e-02 -3.451739484697776139e-01 8.536567182129085607e-01 -1.523458004103826237e-02 5.206132233153542010e-01 2.147024643007248912e+01
4.715161721134611406e-01 4.579197239389056623e-02 -8.806676902436511023e-01 -4.948367957559666408e+00 -9.740454618777066864e-03 9.988604159269767191e-01 4.672251091560362252e-02 -3.232192339670145742e-01 8.818036265799535922e-01 -1.345231674358691489e-02 4.714248756663984019e-01 2.166015435261956412e+01
4.199318428413078008e-01 4.534955366662636600e-02 -9.064218943441157972e-01 -5.469108328990050616e+00 -5.400831432397414783e-03 9.988579616735711042e-01 4.747213288158769195e-02 -3.093617727875921375e-01 9.075395815657937293e-01 -1.503962933540686601e-02 4.196971911574262082e-01 2.184852171826667089e+01
3.664045953066842332e-01 4.426350163331068538e-02 -9.294021731679973364e-01 -5.971837771934286110e+00 -1.830115027145719697e-04 9.988712274288333859e-01 4.749986832836085304e-02 -2.892411520664541769e-01 9.304556161130758118e-01 -1.723407972741508587e-02 3.659991098922049657e-01 2.200209448367958842e+01
3.125304799124036248e-01 4.373971422574839812e-02 -9.489001636031387799e-01 -6.472035765217069248e+00 2.166867074349588390e-03 9.989038811638462079e-01 4.675832384869522268e-02 -2.941573636223880905e-01 9.499052684458713092e-01 -1.666954290423202853e-02 3.120931325598146344e-01 2.214728520521721222e+01
2.595261299315237413e-01 4.844105680006589171e-02 -9.645204173094452660e-01 -7.061762475719022270e+00 2.580516467381099681e-03 9.987028588349169400e-01 5.085214499646421860e-02 -2.311169432581868244e-01 9.657326465518057956e-01 -1.568642220353589495e-02 2.590644863225254335e-01 2.225089350495015239e+01
2.080453993876116847e-01 5.391316530892178299e-02 -9.766322058821621521e-01 -7.643868968590044055e+00 5.541374355128048448e-03 9.983987904423865523e-01 5.629518951857102188e-02 -1.947120624974878478e-01 9.781034818702010192e-01 -1.712384086405123809e-02 2.074135234542829886e-01 2.233674708719339108e+01
1.598487523310410108e-01 5.593254605030157506e-02 -9.855556349596039656e-01 -8.216833013523425322e+00 1.097777273784251127e-02 9.982310067188853164e-01 5.843240255769668184e-02 -1.974062021704597880e-01 9.870804838204731979e-01 -2.015955347517388654e-02 1.589519675763315099e-01 2.241147568119646394e+01
1.153831108966130586e-01 5.691888968067201210e-02 -9.916889434201435760e-01 -8.867008515791621193e+00 1.355135510926417340e-02 9.981738042581572712e-01 5.886779425855864778e-02 -1.657763124942629729e-01 9.932286319987057022e-01 -2.023107931528310421e-02 1.144010720663497516e-01 2.245421699012960204e+01
7.487698796127438550e-02 5.590024937799847188e-02 -9.956247192107507971e-01 -9.493056596041620665e+00 1.383033434635564350e-02 9.982732886667687877e-01 5.708907882835471265e-02 -1.452739217007696926e-01 9.970968737498711043e-01 -1.804448204872711320e-02 7.397457928570795593e-02 2.248218069959700571e+01
3.921612198986520331e-02 5.166266358901910882e-02 -9.978943068558688845e-01 -1.016347830044649392e+01 1.072945944100684237e-02 9.985831893647204582e-01 5.211998238931484645e-02 -1.165218790617995465e-01 9.991731540185686544e-01 -1.275081105624485157e-02 3.860624912662129898e-02 2.246795261730372317e+01
1.022739648189078913e-02 5.110049710832991615e-02 -9.986411378782722448e-01 -1.082527866656011462e+01 8.675450822384847202e-03 9.986512577405787239e-01 5.118986146251273961e-02 -7.040022010208182857e-02 9.999100730637072720e-01 -9.187202031331619806e-03 9.770283920016675089e-03 2.245585492274778616e+01
-1.106453144173925700e-02 5.520599954348957839e-02 -9.984136700295318523e-01 -1.154706707912215435e+01 7.259843755447488618e-03 9.984529181639413276e-01 5.512771378009269363e-02 -3.706547316411208659e-02 9.999124402375663134e-01 -6.638365843961918818e-03 -1.144819922755454557e-02 2.242355052270536220e+01
-2.424133396449401276e-02 6.121532449630515821e-02 -9.978301581700688150e-01 -1.227859670989595209e+01 8.468095604294754997e-03 9.981002445253185362e-01 6.102616794424394614e-02 5.432668633374354572e-03 9.996702788539671980e-01 -6.970366382886736614e-03 -2.471365716817264246e-02 2.239537882100971800e+01
-3.206692273603437005e-02 6.390944858756364422e-02 -9.974403629541107597e-01 -1.302989857058745038e+01 9.122668136957152660e-03 9.979307402592617615e-01 6.364758051735262823e-02 3.292225477614010160e-02 9.994440988544733839e-01 -7.058336296895452791e-03 -3.258359122454362877e-02 2.236029120981451257e+01
-3.628596919355558947e-02 6.157876283059897371e-02 -9.974424129836063635e-01 -1.379691437020239242e+01 9.520420656133678564e-03 9.980757299830853579e-01 6.127151659508379977e-02 6.676699011035515385e-02 9.992961059534750667e-01 -7.272775914044114255e-03 -3.680239950741905769e-02 2.232643858799210790e+01
-3.578961892247176091e-02 5.724740887181573035e-02 -9.977183070176617319e-01 -1.457454569912822073e+01 1.617288385109664356e-02 9.982603534571047321e-01 5.669836395979319099e-02 1.342783455192282926e-01 9.992284815537449960e-01 -1.410677044134548384e-02 -3.665321192050370602e-02 2.230623922240224744e+01
-3.151387367405209666e-02 5.591442269482375244e-02 -9.979380922136122933e-01 -1.537934381884073609e+01 2.818002522511794602e-02 9.980868052213087704e-01 5.503285690042186012e-02 1.146107095079526711e-01 9.991059900147142292e-01 -2.638762320910851417e-02 -3.302924992668709869e-02 2.229334699922251417e+01
-2.589486388401720379e-02 5.579713988674275815e-02 -9.981062658759773942e-01 -1.621569437896757293e+01 2.955308409733959848e-02 9.980474091282607318e-01 5.502712302233043334e-02 1.700880436203758284e-01 9.992277461025450558e-01 -2.807219966672633987e-02 -2.749327796547279892e-02 2.226613948549610100e+01
-2.055919179398155161e-02 5.432689529248226068e-02 -9.983115199387875283e-01 -1.706304610607640981e+01 2.734238269127998652e-02 9.981796525657136154e-01 5.375662965940145033e-02 2.446769375008616687e-01 9.994146942465017558e-01 -2.619102386013291359e-02 -2.200719227235715947e-02 2.224628355648023614e+01
-1.721899177319117721e-02 4.901353206002845991e-02 -9.986496696768222270e-01 -1.792422557922251869e+01 3.149606707285322604e-02 9.983286726005827783e-01 4.845471228642583145e-02 2.338610179243963694e-01 9.993555530499161899e-01 -3.061919681965182688e-02 -1.873394528247895874e-02 2.222690469962301307e+01
-1.552266373981789349e-02 3.813933172822439599e-02 -9.991518508311280078e-01 -1.880114007505529727e+01 2.909407160689085614e-02 9.988663681352821788e-01 3.767643214581443273e-02 2.494343045858502805e-01 9.994561517334236145e-01 -2.848455801358835970e-02 -1.661469379164112053e-02 2.222211129984907885e+01
-1.469553106562259542e-02 2.955386120374404318e-02 -9.994551482578641899e-01 -1.970100853409294928e+01 2.173312070949724728e-02 9.993363958473125974e-01 2.923079454393031837e-02 3.007471685440920584e-01 9.996558058463763663e-01 -2.129171836612393787e-02 -1.532807527417036353e-02 2.219066080836129728e+01
-1.604391462599535564e-02 2.652711148615339090e-02 -9.995193284197029238e-01 -2.063322816119621095e+01 1.584251632600823176e-02 9.995292592707663015e-01 2.627307556310496880e-02 3.035853226625265799e-01 9.997457800928544192e-01 -1.541337927574640276e-02 -1.645661689056334906e-02 2.216056846472239172e+01
-1.968369140995707145e-02 3.180714835075028335e-02 -9.993001752941078619e-01 -2.157302677662005408e+01 6.689868132283990909e-03 9.994756437760478063e-01 3.168095855917744258e-02 3.374221400390612358e-01 9.997838842937216697e-01 -6.061589081266281070e-03 -1.988615436436596759e-02 2.212238209139318812e+01
-2.384907229746701177e-02 4.034058284283810469e-02 -9.989013173882880237e-01 -2.255030998399935882e+01 1.454011997777369470e-03 9.991858668287513234e-01 4.031735795884851259e-02 3.924259006502197611e-01 9.997145217202900724e-01 -4.908837654437676239e-04 -2.388831026044293745e-02 2.207747658975992877e+01
-2.840218530236504266e-02 4.934901239236683806e-02 -9.983776708341226547e-01 -2.353358393215380673e+01 1.016312483306323601e-05 9.987806252128901274e-01 4.936863947148226184e-02 3.955762591929722349e-01 9.995965851820304282e-01 1.392029770844364607e-03 -2.836805252596404092e-02 2.203701518316939811e+01
-3.055859109921091679e-02 5.955180014537110600e-02 -9.977573544715248044e-01 -2.454988319057045842e+01 -1.232161230306632552e-03 9.982205534214286802e-01 5.961718261303634164e-02 4.640288487954769003e-01 9.995322264090170661e-01 3.051214205043715089e-03 -3.043083489115865417e-02 2.200372008857367234e+01
-3.133552447315075817e-02 6.699730248826216150e-02 -9.972609634245495069e-01 -2.556771923799580293e+01 6.674758818446878232e-04 9.977521259488878469e-01 6.700932460425568227e-02 5.023216566783273995e-01 9.995087076778924606e-01 1.434123839701566348e-03 -3.130980383544566120e-02 2.196919109700975525e+01
-3.300882716456050858e-02 6.883995906984208268e-02 -9.970814711832016730e-01 -2.659617106171987899e+01 2.241190691807188901e-03 9.976277155300390387e-01 6.880347526663620206e-02 5.290163105683146627e-01 9.994525560206277692e-01 3.647144692136831170e-05 -3.308480290290410214e-02 2.193216538665230075e+01
-3.444594107348886852e-02 6.586253268881245293e-02 -9.972339679047914629e-01 -2.760167626220875903e+01 9.448648857115530490e-04 9.978278242348241900e-01 6.586911535604561552e-02 5.996486989335099160e-01 9.994061245143291972e-01 1.326671456872569261e-03 -3.443334822077802337e-02 2.188668792730171475e+01
-3.740511115816031601e-02 6.103990873721570898e-02 -9.974341933248452863e-01 -2.864391417238241289e+01 -1.770318297523842477e-03 9.981270973265138347e-01 6.114869999932719125e-02 6.413153360097373357e-01 9.992986245238556497e-01 4.053049102406632194e-03 -3.722699355014801037e-02 2.183854194463547671e+01
-4.180310151679744041e-02 5.538369797417542345e-02 -9.975896598904235857e-01 -2.966320624461472732e+01 -2.034057940547455163e-03 9.984556695817361494e-01 5.551701047447780979e-02 6.668847411077186704e-01 9.991238064698834132e-01 4.349937579976986476e-03 -4.162588865753775319e-02 2.177788032757570491e+01
-4.740072677199004547e-02 5.126499526976371207e-02 -9.975595491955774330e-01 -3.069585669604402511e+01 -1.339388031932167798e-03 9.986779628210026294e-01 5.138611274185025946e-02 7.065137075791443344e-01 9.988750645018148466e-01 3.771857595804704172e-03 -4.726939612096585364e-02 2.172375092018895160e+01
-5.438223482733857417e-02 4.876920817254860874e-02 -9.973284913802821228e-01 -3.173385195551180260e+01 -2.980095024050963357e-03 9.987941670427236129e-01 4.900337629271449974e-02 7.465455557082868454e-01 9.985157529595535264e-01 5.637045995876536868e-03 -5.417132065575420985e-02 2.165720374183110408e+01
-6.042077119496931659e-02 5.128248815470530519e-02 -9.968547635891652492e-01 -3.278643447585689330e+01 -2.260717008060830410e-03 9.986697712201416666e-01 5.151288361722393405e-02 7.802076215350157717e-01 9.981704448153834175e-01 5.366053874416880885e-03 -6.022446114738282813e-02 2.158085665955915289e+01
-6.706976135488249002e-02 5.601370926881334839e-02 -9.961747308530164435e-01 -3.385200778753329587e+01 -3.587270930213216826e-03 9.984029090433709230e-01 5.638051672693016741e-02 8.139923657945664637e-01 9.977418483403625027e-01 7.354975672531123380e-03 -6.676170708942695542e-02 2.150257458779276831e+01
-7.319456653242012445e-02 5.937774190246570410e-02 -9.955485031527903095e-01 -3.491558890586897235e+01 -6.020511843330955508e-03 9.981815776458888845e-01 5.997742450920181406e-02 8.726900530635429698e-01 9.972995167907944269e-01 1.038373238619832648e-02 -7.270398209359568709e-02 2.141508385454316610e+01
-7.757261141410043415e-02 6.100053687044007522e-02 -9.951187906040807052e-01 -3.596912845058295716e+01 -9.124446954766406159e-03 9.980412084597072297e-01 6.189095776111960129e-02 9.140030625146330356e-01 9.969449592350216882e-01 1.388095111043614362e-02 -7.686406527244615816e-02 2.131791448476723971e+01
-8.078784748396475313e-02 6.291570233842955218e-02 -9.947436459048508706e-01 -3.704364538826747832e+01 -1.350877918202007290e-02 9.978450385861087346e-01 6.420896999589367771e-02 9.604266864096205891e-01 9.966397814137265554e-01 1.862507604862907382e-02 -7.976383705691568460e-02 2.122828835337708142e+01
-8.206074417171990709e-02 6.370513764685351021e-02 -9.945891979505833147e-01 -3.811925671059788812e+01 -1.748361178653206477e-02 9.977093894791303486e-01 6.534751291572069021e-02 1.025993908241182639e+00 9.964739710068729606e-01 2.275147631954770738e-02 -8.075897766984553583e-02 2.111853993571768839e+01
-8.390715163612148808e-02 6.343427367713359855e-02 -9.944524452238235890e-01 -3.920365009775221665e+01 -1.859332711963381651e-02 9.976983142803363958e-01 6.521013610979624342e-02 1.067484973539912563e+00 9.963001030799653046e-01 2.396177576526962658e-02 -8.253456814020862509e-02 2.102414541932673231e+01
-8.538108028860035004e-02 6.305405446040041051e-02 -9.943511655019509066e-01 -4.028257641347901341e+01 -1.889543381762005120e-02 9.977135277772034572e-01 6.488974537593233949e-02 1.110901837687565674e+00 9.961691879462380994e-01 2.432905257051016026e-02 -8.399442370527522572e-02 2.092185224128136767e+01
-8.598356032441678565e-02 6.251790540960074083e-02 -9.943331040698811796e-01 -4.135733222521295716e+01 -1.988463480083015045e-02 9.977227728476129043e-01 6.445052231382442098e-02 1.160737906929534269e+00 9.960981106072390734e-01 2.531363539911183139e-02 -8.454460910691304065e-02 2.081901506192886941e+01
-8.742971043522747288e-02 6.166710285525668633e-02 -9.942601254983504111e-01 -4.244658626812859126e+01 -2.160899420449180833e-02 9.977298465758774881e-01 6.378247888032845259e-02 1.214401975347680462e+00 9.959363003737711217e-01 2.706144434694872022e-02 -8.589866610923356516e-02 2.071026770582340504e+01
-8.818053803153165504e-02 5.947425254004243267e-02 -9.943274053322603834e-01 -4.352927435406007817e+01 -2.613371508356492068e-02 9.977342168793973398e-01 6.199565635728276208e-02 1.254655615394695278e+00 9.957616376143909598e-01 3.145227888399851346e-02 -8.642645548565769387e-02 2.060100991152753380e+01
-8.819807737265707159e-02 5.430732451978653036e-02 -9.946214338337848737e-01 -4.461644676518789510e+01 -3.203237611157357806e-02 9.978416354371842933e-01 5.732362071048611313e-02 1.301135550304432842e+00 9.955877878524983515e-01 3.691592048596069320e-02 -8.626811972375156290e-02 2.048183956260020011e+01
-8.766783462067706534e-02 5.304985743112355240e-02 -9.947361692356736507e-01 -4.571520023090738505e+01 -3.404475476282913665e-02 9.978380376308032540e-01 5.621570384678829801e-02 1.351845246465517958e+00 9.955678393450648755e-01 3.879385747542771212e-02 -8.567222927547506195e-02 2.037990227517603614e+01
-8.568937429537507033e-02 5.719682838124369451e-02 -9.946787606755359556e-01 -4.682645792457373801e+01 -3.431521964832557475e-02 9.975890537997964547e-01 6.032035695531847569e-02 1.401553310199568081e+00 9.957307940042712247e-01 3.930143331038794818e-02 -8.352005869515990999e-02 2.027748027017896959e+01
-8.414818997356773855e-02 6.086043014048260480e-02 -9.945929183081723135e-01 -4.793315192184761742e+01 -3.420997949725575887e-02 9.973681976370302182e-01 6.392460921790192596e-02 1.460062614530674541e+00 9.958658427340293384e-01 3.940414301544732656e-02 -8.184469310088257621e-02 2.017639125678832457e+01
-8.230029291387352952e-02 6.089684581287323900e-02 -9.947453035474822514e-01 -4.904896929413312989e+01 -3.222926642290110943e-02 9.974467033334394328e-01 6.372870945997964609e-02 1.493328627290838151e+00 9.960863182844611474e-01 3.730480235839933600e-02 -8.012749378166710013e-02 2.007906573115511506e+01
-8.014454839017898236e-02 5.994239295023114783e-02 -9.949792680520949117e-01 -5.015402919081573430e+01 -3.196443197140621389e-02 9.975222849661918856e-01 6.267029679051502877e-02 1.540447860645265843e+00 9.962706177322258050e-01 3.682662924811563182e-02 -7.802994709522631522e-02 1.998627524615078954e+01
-7.597565632783655210e-02 6.046690578265421362e-02 -9.952745530237457894e-01 -5.126301711803854744e+01 -3.543727417139825447e-02 9.973652423887443552e-01 6.329907500499477868e-02 1.594916944070392750e+00 9.964797622391271537e-01 4.007900549636909254e-02 -7.363269516959471128e-02 1.988785920818824948e+01
-7.023514885560282195e-02 6.098596377752295294e-02 -9.956644610565097420e-01 -5.239721052555454150e+01 -4.137555045108579771e-02 9.970923106847182638e-01 6.399209196258777432e-02 1.652380120374729922e+00 9.966720147565438781e-01 4.569065881233157211e-02 -6.750759764179613265e-02 1.979209999757653549e+01
-6.479544456423851073e-02 6.107546803471135960e-02 -9.960277709335644269e-01 -5.351975312893952008e+01 -4.464321607277611098e-02 9.969485223361304049e-01 6.403613912393554819e-02 1.702670144872760138e+00 9.968994688196994858e-01 4.861513268794311754e-02 -6.187111599526184946e-02 1.971419732955629200e+01
-5.859205424715137334e-02 6.017635268602354592e-02 -9.964666379941929941e-01 -5.464931876448945047e+01 -4.613663919938757602e-02 9.969516923174340794e-01 6.291846912900636579e-02 1.754128170620355753e+00 9.972153222929153182e-01 4.966014370996484073e-02 -5.563711156459112683e-02 1.962765508995147101e+01
-5.306953728147035393e-02 5.970949418653802299e-02 -9.968040847508669033e-01 -5.577867247041671561e+01 -4.577774440009497320e-02 9.970158528542443221e-01 6.215937036278944977e-02 1.799079077041422892e+00 9.975409964740722391e-01 4.893021122655234062e-02 -5.017780260842135548e-02 1.957214348230602496e+01
-4.779949568994937975e-02 5.945767648041869191e-02 -9.970857414290602572e-01 -5.690969636315428204e+01 -4.404471451823280259e-02 9.971303706369745168e-01 6.157180460110733139e-02 1.844834819442705109e+00 9.978854085785328065e-01 4.685945761539054427e-02 -4.504353106477267110e-02 1.950873792888069858e+01
-4.191761693065484962e-02 6.009942655161102515e-02 -9.973118645357182954e-01 -5.804736886044258881e+01 -4.351873496931962099e-02 9.971320460548016573e-01 6.191770732923987386e-02 1.893771821576743619e+00 9.981728559811670065e-01 4.599719301757550227e-02 -3.918194671710052701e-02 1.945512688998335449e+01
-3.666741344360487792e-02 6.177380079787583161e-02 -9.974164030826321303e-01 -5.919524759611471865e+01 -4.109194978525373271e-02 9.971502483355740853e-01 6.326795352289224517e-02 1.940445342138212403e+00 9.984823332317324107e-01 4.330565649931077815e-02 -3.402451309717024336e-02 1.941677016586438143e+01
-3.141457391519062586e-02 6.236420459448992204e-02 -9.975589272467408897e-01 -6.034260748305685240e+01 -4.301593980205570961e-02 9.970424526929346776e-01 6.368654874393862853e-02 2.003301655740558296e+00 9.985803777298076778e-01 4.491162010934188209e-02 -2.863900755250859895e-02 1.937251474292042630e+01
-2.533329690723632593e-02 6.242820632348940191e-02 -9.977278816924924909e-01 -6.149974097218206026e+01 -4.249049050327432381e-02 9.970790159856204316e-01 6.346648041982799748e-02 2.051491602868008801e+00 9.987756502840869910e-01 4.400176181779395790e-02 -2.260669224012888667e-02 1.933873532036772858e+01
