1.000000000000000000e+00 0.000000000000000000e+00 0.000000000000000000e+00 0.000000000000000000e+00 0.000000000000000000e+00 1.000000000000000000e+00 0.000000000000000000e+00 0.000000000000000000e+00 0.000000000000000000e+00 0.000000000000000000e+00 1.000000000000000000e+00 0.000000000000000000e+00
9.999999210722472220e-01 3.972360751776796498e-04 7.681133442547925290e-06 2.754426811501887746e-03 -3.972358552484903148e-04 9.999999206924898854e-01 -2.861274579415459238e-05 -3.539028643476827701e-05 -7.692498848215682214e-06 2.860969231420253800e-05 9.999999995611554837e-01 -6.484240410728249211e-04
9.999999928729048637e-01 -1.193790609143725688e-04 -1.682297430842608223e-06 1.011724873002398106e-03 1.193790326695022319e-04 9.999999927335462280e-01 -1.677957364187421575e-05 -1.261327372070987973e-04 1.684300548362182385e-06 1.677937269124463916e-05 9.999999998578078531e-01 -5.801395531451911331e-04
9.999999009760657254e-01 4.449679548882397111e-04 7.167842084309544792e-06 1.294312583527696368e-03 -4.449679818035396695e-04 9.999999009946969331e-01 3.753850404045241562e-06 -2.064660176725873365e-03 -7.166171031517922260e-06 -3.757039492550347258e-06 9.999999999672652962e-01 -4.060287365746272558e-04
9.999999866508708646e-01 -1.621017632183303578e-04 -2.052502186152761046e-05 1.560491179580220057e-03 1.621014828577632390e-04 9.999999867682515253e-01 -1.366037965281673203e-05 1.026944633852975436e-04 2.052723596157363619e-05 1.365705233398311796e-05 9.999999996960587945e-01 -4.139155963023419737e-04
9.999999942648837292e-01 -1.065466072426316186e-04 -1.086521579984854659e-05 -2.098155724793486498e-03 1.065465192040035273e-04 9.999999942910898776e-01 -8.103053024170041261e-06 -1.917327544985943447e-03 1.086607909062803956e-05 8.101895326774217416e-06 9.999999999081438107e-01 -7.465007805996051217e-04
9.999999981963404450e-01 -5.715810484558695538e-05 -1.844641415394677965e-05 -1.703804372062046706e-03 5.715765046029221136e-05 9.999999980631263385e-01 -2.463230391875265279e-05 -1.173312021701744708e-03 1.844782205402837938e-05 2.463124952063190418e-05 9.999999995264896580e-01 -1.434147028369571648e-04
9.999999889892509097e-01 1.472137789055653326e-04 -1.869762947310219707e-05 -2.432556871982932255e-03 -1.472136160500083846e-04 9.999999891261345253e-01 8.711035081610339541e-06 -1.360966239064716719e-03 1.869891165417923381e-05 -8.708282440049020290e-06 9.999999997872582869e-01 -4.535954885547124698e-04
9.999999299982668122e-01 3.741662737568407591e-04 -1.749608508176199683e-06 -3.441513120988996810e-04 -3.741662884271918475e-04 9.999999299645778716e-01 -8.392137608370670647e-06 -3.036789707290691101e-04 1.746468330783850667e-06 8.392791665428198103e-06 9.999999999632555037e-01 -1.276382030497605043e-04
9.999998781891374922e-01 4.932829383878113011e-04 1.713629976669945264e-05 1.683564532775404547e-03 -4.932824197651341624e-04 9.999998778785184061e-01 -3.025562098384810110e-05 2.156845631512704659e-04 -1.715122225561079900e-05 3.024716426297007467e-05 9.999999993954723498e-01 -2.112219474453159572e-04
9.999999993080525007e-01 3.562743826971623013e-05 -1.070423933287750231e-05 9.919428687945684026e-04 -3.562751343693829975e-05 9.999999993406852861e-01 -7.022083219049586448e-06 -1.771722692897250307e-04 1.070398914698362944e-05 7.022464579621338099e-06 9.999999999180547716e-01 -5.428933678651116576e-04
9.999999542606943237e-01 -3.022922663871423915e-04 -9.899241780422268330e-06 -1.270252311521645429e-03 3.022921432937969791e-04 9.999999542324298218e-01 -1.243375991521252039e-05 -1.561271483101637830e-04 9.902999956822507255e-06 1.243076688348618579e-05 9.999999998737033602e-01 -6.164031110894113924e-04
9.999998632181628100e-01 5.230030102268681466e-04 5.613110618233644582e-06 6.793049296508900554e-04 -5.230030036722265515e-04 9.999998632332363080e-01 -1.169142151532183885e-06 -4.203689996488912907e-04 -5.613721315411305286e-06 1.166206317901491758e-06 9.999999999835630371e-01 -1.660367383395898195e-04
9.999999388754829965e-01 -3.145865362265849990e-04 1.525920755028657109e-04 -2.454977996166477980e-03 3.145997299454957995e-04 9.999999467769019601e-01 -8.644768990057320084e-05 3.194113067100416096e-04 -1.525648721021121226e-04 8.649569004224494687e-05 9.999999846212276333e-01 8.542496943015971851e-04
9.999997461380661923e-01 4.319494712038481239e-04 5.666952068569575422e-04 -1.054051320304476118e-02 -4.316995017327729649e-04 9.999998095117201835e-01 -4.411485730050215088e-04 -4.463599649728547825e-04 -5.668856528009941871e-04 4.409038189757571958e-04 9.999997421222063254e-01 4.561988611250401317e-03
9.999998233539373338e-01 -2.907070515301499593e-04 5.184414184468625741e-04 -1.378392262514718802e-02 2.908681909091306883e-04 9.999999094098699359e-01 -3.107667090570758839e-04 -1.750526937039198049e-03 -5.183510294074834043e-04 3.109174522788363628e-04 9.999998173212574226e-01 3.026326447490868335e-03
9.999999662189297256e-01 1.557917799384182247e-04 2.080650398774103822e-04 -6.995382903672405644e-03 -1.557774197287338752e-04 9.999999854839676239e-01 -6.903231096508602341e-05 -3.199159993716125475e-03 -2.080757915237300526e-04 6.899989679805281872e-05 9.999999759717392855e-01 -8.999652211648708888e-04
9.999999646082498028e-01 6.440322439585885494e-05 -2.581389623464442197e-04 6.254886776063115980e-03 -6.442029121859296520e-05 9.999999957399389183e-01 -6.610709593700986471e-05 -1.273283170175780205e-03 2.581347037366226653e-04 6.612372298449325407e-05 9.999999644970634094e-01 -1.261614510325596329e-03
9.999999162537823727e-01 -2.768191192287295711e-04 -3.014359026400931121e-04 1.825621881538228020e-02 2.768171170531164428e-04 9.999999616638043376e-01 -6.683828270233623248e-06 -3.470083639019760392e-04 3.014377412956422146e-04 6.600385092943151780e-06 9.999999545458604366e-01 -1.420967764743446280e-03
9.999999939129843307e-01 1.311301347810144537e-05 -1.095540055070773263e-04 3.929708410506002614e-02 -1.312025794374240150e-05 9.999999977275768615e-01 -6.612643273538026782e-05 2.512504704785397617e-03 1.095531381413205528e-04 6.612786970967866331e-05 9.999999918126073473e-01 -2.794795112565006887e-04
9.999999917581305908e-01 1.252134800001961882e-04 2.837821816436354640e-05 5.726478624672969725e-02 -1.252118345435623392e-04 9.999999904803060780e-01 -5.797744628982614385e-05 1.549643921328791758e-03 -2.838547745202306757e-05 5.797389252322616537e-05 9.999999979166461772e-01 5.829294651676208278e-04
9.999999884410946116e-01 3.358984487482039353e-05 -1.482886808704966212e-04 8.037865316765779866e-02 -3.360028487810692052e-05 9.999999969573383218e-01 -7.040130807874478544e-05 5.142635718604984547e-04 1.482863156502869917e-04 7.040628980690417222e-05 9.999999865270613464e-01 7.480363667210791680e-04
9.999999546845667053e-01 -1.804504993720021323e-04 -2.409740274497654158e-04 1.046634341953879138e-01 1.804168480956936098e-04 9.999999739722353898e-01 -1.396613386480044310e-04 -1.189197248351485771e-03 2.409992231360521577e-04 1.396178565446849534e-04 9.999999612131135196e-01 1.247391408889172775e-03
9.999998975908760412e-01 -3.786197417912942034e-04 -2.479220209217306318e-04 1.396071296257881400e-01 3.785525821726841282e-04 9.999998916607056865e-01 -2.708810060639105471e-04 -2.697845088401374693e-04 2.480245549586058799e-04 2.707871268020265961e-04 9.999999325790738247e-01 2.342439729907026293e-03
9.999997463217386029e-01 -6.910096813873742826e-04 -1.728064774233890291e-04 1.717631387418297462e-01 6.909776811943246430e-04 9.999997441308224877e-01 -1.851705530068736827e-04 -1.957315484322667311e-03 1.729343878523733951e-04 1.850511006140643491e-04 9.999999679248933182e-01 2.437334138140224721e-03
9.999995564429352557e-01 -8.918968672917321249e-04 -3.027109361873197581e-04 2.123166718560913213e-01 8.918326266817859548e-04 9.999995797844475343e-01 -2.122863497531507374e-04 -5.255834099307513628e-03 3.029001465137901310e-04 2.120162881026953032e-04 9.999999316502951041e-01 3.055738068607842615e-03
9.999994793348054856e-01 -8.197991465322456090e-04 -6.076672422360646433e-04 2.572553560178015841e-01 8.196419375415434994e-04 9.999996305755306514e-01 -2.589129130729024195e-04 -4.319923254213250963e-03 6.078792743340795130e-04 2.584147087101533306e-04 9.999997818522893267e-01 3.322164379291043298e-03
9.999989155247394068e-01 -1.022068433313571547e-03 -1.060342144231616376e-03 3.158907281696634595e-01 1.021819950451087174e-03 9.999994503628364395e-01 -2.348574330480897559e-04 -5.901270989382690485e-03 1.060581601796815182e-03 2.337736995937338819e-04 9.999994102580878064e-01 3.145987884630307638e-03
9.999978554419387544e-01 -1.455009663980174608e-03 -1.473790487529987947e-03 3.940588610215088328e-01 1.454746274853681515e-03 9.999989256971322238e-01 -1.797716809350315701e-04 -3.011164287504248041e-03 1.474050473765711093e-03 1.776273041825749874e-04 9.999988978112633875e-01 3.023239562064855643e-03
9.999971312956036362e-01 -1.699124173807217740e-03 -1.688306134953043410e-03 4.742414515424928090e-01 1.698706062338484332e-03 9.999985261836815686e-01 -2.490545693362224448e-04 -3.373657637551809047e-03 1.688726821339267417e-03 2.461859190057564791e-04 9.999985437960478007e-01 3.840497832076240382e-03
9.999963003190095456e-01 -1.922178865441673051e-03 -1.924727695668174750e-03 5.703235268458951568e-01 1.921876883974056810e-03 9.999981405948192847e-01 -1.587329419829050330e-04 -7.377729112002323619e-03 1.925029229925854807e-03 1.550332650554077211e-04 9.999981351118364392e-01 2.792223665935120343e-03
9.999943872620357110e-01 -2.263331200085320211e-03 -2.470379789519180479e-03 6.783387584343971710e-01 2.263063506711730788e-03 9.999974330911970410e-01 -1.111511648665062369e-04 -1.096219244700986917e-02 2.470625020178920331e-03 1.055599146547643461e-04 9.999969424298826848e-01 1.627301674894343153e-03
9.999922923688157050e-01 -2.504549180459937803e-03 -3.023646203459331473e-03 7.914553093208986922e-01 2.503422332490958316e-03 9.999967955925326279e-01 -3.764057539598870484e-04 -9.259587341671990726e-03 3.024579241187459223e-03 3.688333893318683368e-04 9.999953579303979545e-01 2.721041765926535301e-03
9.999895406137162546e-01 -3.048388938786162055e-03 -3.409690315345303199e-03 9.119571940686018729e-01 3.046646092592709184e-03 9.999952257196343952e-01 -5.162223590882106554e-04 -1.013811623216975301e-03 3.411247683057176423e-03 5.058288400429507238e-04 9.999940537455357381e-01 2.798193054679674885e-03
9.999880639497537027e-01 -3.511352222026072143e-03 -3.397405421233036776e-03 1.044766685476032908e+00 3.510457482989213108e-03 9.999938020671949035e-01 -2.692869396506623837e-04 -2.552002566724087193e-04 3.398329925636429331e-03 2.573572781445044406e-04 9.999941925436106605e-01 7.114009330796578628e-04
9.999866200142387695e-01 -3.837964746808739547e-03 -3.468402961120283824e-03 1.183795777743067879e+00 3.837308288362634764e-03 9.999926183162907156e-01 -1.959031122200272275e-04 -6.243390478009752144e-03 3.469129227705139082e-03 1.825911596090867850e-04 9.999939658832296407e-01 1.208625650911254864e-03
9.999831653284999566e-01 -4.041544793258567553e-03 -4.163529185428573552e-03 1.334539469690370517e+00 4.040815105584254566e-03 9.999918190087441205e-01 -1.836542011692045317e-04 -7.299407743925407331e-03 4.164237370313209237e-03 1.668270577860375724e-04 9.999913156102189227e-01 -1.424911387614457951e-03
9.999774404570140884e-01 -4.603893466082456011e-03 -4.891088017184317370e-03 1.502477922882175854e+00 4.601670940542396983e-03 9.999893038821686675e-01 -4.655596747496694335e-04 -4.947181826843784561e-03 4.893179088675213111e-03 4.430419943398621594e-04 9.999879301832584888e-01 6.106060750696133688e-04
9.999730431811206799e-01 -5.286332379529803775e-03 -5.095841545975809093e-03 1.672799627686053281e+00 5.282726673474450428e-03 9.999857865374075505e-01 -7.207787841937038321e-04 -1.779860002066271929e-03 5.099579392647979152e-03 6.938394162318406834e-04 9.999867563507441881e-01 6.000631473825430474e-03
9.999654332133781631e-01 -5.978327939168233927e-03 -5.778578841960533771e-03 1.865105524419750527e+00 5.972537288689347586e-03 9.999816452266845346e-01 -1.018826809812747479e-03 3.114512418059850463e-03 5.784563658238081607e-03 9.842788146345673745e-04 9.999827848610689518e-01 1.018864761009991883e-02
9.999557988314896617e-01 -6.957778345521250032e-03 -6.323741279643301481e-03 2.062862238746355992e+00 6.952608582855649907e-03 9.999754782443045498e-01 -8.391328667203479729e-04 1.179524513779752100e-02 6.329424710893643592e-03 7.951292781704970497e-04 9.999796528691271558e-01 1.094022451016041925e-02
9.999502654687686398e-01 -7.558836271401355583e-03 -6.506195751844389037e-03 2.272599031906092026e+00 7.554868770145892545e-03 9.999712604833116414e-01 -6.341650279926378409e-04 1.615642564814795748e-02 6.510802316538646418e-03 5.849800329941821746e-04 9.999786333975121400e-01 1.232850775309591099e-02
9.999398525797318360e-01 -8.176155463526854975e-03 -7.310383345653832972e-03 2.490273181578430250e+00 8.172256451245094380e-03 9.999664480278758205e-01 -5.630657231298302843e-04 1.487975048106026862e-02 7.314741780764096209e-03 5.032895287215483938e-04 9.999731202649054795e-01 1.427286284792460801e-02
9.999329191986408016e-01 -8.838636656873779737e-03 -7.485693350137317438e-03 2.726361357391168472e+00 8.835264291575684395e-03 9.999608514200986065e-01 -4.834584672838210988e-04 2.009603834485313226e-02 7.489673409604093342e-03 4.172879573482579782e-04 9.999718649356981182e-01 1.558651753299706601e-02
9.999204853631219470e-01 -9.673044993479184769e-03 -8.090435818463614578e-03 2.965887975528175069e+00 9.669551605220495435e-03 9.999531379624998495e-01 -4.707979435958365702e-04 1.731192877996353199e-02 8.094610733848138853e-03 3.925296216129504261e-04 9.999671610595838311e-01 1.443008716378241588e-02
9.999119033235954745e-01 -1.011244667472391452e-02 -8.597907538210200484e-03 3.226823282968381612e+00 1.011056790851423866e-02 9.999488525905521064e-01 -2.619530599015948511e-04 1.881456628639615464e-02 8.600116763862485081e-03 1.750002546714428137e-04 9.999630029988904045e-01 1.597616284082726407e-02
9.999105395308632849e-01 -1.063469555910599718e-02 -8.112717514062700586e-03 3.485425668432804436e+00 1.062509659160573716e-02 9.999428012411782918e-01 -1.225384986264966549e-03 1.953995067867793714e-02 8.125285072961851290e-03 1.139076955541894675e-03 9.999663405566071583e-01 2.743409115191362824e-02
9.999028150968743978e-01 -1.124123556471019574e-02 -8.245907125628670897e-03 3.756076155607617206e+00 1.123240209902871649e-02 9.999362909361801943e-01 -1.116786407733434943e-03 2.492895920832229398e-02 8.257935845690150822e-03 1.024056528448280112e-03 9.999653783025664877e-01 1.745192952333156702e-02
9.998882695213721084e-01 -1.197226700369992576e-02 -8.950603127611027332e-03 4.033995342395864547e+00 1.196767357314702622e-02 9.999282243101476064e-01 -5.665837992928066981e-04 1.573313475859260124e-02 8.956743984422053939e-03 4.594025980996913321e-04 9.999597820344827692e-01 6.964265219392628929e-03
9.998580330886043255e-01 -1.258674755280987483e-02 -1.120211829205809695e-02 4.325925434406709513e+00 1.258177104349316767e-02 9.999207139625057028e-01 -5.146125940595429977e-04 -2.378048177013369034e-03 1.120770741929610209e-02 3.735970485461973705e-04 9.999371218829955499e-01 -1.711733320225666734e-03
9.998371441266874493e-01 -1.259660193255941057e-02 -1.292326755671158872e-02 4.611770432897285943e+00 1.258267595465947103e-02 9.999201640754902254e-01 -1.158335471620219794e-03 -1.293770612213676618e-02 1.293682690653887371e-02 9.955375419439345050e-04 9.999158201641740185e-01 -5.965385044228202829e-03
9.998188456229872845e-01 -1.297573125916181951e-02 -1.392502550830928762e-02 4.913993609510143301e+00 1.296052869017317623e-02 9.999153108667715451e-01 -1.181435685421598162e-03 -2.728756346352365775e-02 1.393917620192281978e-02 1.000745970564189281e-03 9.999023441688263958e-01 -8.237241136141767311e-03
9.997987169030700949e-01 -1.306683397838212871e-02 -1.522443853664564098e-02 5.236947508540803042e+00 1.304480096243595955e-02 9.999137183819764019e-01 -1.545625886168632088e-03 -2.999993130440987282e-02 1.524332138430245509e-02 1.346715007328186733e-03 9.998829069005349401e-01 -1.024865484378652096e-02
9.997722546212245431e-01 -1.324252095599743814e-02 -1.673542734211610344e-02 5.538509363498784310e+00 1.319638278755342134e-02 9.999088213288270799e-01 -2.864351605533955233e-03 -3.187082043938119919e-02 1.677183266425116837e-02 2.642852157372755240e-03 9.998558500911801650e-01 -2.145383415279932676e-03
9.997330573509132234e-01 -1.396137472141993456e-02 -1.840907536200163050e-02 5.879206566491402164e+00 1.389427282109191412e-02 9.998963705822411230e-01 -3.767927710899524052e-03 -3.084529410682783357e-02 1.845977309093547666e-02 3.511141174831117207e-03 9.998234387456025329e-01 9.079798008414467075e-04
9.996758483228066483e-01 -1.456663182300154541e-02 -2.088088880795060595e-02 6.226485976978316295e+00 1.450350583301095175e-02 9.998897891554395789e-01 -3.171413130207328089e-03 -1.865351945930463287e-02 2.092478431498627153e-02 2.867539018697533651e-03 9.997769404328885612e-01 -4.179760722044980475e-04
9.996877593292605724e-01 -1.511093525308505880e-02 -1.990084126411523560e-02 6.606328813117563925e+00 1.508899234808410567e-02 9.998853704372928641e-01 -1.252316013257298534e-03 -6.098828552223140194e-03 1.991748370557635747e-02 9.516413477106699676e-04 9.998011743449711775e-01 -6.831403521699783848e-03
9.997129822117878373e-01 -1.731646820321315963e-02 -1.655575809743374191e-02 6.988268264728834112e+00 1.732006536690937001e-02 9.998499936858181725e-01 7.390639592107621785e-05 6.670464375020345588e-03 1.655199483142807612e-02 -3.606319959170756250e-04 9.998629413132901211e-01 2.904869826096236757e-02
9.997205595733187344e-01 -1.870219292552119730e-02 -1.445789563480941696e-02 7.375714026569666792e+00 1.872121276710252483e-02 9.998240448803059621e-01 1.181300856213872083e-03 -2.636006139203235510e-04 1.443325877753647533e-02 -1.451640093342402953e-03 9.998947813555684183e-01 4.817122636257662599e-02
9.997274031542627837e-01 -1.982552065024556151e-02 -1.233159005889873476e-02 7.760642206519682063e+00 1.982601889001997172e-02 9.998034418198075146e-01 -8.185498977293539750e-05 -4.539331866224038427e-03 1.233078900178794825e-02 -1.626536610907933439e-04 9.999239597021265524e-01 7.017428559238299279e-02
9.997084130357372089e-01 -2.128337002997772107e-02 -1.140644842774577936e-02 8.147634156647226789e+00 2.126752718412475499e-02 9.997726825908944681e-01 -1.508453671509008432e-03 -1.119675875621016850e-02 1.143596052110589303e-02 1.265426874070801899e-03 9.999338065601073300e-01 8.874312818686196092e-02
9.996547434823342959e-01 -2.223365981396947799e-02 -1.400207857945076455e-02 8.521839094226002942e+00 2.219353807137195572e-02 9.997491488819274519e-01 -3.014328737269541571e-03 -6.105040442506759479e-03 1.406558570209569085e-02 2.702532356595229585e-03 9.998974225477924582e-01 1.006393275032663182e-01
9.995828419780022900e-01 -2.409399085462856846e-02 -1.592550243719467046e-02 8.894885625931820528e+00 2.403216993333779847e-02 9.997029335551603779e-01 -4.061951440113408668e-03 4.440091330010267553e-03 1.601864012565340500e-02 3.677532583640752764e-03 9.998649303394039345e-01 1.134801451017136281e-01
9.995450904381891766e-01 -2.544473923921160285e-02 -1.619189383490127199e-02 9.291323277721190266e+00 2.536917879944972087e-02 9.996663611763074719e-01 -4.855007678883116115e-03 2.227744592351366820e-02 1.631002599488239058e-02 4.442024039668009475e-03 9.998571155292526047e-01 1.410287324378742824e-01
9.995137179301356589e-01 -2.689525146557805724e-02 -1.577888202885668195e-02 9.676520367907116338e+00 2.681257291159892114e-02 9.996257401552356425e-01 -5.428218212033755416e-03 4.436932921528039669e-02 1.591896992074068318e-02 5.002506141983694213e-03 9.998607709721198944e-01 1.633236577892049346e-01
9.994782212551144296e-01 -2.772096936072008383e-02 -1.657809079522252690e-02 1.009273425375645594e+01 2.766521200972506256e-02 9.996108223131099368e-01 -3.583288847556153744e-03 5.199596155340967252e-02 1.667097121254750361e-02 3.122782767032410405e-03 9.998561531273487679e-01 1.407598036527488716e-01
9.993990000941095353e-01 -2.871856534695237800e-02 -1.941346479397522071e-02 1.051222852143162001e+01 2.868896963747152168e-02 9.995867637180009257e-01 -1.801338644897643951e-03 6.207990929667610985e-02 1.945717430754852553e-02 1.243303738509106155e-03 9.998099182163474596e-01 1.160978353554606157e-01
9.993097357719161744e-01 -2.984960299674688580e-02 -2.211454707652124249e-02 1.094873459245719438e+01 2.981478731119585959e-02 9.995536299495899613e-01 -1.902448997029713941e-03 6.509283629931066073e-02 2.216146315231079869e-02 1.241795286971401251e-03 9.997536333994561097e-01 1.159687592918775129e-01
9.992478820174822696e-01 -3.055849140547004655e-02 -2.387150784088954564e-02 1.140387248217658112e+01 3.050157614782519205e-02 9.995309499512862184e-01 -2.744802721099090341e-03 8.001263736871234988e-02 2.394418793933632272e-02 2.014619691441789720e-03 9.997112669023114906e-01 1.292319882612991411e-01
9.992048112826663608e-01 -3.137015959478712396e-02 -2.461012386333709737e-02 1.187190575378257584e+01 3.131317451285172554e-02 9.995059820808203099e-01 -2.697570496321722699e-03 1.060287868072500861e-01 2.468258923814318009e-02 1.924804315383264004e-03 9.996934854828496420e-01 1.434067379750630644e-01
9.991813997641960654e-01 -3.237813453144355869e-02 -2.425256212290748462e-02 1.235097513497156108e+01 3.233465653658718075e-02 9.994747146420774886e-01 -2.182837098504251602e-03 1.263605656851419790e-01 2.431049880036781005e-02 1.396851961164237562e-03 9.997034802643611773e-01 1.499518057378752545e-01
9.991406943297322929e-01 -3.321675338404956462e-02 -2.478951852948670445e-02 1.284503740654667325e+01 3.318710920769166878e-02 9.994478652017618758e-01 -1.606401592861487473e-03 1.327715438162699879e-01 2.482919081922082757e-02 7.823287442198431901e-04 9.996914020061384853e-01 1.553363676174090435e-01
9.990503359321820653e-01 -3.409474360047937136e-02 -2.712885424436128554e-02 1.334213386646170107e+01 3.404613986012015869e-02 9.994177257810384907e-01 -2.251611707645406833e-03 1.410549486557828858e-01 2.718982593580484067e-02 1.325840667063638923e-03 9.996294090872407390e-01 1.635437578072900799e-01
9.989622737303421873e-01 -3.516437914418747701e-02 -2.894550229152416387e-02 1.385369287609423594e+01 3.510588631860406261e-02 9.993804044191074709e-01 -2.526659630111184260e-03 1.515786461298135324e-01 2.901641620341916666e-02 1.507880136157393807e-03 9.995777978167607047e-01 1.720871823553153102e-01
9.988978122800377113e-01 -3.621983146693549122e-02 -2.985438712587054622e-02 1.438056138281636009e+01 3.614844813748565450e-02 9.993421433788407526e-01 -2.927484284516786595e-03 1.769926778943155810e-01 2.994078020703643678e-02 1.845067882592058613e-03 9.995499714396987034e-01 1.835272455072534392e-01
9.988106086794216187e-01 -3.733727208125441066e-02 -3.135755256670665764e-02 1.492691450292145028e+01 3.728520588128292346e-02 9.993021461163850150e-01 -2.243699974910664825e-03 1.955228533048384842e-01 3.141944321329926543e-02 1.071858534251714668e-03 9.995057126937538783e-01 1.839645987651186421e-01
9.987443152726022122e-01 -3.878665292792338876e-02 -3.170785810031434560e-02 1.547872581944887393e+01 3.878879734264786133e-02 9.992472813156236811e-01 -5.477079932237576129e-04 1.987643634708168849e-01 3.170523476291969844e-02 -6.828894373609354458e-04 9.994970293856028087e-01 1.888373042747444330e-01
9.987128421288995472e-01 -3.930254498685940151e-02 -3.206195446899215429e-02 1.603949688967781739e+01 3.929543124281372618e-02 9.992272728702826790e-01 -8.521946132850644626e-04 2.099633737035446757e-01 3.207067274406839863e-02 -4.087906230656402273e-04 9.994855200751882052e-01 2.132262693582484825e-01
9.986280136577081468e-01 -4.076719961597915359e-02 -3.286526697793827612e-02 1.662867715700150129e+01 4.072869542907853885e-02 9.991685473700933073e-01 -1.840465968970903844e-03 2.150353987140145029e-01 3.291297170882033496e-02 4.993814258582225142e-04 9.994580966261096266e-01 2.393100429615135916e-01
9.985666088127158613e-01 -4.116147425774518975e-02 -3.421199791303287246e-02 1.720839173644823106e+01 4.109649531756057184e-02 9.991517976526670397e-01 -2.600638394230708143e-03 2.371152180597277115e-01 3.429002532641391848e-02 1.190917450037758032e-03 9.994112146052499535e-01 2.667410488129690616e-01
9.984927195468866756e-01 -4.203181961335979155e-02 -3.529327346467509008e-02 1.779147674166511095e+01 4.194052094804920361e-02 9.991145813686265198e-01 -3.323552196147898721e-03 2.740547571757926404e-01 3.540171908917137678e-02 1.838324395817308304e-03 9.993714719006877578e-01 2.925713146686639843e-01
9.984005003804230505e-01 -4.357489090939489079e-02 -3.602318312358464975e-02 1.837645766996597274e+01 4.350785569077521980e-02 9.990495886850043750e-01 -2.643074254405661065e-03 2.955318804942633215e-01 3.610411795504298721e-02 1.071555205277935352e-03 9.993474593133913064e-01 3.072534538722355713e-01
9.983127369547023511e-01 -4.517138449558080748e-02 -3.648595972101764673e-02 1.895840067975812815e+01 4.515261004028572889e-02 9.989792036759895799e-01 -1.338816430888786942e-03 3.174791826205758394e-01 3.650919117922511725e-02 -3.108788158281708619e-04 9.993332688917149209e-01 3.194289674633168929e-01
9.982313277784568006e-01 -4.678193890409384353e-02 -3.668332637633708176e-02 1.956007435742528600e+01 4.675782840789783484e-02 9.989051051851431939e-01 -1.515360562872956895e-03 3.306810883035054549e-01 3.671405349776592913e-02 -2.025522933959002887e-04 9.993257913455109165e-01 3.479203533708062901e-01
9.981044206569932298e-01 -4.815771331961241075e-02 -3.831970919506092615e-02 2.016267774089154230e+01 4.810123537840940711e-02 9.988395943279894107e-01 -2.394985964144968373e-03 3.438330817069102374e-01 3.839057983462696583e-02 5.472207266007194336e-04 9.992626601296765720e-01 3.655054458801311190e-01
9.980067870503512850e-01 -4.882261508164578018e-02 -3.998506293635580022e-02 2.077075505441502301e+01 4.873134914916656818e-02 9.988066196339357994e-01 -3.254563800636640566e-03 3.638428084922340489e-01 4.009624186300884963e-02 1.299550699220799977e-03 9.991949772474055802e-01 3.943577490252527240e-01
9.979078247260390055e-01 -4.959102305776083575e-02 -4.148136669192111631e-02 2.137974114433366069e+01 4.947337678411352357e-02 9.987679894904122335e-01 -3.858517702050407502e-03 3.960913404889030431e-01 4.162160905253576432e-02 1.798221722850646982e-03 9.991318271672229301e-01 4.187918407067287019e-01
9.977773110239620546e-01 -5.052088082855556855e-02 -4.345202188734730714e-02 2.199374734183457747e+01 5.040193710883868888e-02 9.987216736672731576e-01 -3.829266629187687634e-03 4.159507159641929186e-01 4.358993394659244763e-02 1.630689286046721953e-03 9.990481762712867253e-01 4.365233378708262002e-01
9.976885883175796721e-01 -5.117800474667637961e-02 -4.470226583769895679e-02 2.261363499906903485e+01 5.106689931194672433e-02 9.986886570370020477e-01 -3.624651747804650236e-03 4.435350371042943718e-01 4.482914828031682453e-02 1.333467576860420398e-03 9.989937784234108609e-01 4.606637245992274421e-01
9.975981360604720960e-01 -5.164853663834689801e-02 -4.615612193186449663e-02 2.323177333094180597e+01 5.153679768121362248e-02 9.986645772158219136e-01 -3.608420583776059815e-03 4.737978847548081629e-01 4.628085363773509764e-02 1.221014930745310985e-03 9.989277209633845578e-01 4.805462053619874441e-01
9.975257457724369115e-01 -5.182782974997408865e-02 -4.750013246877563683e-02 2.386509405790288341e+01 5.174301333708149209e-02 9.986558839898582729e-01 -3.014289838980957481e-03 5.012619438787453419e-01 4.759251088083227971e-02 5.490317317587629139e-04 9.988666835330004545e-01 4.987515148029846301e-01
9.974759469245538801e-01 -5.182163030151386990e-02 -4.854126017995100129e-02 2.448903388223992295e+01 5.176224929143725256e-02 9.986563558869816504e-01 -2.480402149937695113e-03 5.276388550197186333e-01 4.860457648468487213e-02 -3.846332709233832303e-05 9.988180983869470175e-01 5.206882908543312150e-01
9.974136067269954165e-01 -5.181523769122937939e-02 -4.981243076630554462e-02 2.515194450472873200e+01 5.173882126759070388e-02 9.986566598227335501e-01 -2.823148161407295666e-03 5.544995632202052160e-01 4.989179781975074807e-02 2.386099376718183156e-04 9.987546002775710141e-01 5.533999988842509543e-01
9.973987271387250164e-01 -5.146772646426652636e-02 -5.046634754616885488e-02 2.581191376018460915e+01 5.140296015201733376e-02 9.986746581092924568e-01 -2.581266723534651926e-03 5.901915755896648408e-01 5.053231431135310481e-02 -1.956750747456569017e-05 9.987224263164672378e-01 5.895089010641006988e-01
9.974244264536413773e-01 -5.090504037407315996e-02 -5.052910426811985795e-02 2.647413007174865385e+01 5.084865859065548777e-02 9.987034828165559652e-01 -2.401526517050321143e-03 6.315505076235320425e-01 5.058584222048206208e-02 -1.739959629391322170e-04 9.987197015640821851e-01 6.310208023343457651e-01
9.974315596341463142e-01 -5.049960646334426123e-02 -5.079442482046388208e-02 2.715472327208500403e+01 5.043496867674430312e-02 9.987240807893719152e-01 -2.554287767657883144e-03 6.595568768450736918e-01 5.085860576510350950e-02 -1.408799292391504747e-05 9.987058636160890401e-01 6.656346999814809484e-01
9.974175006080064909e-01 -4.992353087823966917e-02 -5.163303734554911678e-02 2.783518510623390085e+01 4.984891208061976997e-02 9.987530315381933921e-01 -2.732756419269905500e-03 6.892479519477836547e-01 5.170508142587206674e-02 1.518483383850393904e-04 9.986623861429978488e-01 7.034928709190247931e-01
9.973642903760464584e-01 -4.945222250488689325e-02 -5.309378468344901764e-02 2.850735964473572892e+01 4.932128862244229001e-02 9.987758332223355406e-01 -3.774315785834067398e-03 7.154714673684433590e-01 5.321543734018383681e-02 1.145713906963310470e-03 9.985823974857239715e-01 7.390161665603969254e-01
9.973111552107667421e-01 -4.851906286783246036e-02 -5.492140047916899831e-02 2.923780573572682684e+01 4.840734199569525498e-02 9.988220143632632331e-01 -3.363460156606658605e-03 7.443808819878052763e-01 5.501989579304691208e-02 6.958173184130982385e-04 9.984850158641248585e-01 7.674223590115643034e-01
9.972332402480779123e-01 -4.728077208695609379e-02 -5.736194849532701839e-02 2.995825806370241295e+01 4.717347837842546243e-02 9.988815092431682086e-01 -3.223884267567398570e-03 7.757773859764489632e-01 5.745021742343071197e-02 5.090019172423745301e-04 9.983482425662143500e-01 7.933691434292269307e-01
9.972411982577554790e-01 -4.575063847585451871e-02 -5.845401249262332372e-02 3.067650123092841241e+01 4.571557571889736660e-02 9.989526172821281413e-01 -1.937669186375149625e-03 7.993693117793397862e-01 5.848143837257992889e-02 -7.399352929320092117e-04 9.982882218385812356e-01 8.139935675443185081e-01
9.972031585508277507e-01 -4.350938715856052935e-02 -6.076836187803016931e-02 3.140282268042659553e+01 4.346492490210778631e-02 9.990528421975019002e-01 -2.053971846822151819e-03 8.209870224814788120e-01 6.080017170622853406e-02 -5.930650722271642869e-04 9.981497820439141355e-01 8.440280862153893837e-01
9.972046847597049180e-01 -4.099841891447473380e-02 -6.246556123025603924e-02 3.214475824772743096e+01 4.096354524539858738e-02 9.991589486370423545e-01 -1.839380180488086984e-03 8.552608917087913820e-01 6.248843616402804946e-02 -7.245723106979370378e-04 9.980454249886328011e-01 8.785527685780482043e-01
9.974223609881495145e-01 -3.829901865103480657e-02 -6.067799412631515871e-02 3.289306082306271861e+01 3.827432645504911385e-02 9.992660368111251357e-01 -1.569589181711829101e-03 8.918519601711752953e-01 6.069357243759652271e-02 -7.568660084236683658e-04 9.981561588341814062e-01 9.335652065037325364e-01
9.976402311097796183e-01 -3.550402709807886498e-02 -5.876591980939712551e-02 3.362905059943921060e+01 3.553381193303040836e-02 9.993683296606783450e-01 -5.384057334125484044e-04 9.047709168698016002e-01 5.874791469263940941e-02 -1.551041922266138207e-03 9.982716447882418187e-01 9.693920492502882125e-01
9.977354330586124531e-01 -3.267372996584880229e-02 -5.879143636161600350e-02 3.436859205943144246e+01 3.262706231650408517e-02 9.994660569628760483e-01 -1.753791229303068707e-03 9.125010688739476628e-01 5.881734798457093072e-02 -1.683722061841359200e-04 9.982687469949472758e-01 1.014982797798395175e+00
9.976854709387146247e-01 -2.955754681593111832e-02 -6.123767226160054672e-02 3.510266462602130844e+01 2.940826818874658216e-02 9.995619106307053192e-01 -3.337750504849602666e-03 9.221625470324761320e-01 6.130950040518937799e-02 1.529131295183092576e-03 9.981176318037610073e-01 1.061964110349940649e+00
9.977083079808787280e-01 -2.612620697387972590e-02 -6.241436929978546461e-02 3.583624536236058589e+01 2.595578634506106458e-02 9.996568244286175853e-01 -3.539848655173390320e-03 9.490492657782149122e-01 6.248543303155981027e-02 1.911722377854462593e-03 9.980440451084353626e-01 1.105989419015445785e+00
9.976992264458094395e-01 -2.258831073785499965e-02 -6.392199752388537382e-02 3.655632184246722005e+01 2.244842973342074666e-02 9.997437794477711526e-01 -2.905762892929587577e-03 9.664755932792129522e-01 6.397125566953625053e-02 1.464128920675951146e-03 9.979506675054465870e-01 1.139098246149796267e+00
9.976013312243766640e-01 -2.014940014571695026e-02 -6.622375414546732841e-02 3.729111067846258010e+01 1.999272934307045474e-02 9.997955409395685722e-01 -3.027720391669748087e-03 9.820156199058421853e-01 6.627122084861761242e-02 1.696464300592563168e-03 9.978002040970479491e-01 1.187115371631099592e+00
9.976294598819901438e-01 -1.669371075423877263e-02 -6.675912519515460330e-02 3.800934946937052672e+01 1.662386824225115314e-02 9.998605312058767014e-01 -1.601605871129733539e-03 9.978480210988645016e-01 6.677655112562182194e-02 4.880142989467813313e-04 9.977678357522912211e-01 1.217881625582472038e+00
9.976560648342335247e-01 -1.296667385574686200e-02 -6.718810660072532803e-02 3.872545196583428861e+01 1.288916102903935219e-02 9.999156718481921891e-01 -1.587047682308131502e-03 9.964017053874898444e-01 6.720301948156223726e-02 7.173294202228108155e-04 9.977390638894838570e-01 1.256300748654305188e+00
9.975351563737895333e-01 -8.702765733907260812e-03 -6.962667353033677453e-02 3.944807349006273967e+01 8.572829346483552479e-03 9.999609093844187280e-01 -2.164786382642678968e-03 9.939395445450533995e-01 6.964279140955967340e-02 1.562552932586414381e-03 9.975707694359420286e-01 1.294751626745041184e+00
9.972844980881685473e-01 -3.971815013711446976e-03 -7.353811636509785532e-02 4.016454532167978186e+01 3.787672823021994480e-03 9.999893331227338589e-01 -2.643326566231492779e-03 1.003537456016502238e+00 7.354783074717810565e-02 2.357610283074985762e-03 9.972889041126135057e-01 1.344190575418817479e+00
9.972236681796970981e-01 7.689120872089411996e-04 -7.446048882750914977e-02 4.086996688899738217e+01 -8.471507180684620776e-04 9.999991218213898359e-01 -1.019162455168663283e-03 1.015242078783563207e+00 7.445963979156995649e-02 1.079412178592273428e-03 9.972234438236289300e-01 1.387866158131294991e+00
9.971686032262881971e-01 5.765886162074621533e-03 -7.497687174388804887e-02 4.159432605995006327e+01 -5.779847968819327129e-03 9.999832960658687764e-01 3.076846380006560125e-05 1.008494032364548598e+00 7.497579674262074001e-02 4.026735737864085623e-04 9.971852725330444533e-01 1.428392031432970777e+00
9.970718532445160820e-01 1.124576827253888876e-02 -7.563895929682375174e-02 4.230169621656731493e+01 -1.127442482906188155e-02 9.999364404933831496e-01 4.814765447726915802e-05 9.863697920931406848e-01 7.563469317925496094e-02 8.047790896614832488e-04 9.971352694184960619e-01 1.486722938941734462e+00
9.969561677227442020e-01 1.708812596200258785e-02 -7.606836129880908959e-02 4.301355322125384362e+01 -1.710443917135464828e-02 9.998536128439946546e-01 4.370851685685851772e-04 9.759978935048000404e-01 7.606469483415320698e-02 8.653519040755220087e-04 9.971025089557589149e-01 1.539420353439086675e+00
9.967976128635435140e-01 2.301120484493234669e-02 -7.658331046073783843e-02 4.372940686182130321e+01 -2.297656346934579680e-02 9.997351145366166758e-01 1.333526751559759981e-03 9.645473865014585479e-01 7.659371071230534900e-02 4.303650108493116736e-04 9.970622940745864637e-01 1.590267412706298789e+00
9.966500190139584436e-01 2.903144442927728386e-02 -7.645858247329698210e-02 4.443136229821633520e+01 -2.897867222306208662e-02 9.995784097529790690e-01 1.799808849227992145e-03 9.356683617713595913e-01 7.647859933121486931e-02 4.218886763290638628e-04 9.970711337985270761e-01 1.649349702682294749e+00
9.965061442678443404e-01 3.558561199323965335e-02 -7.555904085879371068e-02 4.513126653404057720e+01 -3.559801736891590046e-02 9.993654894837556979e-01 1.183041967034360918e-03 9.057512670304714852e-01 7.555319712518208941e-02 1.510843459793507300e-03 9.971406278736231199e-01 1.705545677424909146e+00
9.962972218307160066e-01 4.199924788391543040e-02 -7.501939049060980802e-02 4.582896639025996421e+01 -4.205496132734906634e-02 9.991149476796254980e-01 8.375863503394032940e-04 8.653369355490810877e-01 7.498817240173509535e-02 2.320452611997416478e-03 9.971817234082879233e-01 1.766263672899623050e+00
9.960137459019375861e-01 4.780982297715804380e-02 -7.530497195592952830e-02 4.651889200231643429e+01 -4.794944487683525797e-02 9.988497627799269862e-01 -4.615719679938994763e-05 8.298060081855183068e-01 7.521614660692116372e-02 3.656804804236961359e-03 9.971605482911113372e-01 1.821791363400737884e+00
9.956511539265026078e-01 5.360477596732600436e-02 -7.619256970542929996e-02 4.723865205179987470e+01 -5.376791145975379216e-02 9.985534555632809006e-01 -8.988819092816367762e-05 7.947799253015258580e-01 7.607753533126578038e-02 4.186212622834633613e-03 9.970931171369082913e-01 1.861329927413611252e+00
9.952924629377253307e-01 5.839490370038369349e-02 -7.734952127311148229e-02 4.789945693453628195e+01 -5.859609532914121510e-02 9.982817174154748896e-01 -3.320936435236504849e-04 7.565422634097656029e-01 7.719722036145346133e-02 4.862910222571292795e-03 9.970039825761141117e-01 1.905610560806664022e+00
9.948219492923939811e-01 6.377685953156279897e-02 -7.913154487543344606e-02 4.859037171989717763e+01 -6.398544814522207080e-02 9.979508265994669891e-01 -1.005738324526333702e-04 7.050483490204113579e-01 7.896297633534674065e-02 5.163320417326695659e-03 9.968641775540595384e-01 1.943715804833680005e+00
9.943646376136676679e-01 6.879935278585395941e-02 -8.065740213822342186e-02 4.928609403292642099e+01 -6.897975207490565641e-02 9.976179079337655908e-01 5.509750822419532540e-04 6.588713232304751477e-01 8.050317550956626045e-02 5.015857464512935363e-03 9.967417317975462154e-01 1.996215011267441941e+00
9.940652005995935792e-01 7.384855333741935368e-02 -7.987971035788790641e-02 4.999325620632029654e+01 -7.399804874998527904e-02 9.972577892385382503e-01 1.091138972787552728e-03 5.960525330477493000e-01 7.974124239115248924e-02 4.826279419331599985e-03 9.968039131588930513e-01 2.045481815114996937e+00
9.936823453837776432e-01 7.928683657859536549e-02 -7.942917611277390544e-02 5.068404943377373684e+01 -7.948427808473734757e-02 9.968358892357862544e-01 6.778413144046006519e-04 5.210282328843438560e-01 7.923159729516425498e-02 5.639811775093711219e-03 9.968402813456117562e-01 2.097422969325402065e+00
9.932664047051602552e-01 8.412208223985268019e-02 -7.965754555417940697e-02 5.137630083927491853e+01 -8.433182106696282543e-02 9.964374571089585908e-01 7.335023940536655913e-04 4.487974586330927829e-01 7.943546588026327571e-02 5.989102592524185587e-03 9.968220189233992778e-01 2.138986180780737545e+00
9.927331694024335018e-01 8.826158059080542462e-02 -8.179699114155775108e-02 5.206130982703727028e+01 -8.862441929746318892e-02 9.960647862100807659e-01 -8.086881064112631627e-04 3.755907731206388211e-01 8.140372640356674516e-02 8.052022347135999458e-03 9.966486834706271836e-01 2.192049492463964633e+00
