1.000000000000000000e+00 0.000000000000000000e+00 0.000000000000000000e+00 0.000000000000000000e+00 0.000000000000000000e+00 1.000000000000000000e+00 0.000000000000000000e+00 0.000000000000000000e+00 0.000000000000000000e+00 0.000000000000000000e+00 1.000000000000000000e+00 0.000000000000000000e+00
9.999999210722472220e-01 3.972360751776794329e-04 7.681133442547876162e-06 2.754426811501898154e-03 -3.972358552484900980e-04 9.999999206924898854e-01 -2.861274579415461271e-05 -3.539028643479246150e-05 -7.692498848215633086e-06 2.860969231420255833e-05 9.999999995611554837e-01 -6.484240410728242705e-04
9.999999928729048637e-01 -1.193790609143709425e-04 -1.682297430842686150e-06 1.011724873002428464e-03 1.193790326695006056e-04 9.999999927335462280e-01 -1.677957364187439193e-05 -1.261327372063630577e-04 1.684300548362259888e-06 1.677937269124481535e-05 9.999999998578078531e-01 -5.801395531451851700e-04
9.999999009760657254e-01 4.449679548882299533e-04 7.167842084309831089e-06 1.294312583527589900e-03 -4.449679818035299117e-04 9.999999009946969331e-01 3.753850404045553270e-06 -2.064660176723779120e-03 -7.166171031518208557e-06 -3.757039492550658966e-06 9.999999999672652962e-01 -4.060287365746121854e-04
9.999999866508708646e-01 -1.621017632183310083e-04 -2.052502186152767145e-05 1.560491179579923419e-03 1.621014828577638895e-04 9.999999867682515253e-01 -1.366037965281651519e-05 1.026944633852255526e-04 2.052723596157369717e-05 1.365705233398290112e-05 9.999999996960587945e-01 -4.139155963023348180e-04
9.999999942648837292e-01 -1.065466072426327028e-04 -1.086521579984904973e-05 -2.098155724793165575e-03 1.065465192040046115e-04 9.999999942910898776e-01 -8.103053024172290981e-06 -1.917327544987282219e-03 1.086607909062854269e-05 8.101895326776467136e-06 9.999999999081438107e-01 -7.465007805996161806e-04
9.999999981963404450e-01 -5.715810484559170554e-05 -1.844641415394852792e-05 -1.703804372061980786e-03 5.715765046029696152e-05 9.999999980631263385e-01 -2.463230391875220556e-05 -1.173312021701215617e-03 1.844782205403012765e-05 2.463124952063145694e-05 9.999999995264896580e-01 -1.434147028369718016e-04
9.999999889892509097e-01 1.472137789055651699e-04 -1.869762947310263753e-05 -2.432556871982701537e-03 -1.472136160500082220e-04 9.999999891261345253e-01 8.711035081610395446e-06 -1.360966239064847691e-03 1.869891165417967427e-05 -8.708282440049076195e-06 9.999999997872582869e-01 -4.535954885547213060e-04
9.999999299982668122e-01 3.741662737568408675e-04 -1.749608508176365490e-06 -3.441513120988185827e-04 -3.741662884271919559e-04 9.999999299645778716e-01 -8.392137608370508017e-06 -3.036789707289153702e-04 1.746468330784016473e-06 8.392791665428035473e-06 9.999999999632555037e-01 -1.276382030497761168e-04
9.999998781891374922e-01 4.932829383878091327e-04 1.713629976669955767e-05 1.683564532775360745e-03 -4.932824197651319940e-04 9.999998778785184061e-01 -3.025562098384775212e-05 2.156845631514470825e-04 -1.715122225561090404e-05 3.024716426296972569e-05 9.999999993954723498e-01 -2.112219474453459896e-04
9.999999993080525007e-01 3.562743826971449541e-05 -1.070423933287761750e-05 9.919428687944513087e-04 -3.562751343693656503e-05 9.999999993406852861e-01 -7.022083219049247635e-06 -1.771722692899269092e-04 1.070398914698374464e-05 7.022464579620999286e-06 9.999999999180547716e-01 -5.428933678651003819e-04
9.999999542606943237e-01 -3.022922663871444515e-04 -9.899241780422012526e-06 -1.270252311521497326e-03 3.022921432937990390e-04 9.999999542324298218e-01 -1.243375991521075517e-05 -1.561271483099347995e-04 9.902999956822251451e-06 1.243076688348442057e-05 9.999999998737033602e-01 -6.164031110894225597e-04
9.999998632181628100e-01 5.230030102268683635e-04 5.613110618235776564e-06 6.793049296515002444e-04 -5.230030036722267683e-04 9.999998632332363080e-01 -1.169142151531782392e-06 -4.203689996484330526e-04 -5.613721315413437268e-06 1.166206317901088994e-06 9.999999999835630371e-01 -1.660367383395842901e-04
9.999999388754829965e-01 -3.145865362265849990e-04 1.525920755028654940e-04 -2.454977996166979749e-03 3.145997299454957995e-04 9.999999467769019601e-01 -8.644768990057574872e-05 3.194113067097896410e-04 -1.525648721021119058e-04 8.649569004224749475e-05 9.999999846212276333e-01 8.542496943015440592e-04
9.999997461380661923e-01 4.319494712038466060e-04 5.666952068569707695e-04 -1.054051320304396668e-02 -4.316995017327714471e-04 9.999998095117201835e-01 -4.411485730050228641e-04 -4.463599649727220762e-04 -5.668856528010074143e-04 4.409038189757585511e-04 9.999997421222063254e-01 4.561988611250541829e-03
9.999998233539373338e-01 -2.907070515301519108e-04 5.184414184468652846e-04 -1.378392262514594943e-02 2.908681909091326398e-04 9.999999094098699359e-01 -3.107667090570747455e-04 -1.750526937038890569e-03 -5.183510294074861148e-04 3.109174522788352244e-04 9.999998173212574226e-01 3.026326447490887417e-03
9.999999662189297256e-01 1.557917799384168965e-04 2.080650398774114122e-04 -6.995382903671999719e-03 -1.557774197287325470e-04 9.999999854839676239e-01 -6.903231096508754129e-05 -3.199159993715902130e-03 -2.080757915237310825e-04 6.899989679805433661e-05 9.999999759717392855e-01 -8.999652211647824179e-04
9.999999646082498028e-01 6.440322439585842126e-05 -2.581389623464417802e-04 6.254886776062991080e-03 -6.442029121859253152e-05 9.999999957399389183e-01 -6.610709593700940393e-05 -1.273283170175123179e-03 2.581347037366202258e-04 6.612372298449279329e-05 9.999999644970634094e-01 -1.261614510325616278e-03
9.999999162537823727e-01 -2.768191192287264269e-04 -3.014359026400916484e-04 1.825621881538225938e-02 2.768171170531132986e-04 9.999999616638043376e-01 -6.683828270235307997e-06 -3.470083639017737271e-04 3.014377412956407510e-04 6.600385092944838222e-06 9.999999545458604366e-01 -1.420967764743607392e-03
9.999999939129843307e-01 1.311301347810318009e-05 -1.095540055070775973e-04 3.929708410506059513e-02 -1.312025794374413622e-05 9.999999977275768615e-01 -6.612643273538219228e-05 2.512504704784237954e-03 1.095531381413208239e-04 6.612786970968058777e-05 9.999999918126073473e-01 -2.794795112562905703e-04
9.999999917581305908e-01 1.252134800001954834e-04 2.837821816436375647e-05 5.726478624673014134e-02 -1.252118345435616344e-04 9.999999904803060780e-01 -5.797744628982870528e-05 1.549643921327924397e-03 -2.838547745202327764e-05 5.797389252322872680e-05 9.999999979166461772e-01 5.829294651680373782e-04
9.999999884410946116e-01 3.358984487481841486e-05 -1.482886808704940733e-04 8.037865316765863133e-02 -3.360028487810494185e-05 9.999999969573383218e-01 -7.040130807874557149e-05 5.142635718603297528e-04 1.482863156502844438e-04 7.040628980690495826e-05 9.999999865270613464e-01 7.480363667210181275e-04
9.999999546845667053e-01 -1.804504993720025660e-04 -2.409740274497684245e-04 1.046634341953865815e-01 1.804168480956940435e-04 9.999999739722353898e-01 -1.396613386480048918e-04 -1.189197248352228233e-03 2.409992231360551663e-04 1.396178565446854142e-04 9.999999612131135196e-01 1.247391408889252790e-03
9.999998975908760412e-01 -3.786197417912935529e-04 -2.479220209217363239e-04 1.396071296257879735e-01 3.785525821726834776e-04 9.999998916607056865e-01 -2.708810060639103845e-04 -2.697845088423375323e-04 2.480245549586115720e-04 2.707871268020264335e-04 9.999999325790738247e-01 2.342439729906841111e-03
9.999997463217386029e-01 -6.910096813873771015e-04 -1.728064774233837979e-04 1.717631387418315780e-01 6.909776811943274619e-04 9.999997441308224877e-01 -1.851705530068721377e-04 -1.957315484322387153e-03 1.729343878523681639e-04 1.850511006140628041e-04 9.999999679248933182e-01 2.437334138140190461e-03
9.999995564429352557e-01 -8.918968672917438343e-04 -3.027109361873249623e-04 2.123166718560902111e-01 8.918326266817976642e-04 9.999995797844475343e-01 -2.122863497531468613e-04 -5.255834099304844756e-03 3.029001465137953352e-04 2.120162881026914272e-04 9.999999316502951041e-01 3.055738068607751108e-03
9.999994793348054856e-01 -8.197991465322427901e-04 -6.076672422360733170e-04 2.572553560178014731e-01 8.196419375415406805e-04 9.999996305755306514e-01 -2.589129130729064853e-04 -4.319923254215411561e-03 6.078792743340881866e-04 2.584147087101572879e-04 9.999997818522893267e-01 3.322164379290903219e-03
9.999989155247394068e-01 -1.022068433313570680e-03 -1.060342144231617894e-03 3.158907281696647917e-01 1.021819950451086307e-03 9.999994503628364395e-01 -2.348574330480878315e-04 -5.901270989382957632e-03 1.060581601796816700e-03 2.337736995937319574e-04 9.999994102580878064e-01 3.145987884630174498e-03
9.999978554419387544e-01 -1.455009663980172006e-03 -1.473790487529981225e-03 3.940588610215084997e-01 1.454746274853678913e-03 9.999989256971322238e-01 -1.797716809350364219e-04 -3.011164287505418979e-03 1.474050473765704371e-03 1.776273041825798392e-04 9.999988978112633875e-01 3.023239562064840031e-03
9.999971312956036362e-01 -1.699124173807221210e-03 -1.688306134953045795e-03 4.742414515424926424e-01 1.698706062338487801e-03 9.999985261836815686e-01 -2.490545693362223906e-04 -3.373657637551630804e-03 1.688726821339269803e-03 2.461859190057564249e-04 9.999985437960478007e-01 3.840497832076187473e-03
9.999963003190095456e-01 -1.922178865441673918e-03 -1.924727695668173883e-03 5.703235268458956009e-01 1.921876883974057678e-03 9.999981405948192847e-01 -1.587329419829101558e-04 -7.377729112003584763e-03 1.925029229925853940e-03 1.550332650554128440e-04 9.999981351118364392e-01 2.792223665935065699e-03
9.999943872620357110e-01 -2.263331200085326282e-03 -2.470379789519171806e-03 6.783387584343979482e-01 2.263063506711736859e-03 9.999974330911970410e-01 -1.111511648665082833e-04 -1.096219244700899660e-02 2.470625020178911658e-03 1.055599146547663925e-04 9.999969424298826848e-01 1.627301674894407772e-03
9.999922923688157050e-01 -2.504549180459943007e-03 -3.023646203459333208e-03 7.914553093208984702e-01 2.503422332490963520e-03 9.999967955925326279e-01 -3.764057539598836873e-04 -9.259587341671102548e-03 3.024579241187460958e-03 3.688333893318648674e-04 9.999953579303979545e-01 2.721041765926646323e-03
9.999895406137162546e-01 -3.048388938786162922e-03 -3.409690315345301898e-03 9.119571940686015399e-01 3.046646092592710051e-03 9.999952257196343952e-01 -5.162223590882106554e-04 -1.013811623216608407e-03 3.411247683057175122e-03 5.058288400429507238e-04 9.999940537455357381e-01 2.798193054679802387e-03
9.999880639497537027e-01 -3.511352222026074311e-03 -3.397405421233034174e-03 1.044766685476033574e+00 3.510457482989215276e-03 9.999938020671949035e-01 -2.692869396506630884e-04 -2.552002566723566776e-04 3.398329925636426729e-03 2.573572781445051453e-04 9.999941925436106605e-01 7.114009330795177839e-04
9.999866200142387695e-01 -3.837964746808735644e-03 -3.468402961120281222e-03 1.183795777743069211e+00 3.837308288362630861e-03 9.999926183162907156e-01 -1.959031122200299922e-04 -6.243390478011308191e-03 3.469129227705136480e-03 1.825911596090895497e-04 9.999939658832296407e-01 1.208625650911399497e-03
9.999831653284999566e-01 -4.041544793258571890e-03 -4.163529185428581358e-03 1.334539469690371183e+00 4.040815105584258903e-03 9.999918190087441205e-01 -1.836542011692048569e-04 -7.299407743924890384e-03 4.164237370313217043e-03 1.668270577860378435e-04 9.999913156102189227e-01 -1.424911387614626219e-03
9.999774404570140884e-01 -4.603893466082463817e-03 -4.891088017184315635e-03 1.502477922882175854e+00 4.601670940542404789e-03 9.999893038821686675e-01 -4.655596747496682408e-04 -4.947181826841220639e-03 4.893179088675211376e-03 4.430419943398609668e-04 9.999879301832584888e-01 6.106060750695691333e-04
9.999730431811206799e-01 -5.286332379529808979e-03 -5.095841545975807359e-03 1.672799627686053947e+00 5.282726673474455632e-03 9.999857865374075505e-01 -7.207787841937077352e-04 -1.779860002066136404e-03 5.099579392647977417e-03 6.938394162318443697e-04 9.999867563507441881e-01 6.000631473825388841e-03
9.999654332133781631e-01 -5.978327939168236529e-03 -5.778578841960541577e-03 1.865105524419750749e+00 5.972537288689350188e-03 9.999816452266845346e-01 -1.018826809812747912e-03 3.114512418059032974e-03 5.784563658238089413e-03 9.842788146345678082e-04 9.999827848610689518e-01 1.018864761009971587e-02
9.999557988314896617e-01 -6.957778345521255237e-03 -6.323741279643314492e-03 2.062862238746356436e+00 6.952608582855655112e-03 9.999754782443045498e-01 -8.391328667203466719e-04 1.179524513779900072e-02 6.329424710893656603e-03 7.951292781704955319e-04 9.999796528691271558e-01 1.094022451016013128e-02
9.999502654687686398e-01 -7.558836271401353848e-03 -6.506195751844393374e-03 2.272599031906093359e+00 7.554868770145890811e-03 9.999712604833116414e-01 -6.341650279926358894e-04 1.615642564814797483e-02 6.510802316538650755e-03 5.849800329941802230e-04 9.999786333975121400e-01 1.232850775309603242e-02
9.999398525797318360e-01 -8.176155463526860179e-03 -7.310383345653830370e-03 2.490273181578431139e+00 8.172256451245099584e-03 9.999664480278758205e-01 -5.630657231298348379e-04 1.487975048106046291e-02 7.314741780764093607e-03 5.032895287215529475e-04 9.999731202649054795e-01 1.427286284792460801e-02
9.999329191986408016e-01 -8.838636656873783207e-03 -7.485693350137318305e-03 2.726361357391169360e+00 8.835264291575687864e-03 9.999608514200986065e-01 -4.834584672838174667e-04 2.009603834485455820e-02 7.489673409604094209e-03 4.172879573482543461e-04 9.999718649356981182e-01 1.558651753299726203e-02
9.999204853631219470e-01 -9.673044993479188239e-03 -8.090435818463614578e-03 2.965887975528175957e+00 9.669551605220498905e-03 9.999531379624998495e-01 -4.707979435958349981e-04 1.731192877996366730e-02 8.094610733848138853e-03 3.925296216129487456e-04 9.999671610595838311e-01 1.443008716378271945e-02
9.999119033235954745e-01 -1.011244667472392146e-02 -8.597907538210195280e-03 3.226823282968381168e+00 1.011056790851424560e-02 9.999488525905521064e-01 -2.619530599015963148e-04 1.881456628639716078e-02 8.600116763862479877e-03 1.750002546714442232e-04 9.999630029988904045e-01 1.597616284082732305e-02
9.999105395308632849e-01 -1.063469555910600411e-02 -8.112717514062704055e-03 3.485425668432803548e+00 1.062509659160574410e-02 9.999428012411782918e-01 -1.225384986264967634e-03 1.953995067867784347e-02 8.125285072961854760e-03 1.139076955541895326e-03 9.999663405566071583e-01 2.743409115191381559e-02
9.999028150968743978e-01 -1.124123556471019920e-02 -8.245907125628663958e-03 3.756076155607617206e+00 1.123240209902871996e-02 9.999362909361801943e-01 -1.116786407733434943e-03 2.492895920832286297e-02 8.257935845690143883e-03 1.024056528448280112e-03 9.999653783025664877e-01 1.745192952333179601e-02
9.998882695213721084e-01 -1.197226700369993443e-02 -8.950603127611027332e-03 4.033995342395863659e+00 1.196767357314703489e-02 9.999282243101476064e-01 -5.665837992928088665e-04 1.573313475859283717e-02 8.956743984422053939e-03 4.594025980996933379e-04 9.999597820344827692e-01 6.964265219392589898e-03
9.998580330886043255e-01 -1.258674755280987483e-02 -1.120211829205808307e-02 4.325925434406709513e+00 1.258177104349316767e-02 9.999207139625057028e-01 -5.146125940595441903e-04 -2.378048177015842750e-03 1.120770741929608821e-02 3.735970485461986715e-04 9.999371218829955499e-01 -1.711733320225327596e-03
9.998371441266874493e-01 -1.259660193255941925e-02 -1.292326755671158178e-02 4.611770432897286831e+00 1.258267595465947970e-02 9.999201640754902254e-01 -1.158335471620218927e-03 -1.293770612213668465e-02 1.293682690653886677e-02 9.955375419439336376e-04 9.999158201641740185e-01 -5.965385044228244463e-03
9.998188456229872845e-01 -1.297573125916182818e-02 -1.392502550830928415e-02 4.913993609510142413e+00 1.296052869017318490e-02 9.999153108667715451e-01 -1.181435685421597945e-03 -2.728756346352419204e-02 1.393917620192281631e-02 1.000745970564189064e-03 9.999023441688263958e-01 -8.237241136141725678e-03
9.997987169030700949e-01 -1.306683397838214258e-02 -1.522443853664563404e-02 5.236947508540803042e+00 1.304480096243597342e-02 9.999137183819764019e-01 -1.545625886168632739e-03 -2.999993130440891873e-02 1.524332138430244815e-02 1.346715007328187384e-03 9.998829069005349401e-01 -1.024865484378648106e-02
9.997722546212245431e-01 -1.324252095599744855e-02 -1.673542734211609997e-02 5.538509363498784310e+00 1.319638278755343175e-02 9.999088213288270799e-01 -2.864351605533953064e-03 -3.187082043938065795e-02 1.677183266425116490e-02 2.642852157372753072e-03 9.998558500911801650e-01 -2.145383415279896247e-03
9.997330573509132234e-01 -1.396137472141994497e-02 -1.840907536200162356e-02 5.879206566491402164e+00 1.389427282109192453e-02 9.998963705822411230e-01 -3.767927710899526654e-03 -3.084529410682751785e-02 1.845977309093546972e-02 3.511141174831118941e-03 9.998234387456025329e-01 9.079798008414935451e-04
9.996758483228066483e-01 -1.456663182300155755e-02 -2.088088880795060248e-02 6.226485976978316295e+00 1.450350583301096390e-02 9.998897891554395789e-01 -3.171413130207326788e-03 -1.865351945930415756e-02 2.092478431498626806e-02 2.867539018697532350e-03 9.997769404328885612e-01 -4.179760722041805932e-04
9.996877593292605724e-01 -1.511093525308507095e-02 -1.990084126411522519e-02 6.606328813117564813e+00 1.508899234808411781e-02 9.998853704372928641e-01 -1.252316013257293546e-03 -6.098828552222124513e-03 1.991748370557634706e-02 9.516413477106649803e-04 9.998011743449711775e-01 -6.831403521699763032e-03
9.997129822117878373e-01 -1.731646820321317351e-02 -1.655575809743373844e-02 6.988268264728834112e+00 1.732006536690938389e-02 9.998499936858181725e-01 7.390639592107806099e-05 6.670464375021658773e-03 1.655199483142807265e-02 -3.606319959170776850e-04 9.998629413132901211e-01 2.904869826096237451e-02
9.997205595733187344e-01 -1.870219292552120771e-02 -1.445789563480941696e-02 7.375714026569666792e+00 1.872121276710253523e-02 9.998240448803059621e-01 1.181300856213873384e-03 -2.636006139196296616e-04 1.443325877753647533e-02 -1.451640093342404254e-03 9.998947813555684183e-01 4.817122636257657742e-02
9.997274031542627837e-01 -1.982552065024557192e-02 -1.233159005889873996e-02 7.760642206519682063e+00 1.982601889001998213e-02 9.998034418198075146e-01 -8.185498977293377120e-05 -4.539331866223571786e-03 1.233078900178795345e-02 -1.626536610907951871e-04 9.999239597021265524e-01 7.017428559238303443e-02
9.997084130357372089e-01 -2.128337002997773147e-02 -1.140644842774578109e-02 8.147634156647226789e+00 2.126752718412476539e-02 9.997726825908944681e-01 -1.508453671509007131e-03 -1.119675875620940175e-02 1.143596052110589477e-02 1.265426874070800164e-03 9.999338065601073300e-01 8.874312818686193316e-02
9.996547434823342959e-01 -2.223365981396948146e-02 -1.400207857945076108e-02 8.521839094226002942e+00 2.219353807137195919e-02 9.997491488819274519e-01 -3.014328737269540703e-03 -6.105040442505444559e-03 1.406558570209568738e-02 2.702532356595228717e-03 9.998974225477924582e-01 1.006393275032664569e-01
9.995828419780022900e-01 -2.409399085462858234e-02 -1.592550243719467046e-02 8.894885625931820528e+00 2.403216993333781235e-02 9.997029335551603779e-01 -4.061951440113408668e-03 4.440091330014384052e-03 1.601864012565340500e-02 3.677532583640752764e-03 9.998649303394039345e-01 1.134801451017135310e-01
9.995450904381891766e-01 -2.544473923921161326e-02 -1.619189383490127546e-02 9.291323277721190266e+00 2.536917879944973128e-02 9.996663611763074719e-01 -4.855007678883111778e-03 2.227744592351477149e-02 1.631002599488239405e-02 4.442024039668005138e-03 9.998571155292526047e-01 1.410287324378743656e-01
9.995137179301356589e-01 -2.689525146557805377e-02 -1.577888202885667848e-02 9.676520367907116338e+00 2.681257291159891767e-02 9.996257401552356425e-01 -5.428218212033760620e-03 4.436932921527796114e-02 1.591896992074067971e-02 5.002506141983699417e-03 9.998607709721198944e-01 1.633236577892046015e-01
9.994782212551144296e-01 -2.772096936072009077e-02 -1.657809079522251303e-02 1.009273425375645594e+01 2.766521200972506950e-02 9.996108223131099368e-01 -3.583288847556155045e-03 5.199596155341012355e-02 1.667097121254748973e-02 3.122782767032412574e-03 9.998561531273487679e-01 1.407598036527487051e-01
9.993990000941095353e-01 -2.871856534695237800e-02 -1.941346479397520683e-02 1.051222852143162001e+01 2.868896963747152168e-02 9.995867637180009257e-01 -1.801338644897648288e-03 6.207990929667420166e-02 1.945717430754851165e-02 1.243303738509110926e-03 9.998099182163474596e-01 1.160978353554604214e-01
9.993097357719161744e-01 -2.984960299674688580e-02 -2.211454707652122861e-02 1.094873459245719260e+01 2.981478731119585959e-02 9.995536299495899613e-01 -1.902448997029718928e-03 6.509283629930974480e-02 2.216146315231078481e-02 1.241795286971406672e-03 9.997536333994561097e-01 1.159687592918772631e-01
9.992478820174822696e-01 -3.055849140547004308e-02 -2.387150784088953523e-02 1.140387248217658112e+01 3.050157614782518858e-02 9.995309499512862184e-01 -2.744802721099094244e-03 8.001263736871200294e-02 2.394418793933631232e-02 2.014619691441793623e-03 9.997112669023114906e-01 1.292319882612989468e-01
9.992048112826663608e-01 -3.137015959478712396e-02 -2.461012386333708349e-02 1.187190575378257762e+01 3.131317451285172554e-02 9.995059820808203099e-01 -2.697570496321725735e-03 1.060287868072496975e-01 2.468258923814316622e-02 1.924804315383267690e-03 9.996934854828496420e-01 1.434067379750626481e-01
9.991813997641960654e-01 -3.237813453144355869e-02 -2.425256212290747421e-02 1.235097513497156108e+01 3.233465653658718075e-02 9.994747146420774886e-01 -2.182837098504252470e-03 1.263605656851422843e-01 2.431049880036779964e-02 1.396851961164238863e-03 9.997034802643611773e-01 1.499518057378751157e-01
9.991406943297322929e-01 -3.321675338404955768e-02 -2.478951852948669404e-02 1.284503740654667325e+01 3.318710920769166184e-02 9.994478652017618758e-01 -1.606401592861489425e-03 1.327715438162688777e-01 2.482919081922081717e-02 7.823287442198459006e-04 9.996914020061384853e-01 1.553363676174088215e-01
9.990503359321820653e-01 -3.409474360047937136e-02 -2.712885424436127513e-02 1.334213386646170107e+01 3.404613986012015869e-02 9.994177257810384907e-01 -2.251611707645408134e-03 1.410549486557821919e-01 2.718982593580483026e-02 1.325840667063640874e-03 9.996294090872407390e-01 1.635437578072900244e-01
9.989622737303421873e-01 -3.516437914418746313e-02 -2.894550229152415000e-02 1.385369287609423594e+01 3.510588631860404873e-02 9.993804044191074709e-01 -2.526659630111189464e-03 1.515786461298111176e-01 2.901641620341915279e-02 1.507880136157399879e-03 9.995777978167607047e-01 1.720871823553151159e-01
9.988978122800377113e-01 -3.621983146693547734e-02 -2.985438712587053581e-02 1.438056138281635832e+01 3.614844813748564062e-02 9.993421433788407526e-01 -2.927484284516789631e-03 1.769926778943143320e-01 2.994078020703642637e-02 1.845067882592062516e-03 9.995499714396987034e-01 1.835272455072534115e-01
9.988106086794216187e-01 -3.733727208125441066e-02 -3.135755256670665070e-02 1.492691450292144850e+01 3.728520588128290958e-02 9.993021461163850150e-01 -2.243699974910667860e-03 1.955228533048379014e-01 3.141944321329925849e-02 1.071858534251718571e-03 9.995057126937538783e-01 1.839645987651188086e-01
9.987443152726022122e-01 -3.878665292792338876e-02 -3.170785810031433866e-02 1.547872581944887216e+01 3.878879734264786133e-02 9.992472813156236811e-01 -5.477079932237617329e-04 1.987643634708157470e-01 3.170523476291969150e-02 -6.828894373609311090e-04 9.994970293856028087e-01 1.888373042747442943e-01
9.987128421288995472e-01 -3.930254498685938069e-02 -3.206195446899214735e-02 1.603949688967781739e+01 3.929543124281370536e-02 9.992272728702826790e-01 -8.521946132850663057e-04 2.099633737035435099e-01 3.207067274406839169e-02 -4.087906230656373542e-04 9.994855200751882052e-01 2.132262693582483437e-01
9.986280136577081468e-01 -4.076719961597913278e-02 -3.286526697793826918e-02 1.662867715700150129e+01 4.072869542907851803e-02 9.991685473700933073e-01 -1.840465968970906663e-03 2.150353987140135315e-01 3.291297170882032802e-02 4.993814258582262005e-04 9.994580966261096266e-01 2.393100429615134528e-01
9.985666088127158613e-01 -4.116147425774517588e-02 -3.421199791303287246e-02 1.720839173644823106e+01 4.109649531756055796e-02 9.991517976526670397e-01 -2.600638394230709877e-03 2.371152180597279335e-01 3.429002532641391848e-02 1.190917450037760200e-03 9.994112146052499535e-01 2.667410488129688950e-01
9.984927195468866756e-01 -4.203181961335976380e-02 -3.529327346467508314e-02 1.779147674166510740e+01 4.194052094804917585e-02 9.991145813686265198e-01 -3.323552196147897420e-03 2.740547571757918077e-01 3.540171908917136984e-02 1.838324395817308738e-03 9.993714719006877578e-01 2.925713146686639288e-01
9.984005003804230505e-01 -4.357489090939485610e-02 -3.602318312358464975e-02 1.837645766996597274e+01 4.350785569077518511e-02 9.990495886850043750e-01 -2.643074254405661065e-03 2.955318804942619337e-01 3.610411795504298721e-02 1.071555205277936219e-03 9.993474593133913064e-01 3.072534538722355713e-01
9.983127369547023511e-01 -4.517138449558077973e-02 -3.648595972101766061e-02 1.895840067975812460e+01 4.515261004028570113e-02 9.989792036759895799e-01 -1.338816430888789977e-03 3.174791826205745071e-01 3.650919117922513113e-02 -3.108788158281670672e-04 9.993332688917149209e-01 3.194289674633166709e-01
9.982313277784568006e-01 -4.678193890409381578e-02 -3.668332637633709564e-02 1.956007435742528600e+01 4.675782840789780709e-02 9.989051051851431939e-01 -1.515360562872959931e-03 3.306810883035026793e-01 3.671405349776594301e-02 -2.025522933958972529e-04 9.993257913455109165e-01 3.479203533708062901e-01
9.981044206569932298e-01 -4.815771331961238994e-02 -3.831970919506094003e-02 2.016267774089153875e+01 4.810123537840938629e-02 9.988395943279894107e-01 -2.394985964144967505e-03 3.438330817069112366e-01 3.839057983462697971e-02 5.472207266007183494e-04 9.992626601296765720e-01 3.655054458801307860e-01
9.980067870503512850e-01 -4.882261508164578018e-02 -3.998506293635581410e-02 2.077075505441502301e+01 4.873134914916656818e-02 9.988066196339357994e-01 -3.254563800636638832e-03 3.638428084922330497e-01 4.009624186300886350e-02 1.299550699220797592e-03 9.991949772474055802e-01 3.943577490252530571e-01
9.979078247260390055e-01 -4.959102305776083575e-02 -4.148136669192112325e-02 2.137974114433366069e+01 4.947337678411352357e-02 9.987679894904122335e-01 -3.858517702050405333e-03 3.960913404889017109e-01 4.162160905253577126e-02 1.798221722850644163e-03 9.991318271672229301e-01 4.187918407067288129e-01
9.977773110239620546e-01 -5.052088082855555468e-02 -4.345202188734732102e-02 2.199374734183457747e+01 5.040193710883867501e-02 9.987216736672731576e-01 -3.829266629187685032e-03 4.159507159641917529e-01 4.358993394659246151e-02 1.630689286046718917e-03 9.990481762712867253e-01 4.365233378708262557e-01
9.976885883175796721e-01 -5.117800474667636573e-02 -4.470226583769897066e-02 2.261363499906903129e+01 5.106689931194671045e-02 9.986886570370020477e-01 -3.624651747804648501e-03 4.435350371042930395e-01 4.482914828031683840e-02 1.333467576860419097e-03 9.989937784234108609e-01 4.606637245992274976e-01
9.975981360604720960e-01 -5.164853663834687025e-02 -4.615612193186450357e-02 2.323177333094180952e+01 5.153679768121359472e-02 9.986645772158219136e-01 -3.608420583776058080e-03 4.737978847548066641e-01 4.628085363773510458e-02 1.221014930745310118e-03 9.989277209633845578e-01 4.805462053619876661e-01
9.975257457724369115e-01 -5.182782974997408171e-02 -4.750013246877563683e-02 2.386509405790287985e+01 5.174301333708148515e-02 9.986558839898582729e-01 -3.014289838980960517e-03 5.012619438787434545e-01 4.759251088083227971e-02 5.490317317587666002e-04 9.988666835330004545e-01 4.987515148029845746e-01
9.974759469245538801e-01 -5.182163030151386990e-02 -4.854126017995100129e-02 2.448903388223992295e+01 5.176224929143725256e-02 9.986563558869816504e-01 -2.480402149937692077e-03 5.276388550197202987e-01 4.860457648468487213e-02 -3.846332709234157564e-05 9.988180983869470175e-01 5.206882908543311039e-01
9.974136067269954165e-01 -5.181523769122937245e-02 -4.981243076630554462e-02 2.515194450472873200e+01 5.173882126759069694e-02 9.986566598227335501e-01 -2.823148161407294798e-03 5.544995632202042168e-01 4.989179781975074807e-02 2.386099376718178820e-04 9.987546002775710141e-01 5.533999988842509543e-01
9.973987271387250164e-01 -5.146772646426651249e-02 -5.046634754616885488e-02 2.581191376018460915e+01 5.140296015201731988e-02 9.986746581092924568e-01 -2.581266723534648456e-03 5.901915755896640636e-01 5.053231431135310481e-02 -1.956750747456850910e-05 9.987224263164672378e-01 5.895089010641009208e-01
9.974244264536413773e-01 -5.090504037407316690e-02 -5.052910426811985101e-02 2.647413007174865029e+01 5.084865859065549470e-02 9.987034828165559652e-01 -2.401526517050320275e-03 6.315505076235314874e-01 5.058584222048205514e-02 -1.739959629391333012e-04 9.987197015640821851e-01 6.310208023343456540e-01
9.974315596341463142e-01 -5.049960646334427511e-02 -5.079442482046388208e-02 2.715472327208500047e+01 5.043496867674431700e-02 9.987240807893719152e-01 -2.554287767657882277e-03 6.595568768450734698e-01 5.085860576510350950e-02 -1.408799292391613167e-05 9.987058636160890401e-01 6.656346999814812815e-01
9.974175006080064909e-01 -4.992353087823966223e-02 -5.163303734554913066e-02 2.783518510623390085e+01 4.984891208061976303e-02 9.987530315381933921e-01 -2.732756419269904632e-03 6.892479519477830996e-01 5.170508142587208061e-02 1.518483383850383062e-04 9.986623861429978488e-01 7.034928709190249041e-01
9.973642903760464584e-01 -4.945222250488690713e-02 -5.309378468344901764e-02 2.850735964473572892e+01 4.932128862244230388e-02 9.987758332223355406e-01 -3.774315785834064796e-03 7.154714673684443582e-01 5.321543734018383681e-02 1.145713906963307218e-03 9.985823974857239715e-01 7.390161665603972585e-01
9.973111552107667421e-01 -4.851906286783249506e-02 -5.492140047916898443e-02 2.923780573572683039e+01 4.840734199569528967e-02 9.988220143632632331e-01 -3.363460156606658171e-03 7.443808819878069416e-01 5.501989579304689820e-02 6.958173184130962870e-04 9.984850158641248585e-01 7.674223590115643034e-01
9.972332402480779123e-01 -4.728077208695610073e-02 -5.736194849532701145e-02 2.995825806370241295e+01 4.717347837842546937e-02 9.988815092431682086e-01 -3.223884267567393366e-03 7.757773859764499624e-01 5.745021742343070503e-02 5.090019172423688922e-04 9.983482425662143500e-01 7.933691434292273748e-01
9.972411982577554790e-01 -4.575063847585455340e-02 -5.845401249262331678e-02 3.067650123092841596e+01 4.571557571889740129e-02 9.989526172821281413e-01 -1.937669186375139217e-03 7.993693117793430059e-01 5.848143837257992195e-02 -7.399352929320212463e-04 9.982882218385812356e-01 8.139935675443189522e-01
9.972031585508277507e-01 -4.350938715856054323e-02 -6.076836187803016931e-02 3.140282268042659553e+01 4.346492490210780019e-02 9.990528421975019002e-01 -2.053971846822151386e-03 8.209870224814801443e-01 6.080017170622853406e-02 -5.930650722271656964e-04 9.981497820439141355e-01 8.440280862153897168e-01
9.972046847597049180e-01 -4.099841891447473380e-02 -6.246556123025603924e-02 3.214475824772743806e+01 4.096354524539858738e-02 9.991589486370423545e-01 -1.839380180488087418e-03 8.552608917087912710e-01 6.248843616402804946e-02 -7.245723106979368210e-04 9.980454249886328011e-01 8.785527685780483154e-01
9.974223609881495145e-01 -3.829901865103480657e-02 -6.067799412631515871e-02 3.289306082306271861e+01 3.827432645504911385e-02 9.992660368111251357e-01 -1.569589181711824981e-03 8.918519601711750733e-01 6.069357243759652271e-02 -7.568660084236724858e-04 9.981561588341814062e-01 9.335652065037326475e-01
9.976402311097796183e-01 -3.550402709807884416e-02 -5.876591980939713245e-02 3.362905059943921060e+01 3.553381193303038754e-02 9.993683296606783450e-01 -5.384057334125445012e-04 9.047709168697997129e-01 5.874791469263941635e-02 -1.551041922266141243e-03 9.982716447882418187e-01 9.693920492502885455e-01
9.977354330586124531e-01 -3.267372996584879535e-02 -5.879143636161601044e-02 3.436859205943144957e+01 3.262706231650407823e-02 9.994660569628760483e-01 -1.753791229303060467e-03 9.125010688739495501e-01 5.881734798457093766e-02 -1.683722061841439431e-04 9.982687469949472758e-01 1.014982797798395620e+00
9.976854709387146247e-01 -2.955754681593111832e-02 -6.123767226160053978e-02 3.510266462602130844e+01 2.940826818874658216e-02 9.995619106307053192e-01 -3.337750504849605702e-03 9.221625470324740226e-01 6.130950040518937105e-02 1.529131295183095828e-03 9.981176318037610073e-01 1.061964110349940427e+00
9.977083079808787280e-01 -2.612620697387975366e-02 -6.241436929978545073e-02 3.583624536236058589e+01 2.595578634506109234e-02 9.996568244286175853e-01 -3.539848655173388585e-03 9.490492657782161334e-01 6.248543303155979639e-02 1.911722377854459774e-03 9.980440451084353626e-01 1.105989419015445563e+00
9.976992264458094395e-01 -2.258831073785500659e-02 -6.392199752388537382e-02 3.655632184246722005e+01 2.244842973342075360e-02 9.997437794477711526e-01 -2.905762892929577602e-03 9.664755932792133963e-01 6.397125566953625053e-02 1.464128920675940521e-03 9.979506675054465870e-01 1.139098246149796489e+00
9.976013312243766640e-01 -2.014940014571695026e-02 -6.622375414546734229e-02 3.729111067846258010e+01 1.999272934307045474e-02 9.997955409395685722e-01 -3.027720391669743751e-03 9.820156199058417412e-01 6.627122084861762630e-02 1.696464300592558832e-03 9.978002040970479491e-01 1.187115371631099592e+00
9.976294598819901438e-01 -1.669371075423878997e-02 -6.675912519515460330e-02 3.800934946937052672e+01 1.662386824225117049e-02 9.998605312058767014e-01 -1.601605871129732021e-03 9.978480210988666110e-01 6.677655112562182194e-02 4.880142989467788376e-04 9.977678357522912211e-01 1.217881625582472038e+00
9.976560648342335247e-01 -1.296667385574686721e-02 -6.718810660072532803e-02 3.872545196583429572e+01 1.288916102903935740e-02 9.999156718481921891e-01 -1.587047682308127382e-03 9.964017053874903995e-01 6.720301948156223726e-02 7.173294202228062619e-04 9.977390638894838570e-01 1.256300748654305410e+00
9.975351563737895333e-01 -8.702765733907259077e-03 -6.962667353033677453e-02 3.944807349006274677e+01 8.572829346483550744e-03 9.999609093844187280e-01 -2.164786382642677233e-03 9.939395445450522892e-01 6.964279140955967340e-02 1.562552932586412646e-03 9.975707694359420286e-01 1.294751626745041406e+00
9.972844980881685473e-01 -3.971815013711452180e-03 -7.353811636509785532e-02 4.016454532167978897e+01 3.787672823022000118e-03 9.999893331227338589e-01 -2.643326566231489309e-03 1.003537456016503571e+00 7.354783074717810565e-02 2.357610283074982292e-03 9.972889041126135057e-01 1.344190575418817257e+00
9.972236681796970981e-01 7.689120872089381638e-04 -7.446048882750914977e-02 4.086996688899738928e+01 -8.471507180684590419e-04 9.999991218213898359e-01 -1.019162455168663500e-03 1.015242078783561652e+00 7.445963979156995649e-02 1.079412178592273645e-03 9.972234438236289300e-01 1.387866158131294991e+00
9.971686032262881971e-01 5.765886162074641483e-03 -7.497687174388804887e-02 4.159432605995006327e+01 -5.779847968819347079e-03 9.999832960658687764e-01 3.076846380006633308e-05 1.008494032364550153e+00 7.497579674262074001e-02 4.026735737864093213e-04 9.971852725330444533e-01 1.428392031432970111e+00
9.970718532445160820e-01 1.124576827253890784e-02 -7.563895929682375174e-02 4.230169621656732204e+01 -1.127442482906190063e-02 9.999364404933831496e-01 4.814765447727116380e-05 9.863697920931403518e-01 7.563469317925496094e-02 8.047790896614827067e-04 9.971352694184960619e-01 1.486722938941734240e+00
9.969561677227442020e-01 1.708812596200260173e-02 -7.606836129880908959e-02 4.301355322125384362e+01 -1.710443917135466216e-02 9.998536128439946546e-01 4.370851685685871830e-04 9.759978935047999293e-01 7.606469483415320698e-02 8.653519040755210329e-04 9.971025089557589149e-01 1.539420353439086231e+00
9.967976128635435140e-01 2.301120484493235710e-02 -7.658331046073783843e-02 4.372940686182130321e+01 -2.297656346934580721e-02 9.997351145366166758e-01 1.333526751559766920e-03 9.645473865014589920e-01 7.659371071230534900e-02 4.303650108493057647e-04 9.970622940745864637e-01 1.590267412706298789e+00
9.966500190139584436e-01 2.903144442927729427e-02 -7.645858247329699597e-02 4.443136229821633520e+01 -2.897867222306209703e-02 9.995784097529790690e-01 1.799808849227997566e-03 9.356683617713599244e-01 7.647859933121488318e-02 4.218886763290594175e-04 9.970711337985270761e-01 1.649349702682294527e+00
9.965061442678443404e-01 3.558561199323966723e-02 -7.555904085879372456e-02 4.513126653404058430e+01 -3.559801736891591434e-02 9.993654894837556979e-01 1.183041967034360485e-03 9.057512670304702640e-01 7.555319712518210329e-02 1.510843459793509468e-03 9.971406278736231199e-01 1.705545677424908702e+00
9.962972218307160066e-01 4.199924788391540958e-02 -7.501939049060982190e-02 4.582896639025996421e+01 -4.205496132734904552e-02 9.991149476796254980e-01 8.375863503393983066e-04 8.653369355490788672e-01 7.498817240173510923e-02 2.320452611997420381e-03 9.971817234082878123e-01 1.766263672899622827e+00
9.960137459019375861e-01 4.780982297715804380e-02 -7.530497195592954218e-02 4.651889200231644139e+01 -4.794944487683525797e-02 9.988497627799269862e-01 -4.615719679939038131e-05 8.298060081855197501e-01 7.521614660692117760e-02 3.656804804236962227e-03 9.971605482911113372e-01 1.821791363400738106e+00
9.956511539265026078e-01 5.360477596732600436e-02 -7.619256970542928609e-02 4.723865205179987470e+01 -5.376791145975379216e-02 9.985534555632809006e-01 -8.988819092816758075e-05 7.947799253015237486e-01 7.607753533126576651e-02 4.186212622834636216e-03 9.970931171369084023e-01 1.861329927413610363e+00
9.952924629377253307e-01 5.839490370038367961e-02 -7.734952127311149617e-02 4.789945693453628905e+01 -5.859609532914120122e-02 9.982817174154748896e-01 -3.320936435236561228e-04 7.565422634097648258e-01 7.719722036145347521e-02 4.862910222571298000e-03 9.970039825761141117e-01 1.905610560806663578e+00
9.948219492923939811e-01 6.377685953156275733e-02 -7.913154487543343218e-02 4.859037171989717052e+01 -6.398544814522202917e-02 9.979508265994669891e-01 -1.005738324526446459e-04 7.050483490204074721e-01 7.896297633534672678e-02 5.163320417326702598e-03 9.968641775540595384e-01 1.943715804833679339e+00
9.943646376136676679e-01 6.879935278585398717e-02 -8.065740213822343574e-02 4.928609403292642099e+01 -6.897975207490568417e-02 9.976179079337655908e-01 5.509750822419632287e-04 6.588713232304796996e-01 8.050317550956627433e-02 5.015857464512928424e-03 9.967417317975462154e-01 1.996215011267441719e+00
9.940652005995935792e-01 7.384855333741932593e-02 -7.987971035788786478e-02 4.999325620632028233e+01 -7.399804874998525128e-02 9.972577892385382503e-01 1.091138972787551644e-03 5.960525330477479677e-01 7.974124239115244761e-02 4.826279419331596515e-03 9.968039131588930513e-01 2.045481815114996049e+00
9.936823453837776432e-01 7.928683657859537937e-02 -7.942917611277390544e-02 5.068404943377373684e+01 -7.948427808473736145e-02 9.968358892357862544e-01 6.778413144046062898e-04 5.210282328843449662e-01 7.923159729516425498e-02 5.639811775093706014e-03 9.968402813456117562e-01 2.097422969325402509e+00
9.932664047051602552e-01 8.412208223985266631e-02 -7.965754555417940697e-02 5.137630083927491853e+01 -8.433182106696281155e-02 9.964374571089585908e-01 7.335023940536664587e-04 4.487974586330929494e-01 7.943546588026327571e-02 5.989102592524183852e-03 9.968220189233992778e-01 2.138986180780737545e+00
9.927331694024335018e-01 8.826158059080543850e-02 -8.179699114155775108e-02 5.206130982703727028e+01 -8.862441929746320279e-02 9.960647862100807659e-01 -8.086881064112605606e-04 3.755907731206405975e-01 8.140372640356674516e-02 8.052022347135999458e-03 9.966486834706271836e-01 2.192049492463965077e+00
