1.000000000000000000e+00 0.000000000000000000e+00 0.000000000000000000e+00 0.000000000000000000e+00 0.000000000000000000e+00 1.000000000000000000e+00 0.000000000000000000e+00 0.000000000000000000e+00 0.000000000000000000e+00 0.000000000000000000e+00 1.000000000000000000e+00 0.000000000000000000e+00
9.999999995969379718e-01 2.445824693239745102e-05 -1.441936943031319618e-05 -5.761853747959140744e-03 -2.445783138483993246e-05 9.999999992856635211e-01 2.881817725320418071e-05 2.467926568531928194e-03 1.442007426210831458e-05 -2.881782457508246832e-05 9.999999994807972081e-01 1.373867411082757214e-03
9.999999879963147320e-01 1.249787102051146972e-04 -9.158434537637281502e-05 2.796529006579749621e-03 -1.249760077099542612e-04 9.999999917549784456e-01 2.951339412703468914e-05 3.228408344901268455e-03 9.158803316718970252e-05 -2.950194792691132695e-05 9.999999953706336653e-01 -4.070154608979068001e-03
9.999999983636920220e-01 -1.068107059389326110e-05 -5.620080686382793221e-05 -8.519003696827303143e-03 1.068461820822134086e-05 9.999999979506009051e-01 6.312398224329487755e-05 -3.790949079645316439e-04 5.620013251693954399e-05 -6.312458262416893566e-05 9.999999964284160825e-01 -4.478580889623502703e-04
9.999999991031375268e-01 -1.867901454033319314e-05 -3.801077989812682971e-05 -2.061955182936711650e-03 1.868003502951410389e-05 9.999999994651425084e-01 2.684718442600017983e-05 -2.788004628528535818e-03 3.801027839884821530e-05 -2.684789444462194391e-05 9.999999989172047021e-01 -1.540552754132678767e-04
9.999999974505446865e-01 -4.460851669351771436e-05 -5.575832486498333393e-05 -4.608216335319982766e-03 4.461035594607110153e-05 9.999999984609416748e-01 3.298534310076129967e-05 1.980756780850323820e-04 5.575685335193966154e-05 -3.298783041538582968e-05 9.999999979014881912e-01 -2.112074663336321878e-03
9.999999782130877257e-01 2.087065989931378225e-04 -3.921682486178990205e-06 -7.558892039185565598e-03 -2.087066986864938778e-04 9.999999778972139541e-01 -2.543787753395283216e-05 2.967531414368312481e-03 3.916373346593165292e-06 2.543869546114501502e-05 9.999999996687674031e-01 6.284167529182864420e-05
9.999999851095120462e-01 1.400269071761885435e-04 -1.008634771815663009e-04 -9.605598944687800123e-04 -1.400240700337380994e-04 9.999999898008392618e-01 2.813505343571368958e-05 2.684905122634687578e-03 1.008674158173593268e-04 -2.812092970217629291e-05 9.999999945174888882e-01 -2.642870803503932949e-03
9.999999987149645886e-01 4.305767172884810041e-05 -2.676018925524569939e-05 -6.080853966497139045e-03 -4.305744068573664563e-05 9.999999990357523183e-01 8.634353117900384110e-06 -9.607455377612437834e-04 2.676056100458438884e-05 -8.633200881543336808e-06 9.999999996046701201e-01 -1.137654903532975964e-03
9.999999990225666435e-01 -4.035738057108407986e-05 -1.805958099566004073e-05 -1.948581450515914082e-03 4.035783444570488260e-05 9.999999988698036191e-01 2.513240952761148459e-05 -3.071521020560489309e-03 1.805856669703319436e-05 -2.513313834862621374e-05 9.999999995211067416e-01 -5.865629279845196303e-04
9.999999836720150359e-01 1.696079374858303708e-04 -6.236278657040544469e-05 -2.616784838012937726e-03 -1.696075225248874308e-04 9.999999855944714522e-01 6.659211732799748512e-06 4.035394762780068582e-03 6.236391512720383223e-05 -6.648634426340285653e-06 9.999999980332688887e-01 -1.333778459807002459e-03
9.999999919455994091e-01 1.242324229274516039e-04 -2.598280804931766313e-05 -2.733023761198089159e-03 -1.242324759341474790e-04 9.999999922810682840e-01 -2.038464019369783745e-06 3.446103247402144618e-03 2.598255460543396508e-05 2.041691911526866203e-06 9.999999996603691210e-01 -2.191903489778320585e-03
9.999999917116930703e-01 1.266228262038679702e-04 -2.330823285250393213e-05 2.199175306731788234e-03 -1.266234750991295497e-04 9.999999915957045182e-01 -2.784037499088682697e-05 8.765994439914569225e-04 2.330470742965073686e-05 2.784332612957945874e-05 9.999999993408199561e-01 -6.502883299332020209e-04
9.999999438408961883e-01 -1.180163188281565059e-04 3.136723656897263588e-04 -2.426955885571469018e-02 1.180887920185979211e-04 9.999999663380217951e-01 -2.310389414894459270e-04 1.788379113646314895e-03 -3.136450887655135313e-04 2.310759697052599301e-04 9.999999241153243457e-01 2.095754858118685938e-03
9.999993678003328279e-01 1.423752736434764541e-04 -1.115404956126731786e-03 -9.569431342089526615e-02 -1.434419857617737063e-04 9.999995324347428216e-01 -9.563235291307121445e-04 2.792906459834807245e-02 1.115268277777974873e-03 9.564829204451307399e-04 9.999989206579632528e-01 -9.608370063589902199e-03
9.999984394036056656e-01 8.487804752549450867e-05 -1.764648993479596938e-03 -1.241315476435920495e-01 -8.575820132011483616e-05 9.999998719718063978e-01 -4.987002121755553701e-04 4.040872409822971606e-02 1.764606438854464214e-03 4.988507670294445263e-04 9.999983186546006486e-01 1.887044175444361344e-03
9.999972817107685152e-01 -9.028883298138382064e-05 -2.329896778935437555e-03 -1.334730682919075817e-01 9.025811986704620907e-05 9.999999958384594434e-01 -1.328732094578199679e-05 3.509519879403538711e-02 2.329897968936179599e-03 1.307699272424955516e-05 9.999972856985396286e-01 -1.110393564159707983e-03
9.999963687244474153e-01 9.422692462646671606e-05 -2.693261815275010875e-03 -8.372270399186743095e-02 -9.403110876142885353e-05 9.999999929267979759e-01 7.283237385452295159e-05 3.231732707327783505e-02 2.693268658995627129e-03 -7.257885898542922249e-05 9.999963705115332280e-01 -9.744507672010793708e-03
9.999961995503762191e-01 4.843402392948420129e-04 -2.714092728101739904e-03 -3.726473838134346239e-02 -4.841068497292390555e-04 9.999998790663302550e-01 8.664804036369424037e-05 4.515530452665526828e-02 2.714134367009150492e-03 -8.533380018170746561e-05 9.999963130895935803e-01 -1.808694418843468169e-02
9.999967315961574288e-01 6.068910187961275510e-04 -2.483642545538862663e-03 -4.831875709409776815e-03 -6.063111794097911711e-04 9.999997887662924745e-01 2.342095730844496126e-04 4.659004036439932939e-02 2.483784160596260414e-03 -2.327029473519629855e-04 9.999968883279496401e-01 -1.797065905753953557e-02
9.999970771928624602e-01 1.462189108145743035e-04 -2.413343274859841136e-03 -1.679846000934273262e-02 -1.456238341964831559e-04 9.999999589536794353e-01 2.467515719492735559e-04 3.662130517805123331e-02 2.413379255547072003e-03 -2.463994104411004965e-04 9.999970574396204182e-01 -1.457226613043920843e-02
9.999968727376968847e-01 1.041346750771001263e-04 -2.498733838547822269e-03 -1.263473380161671267e-02 -1.038680982263019996e-04 9.999999889010611209e-01 1.068143047828335715e-04 4.444204956704456838e-02 2.498744933887450236e-03 -1.065544320147011090e-04 9.999968724550634125e-01 -1.162582271027622072e-02
9.999970413125907065e-01 -2.121806749733833156e-05 -2.432471142372092266e-03 -1.096026370192411392e-02 2.130396629829885949e-05 9.999999991504672225e-01 3.528748428456666828e-05 4.384544083045460033e-02 2.432470391573405156e-03 -3.533920116316989073e-05 9.999970409150894524e-01 -8.368840021243585670e-03
9.999972830573872207e-01 -2.328409372617443716e-04 -2.319410041733614876e-03 -9.588811577492398555e-03 2.329764514503445013e-04 9.999999711699182336e-01 5.815613252836860655e-05 5.661831618238672564e-02 2.319396433736428328e-03 -5.869634244247533831e-05 9.999973084738391638e-01 -7.923228652581262507e-04
9.999965341040958355e-01 -5.456287720906195619e-04 -2.575668658621922767e-03 -1.556059521857159483e-02 5.458612692118543306e-04 9.999998470068179879e-01 8.956458727998657546e-05 6.131503731724805006e-02 2.575619395546398498e-03 -9.097023462151491589e-05 9.999966789490581931e-01 3.830953858001555877e-03
9.999920158073531962e-01 4.161538689699340390e-04 -3.974309688943351675e-03 5.008987994490785023e-02 -4.188541028160031867e-04 9.999996820221290772e-01 -6.786139412954502251e-04 8.780461177918998106e-02 3.974026017383611338e-03 6.802731790300853634e-04 9.999918721397764720e-01 -7.370405033035154485e-03
9.999753511286396668e-01 5.391710148453084323e-04 -7.000459254259837685e-03 1.652808329489325878e-01 -5.475045091513350065e-04 9.999991437824968799e-01 -1.188559247796249505e-03 9.674710742351952386e-02 6.999812423648256454e-03 1.192362734160083834e-03 9.999747901308032594e-01 -3.985525682995083585e-02
9.999730847622007035e-01 1.377887676169620623e-04 -7.335582146228871239e-03 2.215832697643340399e-01 -1.444642125891269031e-04 9.999995759818389729e-01 -9.094867967498899541e-04 9.312921968586145016e-02 7.335453718743931151e-03 9.105220467951178915e-04 9.999726806609980923e-01 -3.594956113189604063e-02
9.999728479477797416e-01 -8.720472146739349133e-04 -7.317301474044789547e-03 2.926239263059106643e-01 8.661098494534841133e-04 9.999992931854844169e-01 -8.145442040107020486e-04 7.217115639524697424e-02 7.318006623074229527e-03 8.081845005858482580e-04 9.999728964411374044e-01 -3.084291471695843265e-02
9.999724661274870252e-01 -1.651012459051023418e-03 -7.234718016058629478e-03 3.723575692024654882e-01 1.646910411591721987e-03 9.999984797257124303e-01 -5.729156657694825256e-04 6.391784939935638010e-02 7.235652908205022008e-03 5.609849587570033078e-04 9.999736649646669973e-01 -3.103558785478725129e-02
9.999720583542155428e-01 -1.896057442533937050e-03 -7.231008021565006431e-03 4.648664891548859868e-01 1.892048935365442559e-03 9.999980526287276517e-01 -5.611502282610883680e-04 6.866117253037772039e-02 7.232057913174389473e-03 5.474531277713574505e-04 9.999736984708215148e-01 -3.007254276849029295e-02
9.999703917500559758e-01 -2.171779918528931284e-03 -7.382343477856308754e-03 5.870965891199275699e-01 2.166276376719558291e-03 9.999973698026937141e-01 -7.534151274286905470e-04 5.962542764898712266e-02 7.383960312680445080e-03 7.374006238443761487e-04 9.999724663061582142e-01 -3.331533251520738675e-02
9.999694834580488134e-01 -1.972890120524866710e-03 -7.559091031030643754e-03 7.396852546215689772e-01 1.966783184417937244e-03 9.999977335700973580e-01 -8.152414206978549939e-04 7.510708120276876620e-02 7.560682280625431739e-03 8.003494492195243216e-04 9.999710973444235762e-01 -3.831465916800970428e-02
9.999685409012188941e-01 -2.212953194183079914e-03 -7.617089079666060705e-03 8.805950784885253624e-01 2.209342094135370495e-03 9.999974430163645067e-01 -4.824606139367536880e-04 9.995589310453564802e-02 7.618137265650613138e-03 4.656166806221568558e-04 9.999708731686680618e-01 -4.874210491672432283e-02
9.999695119496641027e-01 -2.353276785532745687e-03 -7.445620156933715171e-03 1.012532488738235426e+00 2.349441520875605958e-03 9.999971028705645359e-01 -5.238081877454693006e-04 1.125036044776720895e-01 7.446831251656686919e-03 5.062991687097065634e-04 9.999721437947465263e-01 -6.064065542268574915e-02
9.999683035180915169e-01 -2.991434886924661165e-03 -7.378568727557455534e-03 1.150487377867216887e+00 2.986681771261836659e-03 9.999953252683271288e-01 -6.551133411670592580e-04 1.136282215488368802e-01 7.380493963632181117e-03 6.330551396622944140e-04 9.999725633986379369e-01 -6.301868547660031961e-02
9.999649372169993056e-01 -3.653459902360324876e-03 -7.535022716919046425e-03 1.327935167760764479e+00 3.648499341780496626e-03 9.999931184275158147e-01 -6.719748249759184035e-04 1.117460299369450738e-01 7.537425897192495151e-03 6.444597382454680164e-04 9.999713855318511646e-01 -7.433515202743286310e-02
9.999711934052242235e-01 -3.961947501242323207e-03 -6.474205104025004993e-03 1.499216762402791892e+00 3.963262429979650357e-03 9.999921281401519257e-01 1.902856826710224662e-04 1.139572840295429712e-01 6.473400238104818662e-03 -2.159391750412349318e-04 9.999790240098188621e-01 -6.846260970086572029e-02
9.999715436867704366e-01 -3.974111662608172113e-03 -6.412351611583869647e-03 1.669914821794534321e+00 3.977017737105107212e-03 9.999919946075240818e-01 4.405119571092576099e-04 1.506341196644809810e-01 6.410549634486259300e-03 -4.660014578588483414e-04 9.999793436346697817e-01 -8.158538012699893816e-02
9.999697407707057728e-01 -3.966962890034629423e-03 -6.691841928539287582e-03 1.866196192338257287e+00 3.975781448941831907e-03 9.999912450043972889e-01 1.305019703189661592e-03 2.065874775782930994e-01 6.686606376759312437e-03 -1.331585515297966770e-03 9.999767578174892924e-01 -8.587169121543883343e-02
9.999669703008186028e-01 -5.063786943415149629e-03 -6.357386978430541909e-03 2.074449126237971619e+00 5.085875784489968764e-03 9.999810699803463043e-01 3.463170291291405283e-03 1.966608494114820138e-01 6.339729876466229132e-03 -3.495388784304701794e-03 9.999737946978111136e-01 -9.737579805372779951e-02
9.999656920416208905e-01 -5.791167213138822406e-03 -5.922594197792165234e-03 2.269150349096332508e+00 5.816600617196947959e-03 9.999738977813238394e-01 4.286130339420015506e-03 2.145469792328563441e-01 5.897617907450396040e-03 -4.320432656105007915e-03 9.999732756252447397e-01 -9.875459515270079702e-02
9.999675718469956953e-01 -5.922228448653757242e-03 -5.457331273191218940e-03 2.506030683750555710e+00 5.951888646118804090e-03 9.999675184098205660e-01 5.434808814426311287e-03 2.311384097913671554e-01 5.424967831019540665e-03 -5.467114001657543375e-03 9.999703397543975303e-01 -9.746529886353572092e-02
9.999667298448630115e-01 -6.569547613307142285e-03 -4.835312557354633396e-03 2.726516798599890379e+00 6.599513463109728077e-03 9.999589549059880733e-01 6.207650551894195595e-03 2.275737182397217784e-01 4.794332635628698221e-03 -6.239354732717902752e-03 9.999690419343482128e-01 -1.028501344270450202e-01
9.999597157193645947e-01 -7.684512412569031135e-03 -4.638448817070136253e-03 2.976260535190257794e+00 7.715233978443882500e-03 9.999481775613463519e-01 6.642089761516470001e-03 2.221576600089483489e-01 4.587167220123093865e-03 -6.677608907629244139e-03 9.999671831796138610e-01 -1.097695053381538693e-01
9.999576304372218560e-01 -8.280232259457532065e-03 -4.021825966628655297e-03 3.241208984062940779e+00 8.305410586552987653e-03 9.999457605418301531e-01 6.284594609813702257e-03 2.232078307926808614e-01 3.969569921941579552e-03 -6.317731250248358535e-03 9.999721640058208960e-01 -1.233634458308642406e-01
9.999471115007616540e-01 -8.781737300640224050e-03 -5.353063727048260056e-03 3.497275825580147934e+00 8.807502707368715725e-03 9.999496504604258318e-01 4.808787802757018108e-03 2.731874786905785224e-01 5.310564691535957227e-03 -4.855680596455669816e-03 9.999741097991499128e-01 -1.310737121796382854e-01
9.999208719312657756e-01 -9.898843081781186909e-03 -7.762910656410104693e-03 3.748328460030142750e+00 9.937883523169127598e-03 9.999380835302313919e-01 5.006753136308648468e-03 2.479309277976711745e-01 7.712868940741595195e-03 -5.083503863506515057e-03 9.999573339103887681e-01 -1.256130345607720522e-01
9.998778833686789991e-01 -1.061729384973075785e-02 -1.146697089378265720e-02 4.035964083963743398e+00 1.063786557385508480e-02 9.999419119848086401e-01 1.734494796112066297e-03 2.748291078679878097e-01 1.144788915927203062e-02 -1.856267080357889817e-03 9.999327477917319129e-01 -1.193457176978880152e-01
9.998260766283064704e-01 -1.083719169120355742e-02 -1.517800284279900713e-02 4.325544371832383383e+00 1.080247723003476511e-02 9.999388493688506907e-01 -2.367278731702690195e-03 2.891346260533564916e-01 1.520272935174755632e-02 2.202906976497194871e-03 9.998820051491628114e-01 -1.280343962694412419e-01
9.997961968667350430e-01 -1.096205784322172062e-02 -1.695281742527175381e-02 4.638401411283803455e+00 1.088104692968781297e-02 9.999289721088108207e-01 -4.863492071634953687e-03 2.882330636577326022e-01 1.700492718380963372e-02 4.678036474717334886e-03 9.998444621170907709e-01 -1.231107519706630266e-01
9.997641837135295972e-01 -1.126467992627032573e-02 -1.856566588567417145e-02 4.952763361366708139e+00 1.111742019415597020e-02 9.999060685493188494e-01 -8.016049305701220332e-03 3.092562347602260675e-01 1.865422021544659373e-02 7.807756681886440439e-03 9.997955085935074093e-01 -1.367011561886482818e-01
9.997530193640968843e-01 -1.136707296421723967e-02 -1.909685640616742494e-02 5.262544548796541655e+00 1.116860279657708871e-02 9.998828397498085163e-01 -1.046752527730208764e-02 3.360981589141516235e-01 1.921360413727489155e-02 1.025165479738901660e-02 9.997628423731156344e-01 -1.441832501350120976e-01
9.997434509855843698e-01 -1.183029050265722686e-02 -1.931518672074131887e-02 5.565819107463169324e+00 1.160250675605090966e-02 9.998623188259053718e-01 -1.186276650108674530e-02 3.407914799900980118e-01 1.945286735702879410e-02 1.163561853561086504e-02 9.997430661589424838e-01 -1.562854472737752187e-01
9.997160253993908618e-01 -1.257328245347690866e-02 -2.024305135076032852e-02 5.913902022385829405e+00 1.235152897786143643e-02 9.998627413285088306e-01 -1.104256469070451913e-02 3.594849685337378475e-01 2.037911410129201323e-02 1.078939624744752399e-02 9.997341049684471681e-01 -1.706477670350047549e-01
9.997601576567454185e-01 -1.309889569653888315e-02 -1.755124194154924350e-02 6.248231906387376355e+00 1.296801551682403957e-02 9.998874060950504461e-01 -7.550212319337695765e-03 3.729330937087607656e-01 1.764816522234005647e-02 7.320796680885413230e-03 9.998174574392277858e-01 -1.865610948457116225e-01
9.998659544629392437e-01 -1.391040954684249174e-02 -8.635601435600133782e-03 6.606217946998719448e+00 1.388233489791553497e-02 9.998981819106574909e-01 -3.302512610691356060e-03 4.065296171840132033e-01 8.680661478109965787e-03 3.182187612440885282e-03 9.999572589857537164e-01 -1.899737081228994040e-01
9.998703688652342825e-01 -1.575818972086402009e-02 3.305286980224564873e-03 6.977053078385964113e+00 1.576071398907764182e-02 9.998755190997814513e-01 -7.390531083627543572e-04 4.404362233783938874e-01 -3.293229396030411538e-03 7.910509868168067197e-04 9.999942644227922672e-01 -2.035661751611630710e-01
9.997282784810711531e-01 -1.683541459790231787e-02 1.612259348214879762e-02 7.326962235321929917e+00 1.684737271703996148e-02 9.998578892054981182e-01 -6.061567940732463409e-04 4.535141976442437772e-01 -1.611009738664005708e-02 8.776154297875316196e-04 9.998698388057069009e-01 -2.187741512328967575e-01
9.995785526351581574e-01 -1.816550668795813978e-02 2.264357477458251583e-02 7.680714876409179048e+00 1.827889454308249950e-02 9.998213540550358047e-01 -4.810612210279458477e-03 4.649345695424172420e-01 -2.255214238349053518e-02 5.222484305823157057e-03 9.997320273611275399e-01 -2.409940306418059675e-01
9.995556064991273360e-01 -1.988308864698032710e-02 2.220928414015146957e-02 8.037506568366772797e+00 2.006738742484626484e-02 9.997657653485779727e-01 -8.106441815824962094e-03 4.681343525780630732e-01 -2.204290085498693263e-02 8.548521675035721662e-03 9.997204775831435297e-01 -2.428351700698800075e-01
9.996051157949882304e-01 -2.068019407021973871e-02 1.902477462957602797e-02 8.435935944426836031e+00 2.083915795687481254e-02 9.997492489624557610e-01 -8.195650959748468703e-03 5.153030723324939499e-01 -1.885051649521923486e-02 8.588874910234354718e-03 9.997854216058762455e-01 -2.709722882579193581e-01
9.995717067008919043e-01 -2.253175729965069263e-02 1.867412852199129211e-02 8.807878865951714431e+00 2.263667972796615246e-02 9.997290309166712019e-01 -5.426368334985611289e-03 5.209716502489569745e-01 -1.854680279616132202e-02 5.846764524340439945e-03 9.998108978455061413e-01 -2.868133141615856196e-01
9.995825700124770785e-01 -2.348292418366623724e-02 1.682967614173322066e-02 9.214678588362653855e+00 2.351938249727942437e-02 9.997214368387452588e-01 -1.971641960751853613e-03 5.804587009175914414e-01 -1.677868809526261371e-02 2.366642528755538884e-03 9.998564270078694749e-01 -3.194937322281662384e-01
9.996279161182630713e-01 -2.477832379840161012e-02 1.140455991260857192e-02 9.628334082781028869e+00 2.477663597373505264e-02 9.996929701793881851e-01 2.892814164197874977e-04 6.374298435766065918e-01 -1.140822628122935799e-02 -6.607150072097516544e-06 9.999349240472911182e-01 -3.419270801904397694e-01
9.996488022582644684e-01 -2.601787909394512321e-02 5.034094861060525207e-03 1.003686330778062263e+01 2.600315095076400490e-02 9.996574508806977954e-01 2.969349985618305755e-03 6.592720603826373038e-01 -5.109626625212810268e-03 -2.837404828036311794e-03 9.999829202789379812e-01 -3.415636133192395674e-01
9.996222725960288713e-01 -2.748012200934772664e-02 3.937312558929295962e-04 1.045993120462423498e+01 2.747878513620326257e-02 9.996176648971677459e-01 3.072522249248088155e-03 6.628659398721326035e-01 -4.780140048984924403e-04 -3.060542416813147228e-03 9.999952022798539453e-01 -3.733212643134697917e-01
9.995875445924217173e-01 -2.871827896166823796e-02 -3.389945583916200523e-05 1.090218704025066998e+01 2.871826893217760412e-02 9.995840954416247426e-01 2.626246311361333467e-03 6.763819144512145387e-01 -4.153591729077492134e-05 -2.626136635558023579e-03 9.999965508346211340e-01 -3.903574702308383326e-01
9.995916027742063337e-01 -2.857476644349602260e-02 3.322438758106322117e-04 1.136710655693843819e+01 2.857320223468480871e-02 9.995836207893351588e-01 4.019597459745405561e-03 7.591552077813676913e-01 -4.469645949769687331e-04 -4.008462595839265043e-03 9.999918661920549345e-01 -4.029677033649731177e-01
9.995489653682808617e-01 -3.001293702085987627e-02 1.043763661534447083e-03 1.181704209757984536e+01 3.000652746588654621e-02 9.995334899205239321e-01 5.693051619015588975e-03 7.942789462502233278e-01 -1.214141934963769778e-03 -5.659164132597520151e-03 9.999832497200551451e-01 -4.220208275898890693e-01
9.995087690471538000e-01 -3.133574498187528118e-02 5.400780261168873411e-04 1.231430719868283141e+01 3.133160465985875692e-02 9.994881349683343297e-01 6.465184216940745437e-03 8.150640760223151204e-01 -7.423929429438472748e-04 -6.445086807137760318e-03 9.999789546329296286e-01 -4.444892161829509525e-01
9.994747346326353643e-01 -3.240347949047764353e-02 -5.189874114769925037e-04 1.280047982182743915e+01 3.240568670868824996e-02 9.994620890709142724e-01 5.040236000633710120e-03 8.374429750944940576e-01 3.553870586025996924e-04 -5.054406682681309923e-03 9.999871632541712518e-01 -4.460156311239064642e-01
9.994550447448498076e-01 -3.290540869124873591e-02 -2.616794400040394451e-03 1.331315758910986347e+01 3.291523682794283978e-02 9.994509005611433849e-01 3.805857601099741760e-03 9.076892248735292101e-01 2.490124219918846832e-03 -3.889915986407033611e-03 9.999893338606107296e-01 -4.668883364469839647e-01
9.994336220412456395e-01 -3.341040972783901331e-02 -4.022394229123681282e-03 1.383415286564926738e+01 3.342659232355449372e-02 9.994330686613672743e-01 4.025443051101577907e-03 9.629455715147349215e-01 3.885622106105469063e-03 -4.157618060944749325e-03 9.999838079453625683e-01 -5.060017124653295451e-01
9.993649722933782842e-01 -3.541133307536774993e-02 -3.961015385054399845e-03 1.436773724041067091e+01 3.543304132032278758e-02 9.993566329904690626e-01 5.551547599118160023e-03 9.640644156097490924e-01 3.761879297315279692e-03 -5.688373034387158092e-03 9.999767450677911063e-01 -5.069169453991817509e-01
9.993249405672528507e-01 -3.648883662102123809e-02 -4.269421775945319956e-03 1.488668399855709090e+01 3.651620307116903302e-02 9.993118057738711313e-01 6.517802868301214407e-03 1.011935810383671974e+00 4.028656540540738289e-03 -6.669306036561072591e-03 9.999696446810117934e-01 -5.321539263116953355e-01
9.992645692321610040e-01 -3.831472055807300103e-02 -1.517519627715971375e-03 1.544150495161534664e+01 3.832350563344809335e-02 9.992457811825184999e-01 6.259209606759939988e-03 1.057009544699674120e+00 1.276555218859437481e-03 -6.312763063434415588e-03 9.999792594995549067e-01 -5.421865328358352887e-01
9.992208253116532379e-01 -3.944385054929742951e-02 1.387413904834492156e-03 1.600081706747952737e+01 3.943832629152350944e-02 9.992147577387726631e-01 3.806092007437479954e-03 1.085386465718307658e+00 -1.536451373120840957e-03 -3.748409114603505794e-03 9.999917943394773800e-01 -5.576335140257074885e-01
9.992106073230073715e-01 -3.965173300844267862e-02 2.429461383492326383e-03 1.656509221106336227e+01 3.964626664462635869e-02 9.992112256237974943e-01 2.258346415336144435e-03 1.129820285122179468e+00 -2.517092435706536242e-03 -2.160244619401005713e-03 9.999944987792954709e-01 -5.862763571331919277e-01
9.991817077362867838e-01 -4.036971157414825928e-02 2.490243485623645954e-03 1.714735513140590939e+01 4.036441286661704431e-02 9.991827277911422556e-01 2.142582037035007519e-03 1.183653618652086292e+00 -2.574703697688611112e-03 -2.040311562537614094e-03 9.999946040002399839e-01 -6.170975713161047649e-01
9.991400511540088347e-01 -4.138148737006651368e-02 2.594355990520779559e-03 1.772950975823134812e+01 4.137145145049672679e-02 9.991365724065044418e-01 3.809551766424778673e-03 1.245469424560743388e+00 -2.749760870279134746e-03 -3.698943473872362466e-03 9.999893782597559788e-01 -6.354437787818764116e-01
9.990627721747687984e-01 -4.323349228645090997e-02 2.107699974737030010e-03 1.830039824392337877e+01 4.322122120779226667e-02 9.990500764405907397e-01 5.556149868099949374e-03 1.283260343033095108e+00 -2.345909583339725671e-03 -5.459845122994643613e-03 9.999823432438493809e-01 -6.523769128439660392e-01
9.990274057857871925e-01 -4.394378225759953960e-02 3.631320671143298002e-03 1.887648185920071953e+01 4.392481309417760327e-02 9.990215751429454283e-01 5.148125246123677785e-03 1.359022163829148422e+00 -3.853995791585225570e-03 -4.983613127530262844e-03 9.999801549614040219e-01 -6.665173766871163030e-01
9.989584306925201052e-01 -4.545631719888418298e-02 3.972024049767789930e-03 1.945583144205736659e+01 4.544684352762980162e-02 9.989637694547820468e-01 2.443712353798883647e-03 1.418007996397673942e+00 -4.078990281018194178e-03 -2.260651102537078027e-03 9.999891255883135432e-01 -6.894754653685700729e-01
9.988896491057053240e-01 -4.699237308917175726e-02 3.344515051383416780e-03 2.006415605403934777e+01 4.698956541321350211e-02 9.988949628362222555e-01 9.132155821607907016e-04 1.433614805784864998e+00 -3.383733405304569300e-03 -7.550442836399965437e-04 9.999939901101263517e-01 -7.049862440654058870e-01
9.988715125809830564e-01 -4.743522411053419791e-02 2.366615254421037488e-03 2.068164297965816445e+01 4.743691901322413113e-02 9.988740141745581225e-01 -6.652227728019933324e-04 1.489288645628317198e+00 -2.332395487878991241e-03 7.767370134314741407e-04 9.999969783008847424e-01 -7.302514127353416651e-01
9.988438558408245793e-01 -4.806726628196757167e-02 6.996865102058286850e-04 2.129143716057814828e+01 4.806769710865342604e-02 9.988438923636014932e-01 -6.125215104271515944e-04 1.570231531363344146e+00 -6.694353627431598539e-04 6.454456665040863217e-04 9.999995676279999079e-01 -7.574845480732081970e-01
9.988130734779823161e-01 -4.870470133488277731e-02 -5.443503894665660710e-04 2.189844484533731617e+01 4.870464130170011618e-02 9.988132171654392488e-01 -1.230093403996241383e-04 1.629632522291099450e+00 5.496954969539252778e-04 9.635094688963807960e-05 9.999998442756656836e-01 -7.742948276540142505e-01
9.987849658213022730e-01 -4.925427638834652122e-02 -1.615025324989258129e-03 2.249449021854612596e+01 4.925468358538957758e-02 9.987862287016263663e-01 2.133093660345578208e-04 1.701924168909803470e+00 1.602558655132750587e-03 -2.925977492289263677e-04 9.999986730952766800e-01 -8.011173228953500924e-01
9.987297264200661884e-01 -5.033468083962747835e-02 -2.313756614815827301e-03 2.310767874597810589e+01 5.033774537696707879e-02 9.987314243274052483e-01 1.285865979045512598e-03 1.733953873106711230e+00 2.246097785804175486e-03 -1.400701868805867599e-03 9.999964965333685285e-01 -8.184476120213299843e-01
9.987299935569230458e-01 -5.030484779712535853e-02 -2.796829972743394756e-03 2.374980363210901402e+01 5.030867256516657199e-02 9.987328520961114009e-01 1.314385292703675479e-03 1.800454599076408035e+00 2.727166023409661414e-03 -1.453420818232447481e-03 9.999952250553029165e-01 -8.369346664165243643e-01
9.987009382508788002e-01 -5.090847899839065493e-02 -2.182361767614846102e-03 2.438667926093302540e+01 5.091052873319380778e-02 9.987028179304021647e-01 8.941599300800886314e-04 1.825213730057665629e+00 2.134010525038835312e-03 -1.004103552593703982e-03 9.999972188837000786e-01 -8.550977294855611754e-01
9.987008938770622901e-01 -5.094494043534133348e-02 -1.066589516291872701e-03 2.501603463419599649e+01 5.094593328628222589e-02 9.987009840860695542e-01 9.253470192402627869e-04 1.862508514525737402e+00 1.018062250759362193e-03 -9.784832936025793584e-04 9.999990030593519652e-01 -8.864866294906573740e-01
9.987312454729551092e-01 -5.033017602942278790e-02 1.665141701825663748e-03 2.566978435472667641e+01 5.032601480973408759e-02 9.987298306425178573e-01 2.453083394008592679e-03 1.923640217499769989e+00 -1.786490808895445370e-03 -2.366171087400841585e-03 9.999956048328286773e-01 -9.125206003122456888e-01
9.987601577936539021e-01 -4.959622815720905048e-02 4.285015352793690620e-03 2.633135925933580523e+01 4.958612623261565017e-02 9.987668892588561498e-01 2.432489554123775863e-03 2.012392903957576973e+00 -4.400373761252545333e-03 -2.216996338715753086e-03 9.999878607453169810e-01 -9.333780466967224188e-01
9.987946639157428974e-01 -4.882049009052374933e-02 5.077310386343581068e-03 2.700085149535325968e+01 4.881159733758448638e-02 9.988062699107451703e-01 1.860954684328568805e-03 2.082344177711929145e+00 -5.162102167888093195e-03 -1.610879978360241736e-03 9.999853787765616842e-01 -9.643469515980757079e-01
9.988106081406221692e-01 -4.852814845268443172e-02 4.731582559224773062e-03 2.767097652835454724e+01 4.852192627595704882e-02 9.988211066190012533e-01 1.421141394908734083e-03 2.121095275860724882e+00 -4.794969888448440305e-03 -1.189865600795295911e-03 9.999877961673436788e-01 -9.827188259555433847e-01
9.988703868080784920e-01 -4.746868455754765792e-02 2.162023185724810427e-03 2.838947308564247507e+01 4.746470641902300613e-02 9.988711920761462748e-01 1.855609046782316120e-03 2.186536715960145649e+00 -2.247665997325050055e-03 -1.750893130542472993e-03 9.999959411771679463e-01 -1.020625569603812233e+00
9.989245018312008506e-01 -4.636596203429365487e-02 -1.928883656573237833e-04 2.907175496171862861e+01 4.636631477080594560e-02 9.989208294015763379e-01 2.709509594260419655e-03 2.261735096489156494e+00 6.705118722529539925e-05 -2.715539044331142810e-03 9.999963106691128756e-01 -1.046691332368254068e+00
9.989566252329228346e-01 -4.558174792499585654e-02 -2.822261389705391175e-03 2.978982426098130176e+01 4.558995323797681437e-02 9.989559854983471876e-01 2.914652772632919230e-03 2.309497096649627768e+00 2.686459939916039947e-03 -3.040278462257178706e-03 9.999917697860634114e-01 -1.070323925588345659e+00
9.990167818525638177e-01 -4.413961589417311759e-02 -4.142932012696960882e-03 3.050003568874222992e+01 4.415049778633044208e-02 9.990215781253484195e-01 2.572933181710677659e-03 2.345930280296627313e+00 4.025310195028461956e-03 -2.753315937769773829e-03 9.999881079938803818e-01 -1.078220023258727123e+00
9.991206232087116446e-01 -4.160007347305433312e-02 -5.235853900944622240e-03 3.123372663589755049e+01 4.161375431842076478e-02 9.991305652006370330e-01 2.531626627620844113e-03 2.417097772285647928e+00 5.125985813643392681e-03 -2.747283911801361080e-03 9.999830882072687777e-01 -1.111253597280152716e+00
9.992570675008949355e-01 -3.846848568638881055e-02 -2.342788617880363355e-03 3.194919868704733190e+01 3.847974850139724429e-02 9.992470268270112754e-01 4.968735517947957259e-03 2.487645467938368160e+00 2.149884829749483875e-03 -5.055193999660189189e-03 9.999849113905892040e-01 -1.139504077344330124e+00
9.993668600565877025e-01 -3.555046474723436156e-02 1.429502323308069365e-03 3.266777627841783982e+01 3.554025241548613989e-02 9.993462703008213488e-01 6.627404777232026069e-03 2.551794819121060875e+00 -1.664175135082917667e-03 -6.572403829147505962e-03 9.999770167503982954e-01 -1.167804186207072714e+00
9.994277471416700420e-01 -3.340790587418063923e-02 5.300006455467617950e-03 3.340474218938935991e+01 3.337907406781041170e-02 9.994279678952298074e-01 5.438235300833060316e-03 2.595269975622771508e+00 -5.478654734671477636e-03 -5.258213947100960454e-03 9.999711673485315311e-01 -1.172036381730365395e+00
9.995099294295334280e-01 -3.090270026266035697e-02 4.992403053164885980e-03 3.414406169680253100e+01 3.089299937907680205e-02 9.995206789508427336e-01 2.008715761567964834e-03 2.618693314110043691e+00 -5.052084830388243498e-03 -1.853501044667264265e-03 9.999855203815423144e-01 -1.212632641549531876e+00
9.996291912633606946e-01 -2.698705652465479415e-02 3.630255403484868547e-03 3.488624101715014802e+01 2.698401501663315327e-02 9.996354741068611549e-01 8.842175824582607351e-04 2.696986930323592269e+00 -3.652794511269485955e-03 -7.859308405317457728e-04 9.999930196781237068e-01 -1.257195423756209074e+00
9.997135999822875929e-01 -2.378725269895057629e-02 2.623855844171896906e-03 3.559011976919018139e+01 2.378039700487486960e-02 9.997137894232092092e-01 2.613800944555690932e-03 2.731244597543275532e+00 -2.685280012450222235e-03 -2.550656018260905045e-03 9.999931416890474045e-01 -1.265746736375866544e+00
9.997895660047992905e-01 -2.050924714153732828e-02 4.410097759536277598e-04 3.632694591546201934e+01 2.050732460460523085e-02 9.997817255457672747e-01 3.993858070761762205e-03 2.788116532240831447e+00 -5.228245370069465811e-04 -3.983973696622381336e-03 9.999919272714595797e-01 -1.297703186481421689e+00
9.998404533571586539e-01 -1.779914981111290276e-02 -1.502696427454263371e-03 3.707150478911855629e+01 1.780808537785589715e-02 9.998224562397372006e-01 6.158578887521385867e-03 2.816398035944446487e+00 1.392812164837449462e-03 -6.184356453212313393e-03 9.999799067028962707e-01 -1.319437702427772141e+00
9.998896702152719751e-01 -1.479115926712323663e-02 -1.367115331374720109e-03 3.778277237808379851e+01 1.480074546358942957e-02 9.998638863680178179e-01 7.290176319238231978e-03 2.818269044912616206e+00 1.259099089318365273e-03 -7.309606321693348785e-03 9.999724917841016358e-01 -1.322784216779504085e+00
9.999380392977558207e-01 -1.081885503470934352e-02 -2.621057248082207108e-03 3.851633440319084656e+01 1.083472996503538795e-02 9.999225731770304826e-01 6.120153397651898093e-03 2.868009670690054858e+00 2.554641255547287181e-03 -6.148172636155407357e-03 9.999778366450385869e-01 -1.332752237513977311e+00
9.999616745091447489e-01 -6.081140556775327735e-03 -6.298352355650290585e-03 3.922577060820496797e+01 6.112633589419866342e-03 9.999688519450821156e-01 4.993080235280795282e-03 2.906762581970474102e+00 6.267792551503224494e-03 -5.031388393197049058e-03 9.999676994320206846e-01 -1.369084200532966200e+00
9.999608674330371372e-01 -2.069018219336324436e-03 -8.601323513038864124e-03 3.993108107407225305e+01 2.128299739525673067e-03 9.999740076778678155e-01 6.888708796443701252e-03 2.893738538643006120e+00 8.586847080659805106e-03 -6.906745418177814150e-03 9.999392796189885413e-01 -1.389925458912066425e+00
9.999596549883008612e-01 3.074319515298937471e-03 -8.440198765198438785e-03 4.067278884112381121e+01 -2.994144137408232594e-03 9.999504341877647473e-01 9.495486748199459884e-03 2.926466234522395293e+00 8.468972580108466430e-03 -9.469832481024136397e-03 9.999192961315521710e-01 -1.424104269257119304e+00
9.999442316750550841e-01 7.974755879080601753e-03 -6.923641271245848175e-03 4.136580679888116663e+01 -7.899201848873006401e-03 9.999096961308077125e-01 1.087208322938128767e-02 2.954264267793878407e+00 7.009718249301516782e-03 -1.081678567158016364e-02 9.999169270483425631e-01 -1.432750706830461684e+00
9.998994951041899615e-01 1.247822614251817286e-02 -6.730049236242935037e-03 4.206585104070321535e+01 -1.240167032025413577e-02 9.998592504431346173e-01 1.129946355189991730e-02 2.936888105367069901e+00 6.870099246285000377e-03 -1.121486404862596237e-02 9.999135105401452117e-01 -1.464177304470101193e+00
9.998116464508850498e-01 1.868563918070295995e-02 -5.245808763102504171e-03 4.276756824756409259e+01 -1.861632511795381986e-02 9.997426383871798050e-01 1.296493076507788424e-02 2.963281651421526774e+00 5.486716711577726419e-03 -1.286483109291372377e-02 9.999021912470628104e-01 -1.463990212816966618e+00
9.996956775367749071e-01 2.453088661437312704e-02 -2.605362969218733872e-03 4.344224389321045976e+01 -2.449370782430599844e-02 9.996094495077109121e-01 1.345387423415962506e-02 2.962617156860186896e+00 2.934380906790719223e-03 -1.338596491866845574e-02 9.999060982671773568e-01 -1.476830133795697275e+00
9.995078266841745940e-01 3.134182560298788556e-02 1.339539081153402192e-03 4.412560001841992374e+01 -3.135656001234035650e-02 9.994244226010590149e-01 1.294564222942990936e-02 3.006219818218028195e+00 -9.330280116598246073e-04 -1.298127406735542430e-02 9.999153044044868377e-01 -1.507655500101378498e+00
9.992760248138781165e-01 3.767496897253611032e-02 5.293670285556835442e-03 4.483799147677520125e+01 -3.773638687462475827e-02 9.992153693158990491e-01 1.202542425613761790e-02 2.968021853514130282e+00 -4.836459223687706796e-03 -1.221648213725606488e-02 9.999136793875598173e-01 -1.516932266916284577e+00
9.990189606687269741e-01 4.371908421080192980e-02 7.053927994050759008e-03 4.553151278419278469e+01 -4.379364275608279428e-02 9.989823695025085160e-01 1.078620773516683964e-02 2.957976299904914619e+00 -6.575186577507941867e-03 -1.108454324374194902e-02 9.999169464623292036e-01 -1.556148050211774825e+00
9.987570824902025635e-01 4.938195619629733718e-02 6.761107741020305588e-03 4.623294476530170982e+01 -4.944680500859293532e-02 9.987288160868476039e-01 9.785979368763433189e-03 2.938197590996673547e+00 -6.269262325098686091e-03 -1.010813137976779991e-02 9.999292585127752542e-01 -1.582060753902079009e+00
9.984797664853949373e-01 5.481360553900459925e-02 5.798669423726388397e-03 4.691322091333903899e+01 -5.487077558526758797e-02 9.984412830305164910e-01 1.020795410683504600e-02 2.918399059697852849e+00 -5.230096169522881894e-03 -1.051061312152872657e-02 9.999310841782382830e-01 -1.598390331469780934e+00
9.981773013837621500e-01 6.023735213884728185e-02 3.679185987507540331e-03 4.761636659709393626e+01 -6.027168589892058920e-02 9.981312198742836594e-01 1.006934909397408547e-02 2.916671763814482343e+00 -3.065759470672572030e-03 -1.027274644751684750e-02 9.999425342484902224e-01 -1.631137042014087823e+00
9.978427778111264024e-01 6.561803667974885901e-02 2.015944560262740697e-03 4.832426720701796086e+01 -6.563559301322280382e-02 9.977890597178450394e-01 1.043844994149688635e-02 2.881997090272899964e+00 -1.326536836087000102e-03 -1.054824960236026843e-02 9.999434857682452105e-01 -1.646097132076811853e+00
9.975225592022121113e-01 7.032247610415573447e-02 1.869020398391409588e-03 4.898975162524490656e+01 -7.033890483717650244e-02 9.974619700155894497e-01 1.104793369485555440e-02 2.860398819361406719e+00 -1.087358715322040825e-03 -1.115202794112985993e-02 9.999372229914358368e-01 -1.681240619129180214e+00
9.971397173748897114e-01 7.544048906183704883e-02 4.595284935232534472e-03 4.967911609093891911e+01 -7.548602701545899241e-02 9.970893629729740137e-01 1.070803303927331772e-02 2.846343532287840095e+00 -3.774090479377223591e-03 -1.102428484118667291e-02 9.999321083877614758e-01 -1.696576585515085389e+00
9.967326343151194923e-01 8.061175158235371618e-02 5.079487972927487424e-03 5.036504730330982227e+01 -8.065389672465396453e-02 9.967039821899863483e-01 8.724725196371178881e-03 2.807967873033777373e+00 -4.359430509948792470e-03 -9.105898827037158666e-03 9.999490376875116437e-01 -1.717518405087064881e+00
9.962897867422363385e-01 8.595729222009482196e-02 4.243200124712088669e-03 5.105869093204092479e+01 -8.597974338281028084e-02 9.962821037815701164e-01 5.427099814333462106e-03 2.782734128240673233e+00 -3.760925542366096511e-03 -5.771793374495769353e-03 9.999762706386121636e-01 -1.743494033721332492e+00
9.959855045181310595e-01 8.950201515145064790e-02 1.504683884893993732e-03 5.175187776581608290e+01 -8.950607546630459654e-02 9.959820794341671668e-01 2.891349271982125713e-03 2.709513218490818165e+00 -1.239856598218720771e-03 -3.014420312747502669e-03 9.999946879987883230e-01 -1.769201161099349884e+00
