1.000000000000000000e+00 0.000000000000000000e+00 0.000000000000000000e+00 0.000000000000000000e+00 0.000000000000000000e+00 1.000000000000000000e+00 0.000000000000000000e+00 0.000000000000000000e+00 0.000000000000000000e+00 0.000000000000000000e+00 1.000000000000000000e+00 0.000000000000000000e+00
9.999999383849531576e-01 2.452305367488839816e-04 2.511813562861945639e-04 -1.882447254466175501e-02 -2.452709845761982550e-04 9.999999569586022208e-01 1.610122287502934292e-04 1.058719617684153111e-02 -2.511418603597182831e-04 -1.610738263280809060e-04 9.999999554914932309e-01 2.959496322724114187e-03
9.999998377728346322e-01 2.088618347712411366e-04 5.299349379602565817e-04 -1.447614236500626220e-02 -2.085438364317478100e-04 9.999997982218050696e-01 -6.000548452772702006e-04 1.529704469333676917e-02 -5.300601595868893344e-04 5.999442332670520918e-04 9.999996795515208037e-01 8.446388933798325976e-03
9.999999351027953898e-01 3.484063485467896811e-04 9.169199175043858153e-05 -8.703864736805268232e-03 -3.483498635557317189e-04 9.999997500128812167e-01 -6.153263748995617226e-04 1.713790302202871166e-02 -9.190635244406503233e-05 6.152943940737846257e-04 9.999998064829968003e-01 -3.530725859118824875e-03
9.999999821238745312e-01 1.791347600226877253e-04 6.052262625855639379e-05 -6.604208832960483874e-03 -1.791382159601003800e-04 9.999999823244885011e-01 5.710098235314394475e-05 1.029912431786059179e-04 -6.051239641801712502e-05 -5.711182324769279697e-05 9.999999965382447842e-01 -5.930946036545538605e-03
9.999999929506835361e-01 -6.680812562827083553e-05 -9.815960070688480824e-05 -7.895549378967218687e-03 6.680358651187051449e-05 9.999999966993516898e-01 -4.624475626563257592e-05 -2.006474078196679445e-03 9.816268990838073600e-05 4.623819852626086718e-05 9.999999941130576220e-01 -6.157254430296531938e-03
9.999999698136836646e-01 -3.573915525737777306e-05 2.430953404449872539e-04 -2.175480575301543852e-03 3.565720288801669082e-05 9.999999425405936559e-01 3.371162607231797427e-04 6.455202122490935959e-03 -2.431073747272550600e-04 -3.371075824470063254e-04 9.999999136286373824e-01 -7.857421082093935666e-05
9.999999373362469246e-01 2.350883184107772331e-04 2.646903563898596692e-04 -3.310762972338800268e-03 -2.350950058087976141e-04 9.999999720467874775e-01 2.523415529693604954e-05 1.504149589017928293e-02 -2.646844167357785917e-04 -2.529638109654218134e-05 9.999999646511257279e-01 2.372759364283100539e-03
9.999999268759864890e-01 3.622901698651755575e-04 -1.224493960498992083e-04 -1.336400730091354128e-02 -3.622971038386165561e-04 9.999999327680660910e-01 -5.660982017925727367e-05 1.817982006483000526e-02 1.224288786360207119e-04 5.665417910127568373e-05 9.999999909007367682e-01 -7.055664716385545189e-03
9.999999799164702718e-01 1.736499401117520402e-04 1.000637659786422838e-04 -2.500701386573607465e-03 -1.736301183159937782e-04 9.999999653111623088e-01 -1.980662925829972695e-04 -1.693495789555861386e-03 -1.000981567073917354e-04 1.980489145216010106e-04 9.999999753784929446e-01 -2.255043359946038231e-03
9.999999208686751739e-01 1.826840928813589773e-04 3.533966122637887839e-04 -1.729131745519146141e-02 -1.826600691941589368e-04 9.999999810049370330e-01 -6.801047436047981854e-05 1.280294370147619376e-02 -3.534090299828128402e-04 6.794591752907179092e-05 9.999999352427028088e-01 1.380730883867516438e-03
9.999998687224304073e-01 7.336130967167903767e-05 5.071225100554738099e-04 -1.720391699486158166e-02 -7.327962825996498127e-05 9.999999843408423628e-01 -1.610851052545723310e-04 6.739032889696572326e-04 -5.071343195286524656e-04 1.610479223586921006e-04 9.999998584391642797e-01 5.252140798973746298e-03
9.999999984105822914e-01 4.444722339281367043e-05 3.468832277947850345e-05 -5.536151095857243590e-03 -4.446661996264579297e-05 9.999998425657299350e-01 5.593668161937610664e-04 -1.209898694994770985e-03 -3.466345501650983221e-05 -5.593683577771597611e-04 9.999998429527302557e-01 -5.951313484921479449e-03
9.999999996088001497e-01 2.576066981129171177e-05 1.089897160840185582e-05 1.568880914204906149e-03 -2.575997485644782305e-05 9.999999976356274134e-01 -6.375867727068995139e-05 3.204051033592493231e-03 -1.090061404886540044e-05 6.375839648851298273e-05 9.999999979080217427e-01 -7.364690356631571622e-03
9.999998509682691550e-01 3.829637908838996567e-04 -3.891043232930221614e-04 -9.192628994453040311e-03 -3.831559710594512058e-04 9.999998046026555842e-01 -4.939495445210176144e-04 9.331704744721686789e-03 3.889150824729955408e-04 4.940985585516968629e-04 9.999998023058169760e-01 7.700184534851222881e-03
9.999972255931607323e-01 1.540273577041045578e-04 -2.350549202688434567e-03 -5.914628688046586619e-03 -1.555763030853947698e-04 9.999997708872359059e-01 -6.588030734236264598e-04 1.323700979197133150e-02 2.350447190450963026e-03 6.591669353910483472e-04 9.999970204440392640e-01 -6.547123646197344077e-03
9.999952351148062579e-01 2.538755851887738806e-04 -3.076571934896936075e-03 5.822231850253786409e-03 -2.552161389546341529e-04 9.999998726697458817e-01 -4.353449373665207729e-04 2.460522992897826167e-03 3.076461019705516685e-03 4.361280538083150992e-04 9.999951725783055023e-01 -4.236734095268628736e-03
9.999934024089948137e-01 2.338589072037201150e-04 -3.624975654208255609e-03 3.943924796361443497e-03 -2.357389391690318083e-04 9.999998379404849702e-01 -5.182143921676707560e-04 1.519243344150479451e-02 3.624853877695009916e-03 5.190655211162949504e-04 9.999932954801997731e-01 -1.143085928069043945e-02
9.999949980889379919e-01 1.651677852856479228e-05 -3.162834851980397474e-03 2.158792011191370055e-02 -1.560806621128769055e-05 9.999999585978054384e-01 2.873339096526734125e-04 3.402470978728183021e-03 3.162839466862642918e-03 -2.872831066982271787e-04 9.999949569447454945e-01 -9.587975796260243821e-03
9.999964083142858229e-01 2.146141733598104907e-04 -2.671572436723450468e-03 4.544690332009884703e-02 -2.129057894402722358e-04 9.999997727047574836e-01 6.397355377480240610e-04 1.176156738732686037e-02 2.671709125801348048e-03 -6.391644467803449334e-04 9.999962267124596904e-01 -4.002180470974180809e-03
9.999962767941320552e-01 1.717741998123629976e-04 -2.723397051076151786e-03 7.133317155422341793e-02 -1.705441290407206940e-04 9.999998833534290421e-01 4.518936029495093632e-04 1.537857013686474636e-02 2.723474357063271345e-03 -4.514274610784873069e-04 9.999961894430767773e-01 -3.694579304695103268e-03
9.999939997615140408e-01 -1.514683005609426239e-04 -3.460852253865338846e-03 9.752144112916537322e-02 1.498253786292605362e-04 9.999998759777635193e-01 -4.749703291759467148e-04 7.653243655230275097e-03 3.460923767591279031e-03 4.744489557413825555e-04 9.999938984338171410e-01 -1.151291931746807259e-02
9.999944407291486703e-01 2.955983915192467084e-04 -3.321314858320955667e-03 1.277781640969662402e-01 -2.972469096753953743e-04 9.999998328823750393e-01 -4.958623768063358250e-04 2.423651411931206090e-02 3.321167727149705769e-03 4.968468707507731411e-04 9.999943614781611201e-01 -2.243370544706500130e-03
9.999934196401020214e-01 -3.538623211284552426e-04 -3.610465060419075761e-03 1.534287292805753267e-01 3.527014709841692778e-04 9.999998859087914083e-01 -3.221553608350587942e-04 6.090068442953650019e-04 3.610578647140502782e-03 3.208798245990947240e-04 9.999934303574053995e-01 -1.929277943292490201e-03
9.999877853011277518e-01 2.760719179137142491e-05 -4.942518223388446541e-03 1.947234595018858816e-01 -2.964046706197456314e-05 9.999999149720607550e-01 -4.113116991630360935e-04 2.358042297011803470e-02 4.942506447975343609e-03 4.114531736630917119e-04 9.999877010925172227e-01 -1.478374227639460067e-02
9.999839276344244521e-01 -1.763079862360157645e-04 -5.666867593666463122e-03 2.469457455907342336e-01 1.727793178521801437e-04 9.999997909046794975e-01 -6.231676376148272481e-04 1.987940623947196533e-02 5.666976278182242650e-03 6.221785043195482857e-04 9.999837490048382183e-01 -9.437905068001187919e-03
9.999798746341136413e-01 -4.251389806029026242e-04 -6.330053995786018295e-03 3.012642046433118281e-01 4.191254124966203127e-04 9.999994596819929971e-01 -9.512989071377802013e-04 1.655480177111361834e-02 6.330455009791487522e-03 9.486266754070971606e-04 9.999795125135313434e-01 -8.531133457724141347e-04
9.999733777637127563e-01 -3.785553130839401040e-04 -7.287006223817552551e-03 3.667186720630646879e-01 3.744274245018768855e-04 9.999997686874770864e-01 -5.678284038405162970e-04 2.419835074589316015e-02 7.287219492700951380e-03 5.650848320058655559e-04 9.999732881988387945e-01 -6.822003041298525458e-03
9.999712225253305498e-01 -6.604035300783329520e-04 -7.557644366691112885e-03 4.477262202553244919e-01 6.568324480654389071e-04 9.999996714801807629e-01 -4.749849109338049138e-04 2.406895881753024630e-02 7.557955565567066152e-03 4.700071360165804734e-04 9.999713277894326513e-01 -9.262564252556700420e-03
9.999683261971352710e-01 -1.032976750761061945e-03 -7.891740082647919277e-03 5.271369474916894893e-01 1.029640196029637036e-03 9.999993788233171310e-01 -4.268419455869688212e-04 2.401737291704213531e-02 7.892176098289035643e-03 4.187027730736173460e-04 9.999687686345115623e-01 -1.553595944383084904e-02
9.999692013315718553e-01 -1.461079200286981338e-03 -7.711137132022809204e-03 6.296990717498034407e-01 1.460736584786007835e-03 9.999989318705861940e-01 -5.006312485827311255e-05 3.141507036620369564e-02 7.711202041720856271e-03 3.879764286164256228e-05 9.999702674868962138e-01 -5.730228918048148323e-03
9.999657909352355212e-01 -1.887035666582031774e-03 -8.053325751626863246e-03 7.334621365176248187e-01 1.885821169574964512e-03 9.999982092927042210e-01 -1.583979211070627292e-04 2.261816736308400536e-02 8.053610233004325145e-03 1.432053702744198579e-04 9.999675589010059706e-01 -1.396410559324521433e-02
9.999648343038310960e-01 -2.084709401324031861e-03 -8.123062379646946163e-03 8.535298895984474443e-01 2.081268868462021748e-03 9.999977408533994305e-01 -4.319814747846081231e-04 3.556960489527491442e-02 8.123944584299866434e-03 4.150600070079810827e-04 9.999669140774517517e-01 -1.563523202074027646e-02
9.999649786510600435e-01 -2.682517781735810781e-03 -7.927519772013506133e-03 9.764968200561248146e-01 2.680664256944795005e-03 9.999963771411295443e-01 -2.444253614918849744e-04 3.494680470849111098e-02 7.928146727106687858e-03 2.231657824869506639e-04 9.999685468486031459e-01 -1.989017967452495761e-02
9.999710137323524206e-01 -2.721649956191717849e-03 -7.110859062554037227e-03 1.116596300785684504e+00 2.722274207779960559e-03 9.999962915540305808e-01 7.811097173633751013e-05 5.507062230977231854e-02 7.110620101594604045e-03 -9.746641581195377585e-05 9.999747144713553304e-01 -1.333290981261773395e-02
9.999699369933818804e-01 -3.136876364569136412e-03 -7.091199907301093917e-03 1.250741379489324512e+00 3.134355215922884734e-03 9.999950206921323081e-01 -3.666174058938131519e-04 6.800201721407662936e-02 7.092314631508992405e-03 3.443800448557124395e-04 9.999747899200021051e-01 -1.304896634555437022e-02
9.999656625488264616e-01 -3.666294204462383285e-03 -7.431824143021295397e-03 1.404109295718503292e+00 3.667677317251246370e-03 9.999932591730645859e-01 1.724863140083628110e-04 6.710993123029299068e-02 7.431141660807535042e-03 -1.997379241031368286e-04 9.999723687374459935e-01 -2.232247481888567642e-02
9.999706183761203349e-01 -3.885341915711759946e-03 -6.608063458943564533e-03 1.561324144428252625e+00 3.886221301513649150e-03 9.999924413843013227e-01 1.202425068450323258e-04 7.007854434388224862e-02 6.607546327879470702e-03 -1.459193709008223131e-04 9.999781592810225161e-01 -1.941764327611564950e-02
9.999720629923141146e-01 -4.515183407917502598e-03 -5.957042360792618070e-03 1.745118140334680046e+00 4.517506835802783879e-03 9.999897250872112897e-01 3.766324363575509039e-04 8.474775971451982415e-02 5.955280588174357605e-03 -4.035328939603290057e-04 9.999821857384858514e-01 -1.391078375730299063e-02
9.999695997103692502e-01 -5.133920715650770565e-03 -5.868774418001857299e-03 1.927384042317067614e+00 5.145769183389986047e-03 9.999847492260933723e-01 2.005585884107529207e-03 9.225511007188090529e-02 5.858388395732662748e-03 -2.035724272260194465e-03 9.999807673710989775e-01 -7.498894357344329346e-03
9.999659617262499633e-01 -5.444558309333965077e-03 -6.199368815631539111e-03 2.142960645149431631e+00 5.464616808748353274e-03 9.999798741325651719e-01 3.223242614619563004e-03 1.175398300332873569e-01 6.181694915596149843e-03 -3.257010076038614060e-03 9.999755889687182986e-01 -1.946983043294495119e-02
9.999660571716301183e-01 -5.990339913033328537e-03 -5.656883625321290979e-03 2.342747410258072538e+00 6.019094147134978687e-03 9.999689826812789839e-01 5.079781591365010139e-03 1.318901189725274481e-01 5.626278545542670248e-03 -5.113658484330493338e-03 9.999710973256344948e-01 -1.452731788984140682e-02
9.999609990231398404e-01 -6.743606447525209678e-03 -5.702999625203743206e-03 2.576520615650103263e+00 6.773297268047211335e-03 9.999635250242903117e-01 5.202986172788535806e-03 1.323221807816981899e-01 5.667704717329739850e-03 -5.241411363026274479e-03 9.999702019211176296e-01 -1.748863637002222998e-02
9.999604291457749872e-01 -7.244753090729351593e-03 -5.162721690346742769e-03 2.804421176519411585e+00 7.275908726210142570e-03 9.999552783861451744e-01 6.041719945072866402e-03 1.434111434172090915e-01 5.118720035855479390e-03 -6.079044360851439469e-03 9.999684214638246971e-01 -1.646311727484964932e-02
9.999576499343237890e-01 -7.767988294755885474e-03 -4.935250315522154811e-03 3.045668898503438804e+00 7.799796175383201351e-03 9.999487221085046063e-01 6.458818250350512741e-03 1.571814683072849939e-01 4.884825221725294132e-03 -6.497038665508988314e-03 9.999669629398423298e-01 -1.798084629442855270e-02
9.999558411898077370e-01 -8.517592328372460345e-03 -3.970678948442825200e-03 3.299841166271110904e+00 8.543565159233426284e-03 9.999419147402895947e-01 6.570741198168869937e-03 1.661463491842937734e-01 3.914481415703634747e-03 -6.604374796377895582e-03 9.999705291001306229e-01 -1.500294511633451164e-02
9.999438908515285718e-01 -9.186416579374870328e-03 -5.274931197324171823e-03 3.576205747654322753e+00 9.212646172528468624e-03 9.999452120233587316e-01 4.969919723683731590e-03 1.708892946730715123e-01 5.228986441569137729e-03 -5.018236940425443819e-03 9.999737371545333042e-01 -2.578267183759022640e-02
9.999196301779289531e-01 -9.868142127850256309e-03 -7.959457002734744366e-03 3.843467077041723190e+00 9.906555998056601822e-03 9.999394020391834115e-01 4.801291261490464764e-03 1.710516751723147599e-01 7.911594851305577339e-03 -4.879756189077782795e-03 9.999567963899460565e-01 -1.801377141184009462e-02
9.998775751835301540e-01 -1.045745807354513633e-02 -1.163942506072112096e-02 4.123809504570602691e+00 1.048595353313372218e-02 9.999421650159355801e-01 2.389853916985002196e-03 1.932864803702764311e-01 1.161376009761944453e-02 -2.511611809896939409e-03 9.999294036993368051e-01 -1.575247630302182081e-02
9.998195744491589210e-01 -1.074093694066940649e-02 -1.566687020241615616e-02 4.421641064645044139e+00 1.071700412225272403e-02 9.999412739029146513e-01 -1.610766295832969253e-03 2.087326288201323821e-01 1.568325128748532596e-02 1.442573759894674908e-03 9.998759696132319963e-01 -2.013149419547288071e-02
9.997792259294003836e-01 -1.072335359082380452e-02 -1.806956246772764563e-02 4.712252827551765222e+00 1.065433492085653133e-02 9.999355903473640117e-01 -3.911560310529816828e-03 2.144522888650713111e-01 1.811034365778745742e-02 3.718177569033156125e-03 9.998290806973769707e-01 -1.962462584278915761e-02
9.997439562616993181e-01 -1.174993001562127728e-02 -1.933807288313334899e-02 5.025467034605499705e+00 1.161688513313961432e-02 9.999081737884190080e-01 -6.977963235239372473e-03 2.101858437392373491e-01 1.941828772082685589e-02 6.751528400067255929e-03 9.997886511489587624e-01 -1.655353047073900713e-02
9.997261042532586961e-01 -1.195441907940919014e-02 -2.011984938006164750e-02 5.338281030140128003e+00 1.176406332515034063e-02 9.998851668161319317e-01 -9.553009743417552671e-03 2.211970524519741299e-01 2.023173963564088226e-02 9.313702032480721330e-03 9.997519350647768865e-01 -1.879655174024873893e-02
9.997302681552294734e-01 -1.196302523211131147e-02 -1.990670644704429712e-02 5.667264135343842213e+00 1.171969044253796249e-02 9.998557200178485038e-01 -1.229585310260752733e-02 2.469034358626586156e-01 2.005092990871025146e-02 1.205923608217729891e-02 9.997262300424603065e-01 -7.601327905695634546e-03
9.997054079764282619e-01 -1.272465214969535109e-02 -2.066834512853628000e-02 5.993737770222826278e+00 1.247411630585973201e-02 9.998476964724420935e-01 -1.220574787300112395e-02 2.619922972717241838e-01 2.082051116257524134e-02 1.194433281605299969e-02 9.997118781071416826e-01 -5.858147968851507015e-03
9.997307452661473581e-01 -1.327195625464219243e-02 -1.903397348870044387e-02 6.335674464211699330e+00 1.310499545429611411e-02 9.998747850331501930e-01 -8.869799831707964044e-03 2.715713070756240466e-01 1.914930974569489797e-02 8.617971460068339640e-03 9.997794929404067998e-01 -1.917587603082774803e-02
9.998396885376770182e-01 -1.415883452420978530e-02 -1.096013821979208158e-02 6.697029547827418661e+00 1.410996470221929575e-02 9.998902177109358913e-01 -4.523430344258793506e-03 3.030055188997676230e-01 1.102298149245600420e-02 4.368058023112878982e-03 9.999297045033334053e-01 -1.023542224553429525e-02
9.998697601244148636e-01 -1.613424518463746349e-02 3.859029245260052108e-04 7.065738672611590054e+00 1.613501666074140806e-02 9.998676432627123800e-01 -2.087389189156716156e-03 3.235189498724695412e-01 -3.521733987003891684e-04 2.093343877965078790e-03 9.999977469401147845e-01 -2.132406070440065471e-02
9.997580312227015709e-01 -1.751566175369178441e-02 1.330716344823391559e-02 7.426785215980683752e+00 1.754029822192612609e-02 9.998446484734967443e-01 -1.736910243959642781e-03 3.637109931539113106e-01 -1.327467302774908500e-02 1.969901581281572386e-03 9.999099472171313341e-01 -3.188481347890388673e-02
9.995781868871702613e-01 -1.946254888376036316e-02 2.155591543647926780e-02 7.796282618793279440e+00 1.956766892006368483e-02 9.997975980401176965e-01 -4.676460867586667777e-03 3.694990915567062384e-01 -2.146053662870947218e-02 5.096287291600999983e-03 9.997567070159866232e-01 -3.731096912482901456e-02
9.995495392656525979e-01 -2.064934050971794707e-02 2.177896439997391298e-02 8.176819113257590033e+00 2.083984818480806925e-02 9.997462077467611508e-01 -8.556916711300890932e-03 3.777646257327649248e-01 -2.159674238064068774e-02 9.006932468033163053e-03 9.997261904571973501e-01 -3.953296159097097195e-02
9.995850747775503198e-01 -2.159859002863662517e-02 1.905726084026797620e-02 8.553239479480849283e+00 2.177396698843337211e-02 9.997220150834492669e-01 -9.043612059032930806e-03 4.082096905677396470e-01 -1.885663393996251866e-02 9.454811804713546264e-03 9.997774921902331524e-01 -3.802562283240871338e-02
9.995535759805579401e-01 -2.344736481355634908e-02 1.851674452432045676e-02 8.945753691241160155e+00 2.357125206876993853e-02 9.997010227727005649e-01 -6.500857107095645362e-03 4.134047746522117595e-01 -1.835878047119308965e-02 6.934417821011850530e-03 9.998074159702428076e-01 -3.472838996102754761e-02
9.995412085619496123e-01 -2.479317551597970057e-02 1.739743758003052879e-02 9.341094603155189802e+00 2.485524992494688237e-02 9.996854110367421331e-01 -3.360879567665200646e-03 4.518595841231546340e-01 -1.730863766116969363e-02 3.791755284000558699e-03 9.998430045032973279e-01 -3.838631454565216011e-02
9.995858729111383179e-01 -2.585253647270945726e-02 1.263839524642592499e-02 9.731761700168856777e+00 2.586596842002063246e-02 9.996650143163726687e-01 -9.004607381487620115e-04 4.831103239280629680e-01 -1.261088237087911595e-02 1.226992165288429961e-03 9.999197268461375021e-01 -5.544797804079776293e-02
9.996246299239046618e-01 -2.696397772328962966e-02 4.852128897157774109e-03 1.015640202444191154e+01 2.695235181454929546e-02 9.996337275630233776e-01 2.445700333221958577e-03 5.017996326794853523e-01 -4.916297505384926644e-03 -2.314006005416033036e-03 9.999852375885582845e-01 -7.625220326425434514e-02
9.996073476153599646e-01 -2.801922689057713065e-02 -2.711417328233237502e-04 1.056570303167085711e+01 2.801993559262228387e-02 9.996025222453488457e-01 3.111387170081856331e-03 5.272618751852395924e-01 1.838552969532146703e-04 -3.117762850380166508e-03 9.999951228641260625e-01 -9.304246118441641955e-02
9.995808554034207871e-01 -2.892661919298606180e-02 -1.167995303751969338e-03 1.101174122674544087e+01 2.892841860145718355e-02 9.995802773434001587e-01 1.554266164462713524e-03 5.743688538994893289e-01 1.122545404196226585e-03 -1.587402959269706331e-03 9.999981100200442397e-01 -9.947884409556170815e-02
9.995449606559854150e-01 -3.015918241213761883e-02 -5.434551094782323405e-04 1.148237009861475855e+01 3.016032157298072572e-02 9.995425941987989837e-01 2.226518571557977843e-03 5.751985108162971372e-01 4.760565502148354821e-04 -2.241896198870082461e-03 9.999973736323483076e-01 -9.346784456121409734e-02
9.995298416801009500e-01 -3.066070581192328545e-02 1.292674241778164279e-04 1.194247231752841110e+01 3.065964853467364679e-02 9.995168742274900264e-01 5.099420186477515195e-03 6.358622148910609839e-01 -2.855567939026202543e-04 -5.093059357857907844e-03 9.999869895172111001e-01 -9.648782274652811797e-02
9.994899797405244479e-01 -3.193347957789791081e-02 1.824289836537079613e-04 1.242173937274075257e+01 3.193193173415366515e-02 9.994739441212948661e-01 5.673337496396019426e-03 6.668866621359466063e-01 -3.635024228940954239e-04 -5.664618669481653011e-03 9.999838898508904839e-01 -9.723555926681723416e-02
9.994538508875133731e-01 -3.302316090158573247e-02 -1.212761389658400732e-03 1.291592166877442338e+01 3.302861420181429919e-02 9.994429194719354204e-01 4.791801469402532515e-03 6.742467656940210885e-01 1.053845352970498618e-03 -4.829240259340689817e-03 9.999877838496276095e-01 -1.003682094555686660e-01
9.994264059962705282e-01 -3.369795775715159897e-02 -3.362534813943935177e-03 1.341795582957403177e+01 3.370858060257152927e-02 9.994267271536243502e-01 3.154147231001555064e-03 7.262726125666192356e-01 3.254318843889981300e-03 -3.265684306867754766e-03 9.999893723009610769e-01 -1.064398743241478096e-01
9.993828418488188703e-01 -3.485361264008472737e-02 -4.377339844436272699e-03 1.392223393347443228e+01 3.486955703525947137e-02 9.993853138702680772e-01 3.620554182789911899e-03 7.446645380366756495e-01 4.248459761319376034e-03 -3.770955629632494460e-03 9.999838651114806298e-01 -1.097597901766870776e-01
9.993658464072725511e-01 -3.526592170558922462e-02 -4.921361694798544184e-03 1.446662655191183333e+01 3.528843900427023478e-02 9.993667377467013724e-01 4.566131640435618783e-03 8.326833361900526365e-01 4.757216341273382693e-03 -4.736903183635820733e-03 9.999774650665439468e-01 -1.178410441417142157e-01
9.993118117433239522e-01 -3.672355623543820113e-02 -5.223344493524893252e-03 1.500737695130083083e+01 3.675079775426681739e-02 9.993108349684929337e-01 5.218618495199132089e-03 8.477176972527220578e-01 5.028098517372697578e-03 -5.406989180317059961e-03 9.999727409751245633e-01 -1.207179127742018382e-01
9.992547993659957051e-01 -3.851580664213519190e-02 -2.525585621053113780e-03 1.557202971221890131e+01 3.852998391252585031e-02 9.992404481292654905e-01 5.828135390083101150e-03 8.641513760683574574e-01 2.299191972001317016e-03 -5.921103033244230762e-03 9.999798269240962600e-01 -1.192902263991738043e-01
9.992180093467956103e-01 -3.953946574656930918e-02 2.110694291156313017e-05 1.613829778356755185e+01 3.953906633127936970e-02 9.992100470988481975e-01 3.992995162559213537e-03 9.124819494668553466e-01 -1.789711648770026399e-04 -3.989038128847970793e-03 9.999920277402859492e-01 -1.193845379374016136e-01
9.991738414016756442e-01 -4.061986736721322905e-02 1.288810959389667362e-03 1.670989849992999510e+01 4.061766310132648022e-02 9.991733283663837284e-01 1.692727216602656157e-03 9.458950171885625036e-01 -1.356503890955718062e-03 -1.638980266108255607e-03 9.999977368178796233e-01 -1.376475599231158364e-01
9.991440740627662853e-01 -4.132784332551716483e-02 1.768793746844051070e-03 1.729313180512993142e+01 4.132647148677414534e-02 9.991453719764907815e-01 8.052405930597135702e-04 9.878579879498339267e-01 -1.800560943209508638e-03 -7.314533624054651937e-04 9.999981114763509815e-01 -1.456189811372226584e-01
9.990957707536233245e-01 -4.248802308601639516e-02 1.552016902469674107e-03 1.787789301576397349e+01 4.248366732139852858e-02 9.990934062993136466e-01 2.739251751736638488e-03 1.032008109961733755e+00 -1.666995245388733530e-03 -2.670839470427820769e-03 9.999950438594058522e-01 -1.488374219521942099e-01
9.990440629899521863e-01 -4.368781419672553706e-02 1.528101842441563583e-03 1.846337123065083219e+01 4.368113564212023486e-02 9.990368608818319673e-01 4.160407238464437080e-03 1.095137309088183075e+00 -1.708389166197309648e-03 -4.089680927353653989e-03 9.999901779099479304e-01 -1.419828886754476160e-01
9.989765243949974005e-01 -4.515527060885575483e-02 2.627783083178020750e-03 1.903692732684251254e+01 4.514184622128018798e-02 9.989682663651628935e-01 4.961503312033781546e-03 1.151280333278741130e+00 -2.849109935667669055e-03 -4.837802354586070996e-03 9.999842389962716460e-01 -1.517233795227104776e-01
9.988914317901407269e-01 -4.699245694656479372e-02 2.759798247676417508e-03 1.963336487863489310e+01 4.698615005025161967e-02 9.988928760951318875e-01 2.307333926999400806e-03 1.178087283005089914e+00 -2.865170099289669585e-03 -2.175103795384654252e-03 9.999935298409592388e-01 -1.665469845230023449e-01
9.988350830790658774e-01 -4.820377805600171983e-02 2.207394745664378877e-03 2.022024652043736026e+01 4.820303965472476360e-02 9.988374830576332020e-01 3.865321944302835917e-04 1.215132860347124089e+00 -2.223460923985869607e-03 -2.796787800776149181e-04 9.999974889974971859e-01 -1.680288415911578292e-01
9.988098811070251770e-01 -4.875172131941941239e-02 1.446053720935238686e-03 2.082340176528785136e+01 4.875392179622497352e-02 9.988096522871261485e-01 -1.527614990031889207e-03 1.279192761786986043e+00 -1.369858553918428326e-03 1.596297736594677391e-03 9.999977876580919967e-01 -1.745227719857993520e-01
9.987656613645782278e-01 -4.967038728449109375e-02 7.941023432719462492e-05 2.142910294468101995e+01 4.967044615820336018e-02 9.987636039690384049e-01 -2.027354242049415542e-03 1.323480359381806304e+00 2.138741853679562471e-05 2.028796142149327277e-03 9.999979417622777422e-01 -1.755158648814464650e-01
9.987363998835716572e-01 -5.023133158423139649e-02 -1.554630141673735231e-03 2.203826067040623471e+01 5.022913207335134161e-02 9.987367068084908039e-01 -1.422942194373394290e-03 1.377415512024417810e+00 1.624142469191207448e-03 1.343056441739570511e-03 9.999977791778510428e-01 -1.808156341173282611e-01
9.987016795602632335e-01 -5.088588869612302445e-02 -2.362535738378952407e-03 2.266100717997213820e+01 5.088394925204685337e-02 9.987041904153478589e-01 -8.739309696434589261e-04 1.428522330876461188e+00 2.403945095974449955e-03 7.525811785848301886e-04 9.999968273297397126e-01 -1.807098664166514046e-01
9.986615128538610664e-01 -5.161196012669962835e-02 -3.374657955624950790e-03 2.327167437376374792e+01 5.161210911434988696e-02 9.986672060027793618e-01 -4.298105013120147744e-05 1.473387276930446577e+00 3.372378568004596577e-03 -1.312496940812505936e-04 9.999943049019388575e-01 -1.849974197830721312e-01
9.986457409562493615e-01 -5.187783814475004779e-02 -3.920966637307113020e-03 2.389426447129622844e+01 5.187919814519712652e-02 9.986533374224271231e-01 2.458756986491669478e-04 1.515334661320777876e+00 3.902930918570491139e-03 -4.489593243581957611e-04 9.999922827531070313e-01 -1.857870959155244750e-01
9.986380783350928825e-01 -5.204743917016062954e-02 -3.612834762538964361e-03 2.453930376075605579e+01 5.204761749618479899e-02 9.986446032068854173e-01 -4.470719538303460488e-05 1.573286492796775571e+00 3.610264832919933293e-03 -1.433931341124824457e-04 9.999934726918197070e-01 -1.951461835581205229e-01
9.986687764155489644e-01 -5.152624012388542368e-02 -2.391984817253511603e-03 2.517818200626162195e+01 5.152608732541497788e-02 9.986716410183830162e-01 -1.255013296220238795e-04 1.633299622768460857e+00 2.395274014383593029e-03 2.084640717279879715e-06 9.999971313249105265e-01 -1.985718904889983705e-01
9.986755428122300327e-01 -5.145009223639236684e-02 2.195394369927091761e-04 2.584658302036500288e+01 5.144983508744217782e-02 9.986750289179342488e-01 1.049326087619541345e-03 1.680690823620904384e+00 -2.732364775813989587e-04 -1.036641032312014430e-03 9.999994253584336690e-01 -2.038629617875244437e-01
9.987062562531442422e-01 -5.076953952127692682e-02 2.875339567153047376e-03 2.650222773099669027e+01 5.076388238181343826e-02 9.987086654005208342e-01 2.007460942548851008e-03 1.730104712916420207e+00 -2.973544409344884652e-03 -1.858900402912639803e-03 9.999938512425652348e-01 -2.115257310718681449e-01
9.987089549372155650e-01 -5.059856618702885528e-02 4.495378519266445341e-03 2.717068189577154769e+01 5.059270546459244261e-02 9.987183764470507485e-01 1.408084067112331736e-03 1.780614984161679626e+00 -4.560864171143414955e-03 -1.178832805752397846e-03 9.999889043740577410e-01 -2.147876916630189204e-01
9.987479464025570408e-01 -4.986066838718453131e-02 4.056267330724041588e-03 2.786528560894457129e+01 4.985954529420875969e-02 9.987561680239082085e-01 3.775940326640125845e-04 1.846651809839400249e+00 -4.070049106562151527e-03 -1.748776199953880231e-04 9.999917020246158472e-01 -2.247540026104354882e-01
9.988125111996656313e-01 -4.867953109389713123e-02 1.967415435587207065e-03 2.853893825906453685e+01 4.867891585992949882e-02 9.988144141751208460e-01 3.594255306916942791e-04 1.915085662126567279e+00 -1.982579562032372837e-03 -2.632270664489674145e-04 9.999980000428959626e-01 -2.329027119566155490e-01
9.988548474727282356e-01 -4.784218975361953508e-02 -3.443251537367140406e-04 2.923743490527118993e+01 4.784267445874203217e-02 9.988536447017223319e-01 1.573202695227766523e-03 1.961319770263654227e+00 2.686649729064052340e-04 -1.587874574423597633e-03 9.999987032358933492e-01 -2.388365811163809804e-01
9.989002470904572162e-01 -4.676348077927022090e-02 -3.387215379976478077e-03 2.995732044057582044e+01 4.676942961088190881e-02 9.989042668966592320e-01 1.698831810567894311e-03 2.010746300282365340e+00 3.304060607235787851e-03 -1.855381646632104980e-03 9.999928203454507836e-01 -2.479889543260438145e-01
9.989514629357540976e-01 -4.547558712051948809e-02 -5.286366858312651663e-03 3.067998195128084049e+01 4.548874341840049990e-02 9.989619787961289132e-01 2.395650629224452526e-03 2.058109786158265564e+00 5.171935878522657300e-03 -2.633608886380047007e-03 9.999831574499152831e-01 -2.555298294445548235e-01
9.990607721201910651e-01 -4.298024716794318634e-02 -5.501996364054852554e-03 3.138977738169072751e+01 4.298521607017873059e-02 9.990753976754964683e-01 7.880094851327183909e-04 2.112876575734297102e+00 5.463040362985550208e-03 -1.023773867180963497e-03 9.999845534192322027e-01 -2.399047320791275750e-01
9.991854788641477692e-01 -4.015749128468722867e-02 -3.969221679886144119e-03 3.215099922431531354e+01 4.017128713288176806e-02 9.991868198063693640e-01 3.459308503378821179e-03 2.156768777962928763e+00 3.827076836356451545e-03 -3.615939567284150950e-03 9.999861391359053941e-01 -2.642800839014436409e-01
9.993058910952206109e-01 -3.724354527012159466e-02 8.089240382106029038e-04 3.287436080978877584e+01 3.723937745236130525e-02 9.992954673384266684e-01 4.668803255232697839e-03 2.207650100922015302e+00 -9.822369101985016851e-04 -4.635438769729364854e-03 9.999887738960194783e-01 -2.553552922811977433e-01
9.993830636796626754e-01 -3.478785765008363812e-02 4.826695595207608665e-03 3.360167571908166195e+01 3.476321459619017423e-02 9.993825696386570145e-01 5.098863929752023988e-03 2.265770460003181608e+00 -5.001093999367526959e-03 -4.927926800634615037e-03 9.999753519943664903e-01 -2.561740457842054952e-01
9.994682380567887492e-01 -3.214544725983537604e-02 5.469125718366360349e-03 3.434476551156839719e+01 3.213909779744444223e-02 9.994826304225655766e-01 1.244940301999299202e-03 2.301311012638115105e+00 -5.506315321924074545e-03 -1.068505523796031264e-03 9.999842692700326996e-01 -2.621619105736073818e-01
9.995749460471976544e-01 -2.881635804695455855e-02 4.420943751251041505e-03 3.507813839641745091e+01 2.881587794493713911e-02 9.995847215227204874e-01 1.722689981497160360e-04 2.326785731778370003e+00 -4.424071993592956949e-03 -4.480239899362459352e-05 9.999902127419750819e-01 -2.720595255620058550e-01
9.996750531027963627e-01 -2.528183633680334760e-02 3.258366977555498742e-03 3.581185548598297430e+01 2.527915939865699527e-02 9.996800609428285744e-01 8.601473360775198883e-04 2.379097848053656428e+00 -3.279070602873030392e-03 -7.774990556645778369e-04 9.999943215794776519e-01 -2.742999622991450503e-01
9.997653437177298485e-01 -2.160167356303862793e-02 1.620246970477580558e-03 3.653899605462240174e+01 2.159781378863937298e-02 9.997639473845025826e-01 2.363038236852999484e-03 2.427811157986355717e+00 -1.670910087551924538e-03 -2.327489942725495184e-03 9.999958954165990566e-01 -2.781248001830851080e-01
9.998225891480836403e-01 -1.883011568104913519e-02 -4.658032423439454066e-04 3.723931009400435244e+01 1.883189146734044056e-02 9.998140175740560798e-01 4.158139750831747403e-03 2.448857054684420387e+00 3.874183586007910935e-04 -4.166174007821122141e-03 9.999912464122633349e-01 -2.786687291481376727e-01
9.998779582810443101e-01 -1.556536389346572374e-02 -1.337157654955259357e-03 3.797224523274154961e+01 1.557334755368781215e-02 9.998596077094461521e-01 6.183503625327241293e-03 2.474946479350976336e+00 1.240721444264465461e-03 -6.203573000810329655e-03 9.999799879459195795e-01 -2.919794179024452485e-01
9.999262086541516048e-01 -1.191255364095318223e-02 -2.380821766862793731e-03 3.870834320647253435e+01 1.192392403542926263e-02 9.999172899124187941e-01 4.820100600722897546e-03 2.494930845508899875e+00 2.323205141925039491e-03 -4.848133656902413671e-03 9.999855490545417336e-01 -2.964343054682704870e-01
9.999563365329507958e-01 -7.692817494306278432e-03 -5.305241427061831681e-03 3.940835340433737599e+01 7.713279508589294779e-03 9.999628510015250438e-01 3.847328439870858607e-03 2.516422517527788560e+00 5.275447547127567159e-03 -3.888081262159771585e-03 9.999785260080720217e-01 -2.917560177393629939e-01
9.999641623675979973e-01 -2.465949144783356577e-03 -8.098955197031019668e-03 4.012847107900945076e+01 2.511898439819630624e-03 9.999807806333508298e-01 5.668221073866094861e-03 2.539452923163866949e+00 8.084821995332070951e-03 -5.688361691166467227e-03 9.999511379035348480e-01 -2.955702329690153007e-01
9.999690983731724936e-01 2.775253148049120801e-03 -7.355288485760570413e-03 4.082972404814133682e+01 -2.712394021325642557e-03 9.999598347498518391e-01 8.542353640656853014e-03 2.556511105635261405e+00 7.378700252591609277e-03 -8.522139227518519405e-03 9.999364619442423496e-01 -2.957640341854570476e-01
9.999560177749140522e-01 7.221017084997430682e-03 -5.984933415990710201e-03 4.153826455999980993e+01 -7.163454328675451094e-03 9.999284113270706653e-01 9.584213217658003880e-03 2.556954521629953625e+00 6.053712729940855311e-03 -9.540918885449379411e-03 9.999361596767089022e-01 -2.951278956749358584e-01
9.999063208408535131e-01 1.266708005133190817e-02 -5.186002842382700373e-03 4.224372486872098875e+01 -1.261393873376497402e-02 9.998688772309418660e-01 1.015464891350328566e-02 2.581707148447979883e+00 5.313952590010179861e-03 -1.008828171240469529e-02 9.999349921269693464e-01 -2.921986063595997662e-01
9.998226814662082296e-01 1.841124467095807404e-02 -3.953693891450203030e-03 4.295142408195195571e+01 -1.836620565186370541e-02 9.997692556728463575e-01 1.114082139324643235e-02 2.595306611765066052e+00 4.157897987519953639e-03 -1.106623156403685297e-02 9.999301227602339637e-01 -2.882886713482422647e-01
9.997010814968487757e-01 2.436163715128972923e-02 -2.063562293686397372e-03 4.365243294432482912e+01 -2.433536005820374076e-02 9.996327452437245853e-01 1.192329179935218073e-02 2.587418626341554173e+00 2.353275349083936829e-03 -1.186951017539548958e-02 9.999267857314991792e-01 -3.025140244067104911e-01
9.995347939306629126e-01 3.042279960793360660e-02 2.156150737470868568e-03 4.435286135692954446e+01 -3.044528156062224766e-02 9.994725559959426464e-01 1.130020538006683804e-02 2.576201193367659403e+00 -1.811229604886279007e-03 -1.136059307222871996e-02 9.999338259966834563e-01 -3.030211167065335887e-01
9.993073004733914466e-01 3.668484434147067930e-02 6.256310112591159656e-03 4.505274568055096296e+01 -3.675001858041677949e-02 9.992678282456209926e-01 1.064159610298293958e-02 2.568238904452059934e+00 -5.861344122457354255e-03 -1.086414418728261742e-02 9.999238046052089102e-01 -3.158271598194447027e-01
9.990391212520974840e-01 4.288174479256304239e-02 9.054842427257540557e-03 4.574387023505256877e+01 -4.296084964649836413e-02 9.990386122890092535e-01 8.730209235846064092e-03 2.544565779358482160e+00 -8.671770608585789922e-03 -9.110824287416743189e-03 9.999208935087394723e-01 -3.180643727307817525e-01
9.987526269849588134e-01 4.904669615698165758e-02 9.360111469873014581e-03 4.643819587028128382e+01 -4.912436109883370344e-02 9.987585466329655937e-01 8.256068933682837729e-03 2.536784637142040832e+00 -8.943558423531486681e-03 -8.705580031856018780e-03 9.999221097860742091e-01 -3.248804399616197491e-01
9.984793635521614918e-01 5.446140700967348758e-02 8.539069445628006544e-03 4.712398611042061702e+01 -5.452986888884009398e-02 9.984800861353544388e-01 8.000686851828807053e-03 2.511057934561142790e+00 -8.090362132592034822e-03 -8.454155053096970920e-03 9.999315343076753404e-01 -3.289756805304682175e-01
9.981848433347962901e-01 5.984858266796590914e-02 6.720542338516571901e-03 4.780116907834103301e+01 -5.989680899942047970e-02 9.981784648523485126e-01 7.219735223389429912e-03 2.487742701610294205e+00 -6.276209714077836399e-03 -7.609169313700333767e-03 9.999513536837580929e-01 -3.389251788025854917e-01
9.978703618163706768e-01 6.503559438398263948e-02 5.011234537275535521e-03 4.849924460924972891e+01 -6.507518028515606179e-02 9.978467634760345151e-01 8.188866298660392798e-03 2.443693761248811658e+00 -4.467876376975374493e-03 -8.497533967274534597e-03 9.999539139366149243e-01 -3.446501815077375741e-01
9.975052431458556468e-01 7.040776959444565442e-02 5.102536355862328718e-03 4.918033602987817687e+01 -7.044834658107367031e-02 9.974811934689272741e-01 8.264329361620647435e-03 2.428165007260516095e+00 -4.507811056418547374e-03 -8.603177118941155582e-03 9.999528313790304601e-01 -3.479738035353587278e-01
9.971145691437158787e-01 7.554078731318117357e-02 7.491692295235767574e-03 4.987701763893723950e+01 -7.560574327680091855e-02 9.970989306841289146e-01 8.803068336046460454e-03 2.397127510954472296e+00 -6.804967663717426812e-03 -9.344082655422037906e-03 9.999331880352928525e-01 -3.594671212079423306e-01
9.967166798680179296e-01 8.053048368267311241e-02 8.408404766058755891e-03 5.057694446036799008e+01 -8.058520510757712085e-02 9.967272720368952621e-01 6.385130825496899282e-03 2.345534915615389071e+00 -7.866688670901362396e-03 -7.041759419612578924e-03 9.999442628635014652e-01 -3.670372780591021900e-01
9.963028298818408235e-01 8.552222550098032006e-02 8.162114603159985327e-03 5.125871826125796105e+01 -8.555058086676467499e-02 9.963287222524956910e-01 3.189879005288533999e-03 2.312562368519776257e+00 -7.859343661833696759e-03 -3.876359125351077836e-03 9.999616015413473891e-01 -3.733350364688339806e-01
9.959572631520536845e-01 8.965371270579257368e-02 5.598372329350121725e-03 5.195751497138871144e+01 -8.965607918371122642e-02 9.959727695315216955e-01 1.726763288262727139e-04 2.248227530775793070e+00 -5.560345319755795150e-03 -6.739063567290709197e-04 9.999843140820496856e-01 -3.816914916973146443e-01
