1.000000000000000000e+00 0.000000000000000000e+00 0.000000000000000000e+00 0.000000000000000000e+00 0.000000000000000000e+00 1.000000000000000000e+00 0.000000000000000000e+00 0.000000000000000000e+00 0.000000000000000000e+00 0.000000000000000000e+00 1.000000000000000000e+00 0.000000000000000000e+00
9.999999210722472220e-01 3.972360751776797040e-04 7.681133442547867691e-06 2.754426811501881674e-03 -3.972358552484903690e-04 9.999999206924898854e-01 -2.861274579415460932e-05 -3.539028643477415203e-05 -7.692498848215624616e-06 2.860969231420255494e-05 9.999999995611554837e-01 -6.484240410728254632e-04
9.999999928729048637e-01 -1.193790609143725688e-04 -1.682297430842652269e-06 1.011724873002399841e-03 1.193790326695022319e-04 9.999999927335462280e-01 -1.677957364187424963e-05 -1.261327372071245742e-04 1.684300548362226430e-06 1.677937269124467305e-05 9.999999998578078531e-01 -5.801395531451905910e-04
9.999999009760657254e-01 4.449679548882399280e-04 7.167842084309646436e-06 1.294312583527705042e-03 -4.449679818035398864e-04 9.999999009946969331e-01 3.753850404045236480e-06 -2.064660176725911529e-03 -7.166171031518023904e-06 -3.757039492550342176e-06 9.999999999672652962e-01 -4.060287365746214554e-04
9.999999866508708646e-01 -1.621017632183307914e-04 -2.052502186152769178e-05 1.560491179580236970e-03 1.621014828577636727e-04 9.999999867682515253e-01 -1.366037965281674897e-05 1.026944633852966762e-04 2.052723596157371750e-05 1.365705233398313490e-05 9.999999996960587945e-01 -4.139155963023344927e-04
9.999999942648837292e-01 -1.065466072426314017e-04 -1.086521579984868211e-05 -2.098155724793443998e-03 1.065465192040033105e-04 9.999999942910898776e-01 -8.103053024170132741e-06 -1.917327544985933038e-03 1.086607909062817508e-05 8.101895326774308896e-06 9.999999999081438107e-01 -7.465007805995953639e-04
9.999999981963404450e-01 -5.715810484558659624e-05 -1.844641415394673560e-05 -1.703804372061984256e-03 5.715765046029185222e-05 9.999999980631263385e-01 -2.463230391875278493e-05 -1.173312021701716085e-03 1.844782205402833533e-05 2.463124952063203631e-05 9.999999995264896580e-01 -1.434147028369420944e-04
9.999999889892509097e-01 1.472137789055653597e-04 -1.869762947310212253e-05 -2.432556871982895393e-03 -1.472136160500084117e-04 9.999999891261345253e-01 8.711035081610495395e-06 -1.360966239064682675e-03 1.869891165417915927e-05 -8.708282440049176144e-06 9.999999997872582869e-01 -4.535954885546984294e-04
9.999999299982668122e-01 3.741662737568407591e-04 -1.749608508175325334e-06 -3.441513120989118241e-04 -3.741662884271918475e-04 9.999999299645778716e-01 -8.392137608371937808e-06 -3.036789707290185863e-04 1.746468330782975893e-06 8.392791665429465264e-06 9.999999999632555037e-01 -1.276382030500016309e-04
9.999998781891374922e-01 4.932829383878109758e-04 1.713629976670036066e-05 1.683564532775341013e-03 -4.932824197651338371e-04 9.999998778785184061e-01 -3.025562098384652901e-05 2.156845631513088467e-04 -1.715122225561170702e-05 3.024716426296850257e-05 9.999999993954723498e-01 -2.112219474453656137e-04
9.999999993080525007e-01 3.562743826971568803e-05 -1.070423933287751755e-05 9.919428687945987602e-04 -3.562751343693775765e-05 9.999999993406852861e-01 -7.022083219049639811e-06 -1.771722692896893605e-04 1.070398914698364469e-05 7.022464579621391462e-06 9.999999999180547716e-01 -5.428933678651112239e-04
9.999999542606943237e-01 -3.022922663871429878e-04 -9.899241780422415713e-06 -1.270252311521484533e-03 3.022921432937975754e-04 9.999999542324298218e-01 -1.243375991521303539e-05 -1.561271483101479536e-04 9.902999956822654639e-06 1.243076688348670078e-05 9.999999998737033602e-01 -6.164031110894299323e-04
9.999998632181628100e-01 5.230030102268692308e-04 5.613110618233503974e-06 6.793049296511268452e-04 -5.230030036722276357e-04 9.999998632332363080e-01 -1.169142151531923211e-06 -4.203689996489211604e-04 -5.613721315411164679e-06 1.166206317901231084e-06 9.999999999835630371e-01 -1.660367383395821217e-04
9.999999388754829965e-01 -3.145865362265854327e-04 1.525920755028653856e-04 -2.454977996166912962e-03 3.145997299454962332e-04 9.999999467769019601e-01 -8.644768990057433925e-05 3.194113067099661491e-04 -1.525648721021117973e-04 8.649569004224608529e-05 9.999999846212276333e-01 8.542496943015759348e-04
9.999997461380661923e-01 4.319494712038468229e-04 5.666952068569631800e-04 -1.054051320304402392e-02 -4.316995017327716639e-04 9.999998095117201835e-01 -4.411485730050217257e-04 -4.463599649729716595e-04 -5.668856528009998249e-04 4.409038189757574127e-04 9.999997421222063254e-01 4.561988611250393510e-03
9.999998233539373338e-01 -2.907070515301521277e-04 5.184414184468640920e-04 -1.378392262514593382e-02 2.908681909091328567e-04 9.999999094098699359e-01 -3.107667090570749623e-04 -1.750526937039127576e-03 -5.183510294074849221e-04 3.109174522788354413e-04 9.999998173212574226e-01 3.026326447490820630e-03
9.999999662189297256e-01 1.557917799384179807e-04 2.080650398774117917e-04 -6.995382903672112476e-03 -1.557774197287336313e-04 9.999999854839676239e-01 -6.903231096508619959e-05 -3.199159993716507114e-03 -2.080757915237314620e-04 6.899989679805299491e-05 9.999999759717392855e-01 -8.999652211648908381e-04
9.999999646082498028e-01 6.440322439586655277e-05 -2.581389623464427560e-04 6.254886776062986743e-03 -6.442029121860066304e-05 9.999999957399389183e-01 -6.610709593701292758e-05 -1.273283170177870113e-03 2.581347037366212016e-04 6.612372298449631695e-05 9.999999644970634094e-01 -1.261614510325608039e-03
9.999999162537823727e-01 -2.768191192287282158e-04 -3.014359026400923532e-04 1.825621881538293245e-02 2.768171170531150875e-04 9.999999616638043376e-01 -6.683828270229768401e-06 -3.470083639007908978e-04 3.014377412956414557e-04 6.600385092939298627e-06 9.999999545458604366e-01 -1.420967764743501140e-03
9.999999939129843307e-01 1.311301347810426429e-05 -1.095540055070776922e-04 3.929708410506069227e-02 -1.312025794374522042e-05 9.999999977275768615e-01 -6.612643273537788257e-05 2.512504704784604415e-03 1.095531381413209187e-04 6.612786970967627807e-05 9.999999918126073473e-01 -2.794795112563838117e-04
9.999999917581305908e-01 1.252134800001987089e-04 2.837821816436387166e-05 5.726478624672941969e-02 -1.252118345435648599e-04 9.999999904803060780e-01 -5.797744628982873238e-05 1.549643921327268671e-03 -2.838547745202339283e-05 5.797389252322875390e-05 9.999999979166461772e-01 5.829294651679515094e-04
9.999999884410946116e-01 3.358984487481651751e-05 -1.482886808704929349e-04 8.037865316765958890e-02 -3.360028487810304450e-05 9.999999969573383218e-01 -7.040130807874047574e-05 5.142635718605835645e-04 1.482863156502833054e-04 7.040628980689986251e-05 9.999999865270613464e-01 7.480363667212529656e-04
9.999999546845667053e-01 -1.804504993720014818e-04 -2.409740274497696713e-04 1.046634341953869146e-01 1.804168480956929593e-04 9.999999739722353898e-01 -1.396613386480036450e-04 -1.189197248352621365e-03 2.409992231360564131e-04 1.396178565446841674e-04 9.999999612131135196e-01 1.247391408889181232e-03
9.999998975908760412e-01 -3.786197417912918724e-04 -2.479220209217358902e-04 1.396071296257880290e-01 3.785525821726817971e-04 9.999998916607056865e-01 -2.708810060639076198e-04 -2.697845088430830297e-04 2.480245549586111383e-04 2.707871268020236688e-04 9.999999325790738247e-01 2.342439729906766518e-03
9.999997463217386029e-01 -6.910096813873743910e-04 -1.728064774233857494e-04 1.717631387418318278e-01 6.909776811943247514e-04 9.999997441308224877e-01 -1.851705530068699693e-04 -1.957315484323666945e-03 1.729343878523701154e-04 1.850511006140606357e-04 9.999999679248933182e-01 2.437334138140320999e-03
9.999995564429352557e-01 -8.918968672917374375e-04 -3.027109361873225228e-04 2.123166718560902666e-01 8.918326266817912674e-04 9.999995797844475343e-01 -2.122863497531442864e-04 -5.255834099306193503e-03 3.029001465137928957e-04 2.120162881026888522e-04 9.999999316502951041e-01 3.055738068607856926e-03
9.999994793348054856e-01 -8.197991465322449585e-04 -6.076672422360642097e-04 2.572553560178014176e-01 8.196419375415428489e-04 9.999996305755306514e-01 -2.589129130729035037e-04 -4.319923254214586700e-03 6.078792743340790793e-04 2.584147087101544148e-04 9.999997818522893267e-01 3.322164379291010338e-03
9.999989155247394068e-01 -1.022068433313572848e-03 -1.060342144231616376e-03 3.158907281696635705e-01 1.021819950451088475e-03 9.999994503628364395e-01 -2.348574330480884278e-04 -5.901270989383700094e-03 1.060581601796815182e-03 2.337736995937325537e-04 9.999994102580878064e-01 3.145987884630246922e-03
9.999978554419387544e-01 -1.455009663980174825e-03 -1.473790487529996187e-03 3.940588610215096099e-01 1.454746274853681732e-03 9.999989256971322238e-01 -1.797716809350273417e-04 -3.011164287503940128e-03 1.474050473765719333e-03 1.776273041825707590e-04 9.999988978112633875e-01 3.023239562064683039e-03
9.999971312956036362e-01 -1.699124173807220559e-03 -1.688306134953045578e-03 4.742414515424925869e-01 1.698706062338487151e-03 9.999985261836815686e-01 -2.490545693362195717e-04 -3.373657637551458633e-03 1.688726821339269586e-03 2.461859190057536059e-04 9.999985437960478007e-01 3.840497832076160585e-03
9.999963003190095456e-01 -1.922178865441672617e-03 -1.924727695668174534e-03 5.703235268458946017e-01 1.921876883974056377e-03 9.999981405948192847e-01 -1.587329419829060088e-04 -7.377729112003154552e-03 1.925029229925854591e-03 1.550332650554086969e-04 9.999981351118364392e-01 2.792223665934906104e-03
9.999943872620357110e-01 -2.263331200085331486e-03 -2.470379789519181780e-03 6.783387584343971710e-01 2.263063506711742064e-03 9.999974330911970410e-01 -1.111511648665023744e-04 -1.096219244700743708e-02 2.470625020178921633e-03 1.055599146547604565e-04 9.999969424298826848e-01 1.627301674894256200e-03
9.999922923688157050e-01 -2.504549180459939971e-03 -3.023646203459333642e-03 7.914553093208988033e-01 2.503422332490960484e-03 9.999967955925326279e-01 -3.764057539598857473e-04 -9.259587341672250935e-03 3.024579241187461392e-03 3.688333893318669274e-04 9.999953579303979545e-01 2.721041765926558720e-03
9.999895406137162546e-01 -3.048388938786161621e-03 -3.409690315345304066e-03 9.119571940686020950e-01 3.046646092592708750e-03 9.999952257196343952e-01 -5.162223590882115227e-04 -1.013811623218155780e-03 3.411247683057177290e-03 5.058288400429515911e-04 9.999940537455357381e-01 2.798193054679730830e-03
9.999880639497537027e-01 -3.511352222026073444e-03 -3.397405421233037209e-03 1.044766685476033130e+00 3.510457482989214409e-03 9.999938020671949035e-01 -2.692869396506564206e-04 -2.552002566714971221e-04 3.398329925636429764e-03 2.573572781444984775e-04 9.999941925436106605e-01 7.114009330797942555e-04
9.999866200142387695e-01 -3.837964746808732175e-03 -3.468402961120285125e-03 1.183795777743067879e+00 3.837308288362627391e-03 9.999926183162907156e-01 -1.959031122200289080e-04 -6.243390478013088885e-03 3.469129227705140383e-03 1.825911596090884655e-04 9.999939658832296407e-01 1.208625650911242721e-03
9.999831653284999566e-01 -4.041544793258567553e-03 -4.163529185428583961e-03 1.334539469690370961e+00 4.040815105584254566e-03 9.999918190087441205e-01 -1.836542011692060496e-04 -7.299407743926199232e-03 4.164237370313219645e-03 1.668270577860390361e-04 9.999913156102189227e-01 -1.424911387614729002e-03
9.999774404570140884e-01 -4.603893466082462950e-03 -4.891088017184326911e-03 1.502477922882175188e+00 4.601670940542403922e-03 9.999893038821686675e-01 -4.655596747496644461e-04 -4.947181826841891110e-03 4.893179088675222652e-03 4.430419943398571721e-04 9.999879301832584888e-01 6.106060750696636757e-04
9.999730431811206799e-01 -5.286332379529808979e-03 -5.095841545975818634e-03 1.672799627686053059e+00 5.282726673474455632e-03 9.999857865374075505e-01 -7.207787841937020974e-04 -1.779860002066042945e-03 5.099579392647988693e-03 6.938394162318387319e-04 9.999867563507441881e-01 6.000631473825241390e-03
9.999654332133781631e-01 -5.978327939168236529e-03 -5.778578841960545914e-03 1.865105524419750749e+00 5.972537288689350188e-03 9.999816452266845346e-01 -1.018826809812742708e-03 3.114512418059438466e-03 5.784563658238093750e-03 9.842788146345626040e-04 9.999827848610689518e-01 1.018864761009968811e-02
9.999557988314896617e-01 -6.957778345521254369e-03 -6.323741279643316227e-03 2.062862238746356436e+00 6.952608582855654244e-03 9.999754782443045498e-01 -8.391328667203408172e-04 1.179524513779908745e-02 6.329424710893658337e-03 7.951292781704896772e-04 9.999796528691271558e-01 1.094022451016004281e-02
9.999502654687686398e-01 -7.558836271401352981e-03 -6.506195751844395109e-03 2.272599031906093359e+00 7.554868770145889943e-03 9.999712604833116414e-01 -6.341650279926370820e-04 1.615642564814699644e-02 6.510802316538652490e-03 5.849800329941814156e-04 9.999786333975121400e-01 1.232850775309570802e-02
9.999398525797318360e-01 -8.176155463526858444e-03 -7.310383345653832972e-03 2.490273181578431139e+00 8.172256451245097850e-03 9.999664480278758205e-01 -5.630657231298340790e-04 1.487975048105937351e-02 7.314741780764096209e-03 5.032895287215521886e-04 9.999731202649054795e-01 1.427286284792442760e-02
9.999329191986408016e-01 -8.838636656873779737e-03 -7.485693350137320908e-03 2.726361357391168916e+00 8.835264291575684395e-03 9.999608514200986065e-01 -4.834584672838161657e-04 2.009603834485312532e-02 7.489673409604096811e-03 4.172879573482530450e-04 9.999718649356981182e-01 1.558651753299697407e-02
9.999204853631219470e-01 -9.673044993479191708e-03 -8.090435818463619783e-03 2.965887975528174181e+00 9.669551605220502374e-03 9.999531379624998495e-01 -4.707979435958352149e-04 1.731192877996256402e-02 8.094610733848144057e-03 3.925296216129489624e-04 9.999671610595838311e-01 1.443008716378222332e-02
9.999119033235954745e-01 -1.011244667472392493e-02 -8.597907538210210893e-03 3.226823282968379836e+00 1.011056790851424907e-02 9.999488525905521064e-01 -2.619530599015948511e-04 1.881456628639652934e-02 8.600116763862495489e-03 1.750002546714426240e-04 9.999630029988904045e-01 1.597616284082689631e-02
9.999105395308632849e-01 -1.063469555910600585e-02 -8.112717514062705790e-03 3.485425668432802659e+00 1.062509659160574584e-02 9.999428012411782918e-01 -1.225384986264967417e-03 1.953995067867644528e-02 8.125285072961856495e-03 1.139076955541895109e-03 9.999663405566071583e-01 2.743409115191366987e-02
9.999028150968743978e-01 -1.124123556471019920e-02 -8.245907125628672632e-03 3.756076155607616762e+00 1.123240209902871996e-02 9.999362909361801943e-01 -1.116786407733434509e-03 2.492895920832147866e-02 8.257935845690152557e-03 1.024056528448279678e-03 9.999653783025664877e-01 1.745192952333158784e-02
9.998882695213721084e-01 -1.197226700369992923e-02 -8.950603127611032536e-03 4.033995342395863659e+00 1.196767357314702969e-02 9.999282243101476064e-01 -5.665837992928058307e-04 1.573313475859190735e-02 8.956743984422059143e-03 4.594025980996903021e-04 9.999597820344827692e-01 6.964265219392466733e-03
9.998580330886043255e-01 -1.258674755280987483e-02 -1.120211829205809001e-02 4.325925434406709513e+00 1.258177104349316767e-02 9.999207139625057028e-01 -5.146125940595416967e-04 -2.378048177014024760e-03 1.120770741929609515e-02 3.735970485461961779e-04 9.999371218829955499e-01 -1.711733320225434282e-03
9.998371441266874493e-01 -1.259660193255941404e-02 -1.292326755671159046e-02 4.611770432897285943e+00 1.258267595465947450e-02 9.999201640754902254e-01 -1.158335471620215457e-03 -1.293770612213724497e-02 1.293682690653887545e-02 9.955375419439301682e-04 9.999158201641740185e-01 -5.965385044228121297e-03
9.998188456229872845e-01 -1.297573125916182298e-02 -1.392502550830928935e-02 4.913993609510142413e+00 1.296052869017317970e-02 9.999153108667715451e-01 -1.181435685421596210e-03 -2.728756346352452858e-02 1.393917620192282152e-02 1.000745970564187329e-03 9.999023441688263958e-01 -8.237241136141784659e-03
9.997987169030700949e-01 -1.306683397838212871e-02 -1.522443853664563751e-02 5.236947508540803931e+00 1.304480096243595955e-02 9.999137183819764019e-01 -1.545625886168631221e-03 -2.999993130441019201e-02 1.524332138430245162e-02 1.346715007328185866e-03 9.998829069005349401e-01 -1.024865484378655739e-02
9.997722546212245431e-01 -1.324252095599744508e-02 -1.673542734211610691e-02 5.538509363498783422e+00 1.319638278755342828e-02 9.999088213288270799e-01 -2.864351605533950462e-03 -3.187082043938187920e-02 1.677183266425117183e-02 2.642852157372750470e-03 9.998558500911801650e-01 -2.145383415279981248e-03
9.997330573509132234e-01 -1.396137472141994150e-02 -1.840907536200164091e-02 5.879206566491401276e+00 1.389427282109192106e-02 9.998963705822411230e-01 -3.767927710899525353e-03 -3.084529410682843725e-02 1.845977309093548707e-02 3.511141174831117640e-03 9.998234387456025329e-01 9.079798008413382873e-04
9.996758483228066483e-01 -1.456663182300154888e-02 -2.088088880795060595e-02 6.226485976978316295e+00 1.450350583301095522e-02 9.998897891554395789e-01 -3.171413130207328089e-03 -1.865351945930497635e-02 2.092478431498627153e-02 2.867539018697533651e-03 9.997769404328885612e-01 -4.179760722044338628e-04
9.996877593292605724e-01 -1.511093525308505880e-02 -1.990084126411522866e-02 6.606328813117563925e+00 1.508899234808410567e-02 9.998853704372928641e-01 -1.252316013257300052e-03 -6.098828552224307663e-03 1.991748370557635053e-02 9.516413477106718108e-04 9.998011743449711775e-01 -6.831403521700078751e-03
9.997129822117878373e-01 -1.731646820321315269e-02 -1.655575809743373497e-02 6.988268264728834112e+00 1.732006536690936307e-02 9.998499936858181725e-01 7.390639592107039026e-05 6.670464375018609129e-03 1.655199483142806918e-02 -3.606319959170695534e-04 9.998629413132901211e-01 2.904869826096213165e-02
9.997205595733187344e-01 -1.870219292552119730e-02 -1.445789563480941523e-02 7.375714026569665904e+00 1.872121276710252483e-02 9.998240448803059621e-01 1.181300856213870348e-03 -2.636006139212949961e-04 1.443325877753647360e-02 -1.451640093342400784e-03 9.998947813555684183e-01 4.817122636257656354e-02
9.997274031542627837e-01 -1.982552065024556151e-02 -1.233159005889873823e-02 7.760642206519682063e+00 1.982601889001997172e-02 9.998034418198075146e-01 -8.185498977293406936e-05 -4.539331866224233583e-03 1.233078900178795172e-02 -1.626536610907947263e-04 9.999239597021265524e-01 7.017428559238289565e-02
9.997084130357372089e-01 -2.128337002997771760e-02 -1.140644842774578283e-02 8.147634156647226789e+00 2.126752718412475152e-02 9.997726825908944681e-01 -1.508453671509005830e-03 -1.119675875621113301e-02 1.143596052110589650e-02 1.265426874070799297e-03 9.999338065601073300e-01 8.874312818686203030e-02
9.996547434823342959e-01 -2.223365981396947452e-02 -1.400207857945077496e-02 8.521839094226002942e+00 2.219353807137195225e-02 9.997491488819274519e-01 -3.014328737269538969e-03 -6.105040442509116969e-03 1.406558570209570126e-02 2.702532356595226982e-03 9.998974225477924582e-01 1.006393275032665680e-01
9.995828419780022900e-01 -2.409399085462856499e-02 -1.592550243719467740e-02 8.894885625931820528e+00 2.403216993333779500e-02 9.997029335551603779e-01 -4.061951440113411270e-03 4.440091330008305581e-03 1.601864012565341194e-02 3.677532583640754933e-03 9.998649303394039345e-01 1.134801451017135032e-01
9.995450904381891766e-01 -2.544473923921159939e-02 -1.619189383490127546e-02 9.291323277721190266e+00 2.536917879944971740e-02 9.996663611763074719e-01 -4.855007678883116982e-03 2.227744592351240532e-02 1.631002599488239405e-02 4.442024039668010342e-03 9.998571155292526047e-01 1.410287324378741713e-01
9.995137179301356589e-01 -2.689525146557805377e-02 -1.577888202885667154e-02 9.676520367907116338e+00 2.681257291159891767e-02 9.996257401552356425e-01 -5.428218212033761488e-03 4.436932921527950852e-02 1.591896992074067277e-02 5.002506141983700284e-03 9.998607709721198944e-01 1.633236577892044350e-01
9.994782212551144296e-01 -2.772096936072007689e-02 -1.657809079522252690e-02 1.009273425375645594e+01 2.766521200972505562e-02 9.996108223131099368e-01 -3.583288847556155912e-03 5.199596155340796555e-02 1.667097121254750361e-02 3.122782767032412574e-03 9.998561531273487679e-01 1.407598036527486773e-01
9.993990000941095353e-01 -2.871856534695236413e-02 -1.941346479397521724e-02 1.051222852143162001e+01 2.868896963747150780e-02 9.995867637180009257e-01 -1.801338644897648505e-03 6.207990929667236285e-02 1.945717430754852206e-02 1.243303738509111142e-03 9.998099182163474596e-01 1.160978353554604769e-01
9.993097357719161744e-01 -2.984960299674687192e-02 -2.211454707652123555e-02 1.094873459245719438e+01 2.981478731119584571e-02 9.995536299495899613e-01 -1.902448997029719579e-03 6.509283629930726067e-02 2.216146315231079175e-02 1.241795286971407323e-03 9.997536333994561097e-01 1.159687592918771659e-01
9.992478820174822696e-01 -3.055849140547002921e-02 -2.387150784088954217e-02 1.140387248217658112e+01 3.050157614782517471e-02 9.995309499512862184e-01 -2.744802721099094678e-03 8.001263736870826981e-02 2.394418793933631925e-02 2.014619691441794057e-03 9.997112669023114906e-01 1.292319882612988635e-01
9.992048112826663608e-01 -3.137015959478711702e-02 -2.461012386333709043e-02 1.187190575378257762e+01 3.131317451285171860e-02 9.995059820808203099e-01 -2.697570496321724000e-03 1.060287868072484901e-01 2.468258923814317315e-02 1.924804315383265955e-03 9.996934854828496420e-01 1.434067379750624815e-01
9.991813997641960654e-01 -3.237813453144354481e-02 -2.425256212290748115e-02 1.235097513497156108e+01 3.233465653658716688e-02 9.994747146420774886e-01 -2.182837098504252903e-03 1.263605656851411463e-01 2.431049880036780658e-02 1.396851961164239297e-03 9.997034802643611773e-01 1.499518057378748659e-01
9.991406943297322929e-01 -3.321675338404955075e-02 -2.478951852948669751e-02 1.284503740654667325e+01 3.318710920769165490e-02 9.994478652017618758e-01 -1.606401592861488557e-03 1.327715438162675177e-01 2.482919081922082064e-02 7.823287442198450332e-04 9.996914020061384853e-01 1.553363676174084884e-01
9.990503359321820653e-01 -3.409474360047936442e-02 -2.712885424436127513e-02 1.334213386646170107e+01 3.404613986012015175e-02 9.994177257810384907e-01 -2.251611707645403797e-03 1.410549486557822474e-01 2.718982593580483026e-02 1.325840667063636754e-03 9.996294090872407390e-01 1.635437578072899412e-01
9.989622737303421873e-01 -3.516437914418745619e-02 -2.894550229152415693e-02 1.385369287609423594e+01 3.510588631860404180e-02 9.993804044191074709e-01 -2.526659630111182525e-03 1.515786461298130328e-01 2.901641620341915279e-02 1.507880136157393157e-03 9.995777978167607047e-01 1.720871823553149216e-01
9.988978122800377113e-01 -3.621983146693547734e-02 -2.985438712587054622e-02 1.438056138281635832e+01 3.614844813748564062e-02 9.993421433788407526e-01 -2.927484284516784427e-03 1.769926778943139711e-01 2.994078020703643678e-02 1.845067882592056662e-03 9.995499714396987034e-01 1.835272455072531894e-01
9.988106086794216187e-01 -3.733727208125439678e-02 -3.135755256670666458e-02 1.492691450292144850e+01 3.728520588128289570e-02 9.993021461163850150e-01 -2.243699974910665258e-03 1.955228533048351536e-01 3.141944321329927237e-02 1.071858534251715969e-03 9.995057126937538783e-01 1.839645987651188086e-01
9.987443152726022122e-01 -3.878665292792338876e-02 -3.170785810031434560e-02 1.547872581944887216e+01 3.878879734264786133e-02 9.992472813156236811e-01 -5.477079932237553361e-04 1.987643634708188833e-01 3.170523476291969844e-02 -6.828894373609377226e-04 9.994970293856028087e-01 1.888373042747443220e-01
9.987128421288995472e-01 -3.930254498685938069e-02 -3.206195446899215429e-02 1.603949688967781739e+01 3.929543124281370536e-02 9.992272728702826790e-01 -8.521946132850640289e-04 2.099633737035431491e-01 3.207067274406839863e-02 -4.087906230656400105e-04 9.994855200751882052e-01 2.132262693582484270e-01
9.986280136577081468e-01 -4.076719961597914665e-02 -3.286526697793827612e-02 1.662867715700149773e+01 4.072869542907853191e-02 9.991685473700933073e-01 -1.840465968970903844e-03 2.150353987140142531e-01 3.291297170882033496e-02 4.993814258582228395e-04 9.994580966261096266e-01 2.393100429615134805e-01
9.985666088127158613e-01 -4.116147425774519669e-02 -3.421199791303287246e-02 1.720839173644823106e+01 4.109649531756057877e-02 9.991517976526670397e-01 -2.600638394230706842e-03 2.371152180597288495e-01 3.429002532641391848e-02 1.190917450037756514e-03 9.994112146052499535e-01 2.667410488129691171e-01
9.984927195468866756e-01 -4.203181961335977074e-02 -3.529327346467509702e-02 1.779147674166511095e+01 4.194052094804918279e-02 9.991145813686265198e-01 -3.323552196147896987e-03 2.740547571757920853e-01 3.540171908917138371e-02 1.838324395817307437e-03 9.993714719006877578e-01 2.925713146686639843e-01
9.984005003804230505e-01 -4.357489090939488385e-02 -3.602318312358465668e-02 1.837645766996596919e+01 4.350785569077521286e-02 9.990495886850043750e-01 -2.643074254405660631e-03 2.955318804942625999e-01 3.610411795504299415e-02 1.071555205277934918e-03 9.993474593133913064e-01 3.072534538722356823e-01
9.983127369547023511e-01 -4.517138449558080748e-02 -3.648595972101765367e-02 1.895840067975812460e+01 4.515261004028572889e-02 9.989792036759895799e-01 -1.338816430888786942e-03 3.174791826205752843e-01 3.650919117922512419e-02 -3.108788158281711872e-04 9.993332688917149209e-01 3.194289674633168929e-01
9.982313277784568006e-01 -4.678193890409385047e-02 -3.668332637633708870e-02 1.956007435742528600e+01 4.675782840789784178e-02 9.989051051851431939e-01 -1.515360562872957546e-03 3.306810883035046778e-01 3.671405349776593607e-02 -2.025522933959003971e-04 9.993257913455109165e-01 3.479203533708065121e-01
9.981044206569932298e-01 -4.815771331961239687e-02 -3.831970919506094003e-02 2.016267774089153875e+01 4.810123537840939323e-02 9.988395943279894107e-01 -2.394985964144971408e-03 3.438330817069081280e-01 3.839057983462697971e-02 5.472207266007221441e-04 9.992626601296765720e-01 3.655054458801309525e-01
9.980067870503512850e-01 -4.882261508164580099e-02 -3.998506293635580716e-02 2.077075505441502301e+01 4.873134914916658900e-02 9.988066196339357994e-01 -3.254563800636637097e-03 3.638428084922345485e-01 4.009624186300885657e-02 1.299550699220794990e-03 9.991949772474055802e-01 3.943577490252528905e-01
9.979078247260390055e-01 -4.959102305776083575e-02 -4.148136669192112325e-02 2.137974114433366069e+01 4.947337678411352357e-02 9.987679894904122335e-01 -3.858517702050407068e-03 3.960913404889019884e-01 4.162160905253577126e-02 1.798221722850645897e-03 9.991318271672229301e-01 4.187918407067288684e-01
9.977773110239620546e-01 -5.052088082855556855e-02 -4.345202188734731408e-02 2.199374734183457392e+01 5.040193710883868888e-02 9.987216736672731576e-01 -3.829266629187684599e-03 4.159507159641936402e-01 4.358993394659245457e-02 1.630689286046718266e-03 9.990481762712867253e-01 4.365233378708263112e-01
9.976885883175796721e-01 -5.117800474667637267e-02 -4.470226583769896372e-02 2.261363499906903485e+01 5.106689931194671739e-02 9.986886570370020477e-01 -3.624651747804651103e-03 4.435350371042929840e-01 4.482914828031683147e-02 1.333467576860421265e-03 9.989937784234108609e-01 4.606637245992274421e-01
9.975981360604720960e-01 -5.164853663834689801e-02 -4.615612193186450357e-02 2.323177333094180597e+01 5.153679768121362248e-02 9.986645772158219136e-01 -3.608420583776059815e-03 4.737978847548058314e-01 4.628085363773510458e-02 1.221014930745310768e-03 9.989277209633845578e-01 4.805462053619876661e-01
9.975257457724369115e-01 -5.182782974997407477e-02 -4.750013246877564377e-02 2.386509405790287985e+01 5.174301333708147821e-02 9.986558839898582729e-01 -3.014289838980958348e-03 5.012619438787428994e-01 4.759251088083228665e-02 5.490317317587646486e-04 9.988666835330004545e-01 4.987515148029847967e-01
9.974759469245538801e-01 -5.182163030151385602e-02 -4.854126017995100822e-02 2.448903388223992295e+01 5.176224929143723869e-02 9.986563558869816504e-01 -2.480402149937692511e-03 5.276388550197190774e-01 4.860457648468487907e-02 -3.846332709234049144e-05 9.988180983869470175e-01 5.206882908543311039e-01
9.974136067269954165e-01 -5.181523769122935857e-02 -4.981243076630557237e-02 2.515194450472873200e+01 5.173882126759068306e-02 9.986566598227335501e-01 -2.823148161407295232e-03 5.544995632202031066e-01 4.989179781975077582e-02 2.386099376718176651e-04 9.987546002775710141e-01 5.533999988842512874e-01
9.973987271387250164e-01 -5.146772646426651943e-02 -5.046634754616887569e-02 2.581191376018460915e+01 5.140296015201732682e-02 9.986746581092924568e-01 -2.581266723534650191e-03 5.901915755896643967e-01 5.053231431135312562e-02 -1.956750747456829226e-05 9.987224263164672378e-01 5.895089010641011429e-01
9.974244264536413773e-01 -5.090504037407317384e-02 -5.052910426811986488e-02 2.647413007174865029e+01 5.084865859065550164e-02 9.987034828165559652e-01 -2.401526517050318540e-03 6.315505076235313764e-01 5.058584222048206902e-02 -1.739959629391354696e-04 9.987197015640821851e-01 6.310208023343457651e-01
9.974315596341463142e-01 -5.049960646334427511e-02 -5.079442482046389595e-02 2.715472327208500047e+01 5.043496867674431700e-02 9.987240807893719152e-01 -2.554287767657884012e-03 6.595568768450713604e-01 5.085860576510352338e-02 -1.408799292391548115e-05 9.987058636160890401e-01 6.656346999814811705e-01
9.974175006080064909e-01 -4.992353087823965530e-02 -5.163303734554914454e-02 2.783518510623390085e+01 4.984891208061975609e-02 9.987530315381933921e-01 -2.732756419269905500e-03 6.892479519477808791e-01 5.170508142587209449e-02 1.518483383850389567e-04 9.986623861429978488e-01 7.034928709190251261e-01
9.973642903760464584e-01 -4.945222250488690019e-02 -5.309378468344903151e-02 2.850735964473572892e+01 4.932128862244229695e-02 9.987758332223355406e-01 -3.774315785834070000e-03 7.154714673684421378e-01 5.321543734018385069e-02 1.145713906963312205e-03 9.985823974857239715e-01 7.390161665603972585e-01
9.973111552107667421e-01 -4.851906286783246036e-02 -5.492140047916899137e-02 2.923780573572682684e+01 4.840734199569525498e-02 9.988220143632632331e-01 -3.363460156606660340e-03 7.443808819878048322e-01 5.501989579304690514e-02 6.958173184131001901e-04 9.984850158641248585e-01 7.674223590115641924e-01
9.972332402480779123e-01 -4.728077208695607991e-02 -5.736194849532702533e-02 2.995825806370240940e+01 4.717347837842544855e-02 9.988815092431682086e-01 -3.223884267567397269e-03 7.757773859764469648e-01 5.745021742343071891e-02 5.090019172423738796e-04 9.983482425662143500e-01 7.933691434292272637e-01
9.972411982577554790e-01 -4.575063847585451177e-02 -5.845401249262333759e-02 3.067650123092841241e+01 4.571557571889735966e-02 9.989526172821281413e-01 -1.937669186375141385e-03 7.993693117793395642e-01 5.848143837257994276e-02 -7.399352929320173432e-04 9.982882218385812356e-01 8.139935675443191743e-01
9.972031585508277507e-01 -4.350938715856050854e-02 -6.076836187803019013e-02 3.140282268042659908e+01 4.346492490210776549e-02 9.990528421975019002e-01 -2.053971846822151819e-03 8.209870224814765916e-01 6.080017170622855488e-02 -5.930650722271638533e-04 9.981497820439141355e-01 8.440280862153897168e-01
9.972046847597049180e-01 -4.099841891447471992e-02 -6.246556123025605312e-02 3.214475824772743806e+01 4.096354524539857350e-02 9.991589486370423545e-01 -1.839380180488084816e-03 8.552608917087916041e-01 6.248843616402806334e-02 -7.245723106979387726e-04 9.980454249886328011e-01 8.785527685780480933e-01
9.974223609881495145e-01 -3.829901865103476494e-02 -6.067799412631518646e-02 3.289306082306271861e+01 3.827432645504907222e-02 9.992660368111251357e-01 -1.569589181711819560e-03 8.918519601711739631e-01 6.069357243759655046e-02 -7.568660084236761721e-04 9.981561588341814062e-01 9.335652065037328695e-01
9.976402311097796183e-01 -3.550402709807885804e-02 -5.876591980939713245e-02 3.362905059943921060e+01 3.553381193303040142e-02 9.993683296606783450e-01 -5.384057334125426581e-04 9.047709168697999349e-01 5.874791469263941635e-02 -1.551041922266144062e-03 9.982716447882418187e-01 9.693920492502887676e-01
9.977354330586124531e-01 -3.267372996584878841e-02 -5.879143636161601738e-02 3.436859205943144246e+01 3.262706231650407129e-02 9.994660569628760483e-01 -1.753791229303062419e-03 9.125010688739473297e-01 5.881734798457094460e-02 -1.683722061841418831e-04 9.982687469949472758e-01 1.014982797798395842e+00
9.976854709387146247e-01 -2.955754681593110098e-02 -6.123767226160056754e-02 3.510266462602130844e+01 2.940826818874656481e-02 9.995619106307053192e-01 -3.337750504849598763e-03 9.221625470324730234e-01 6.130950040518939881e-02 1.529131295183088889e-03 9.981176318037610073e-01 1.061964110349940871e+00
9.977083079808787280e-01 -2.612620697387971203e-02 -6.241436929978547848e-02 3.583624536236058589e+01 2.595578634506105070e-02 9.996568244286175853e-01 -3.539848655173388151e-03 9.490492657782134689e-01 6.248543303155982415e-02 1.911722377854461075e-03 9.980440451084353626e-01 1.105989419015445563e+00
9.976992264458094395e-01 -2.258831073785497537e-02 -6.392199752388538769e-02 3.655632184246722005e+01 2.244842973342072237e-02 9.997437794477711526e-01 -2.905762892929581506e-03 9.664755932792100657e-01 6.397125566953626441e-02 1.464128920675945942e-03 9.979506675054465870e-01 1.139098246149796712e+00
9.976013312243766640e-01 -2.014940014571694332e-02 -6.622375414546734229e-02 3.729111067846258010e+01 1.999272934307044780e-02 9.997955409395685722e-01 -3.027720391669743317e-03 9.820156199058421853e-01 6.627122084861762630e-02 1.696464300592559048e-03 9.978002040970479491e-01 1.187115371631099370e+00
9.976294598819901438e-01 -1.669371075423877610e-02 -6.675912519515461718e-02 3.800934946937052672e+01 1.662386824225115661e-02 9.998605312058767014e-01 -1.601605871129725515e-03 9.978480210988662780e-01 6.677655112562183581e-02 4.880142989467728745e-04 9.977678357522912211e-01 1.217881625582472260e+00
9.976560648342335247e-01 -1.296667385574686027e-02 -6.718810660072534191e-02 3.872545196583428861e+01 1.288916102903935046e-02 9.999156718481921891e-01 -1.587047682308125214e-03 9.964017053874908436e-01 6.720301948156225114e-02 7.173294202228044187e-04 9.977390638894838570e-01 1.256300748654305854e+00
9.975351563737895333e-01 -8.702765733907250403e-03 -6.962667353033676065e-02 3.944807349006273967e+01 8.572829346483542071e-03 9.999609093844187280e-01 -2.164786382642674197e-03 9.939395445450530664e-01 6.964279140955965952e-02 1.562552932586410044e-03 9.975707694359420286e-01 1.294751626745041406e+00
9.972844980881685473e-01 -3.971815013711440037e-03 -7.353811636509788308e-02 4.016454532167978186e+01 3.787672823021987541e-03 9.999893331227338589e-01 -2.643326566231484973e-03 1.003537456016500018e+00 7.354783074717813340e-02 2.357610283074978823e-03 9.972889041126135057e-01 1.344190575418818145e+00
9.972236681796970981e-01 7.689120872089426090e-04 -7.446048882750916365e-02 4.086996688899738217e+01 -8.471507180684634871e-04 9.999991218213898359e-01 -1.019162455168661115e-03 1.015242078783561652e+00 7.445963979156997037e-02 1.079412178592271693e-03 9.972234438236289300e-01 1.387866158131295879e+00
9.971686032262881971e-01 5.765886162074628472e-03 -7.497687174388806275e-02 4.159432605995006327e+01 -5.779847968819334068e-03 9.999832960658687764e-01 3.076846380006722755e-05 1.008494032364549264e+00 7.497579674262075389e-02 4.026735737864075865e-04 9.971852725330444533e-01 1.428392031432970555e+00
9.970718532445160820e-01 1.124576827253889744e-02 -7.563895929682376562e-02 4.230169621656732204e+01 -1.127442482906189022e-02 9.999364404933831496e-01 4.814765447727040485e-05 9.863697920931386864e-01 7.563469317925497482e-02 8.047790896614829236e-04 9.971352694184960619e-01 1.486722938941734462e+00
9.969561677227442020e-01 1.708812596200259132e-02 -7.606836129880910347e-02 4.301355322125383651e+01 -1.710443917135465175e-02 9.998536128439946546e-01 4.370851685685844183e-04 9.759978935047983750e-01 7.606469483415322086e-02 8.653519040755230929e-04 9.971025089557589149e-01 1.539420353439086897e+00
9.967976128635435140e-01 2.301120484493235016e-02 -7.658331046073786619e-02 4.372940686182130321e+01 -2.297656346934580027e-02 9.997351145366166758e-01 1.333526751559762366e-03 9.645473865014562165e-01 7.659371071230537675e-02 4.303650108493103726e-04 9.970622940745864637e-01 1.590267412706299011e+00
9.966500190139584436e-01 2.903144442927727345e-02 -7.645858247329700985e-02 4.443136229821632810e+01 -2.897867222306207621e-02 9.995784097529790690e-01 1.799808849227996698e-03 9.356683617713603685e-01 7.647859933121489706e-02 4.218886763290594175e-04 9.970711337985270761e-01 1.649349702682295193e+00
9.965061442678443404e-01 3.558561199323967417e-02 -7.555904085879373844e-02 4.513126653404058430e+01 -3.559801736891592128e-02 9.993654894837556979e-01 1.183041967034362870e-03 9.057512670304705971e-01 7.555319712518211717e-02 1.510843459793507950e-03 9.971406278736231199e-01 1.705545677424908702e+00
9.962972218307158956e-01 4.199924788391543040e-02 -7.501939049060983578e-02 4.582896639025996421e+01 -4.205496132734906634e-02 9.991149476796254980e-01 8.375863503393965719e-04 8.653369355490762027e-01 7.498817240173512311e-02 2.320452611997424718e-03 9.971817234082878123e-01 1.766263672899623272e+00
9.960137459019375861e-01 4.780982297715802298e-02 -7.530497195592952830e-02 4.651889200231643429e+01 -4.794944487683523715e-02 9.988497627799269862e-01 -4.615719679940469278e-05 8.298060081855163084e-01 7.521614660692116372e-02 3.656804804236974370e-03 9.971605482911113372e-01 1.821791363400738328e+00
9.956511539265026078e-01 5.360477596732601130e-02 -7.619256970542931384e-02 4.723865205179987470e+01 -5.376791145975379910e-02 9.985534555632809006e-01 -8.988819092816974915e-05 7.947799253015235266e-01 7.607753533126576651e-02 4.186212622834639685e-03 9.970931171369082913e-01 1.861329927413611252e+00
9.952924629377253307e-01 5.839490370038372125e-02 -7.734952127311148229e-02 4.789945693453628195e+01 -5.859609532914124286e-02 9.982817174154748896e-01 -3.320936435236539544e-04 7.565422634097627164e-01 7.719722036145346133e-02 4.862910222571298000e-03 9.970039825761141117e-01 1.905610560806663800e+00
9.948219492923939811e-01 6.377685953156281284e-02 -7.913154487543345994e-02 4.859037171989717763e+01 -6.398544814522208468e-02 9.979508265994669891e-01 -1.005738324526398754e-04 7.050483490204090264e-01 7.896297633534675453e-02 5.163320417326703465e-03 9.968641775540595384e-01 1.943715804833680005e+00
9.943646376136676679e-01 6.879935278585397329e-02 -8.065740213822343574e-02 4.928609403292642810e+01 -6.897975207490567029e-02 9.976179079337655908e-01 5.509750822419523866e-04 6.588713232304749257e-01 8.050317550956627433e-02 5.015857464512938832e-03 9.967417317975462154e-01 1.996215011267441497e+00
9.940652005995935792e-01 7.384855333741936756e-02 -7.987971035788789254e-02 4.999325620632028944e+01 -7.399804874998529292e-02 9.972577892385382503e-01 1.091138972787548175e-03 5.960525330477459693e-01 7.974124239115247537e-02 4.826279419331605189e-03 9.968039131588930513e-01 2.045481815114996937e+00
9.936823453837776432e-01 7.928683657859537937e-02 -7.942917611277391932e-02 5.068404943377373684e+01 -7.948427808473736145e-02 9.968358892357862544e-01 6.778413144046023867e-04 5.210282328843444111e-01 7.923159729516426886e-02 5.639811775093711219e-03 9.968402813456117562e-01 2.097422969325402953e+00
9.932664047051602552e-01 8.412208223985268019e-02 -7.965754555417942084e-02 5.137630083927491853e+01 -8.433182106696282543e-02 9.964374571089585908e-01 7.335023940536621219e-04 4.487974586330906179e-01 7.943546588026328958e-02 5.989102592524189056e-03 9.968220189233992778e-01 2.138986180780737545e+00
9.927331694024335018e-01 8.826158059080545237e-02 -8.179699114155775108e-02 5.206130982703727028e+01 -8.862441929746321667e-02 9.960647862100807659e-01 -8.086881064112627290e-04 3.755907731206387656e-01 8.140372640356674516e-02 8.052022347136002928e-03 9.966486834706271836e-01 2.192049492463964633e+00
