1.000000000000000000e+00 0.000000000000000000e+00 0.000000000000000000e+00 0.000000000000000000e+00 0.000000000000000000e+00 1.000000000000000000e+00 0.000000000000000000e+00 0.000000000000000000e+00 0.000000000000000000e+00 0.000000000000000000e+00 1.000000000000000000e+00 0.000000000000000000e+00
9.999999995969379718e-01 2.445824693239744086e-05 -1.441936943031327410e-05 -5.761853747959141611e-03 -2.445783138483992230e-05 9.999999992856635211e-01 2.881817725320422476e-05 2.467926568531903474e-03 1.442007426210839251e-05 -2.881782457508251237e-05 9.999999994807972081e-01 1.373867411082751793e-03
9.999999879963147320e-01 1.249787102051146972e-04 -9.158434537637266594e-05 2.796529006579747886e-03 -1.249760077099542612e-04 9.999999917549784456e-01 2.951339412703451296e-05 3.228408344901218148e-03 9.158803316718955344e-05 -2.950194792691115077e-05 9.999999953706336653e-01 -4.070154608979080144e-03
9.999999983636920220e-01 -1.068107059389312557e-05 -5.620080686382440856e-05 -8.519003696827343042e-03 1.068461820822120533e-05 9.999999979506009051e-01 6.312398224329035100e-05 -3.790949079645611342e-04 5.620013251693602033e-05 -6.312458262416440911e-05 9.999999964284160825e-01 -4.478580889619668964e-04
9.999999991031375268e-01 -1.867901454033281367e-05 -3.801077989812630116e-05 -2.061955182936871245e-03 1.868003502951372442e-05 9.999999994651425084e-01 2.684718442599924471e-05 -2.788004628528414821e-03 3.801027839884768675e-05 -2.684789444462100879e-05 9.999999989172047021e-01 -1.540552754132106308e-04
9.999999974505446865e-01 -4.460851669351768048e-05 -5.575832486498224973e-05 -4.608216335317136085e-03 4.461035594607106765e-05 9.999999984609416748e-01 3.298534310075702385e-05 1.980756780847713061e-04 5.575685335193857734e-05 -3.298783041538155386e-05 9.999999979014881912e-01 -2.112074663336116313e-03
9.999999782130877257e-01 2.087065989932207098e-04 -3.921682486182025971e-06 -7.558892039184377312e-03 -2.087066986865767650e-04 9.999999778972139541e-01 -2.543787753395151418e-05 2.967531414371157861e-03 3.916373346596199364e-06 2.543869546114369703e-05 9.999999996687674031e-01 6.284167529160052806e-05
9.999999851095120462e-01 1.400269071762026923e-04 -1.008634771815650541e-04 -9.605598944662195604e-04 -1.400240700337522482e-04 9.999999898008392618e-01 2.813505343571240548e-05 2.684905122635450857e-03 1.008674158173580800e-04 -2.812092970217500881e-05 9.999999945174888882e-01 -2.642870803503756007e-03
9.999999987149645886e-01 4.305767172888924589e-05 -2.676018925524284998e-05 -6.080853966503806454e-03 -4.305744068577779110e-05 9.999999990357523183e-01 8.634353117893247011e-06 -9.607455377601548108e-04 2.676056100458153942e-05 -8.633200881536199709e-06 9.999999996046701201e-01 -1.137654903532736572e-03
9.999999990225666435e-01 -4.035738057100937833e-05 -1.805958099565966126e-05 -1.948581450519470265e-03 4.035783444563018107e-05 9.999999988698036191e-01 2.513240952760768988e-05 -3.071521020558173887e-03 1.805856669703281489e-05 -2.513313834862241904e-05 9.999999995211067416e-01 -5.865629279843115719e-04
9.999999836720150359e-01 1.696079374858984587e-04 -6.236278657040932071e-05 -2.616784838014565330e-03 -1.696075225249555187e-04 9.999999855944714522e-01 6.659211732798976018e-06 4.035394762784554577e-03 6.236391512720770825e-05 -6.648634426339508077e-06 9.999999980332688887e-01 -1.333778459807188291e-03
9.999999919455994091e-01 1.242324229274300825e-04 -2.598280804931317724e-05 -2.733023761203263406e-03 -1.242324759341259576e-04 9.999999922810682840e-01 -2.038464019366688263e-06 3.446103247401538332e-03 2.598255460542947919e-05 2.041691911523769874e-06 9.999999996603691210e-01 -2.191903489778261171e-03
9.999999917116930703e-01 1.266228262039146180e-04 -2.330823285250667652e-05 2.199175306736077772e-03 -1.266234750991761975e-04 9.999999915957045182e-01 -2.784037499088915123e-05 8.765994439945182758e-04 2.330470742965347447e-05 2.784332612958178300e-05 9.999999993408199561e-01 -6.502883299332488584e-04
9.999999438408961883e-01 -1.180163188281430618e-04 3.136723656897292319e-04 -2.426955885571608837e-02 1.180887920185844770e-04 9.999999663380217951e-01 -2.310389414894519172e-04 1.788379113646682873e-03 -3.136450887655164044e-04 2.310759697052659203e-04 9.999999241153243457e-01 2.095754858118976070e-03
9.999993678003328279e-01 1.423752736433911003e-04 -1.115404956126723112e-03 -9.569431342090153891e-02 -1.434419857616883525e-04 9.999995324347428216e-01 -9.563235291307215771e-04 2.792906459834144928e-02 1.115268277777966199e-03 9.564829204451399556e-04 9.999989206579632528e-01 -9.608370063589537907e-03
9.999984394036056656e-01 8.487804752554637419e-05 -1.764648993479593902e-03 -1.241315476435867204e-01 -8.575820132016670168e-05 9.999998719718063978e-01 -4.987002121755598153e-04 4.040872409822916789e-02 1.764606438854461178e-03 4.988507670294491884e-04 9.999983186546006486e-01 1.887044175444534816e-03
9.999972817107685152e-01 -9.028883298133668495e-05 -2.329896778935437989e-03 -1.334730682919027245e-01 9.025811986699907338e-05 9.999999958384594434e-01 -1.328732094578721282e-05 3.509519879403435322e-02 2.329897968936180033e-03 1.307699272425487960e-05 9.999972856985396286e-01 -1.110393564159598695e-03
9.999963687244474153e-01 9.422692462644877251e-05 -2.693261815275008273e-03 -8.372270399187248247e-02 -9.403110876141090998e-05 9.999999929267979759e-01 7.283237385452236883e-05 3.231732707327558685e-02 2.693268658995624527e-03 -7.257885898542866684e-05 9.999963705115332280e-01 -9.744507672010590746e-03
9.999961995503762191e-01 4.843402392949092876e-04 -2.714092728101739471e-03 -3.726473838133922967e-02 -4.841068497293063303e-04 9.999998790663302550e-01 8.664804036369014751e-05 4.515530452665596217e-02 2.714134367009150058e-03 -8.533380018170318301e-05 9.999963130895935803e-01 -1.808694418843443188e-02
9.999967315961574288e-01 6.068910187960989281e-04 -2.483642545538864831e-03 -4.831875709407483510e-03 -6.063111794097625481e-04 9.999997887662924745e-01 2.342095730844514828e-04 4.659004036439848978e-02 2.483784160596262582e-03 -2.327029473519649100e-04 9.999968883279496401e-01 -1.797065905753969864e-02
9.999970771928624602e-01 1.462189108145731109e-04 -2.413343274859839835e-03 -1.679846000934533123e-02 -1.456238341964819633e-04 9.999999589536794353e-01 2.467515719492732848e-04 3.662130517804983165e-02 2.413379255547070702e-03 -2.463994104411002255e-04 9.999970574396204182e-01 -1.457226613043902455e-02
9.999968727376968847e-01 1.041346750770915611e-04 -2.498733838547823136e-03 -1.263473380161603266e-02 -1.038680982262934073e-04 9.999999889010611209e-01 1.068143047828381794e-04 4.444204956704485288e-02 2.498744933887451104e-03 -1.065544320147057439e-04 9.999968724550634125e-01 -1.162582271027634735e-02
9.999970413125907065e-01 -2.121806749733548891e-05 -2.432471142372093133e-03 -1.096026370192208776e-02 2.130396629829601007e-05 9.999999991504672225e-01 3.528748428456435758e-05 4.384544083045248397e-02 2.432470391573406023e-03 -3.533920116316756647e-05 9.999970409150894524e-01 -8.368840021243519750e-03
9.999972830573872207e-01 -2.328409372617633180e-04 -2.319410041733613141e-03 -9.588811577492238961e-03 2.329764514503634477e-04 9.999999711699182336e-01 5.815613252836649913e-05 5.661831618238553909e-02 2.319396433736426594e-03 -5.869634244247327155e-05 9.999973084738391638e-01 -7.923228652580204326e-04
9.999965341040958355e-01 -5.456287720906143578e-04 -2.575668658621926670e-03 -1.556059521857069798e-02 5.458612692118491264e-04 9.999998470068179879e-01 8.956458727999096648e-05 6.131503731724601003e-02 2.575619395546402401e-03 -9.097023462151930691e-05 9.999966789490581931e-01 3.830953858001183345e-03
9.999920158073531962e-01 4.161538689699269375e-04 -3.974309688943353409e-03 5.008987994490914086e-02 -4.188541028159960852e-04 9.999996820221290772e-01 -6.786139412954514177e-04 8.780461177918935656e-02 3.974026017383613073e-03 6.802731790300865561e-04 9.999918721397764720e-01 -7.370405033035159689e-03
9.999753511286396668e-01 5.391710148453772791e-04 -7.000459254259832481e-03 1.652808329489371675e-01 -5.475045091514038533e-04 9.999991437824968799e-01 -1.188559247796262732e-03 9.674710742352111981e-02 6.999812423648251250e-03 1.192362734160097495e-03 9.999747901308032594e-01 -3.985525682995041258e-02
9.999730847622007035e-01 1.377887676168895292e-04 -7.335582146228868637e-03 2.215832697643403126e-01 -1.444642125890543700e-04 9.999995759818389729e-01 -9.094867967498895204e-04 9.312921968585737009e-02 7.335453718743928549e-03 9.105220467951170241e-04 9.999726806609980923e-01 -3.594956113189589492e-02
9.999728479477797416e-01 -8.720472146740768354e-04 -7.317301474044780873e-03 2.926239263059137730e-01 8.661098494536260354e-04 9.999992931854844169e-01 -8.145442040107067107e-04 7.217115639523785653e-02 7.318006623074220854e-03 8.081845005858518359e-04 9.999728964411374044e-01 -3.084291471695779080e-02
9.999724661274870252e-01 -1.651012459051089338e-03 -7.234718016058627743e-03 3.723575692024627126e-01 1.646910411591787906e-03 9.999984797257124303e-01 -5.729156657694774299e-04 6.391784939935317433e-02 7.235652908205020273e-03 5.609849587569977784e-04 9.999736649646669973e-01 -3.103558785478719578e-02
9.999720583542155428e-01 -1.896057442533956999e-03 -7.231008021565002962e-03 4.648664891548872080e-01 1.892048935365462509e-03 9.999980526287276517e-01 -5.611502282610927048e-04 6.866117253037734569e-02 7.232057913174386003e-03 5.474531277713615704e-04 9.999736984708215148e-01 -3.007254276848989050e-02
9.999703917500559758e-01 -2.171779918529005444e-03 -7.382343477856305285e-03 5.870965891199306785e-01 2.166276376719632451e-03 9.999973698026937141e-01 -7.534151274286887039e-04 5.962542764898279279e-02 7.383960312680441611e-03 7.374006238443738719e-04 9.999724663061582142e-01 -3.331533251520718553e-02
9.999694834580488134e-01 -1.972890120524856735e-03 -7.559091031030646356e-03 7.396852546215755275e-01 1.966783184417927269e-03 9.999977335700973580e-01 -8.152414206978552107e-04 7.510708120277014010e-02 7.560682280625434341e-03 8.003494492195247553e-04 9.999710973444235762e-01 -3.831465916800964183e-02
9.999685409012188941e-01 -2.212953194183194406e-03 -7.617089079666058971e-03 8.805950784885288041e-01 2.209342094135484987e-03 9.999974430163645067e-01 -4.824606139367554228e-04 9.995589310453066589e-02 7.618137265650611403e-03 4.656166806221577231e-04 9.999708731686680618e-01 -4.874210491672417017e-02
9.999695119496641027e-01 -2.353276785532748289e-03 -7.445620156933715171e-03 1.012532488738231651e+00 2.349441520875608560e-03 9.999971028705645359e-01 -5.238081877454728785e-04 1.125036044776721034e-01 7.446831251656686919e-03 5.062991687097101413e-04 9.999721437947465263e-01 -6.064065542268546466e-02
9.999683035180915169e-01 -2.991434886924781295e-03 -7.378568727557454666e-03 1.150487377867220440e+00 2.986681771261956789e-03 9.999953252683271288e-01 -6.551133411670570896e-04 1.136282215488312458e-01 7.380493963632180250e-03 6.330551396622913782e-04 9.999725633986379369e-01 -6.301868547660026409e-02
9.999649372169993056e-01 -3.653459902360406408e-03 -7.535022716919043823e-03 1.327935167760765145e+00 3.648499341780578158e-03 9.999931184275158147e-01 -6.719748249759187287e-04 1.117460299369406468e-01 7.537425897192492549e-03 6.444597382454679080e-04 9.999713855318511646e-01 -7.433515202743282146e-02
9.999711934052242235e-01 -3.961947501242445505e-03 -6.474205104025004993e-03 1.499216762402800995e+00 3.963262429979772655e-03 9.999921281401519257e-01 1.902856826710198099e-04 1.139572840295352968e-01 6.473400238104818662e-03 -2.159391750412330345e-04 9.999790240098188621e-01 -6.846260970086574804e-02
9.999715436867704366e-01 -3.974111662608231961e-03 -6.412351611583868780e-03 1.669914821794536319e+00 3.977017737105167060e-03 9.999919946075240818e-01 4.405119571092557126e-04 1.506341196644797875e-01 6.410549634486258433e-03 -4.660014578588467693e-04 9.999793436346697817e-01 -8.158538012699881325e-02
9.999697407707057728e-01 -3.966962890034657178e-03 -6.691841928539285847e-03 1.866196192338260174e+00 3.975781448941859662e-03 9.999912450043972889e-01 1.305019703189655086e-03 2.065874775782902129e-01 6.686606376759310702e-03 -1.331585515297960699e-03 9.999767578174892924e-01 -8.587169121543868078e-02
9.999669703008186028e-01 -5.063786943415163506e-03 -6.357386978430538439e-03 2.074449126237970287e+00 5.085875784489980907e-03 9.999810699803463043e-01 3.463170291291399212e-03 1.966608494114799877e-01 6.339729876466225662e-03 -3.495388784304695722e-03 9.999737946978111136e-01 -9.737579805372736930e-02
9.999656920416208905e-01 -5.791167213138832814e-03 -5.922594197792166101e-03 2.269150349096328512e+00 5.816600617196958367e-03 9.999738977813238394e-01 4.286130339420011169e-03 2.145469792328554837e-01 5.897617907450396907e-03 -4.320432656105003578e-03 9.999732756252447397e-01 -9.875459515270090805e-02
9.999675718469956953e-01 -5.922228448653827498e-03 -5.457331273191218940e-03 2.506030683750553489e+00 5.951888646118874346e-03 9.999675184098205660e-01 5.434808814426309552e-03 2.311384097913661562e-01 5.424967831019538930e-03 -5.467114001657543375e-03 9.999703397543975303e-01 -9.746529886353524907e-02
9.999667298448630115e-01 -6.569547613307104121e-03 -4.835312557354639468e-03 2.726516798599890379e+00 6.599513463109689913e-03 9.999589549059880733e-01 6.207650551894192126e-03 2.275737182397205294e-01 4.794332635628704292e-03 -6.239354732717899282e-03 9.999690419343482128e-01 -1.028501344270456724e-01
9.999597157193645947e-01 -7.684512412569055421e-03 -4.638448817070137120e-03 2.976260535190261347e+00 7.715233978443906786e-03 9.999481775613463519e-01 6.642089761516470868e-03 2.221576600089481268e-01 4.587167220123094732e-03 -6.677608907629245007e-03 9.999671831796138610e-01 -1.097695053381539665e-01
9.999576304372218560e-01 -8.280232259457539004e-03 -4.021825966628655297e-03 3.241208984062944776e+00 8.305410586552994592e-03 9.999457605418301531e-01 6.284594609813699655e-03 2.232078307926800009e-01 3.969569921941579552e-03 -6.317731250248355933e-03 9.999721640058208960e-01 -1.233634458308643794e-01
9.999471115007616540e-01 -8.781737300640279562e-03 -5.353063727048259189e-03 3.497275825580154152e+00 8.807502707368771236e-03 9.999496504604258318e-01 4.808787802757018108e-03 2.731874786905745811e-01 5.310564691535956360e-03 -4.855680596455669816e-03 9.999741097991499128e-01 -1.310737121796382854e-01
9.999208719312657756e-01 -9.898843081781193848e-03 -7.762910656410111632e-03 3.748328460030147191e+00 9.937883523169134536e-03 9.999380835302313919e-01 5.006753136308651070e-03 2.479309277976680659e-01 7.712868940741602133e-03 -5.083503863506517659e-03 9.999573339103887681e-01 -1.256130345607725796e-01
9.998778833686789991e-01 -1.061729384973081163e-02 -1.146697089378265373e-02 4.035964083963746063e+00 1.063786557385513858e-02 9.999419119848086401e-01 1.734494796112065647e-03 2.748291078679873101e-01 1.144788915927202715e-02 -1.856267080357890033e-03 9.999327477917319129e-01 -1.193457176978877377e-01
9.998260766283064704e-01 -1.083719169120359906e-02 -1.517800284279901060e-02 4.325544371832381607e+00 1.080247723003480674e-02 9.999388493688506907e-01 -2.367278731702687593e-03 2.891346260533553814e-01 1.520272935174755979e-02 2.202906976497191402e-03 9.998820051491628114e-01 -1.280343962694416304e-01
9.997961968667350430e-01 -1.096205784322177960e-02 -1.695281742527175381e-02 4.638401411283799902e+00 1.088104692968787195e-02 9.999289721088108207e-01 -4.863492071634953687e-03 2.882330636577308813e-01 1.700492718380963372e-02 4.678036474717333151e-03 9.998444621170907709e-01 -1.231107519706628045e-01
9.997641837135295972e-01 -1.126467992627033440e-02 -1.856566588567417145e-02 4.952763361366708139e+00 1.111742019415597887e-02 9.999060685493188494e-01 -8.016049305701216862e-03 3.092562347602244022e-01 1.865422021544659373e-02 7.807756681886436970e-03 9.997955085935074093e-01 -1.367011561886485316e-01
9.997530193640968843e-01 -1.136707296421715467e-02 -1.909685640616742494e-02 5.262544548796537214e+00 1.116860279657700371e-02 9.998828397498085163e-01 -1.046752527730209631e-02 3.360981589141507353e-01 1.921360413727489155e-02 1.025165479738902527e-02 9.997628423731156344e-01 -1.441832501350118201e-01
9.997434509855843698e-01 -1.183029050265723726e-02 -1.931518672074131540e-02 5.565819107463168436e+00 1.160250675605092006e-02 9.998623188259053718e-01 -1.186276650108674703e-02 3.407914799900977343e-01 1.945286735702879757e-02 1.163561853561086330e-02 9.997430661589424838e-01 -1.562854472737749967e-01
9.997160253993908618e-01 -1.257328245347697979e-02 -2.024305135076032505e-02 5.913902022385824075e+00 1.235152897786150755e-02 9.998627413285088306e-01 -1.104256469070452433e-02 3.594849685337357381e-01 2.037911410129200976e-02 1.078939624744752572e-02 9.997341049684471681e-01 -1.706477670350046438e-01
9.997601576567454185e-01 -1.309889569653896642e-02 -1.755124194154924003e-02 6.248231906387372803e+00 1.296801551682412283e-02 9.998874060950504461e-01 -7.550212319337691429e-03 3.729330937087602660e-01 1.764816522234005300e-02 7.320796680885407158e-03 9.998174574392277858e-01 -1.865610948457113727e-01
9.998659544629392437e-01 -1.391040954684251776e-02 -8.635601435600135517e-03 6.606217946998720336e+00 1.388233489791556100e-02 9.998981819106574909e-01 -3.302512610691357795e-03 4.065296171840125927e-01 8.680661478109967522e-03 3.182187612440886149e-03 9.999572589857537164e-01 -1.899737081228996260e-01
9.998703688652342825e-01 -1.575818972086421785e-02 3.305286980224564439e-03 6.977053078385965001e+00 1.576071398907783958e-02 9.998755190997814513e-01 -7.390531083627588024e-04 4.404362233783837288e-01 -3.293229396030411104e-03 7.910509868168118155e-04 9.999942644227922672e-01 -2.035661751611630432e-01
9.997282784810711531e-01 -1.683541459790233868e-02 1.612259348214879762e-02 7.326962235321930805e+00 1.684737271703998229e-02 9.998578892054981182e-01 -6.061567940732495935e-04 4.535141976442407241e-01 -1.611009738664005708e-02 8.776154297875353059e-04 9.998698388057069009e-01 -2.187741512328962301e-01
9.995785526351581574e-01 -1.816550668795809814e-02 2.264357477458251930e-02 7.680714876409182601e+00 1.827889454308245787e-02 9.998213540550358047e-01 -4.810612210279470620e-03 4.649345695424201286e-01 -2.255214238349053865e-02 5.222484305823167465e-03 9.997320273611275399e-01 -2.409940306418050515e-01
9.995556064991273360e-01 -1.988308864698035139e-02 2.220928414015146957e-02 8.037506568366771020e+00 2.006738742484628912e-02 9.997657653485779727e-01 -8.106441815824963829e-03 4.681343525780630177e-01 -2.204290085498693263e-02 8.548521675035723397e-03 9.997204775831435297e-01 -2.428351700698802296e-01
9.996051157949882304e-01 -2.068019407021981851e-02 1.902477462957603144e-02 8.435935944426828925e+00 2.083915795687489234e-02 9.997492489624557610e-01 -8.195650959748473907e-03 5.153030723324877327e-01 -1.885051649521923833e-02 8.588874910234359922e-03 9.997854216058762455e-01 -2.709722882579186365e-01
9.995717067008919043e-01 -2.253175729965066487e-02 1.867412852199128517e-02 8.807878865951714431e+00 2.263667972796612471e-02 9.997290309166712019e-01 -5.426368334985610421e-03 5.209716502489617485e-01 -1.854680279616131508e-02 5.846764524340437343e-03 9.998108978455061413e-01 -2.868133141615854531e-01
9.995825700124770785e-01 -2.348292418366632398e-02 1.682967614173322066e-02 9.214678588362639644e+00 2.351938249727951111e-02 9.997214368387452588e-01 -1.971641960751847108e-03 5.804587009175856682e-01 -1.677868809526261371e-02 2.366642528755533246e-03 9.998564270078694749e-01 -3.194937322281667935e-01
9.996279161182630713e-01 -2.477832379840159624e-02 1.140455991260858060e-02 9.628334082781023540e+00 2.477663597373503876e-02 9.996929701793881851e-01 2.892814164197765473e-04 6.374298435766060367e-01 -1.140822628122936666e-02 -6.607150072086457682e-06 9.999349240472911182e-01 -3.419270801904386592e-01
9.996488022582644684e-01 -2.601787909394516485e-02 5.034094861060531279e-03 1.003686330778062974e+01 2.600315095076404653e-02 9.996574508806977954e-01 2.969349985618297515e-03 6.592720603826334180e-01 -5.109626625212816339e-03 -2.837404828036303554e-03 9.999829202789379812e-01 -3.415636133192392343e-01
9.996222725960288713e-01 -2.748012200934770929e-02 3.937312558929307888e-04 1.045993120462424031e+01 2.747878513620324523e-02 9.996176648971677459e-01 3.072522249248086420e-03 6.628659398721334917e-01 -4.780140048984935245e-04 -3.060542416813145494e-03 9.999952022798539453e-01 -3.733212643134696807e-01
9.995875445924217173e-01 -2.871827896166809224e-02 -3.389945583915480884e-05 1.090218704025067176e+01 2.871826893217745841e-02 9.995840954416247426e-01 2.626246311361324793e-03 6.763819144512202008e-01 -4.153591729078148076e-05 -2.626136635558014906e-03 9.999965508346211340e-01 -3.903574702308378885e-01
9.995916027742063337e-01 -2.857476644349605382e-02 3.322438758106258149e-04 1.136710655693842575e+01 2.857320223468483994e-02 9.995836207893351588e-01 4.019597459745404694e-03 7.591552077813623622e-01 -4.469645949769624448e-04 -4.008462595839264175e-03 9.999918661920549345e-01 -4.029677033649737838e-01
9.995489653682808617e-01 -3.001293702085974444e-02 1.043763661534447516e-03 1.181704209757984536e+01 3.000652746588641437e-02 9.995334899205240431e-01 5.693051619015583771e-03 7.942789462502304332e-01 -1.214141934963769345e-03 -5.659164132597514947e-03 9.999832497200551451e-01 -4.220208275898885697e-01
9.995087690471538000e-01 -3.133574498187546159e-02 5.400780261168897263e-04 1.231430719868282608e+01 3.133160465985893733e-02 9.994881349683343297e-01 6.465184216940747172e-03 8.150640760223089032e-01 -7.423929429438509611e-04 -6.445086807137762053e-03 9.999789546329296286e-01 -4.444892161829505084e-01
9.994747346326353643e-01 -3.240347949047758108e-02 -5.189874114769890343e-04 1.280047982182743915e+01 3.240568670868818751e-02 9.994620890709142724e-01 5.040236000633701446e-03 8.374429750944973883e-01 3.553870586025967108e-04 -5.054406682681301249e-03 9.999871632541712518e-01 -4.460156311239057980e-01
9.994550447448498076e-01 -3.290540869124874979e-02 -2.616794400040387946e-03 1.331315758910987945e+01 3.291523682794285366e-02 9.994509005611433849e-01 3.805857601099734821e-03 9.076892248735267676e-01 2.490124219918840327e-03 -3.889915986407026672e-03 9.999893338606107296e-01 -4.668883364469834651e-01
9.994336220412456395e-01 -3.341040972783895779e-02 -4.022394229123682149e-03 1.383415286564926561e+01 3.342659232355443821e-02 9.994330686613672743e-01 4.025443051101583979e-03 9.629455715147382522e-01 3.885622106105469931e-03 -4.157618060944753662e-03 9.999838079453625683e-01 -5.060017124653295451e-01
9.993649722933782842e-01 -3.541133307536787483e-02 -3.961015385054397243e-03 1.436773724041068334e+01 3.543304132032291248e-02 9.993566329904690626e-01 5.551547599118157421e-03 9.640644156097429862e-01 3.761879297315277090e-03 -5.688373034387155490e-03 9.999767450677911063e-01 -5.069169453991817509e-01
9.993249405672528507e-01 -3.648883662102131442e-02 -4.269421775945317354e-03 1.488668399855709090e+01 3.651620307116910935e-02 9.993118057738711313e-01 6.517802868301216142e-03 1.011935810383669532e+00 4.028656540540735687e-03 -6.669306036561074326e-03 9.999696446810117934e-01 -5.321539263116951135e-01
9.992645692321610040e-01 -3.831472055807316063e-02 -1.517519627715973327e-03 1.544150495161533598e+01 3.832350563344825295e-02 9.992457811825184999e-01 6.259209606759934784e-03 1.057009544699662795e+00 1.276555218859438566e-03 -6.312763063434412118e-03 9.999792594995549067e-01 -5.421865328358350666e-01
9.992208253116532379e-01 -3.944385054929758910e-02 1.387413904834493457e-03 1.600081706747952737e+01 3.943832629152366903e-02 9.992147577387726631e-01 3.806092007437479087e-03 1.085386465718300331e+00 -1.536451373120843126e-03 -3.748409114603504927e-03 9.999917943394773800e-01 -5.576335140257073775e-01
9.992106073230073715e-01 -3.965173300844267168e-02 2.429461383492316842e-03 1.656509221106336938e+01 3.964626664462635175e-02 9.992112256237974943e-01 2.258346415336145302e-03 1.129820285122177470e+00 -2.517092435706526701e-03 -2.160244619401007447e-03 9.999944987792954709e-01 -5.862763571331925938e-01
9.991817077362867838e-01 -4.036971157414830785e-02 2.490243485623641184e-03 1.714735513140590584e+01 4.036441286661709288e-02 9.991827277911422556e-01 2.142582037035004050e-03 1.183653618652082296e+00 -2.574703697688606342e-03 -2.040311562537611492e-03 9.999946040002399839e-01 -6.170975713161049869e-01
9.991400511540088347e-01 -4.138148737006654143e-02 2.594355990520779125e-03 1.772950975823134812e+01 4.137145145049675454e-02 9.991365724065044418e-01 3.809551766424776938e-03 1.245469424560741389e+00 -2.749760870279134312e-03 -3.698943473872360731e-03 9.999893782597559788e-01 -6.354437787818764116e-01
9.990627721747686873e-01 -4.323349228645105569e-02 2.107699974737038684e-03 1.830039824392338232e+01 4.322122120779241239e-02 9.990500764405907397e-01 5.556149868099940700e-03 1.283260343033087114e+00 -2.345909583339734344e-03 -5.459845122994634939e-03 9.999823432438493809e-01 -6.523769128439651510e-01
9.990274057857871925e-01 -4.394378225759946327e-02 3.631320671143306242e-03 1.887648185920070532e+01 4.392481309417752694e-02 9.990215751429454283e-01 5.148125246123679520e-03 1.359022163829152863e+00 -3.853995791585232943e-03 -4.983613127530264579e-03 9.999801549614040219e-01 -6.665173766871155259e-01
9.989584306925201052e-01 -4.545631719888421768e-02 3.972024049767777787e-03 1.945583144205736303e+01 4.544684352762983631e-02 9.989637694547820468e-01 2.443712353798890152e-03 1.418007996397673942e+00 -4.078990281018182035e-03 -2.260651102537085400e-03 9.999891255883135432e-01 -6.894754653685711832e-01
9.988896491057053240e-01 -4.699237308917163236e-02 3.344515051383408540e-03 2.006415605403935132e+01 4.698956541321337721e-02 9.988949628362222555e-01 9.132155821608019773e-04 1.433614805784876767e+00 -3.383733405304561060e-03 -7.550442836400086868e-04 9.999939901101263517e-01 -7.049862440654065532e-01
9.988715125809830564e-01 -4.743522411053397586e-02 2.366615254421037488e-03 2.068164297965818577e+01 4.743691901322390908e-02 9.988740141745581225e-01 -6.652227728019943082e-04 1.489288645628322971e+00 -2.332395487878991241e-03 7.767370134314746828e-04 9.999969783008847424e-01 -7.302514127353418871e-01
9.988438558408245793e-01 -4.806726628196754392e-02 6.996865102058228304e-04 2.129143716057816604e+01 4.806769710865339829e-02 9.988438923636014932e-01 -6.125215104271468239e-04 1.570231531363346811e+00 -6.694353627431542161e-04 6.454456665040813343e-04 9.999995676279999079e-01 -7.574845480732086411e-01
9.988130734779823161e-01 -4.870470133488281894e-02 -5.443503894665616257e-04 2.189844484533731261e+01 4.870464130170015782e-02 9.988132171654392488e-01 -1.230093403996262524e-04 1.629632522291096119e+00 5.496954969539210494e-04 9.635094688964036997e-05 9.999998442756656836e-01 -7.742948276540138064e-01
9.987849658213022730e-01 -4.925427638834652816e-02 -1.615025324989260080e-03 2.249449021854611175e+01 4.925468358538958452e-02 9.987862287016263663e-01 2.133093660345591761e-04 1.701924168909803248e+00 1.602558655132752538e-03 -2.925977492289278314e-04 9.999986730952766800e-01 -8.011173228953500924e-01
9.987297264200661884e-01 -5.033468083962736039e-02 -2.313756614815812556e-03 2.310767874597811300e+01 5.033774537696696083e-02 9.987314243274052483e-01 1.285865979045510863e-03 1.733953873106717669e+00 2.246097785804161608e-03 -1.400701868805864997e-03 9.999964965333685285e-01 -8.184476120213292072e-01
9.987299935569230458e-01 -5.030484779712565691e-02 -2.796829972743407767e-03 2.374980363210897849e+01 5.030867256516687036e-02 9.987328520961114009e-01 1.314385292703674178e-03 1.800454599076391160e+00 2.727166023409674424e-03 -1.453420818232447481e-03 9.999952250553029165e-01 -8.369346664165254746e-01
9.987009382508788002e-01 -5.090847899839074514e-02 -2.182361767614851740e-03 2.438667926093301830e+01 5.091052873319389799e-02 9.987028179304021647e-01 8.941599300800880893e-04 1.825213730057659856e+00 2.134010525038840950e-03 -1.004103552593703982e-03 9.999972188837000786e-01 -8.550977294855616195e-01
9.987008938770622901e-01 -5.094494043534136124e-02 -1.066589516291878773e-03 2.501603463419600359e+01 5.094593328628225365e-02 9.987009840860695542e-01 9.253470192402650637e-04 1.862508514525736736e+00 1.018062250759368265e-03 -9.784832936025819605e-04 9.999990030593519652e-01 -8.864866294906579292e-01
9.987312454729551092e-01 -5.033017602942314178e-02 1.665141701825653556e-03 2.566978435472665510e+01 5.032601480973444147e-02 9.987298306425178573e-01 2.453083394008595715e-03 1.923640217499753335e+00 -1.786490808895436480e-03 -2.366171087400844621e-03 9.999956048328286773e-01 -9.125206003122459109e-01
9.987601577936539021e-01 -4.959622815720907824e-02 4.285015352793701028e-03 2.633135925933580168e+01 4.958612623261567792e-02 9.987668892588561498e-01 2.432489554123774128e-03 2.012392903957574308e+00 -4.400373761252555742e-03 -2.216996338715750484e-03 9.999878607453169810e-01 -9.333780466967215306e-01
9.987946639157428974e-01 -4.882049009052391586e-02 5.077310386343577599e-03 2.700085149535324902e+01 4.881159733758465291e-02 9.988062699107451703e-01 1.860954684328563818e-03 2.082344177711917599e+00 -5.162102167888089725e-03 -1.610879978360236315e-03 9.999853787765616842e-01 -9.643469515980758189e-01
9.988106081406221692e-01 -4.852814845268441091e-02 4.731582559224771327e-03 2.767097652835455790e+01 4.852192627595702801e-02 9.988211066190012533e-01 1.421141394908735818e-03 2.121095275860725771e+00 -4.794969888448438571e-03 -1.189865600795298080e-03 9.999877961673436788e-01 -9.827188259555433847e-01
9.988703868080784920e-01 -4.746868455754790078e-02 2.162023185724783973e-03 2.838947308564247507e+01 4.746470641902324900e-02 9.988711920761462748e-01 1.855609046782328046e-03 2.186536715960131882e+00 -2.247665997325024468e-03 -1.750893130542485786e-03 9.999959411771679463e-01 -1.020625569603814453e+00
9.989245018312008506e-01 -4.636596203429340507e-02 -1.928883656572993616e-04 2.907175496171863927e+01 4.636631477080569580e-02 9.989208294015763379e-01 2.709509594260411849e-03 2.261735096489167596e+00 6.705118722527204824e-05 -2.715539044331134137e-03 9.999963106691128756e-01 -1.046691332368252070e+00
9.989566252329228346e-01 -4.558174792499593980e-02 -2.822261389705398547e-03 2.978982426098129110e+01 4.558995323797689764e-02 9.989559854983471876e-01 2.914652772632925735e-03 2.309497096649624659e+00 2.686459939916046452e-03 -3.040278462257186079e-03 9.999917697860634114e-01 -1.070323925588346103e+00
9.990167818525638177e-01 -4.413961589417316617e-02 -4.142932012696962617e-03 3.050003568874222282e+01 4.415049778633049066e-02 9.990215781253484195e-01 2.572933181710678526e-03 2.345930280296627757e+00 4.025310195028463690e-03 -2.753315937769774697e-03 9.999881079938803818e-01 -1.078220023258727345e+00
9.991206232087116446e-01 -4.160007347305431230e-02 -5.235853900944611831e-03 3.123372663589756471e+01 4.161375431842074396e-02 9.991305652006370330e-01 2.531626627620835440e-03 2.417097772285643931e+00 5.125985813643382273e-03 -2.747283911801352407e-03 9.999830882072687777e-01 -1.111253597280152050e+00
9.992570675008949355e-01 -3.846848568638881749e-02 -2.342788617880367692e-03 3.194919868704737098e+01 3.847974850139725123e-02 9.992470268270112754e-01 4.968735517947968534e-03 2.487645467938373933e+00 2.149884829749487344e-03 -5.055193999660200464e-03 9.999849113905892040e-01 -1.139504077344331456e+00
9.993668600565877025e-01 -3.555046474723431993e-02 1.429502323308078039e-03 3.266777627841785403e+01 3.554025241548609826e-02 9.993462703008213488e-01 6.627404777232021732e-03 2.551794819121063984e+00 -1.664175135082925907e-03 -6.572403829147501625e-03 9.999770167503982954e-01 -1.167804186207072714e+00
9.994277471416700420e-01 -3.340790587418064617e-02 5.300006455467617950e-03 3.340474218938935991e+01 3.337907406781041864e-02 9.994279678952298074e-01 5.438235300833046439e-03 2.595269975622766179e+00 -5.478654734671477636e-03 -5.258213947100946577e-03 9.999711673485315311e-01 -1.172036381730365173e+00
9.995099294295334280e-01 -3.090270026266038125e-02 4.992403053164890317e-03 3.414406169680253100e+01 3.089299937907682633e-02 9.995206789508427336e-01 2.008715761567965701e-03 2.618693314110040582e+00 -5.052084830388247835e-03 -1.853501044667264699e-03 9.999855203815423144e-01 -1.212632641549532320e+00
9.996291912633606946e-01 -2.698705652465469701e-02 3.630255403484879389e-03 3.488624101715016224e+01 2.698401501663305613e-02 9.996354741068611549e-01 8.842175824582531457e-04 2.696986930323597154e+00 -3.652794511269495930e-03 -7.859308405317384002e-04 9.999930196781237068e-01 -1.257195423756209074e+00
9.997135999822875929e-01 -2.378725269895059363e-02 2.623855844171900376e-03 3.559011976919020270e+01 2.378039700487488695e-02 9.997137894232092092e-01 2.613800944555683126e-03 2.731244597543280417e+00 -2.685280012450225705e-03 -2.550656018260896371e-03 9.999931416890474045e-01 -1.265746736375866544e+00
9.997895660047992905e-01 -2.050924714153757114e-02 4.410097759536106294e-04 3.632694591546198382e+01 2.050732460460547371e-02 9.997817255457672747e-01 3.993858070761750929e-03 2.788116532240818124e+00 -5.228245370069302097e-04 -3.983973696622370060e-03 9.999919272714595797e-01 -1.297703186481421689e+00
9.998404533571586539e-01 -1.779914981111292704e-02 -1.502696427454264672e-03 3.707150478911857050e+01 1.780808537785592144e-02 9.998224562397372006e-01 6.158578887521385867e-03 2.816398035944447820e+00 1.392812164837450763e-03 -6.184356453212313393e-03 9.999799067028962707e-01 -1.319437702427771475e+00
9.998896702152719751e-01 -1.479115926712334939e-02 -1.367115331374726831e-03 3.778277237808378430e+01 1.480074546358954232e-02 9.998638863680178179e-01 7.290176319238231978e-03 2.818269044912613985e+00 1.259099089318371128e-03 -7.309606321693348785e-03 9.999724917841016358e-01 -1.322784216779504529e+00
9.999380392977558207e-01 -1.081885503470924118e-02 -2.621057248082181521e-03 3.851633440319086077e+01 1.083472996503528560e-02 9.999225731770304826e-01 6.120153397651882481e-03 2.868009670690055302e+00 2.554641255547262461e-03 -6.148172636155390010e-03 9.999778366450385869e-01 -1.332752237513975757e+00
9.999616745091447489e-01 -6.081140556775347684e-03 -6.298352355650289718e-03 3.922577060820499639e+01 6.112633589419886292e-03 9.999688519450821156e-01 4.993080235280800486e-03 2.906762581970473658e+00 6.267792551503223626e-03 -5.031388393197054262e-03 9.999676994320206846e-01 -1.369084200532966422e+00
9.999608674330371372e-01 -2.069018219336415942e-03 -8.601323513038858920e-03 3.993108107407225305e+01 2.128299739525764574e-03 9.999740076778678155e-01 6.888708796443699517e-03 2.893738538643003899e+00 8.586847080659799902e-03 -6.906745418177812415e-03 9.999392796189885413e-01 -1.389925458912066203e+00
9.999596549883008612e-01 3.074319515298896272e-03 -8.440198765198437050e-03 4.067278884112382542e+01 -2.994144137408191395e-03 9.999504341877647473e-01 9.495486748199456414e-03 2.926466234522393073e+00 8.468972580108464696e-03 -9.469832481024132928e-03 9.999192961315521710e-01 -1.424104269257119082e+00
9.999442316750550841e-01 7.974755879080561854e-03 -6.923641271245852512e-03 4.136580679888116663e+01 -7.899201848872966503e-03 9.999096961308077125e-01 1.087208322938127900e-02 2.954264267793871301e+00 7.009718249301521119e-03 -1.081678567158015497e-02 9.999169270483425631e-01 -1.432750706830461684e+00
9.998994951041899615e-01 1.247822614251810000e-02 -6.730049236242922894e-03 4.206585104070325087e+01 -1.240167032025406291e-02 9.998592504431346173e-01 1.129946355189991557e-02 2.936888105367069457e+00 6.870099246284988234e-03 -1.121486404862596063e-02 9.999135105401452117e-01 -1.464177304470100083e+00
9.998116464508850498e-01 1.868563918070285934e-02 -5.245808763102523253e-03 4.276756824756409259e+01 -1.861632511795371925e-02 9.997426383871798050e-01 1.296493076507788944e-02 2.963281651421522778e+00 5.486716711577743766e-03 -1.286483109291372898e-02 9.999021912470628104e-01 -1.463990212816967507e+00
9.996956775367749071e-01 2.453088661437314785e-02 -2.605362969218715224e-03 4.344224389321042423e+01 -2.449370782430601926e-02 9.996094495077109121e-01 1.345387423415962160e-02 2.962617156860185563e+00 2.934380906790701442e-03 -1.338596491866845227e-02 9.999060982671773568e-01 -1.476830133795696831e+00
9.995078266841745940e-01 3.134182560298786474e-02 1.339539081153375303e-03 4.412560001841993085e+01 -3.135656001234033569e-02 9.994244226010590149e-01 1.294564222942990069e-02 3.006219818218024642e+00 -9.330280116597982612e-04 -1.298127406735541216e-02 9.999153044044868377e-01 -1.507655500101380497e+00
9.992760248138781165e-01 3.767496897253602012e-02 5.293670285556857993e-03 4.483799147677522257e+01 -3.773638687462466806e-02 9.992153693158990491e-01 1.202542425613760575e-02 2.968021853514126729e+00 -4.836459223687731082e-03 -1.221648213725605274e-02 9.999136793875598173e-01 -1.516932266916282801e+00
9.990189606687269741e-01 4.371908421080188123e-02 7.053927994050745130e-03 4.553151278419277048e+01 -4.379364275608274570e-02 9.989823695025085160e-01 1.078620773516682750e-02 2.957976299904912842e+00 -6.575186577507929724e-03 -1.108454324374193688e-02 9.999169464623292036e-01 -1.556148050211775491e+00
9.987570824902025635e-01 4.938195619629725391e-02 6.761107741020292577e-03 4.623294476530170272e+01 -4.944680500859285205e-02 9.987288160868476039e-01 9.785979368763431455e-03 2.938197590996672215e+00 -6.269262325098673080e-03 -1.010813137976779817e-02 9.999292585127752542e-01 -1.582060753902079453e+00
9.984797664853949373e-01 5.481360553900454374e-02 5.798669423726401408e-03 4.691322091333903899e+01 -5.487077558526753246e-02 9.984412830305164910e-01 1.020795410683503733e-02 2.918399059697853293e+00 -5.230096169522896639e-03 -1.051061312152872136e-02 9.999310841782382830e-01 -1.598390331469779602e+00
9.981773013837621500e-01 6.023735213884728185e-02 3.679185987507575459e-03 4.761636659709395047e+01 -6.027168589892058920e-02 9.981312198742836594e-01 1.006934909397408894e-02 2.916671763814488116e+00 -3.065759470672607158e-03 -1.027274644751685097e-02 9.999425342484902224e-01 -1.631137042014086713e+00
9.978427778111265134e-01 6.561803667974880350e-02 2.015944560262748070e-03 4.832426720701798217e+01 -6.563559301322274830e-02 9.977890597178451504e-01 1.043844994149687941e-02 2.881997090272899076e+00 -1.326536836087008125e-03 -1.054824960236026149e-02 9.999434857682452105e-01 -1.646097132076811631e+00
9.975225592022121113e-01 7.032247610415566508e-02 1.869020398391420430e-03 4.898975162524492077e+01 -7.033890483717643305e-02 9.974619700155894497e-01 1.104793369485554226e-02 2.860398819361405831e+00 -1.087358715322053401e-03 -1.115202794112984779e-02 9.999372229914358368e-01 -1.681240619129179326e+00
9.971397173748897114e-01 7.544048906183696557e-02 4.595284935232541411e-03 4.967911609093892622e+01 -7.548602701545890914e-02 9.970893629729741248e-01 1.070803303927330037e-02 2.846343532287836986e+00 -3.774090479377232698e-03 -1.102428484118665557e-02 9.999321083877614758e-01 -1.696576585515084279e+00
9.967326343151194923e-01 8.061175158235366067e-02 5.079487972927477883e-03 5.036504730330982227e+01 -8.065389672465390902e-02 9.967039821899863483e-01 8.724725196371170208e-03 2.807967873033773820e+00 -4.359430509948784664e-03 -9.105898827037149992e-03 9.999490376875116437e-01 -1.717518405087065325e+00
9.962897867422364495e-01 8.595729222009472481e-02 4.243200124712074792e-03 5.105869093204091769e+01 -8.597974338281018369e-02 9.962821037815702274e-01 5.427099814333458637e-03 2.782734128240666127e+00 -3.760925542366084368e-03 -5.771793374495764149e-03 9.999762706386121636e-01 -1.743494033721334269e+00
9.959855045181310595e-01 8.950201515145062015e-02 1.504683884894006526e-03 5.175187776581608290e+01 -8.950607546630456879e-02 9.959820794341671668e-01 2.891349271982106631e-03 2.709513218490818609e+00 -1.239856598218735300e-03 -3.014420312747484454e-03 9.999946879987883230e-01 -1.769201161099349440e+00
