1.000000000000000000e+00 0.000000000000000000e+00 0.000000000000000000e+00 0.000000000000000000e+00 0.000000000000000000e+00 1.000000000000000000e+00 0.000000000000000000e+00 0.000000000000000000e+00 0.000000000000000000e+00 0.000000000000000000e+00 1.000000000000000000e+00 0.000000000000000000e+00
9.999999210722472220e-01 3.972360751776794871e-04 7.681133442547876162e-06 2.754426811501896420e-03 -3.972358552484901522e-04 9.999999206924898854e-01 -2.861274579415459915e-05 -3.539028643478970356e-05 -7.692498848215633086e-06 2.860969231420254478e-05 9.999999995611554837e-01 -6.484240410728243790e-04
9.999999928729048637e-01 -1.193790609143712678e-04 -1.682297430842733372e-06 1.011724873002424127e-03 1.193790326695009309e-04 9.999999927335462280e-01 -1.677957364187444614e-05 -1.261327372063572301e-04 1.684300548362307534e-06 1.677937269124486956e-05 9.999999998578078531e-01 -5.801395531451871215e-04
9.999999009760657254e-01 4.449679548882301701e-04 7.167842084309729445e-06 1.294312583527558241e-03 -4.449679818035301286e-04 9.999999009946969331e-01 3.753850404045543106e-06 -2.064660176723770880e-03 -7.166171031518106913e-06 -3.757039492550648802e-06 9.999999999672652962e-01 -4.060287365746205338e-04
9.999999866508708646e-01 -1.621017632183310083e-04 -2.052502186152747494e-05 1.560491179579870076e-03 1.621014828577638895e-04 9.999999867682515253e-01 -1.366037965281648131e-05 1.026944633852229505e-04 2.052723596157350066e-05 1.365705233398286724e-05 9.999999996960587945e-01 -4.139155963023375285e-04
9.999999942648837292e-01 -1.065466072426328112e-04 -1.086521579984894131e-05 -2.098155724793287439e-03 1.065465192040047199e-04 9.999999942910898776e-01 -8.103053024172287593e-06 -1.917327544987287857e-03 1.086607909062843427e-05 8.101895326776463747e-06 9.999999999081438107e-01 -7.465007805996086996e-04
9.999999981963404450e-01 -5.715810484559127186e-05 -1.844641415394872444e-05 -1.703804372061757874e-03 5.715765046029652784e-05 9.999999980631263385e-01 -2.463230391875221572e-05 -1.173312021701220387e-03 1.844782205403032416e-05 2.463124952063146711e-05 9.999999995264896580e-01 -1.434147028369508765e-04
9.999999889892509097e-01 1.472137789055658747e-04 -1.869762947310205477e-05 -2.432556871983466984e-03 -1.472136160500089267e-04 9.999999891261345253e-01 8.711035081610517418e-06 -1.360966239064859400e-03 1.869891165417909151e-05 -8.708282440049198167e-06 9.999999997872582869e-01 -4.535954885547016820e-04
9.999999299982668122e-01 3.741662737568445538e-04 -1.749608508177754836e-06 -3.441513120995324214e-04 -3.741662884271956422e-04 9.999999299645778716e-01 -8.392137608372142790e-06 -3.036789707289426921e-04 1.746468330785404972e-06 8.392791665429670246e-06 9.999999999632555037e-01 -1.276382030500084613e-04
9.999998781891374922e-01 4.932829383878078316e-04 1.713629976670237999e-05 1.683564532776110146e-03 -4.932824197651306929e-04 9.999998778785184061e-01 -3.025562098384586832e-05 2.156845631513956913e-04 -1.715122225561371957e-05 3.024716426296784189e-05 9.999999993954723498e-01 -2.112219474453879483e-04
9.999999993080525007e-01 3.562743826971547119e-05 -1.070423933287765138e-05 9.919428687944213847e-04 -3.562751343693754081e-05 9.999999993406852861e-01 -7.022083219049240859e-06 -1.771722692894613527e-04 1.070398914698377852e-05 7.022464579620992509e-06 9.999999999180547716e-01 -5.428933678651279206e-04
9.999999542606943237e-01 -3.022922663871446683e-04 -9.899241780422017608e-06 -1.270252311521853162e-03 3.022921432937992559e-04 9.999999542324298218e-01 -1.243375991521256613e-05 -1.561271483102461824e-04 9.902999956822256534e-06 1.243076688348623153e-05 9.999999998737033602e-01 -6.164031110893935031e-04
9.999998632181628100e-01 5.230030102268655445e-04 5.613110618235693554e-06 6.793049296513736096e-04 -5.230030036722239494e-04 9.999998632332363080e-01 -1.169142151531053732e-06 -4.203689996484153259e-04 -5.613721315413354259e-06 1.166206317900360758e-06 9.999999999835630371e-01 -1.660367383396216950e-04
9.999999388754829965e-01 -3.145865362265871674e-04 1.525920755028657922e-04 -2.454977996166634105e-03 3.145997299454979679e-04 9.999999467769019601e-01 -8.644768990057469162e-05 3.194113067091905109e-04 -1.525648721021122039e-04 8.649569004224643765e-05 9.999999846212276333e-01 8.542496943015171710e-04
9.999997461380661923e-01 4.319494712038513765e-04 5.666952068569729379e-04 -1.054051320304330921e-02 -4.316995017327762175e-04 9.999998095117201835e-01 -4.411485730050251951e-04 -4.463599649749492443e-04 -5.668856528010095827e-04 4.409038189757608821e-04 9.999997421222063254e-01 4.561988611250531421e-03
9.999998233539373338e-01 -2.907070515301564645e-04 5.184414184468620320e-04 -1.378392262514716027e-02 2.908681909091371935e-04 9.999999094098699359e-01 -3.107667090570754502e-04 -1.750526937039438092e-03 -5.183510294074828622e-04 3.109174522788359291e-04 9.999998173212574226e-01 3.026326447490850120e-03
9.999999662189297256e-01 1.557917799384188481e-04 2.080650398774065875e-04 -6.995382903673364947e-03 -1.557774197287344986e-04 9.999999854839676239e-01 -6.903231096508727024e-05 -3.199159993717162406e-03 -2.080757915237262579e-04 6.899989679805406556e-05 9.999999759717392855e-01 -8.999652211648086556e-04
9.999999646082498028e-01 6.440322439587186536e-05 -2.581389623464512128e-04 6.254886776062291986e-03 -6.442029121860597563e-05 9.999999957399389183e-01 -6.610709593701146391e-05 -1.273283170178766965e-03 2.581347037366296584e-04 6.612372298449485327e-05 9.999999644970634094e-01 -1.261614510325808399e-03
9.999999162537823727e-01 -2.768191192287251801e-04 -3.014359026400913232e-04 1.825621881538176325e-02 2.768171170531120518e-04 9.999999616638043376e-01 -6.683828270235550248e-06 -3.470083639037302783e-04 3.014377412956404257e-04 6.600385092945080474e-06 9.999999545458604366e-01 -1.420967764743612596e-03
9.999999939129843307e-01 1.311301347810513165e-05 -1.095540055070786273e-04 3.929708410506008859e-02 -1.312025794374608779e-05 9.999999977275768615e-01 -6.612643273537991545e-05 2.512504704783944786e-03 1.095531381413218538e-04 6.612786970967831095e-05 9.999999918126073473e-01 -2.794795112563892327e-04
9.999999917581305908e-01 1.252134800001961882e-04 2.837821816436347864e-05 5.726478624672890622e-02 -1.252118345435623392e-04 9.999999904803060780e-01 -5.797744628982617096e-05 1.549643921327779113e-03 -2.838547745202299981e-05 5.797389252322619247e-05 9.999999979166461772e-01 5.829294651679595325e-04
9.999999884410946116e-01 3.358984487481917380e-05 -1.482886808704953743e-04 8.037865316765802071e-02 -3.360028487810570079e-05 9.999999969573383218e-01 -7.040130807874240019e-05 5.142635718592380696e-04 1.482863156502857449e-04 7.040628980690178697e-05 9.999999865270613464e-01 7.480363667212188133e-04
9.999999546845667053e-01 -1.804504993720027286e-04 -2.409740274497703489e-04 1.046634341953860819e-01 1.804168480956942061e-04 9.999999739722353898e-01 -1.396613386480037263e-04 -1.189197248351805611e-03 2.409992231360570908e-04 1.396178565446842487e-04 9.999999612131135196e-01 1.247391408889263632e-03
9.999998975908760412e-01 -3.786197417912903003e-04 -2.479220209217287345e-04 1.396071296257876126e-01 3.785525821726802250e-04 9.999998916607056865e-01 -2.708810060639107098e-04 -2.697845088434512248e-04 2.480245549586039826e-04 2.707871268020267588e-04 9.999999325790738247e-01 2.342439729907057084e-03
9.999997463217386029e-01 -6.910096813873689700e-04 -1.728064774233840960e-04 1.717631387418308286e-01 6.909776811943193304e-04 9.999997441308224877e-01 -1.851705530068725172e-04 -1.957315484324569869e-03 1.729343878523684620e-04 1.850511006140631836e-04 9.999999679248933182e-01 2.437334138140237298e-03
9.999995564429352557e-01 -8.918968672917351606e-04 -3.027109361873226855e-04 2.123166718560904054e-01 8.918326266817889906e-04 9.999995797844475343e-01 -2.122863497531469155e-04 -5.255834099306738207e-03 3.029001465137930583e-04 2.120162881026914814e-04 9.999999316502951041e-01 3.055738068607817461e-03
9.999994793348054856e-01 -8.197991465322439827e-04 -6.076672422360606318e-04 2.572553560178013621e-01 8.196419375415418731e-04 9.999996305755306514e-01 -2.589129130729056721e-04 -4.319923254214809612e-03 6.078792743340755015e-04 2.584147087101565832e-04 9.999997818522893267e-01 3.322164379291043298e-03
9.999989155247394068e-01 -1.022068433313570680e-03 -1.060342144231615508e-03 3.158907281696648472e-01 1.021819950451086307e-03 9.999994503628364395e-01 -2.348574330480879399e-04 -5.901270989384178878e-03 1.060581601796814315e-03 2.337736995937320659e-04 9.999994102580878064e-01 3.145987884630284219e-03
9.999978554419387544e-01 -1.455009663980179812e-03 -1.473790487529982526e-03 3.940588610215071119e-01 1.454746274853686719e-03 9.999989256971322238e-01 -1.797716809350321664e-04 -3.011164287504686059e-03 1.474050473765705672e-03 1.776273041825755837e-04 9.999988978112633875e-01 3.023239562064877328e-03
9.999971312956036362e-01 -1.699124173807221210e-03 -1.688306134953044060e-03 4.742414515424924759e-01 1.698706062338487801e-03 9.999985261836815686e-01 -2.490545693362226616e-04 -3.373657637552646919e-03 1.688726821339268068e-03 2.461859190057566959e-04 9.999985437960478007e-01 3.840497832076255561e-03
9.999963003190095456e-01 -1.922178865441678689e-03 -1.924727695668174534e-03 5.703235268458941576e-01 1.921876883974062448e-03 9.999981405948192847e-01 -1.587329419829049788e-04 -7.377729112003079959e-03 1.925029229925854591e-03 1.550332650554076669e-04 9.999981351118364392e-01 2.792223665935145496e-03
9.999943872620357110e-01 -2.263331200085327583e-03 -2.470379789519180479e-03 6.783387584343970600e-01 2.263063506711738160e-03 9.999974330911970410e-01 -1.111511648665043260e-04 -1.096219244700890466e-02 2.470625020178920331e-03 1.055599146547624352e-04 9.999969424298826848e-01 1.627301674894397797e-03
9.999922923688157050e-01 -2.504549180459936936e-03 -3.023646203459331040e-03 7.914553093209000245e-01 2.503422332490957448e-03 9.999967955925326279e-01 -3.764057539598859099e-04 -9.259587341672160729e-03 3.024579241187458790e-03 3.688333893318671984e-04 9.999953579303979545e-01 2.721041765926589511e-03
9.999895406137162546e-01 -3.048388938786167693e-03 -3.409690315345304066e-03 9.119571940686018729e-01 3.046646092592714822e-03 9.999952257196343952e-01 -5.162223590882090291e-04 -1.013811623214827713e-03 3.411247683057177290e-03 5.058288400429490975e-04 9.999940537455357381e-01 2.798193054679760320e-03
9.999880639497537027e-01 -3.511352222026073444e-03 -3.397405421233022031e-03 1.044766685476034684e+00 3.510457482989214409e-03 9.999938020671949035e-01 -2.692869396506592395e-04 -2.552002566703357248e-04 3.398329925636414586e-03 2.573572781445012964e-04 9.999941925436106605e-01 7.114009330797868829e-04
9.999866200142387695e-01 -3.837964746808732609e-03 -3.468402961120280788e-03 1.183795777743068101e+00 3.837308288362627825e-03 9.999926183162907156e-01 -1.959031122200267667e-04 -6.243390478011710647e-03 3.469129227705136046e-03 1.825911596090863784e-04 9.999939658832296407e-01 1.208625650911253997e-03
9.999831653284999566e-01 -4.041544793258572757e-03 -4.163529185428580491e-03 1.334539469690370961e+00 4.040815105584259770e-03 9.999918190087441205e-01 -1.836542011692051009e-04 -7.299407743926349286e-03 4.164237370313216176e-03 1.668270577860380874e-04 9.999913156102189227e-01 -1.424911387614630556e-03
9.999774404570140884e-01 -4.603893466082456878e-03 -4.891088017184315635e-03 1.502477922882175410e+00 4.601670940542397850e-03 9.999893038821686675e-01 -4.655596747496678614e-04 -4.947181826843885175e-03 4.893179088675211376e-03 4.430419943398605873e-04 9.999879301832584888e-01 6.106060750695361736e-04
9.999730431811206799e-01 -5.286332379529802040e-03 -5.095841545975807359e-03 1.672799627686053281e+00 5.282726673474448693e-03 9.999857865374075505e-01 -7.207787841937071931e-04 -1.779860002067084647e-03 5.099579392647977417e-03 6.938394162318440445e-04 9.999867563507441881e-01 6.000631473825430474e-03
9.999654332133781631e-01 -5.978327939168234795e-03 -5.778578841960533771e-03 1.865105524419750971e+00 5.972537288689348453e-03 9.999816452266845346e-01 -1.018826809812747479e-03 3.114512418059132287e-03 5.784563658238081607e-03 9.842788146345673745e-04 9.999827848610689518e-01 1.018864761010003853e-02
9.999557988314896617e-01 -6.957778345521249165e-03 -6.323741279643312757e-03 2.062862238746356436e+00 6.952608582855649040e-03 9.999754782443045498e-01 -8.391328667203434193e-04 1.179524513779877000e-02 6.329424710893654868e-03 7.951292781704922792e-04 9.999796528691271558e-01 1.094022451016028394e-02
9.999502654687686398e-01 -7.558836271401357318e-03 -6.506195751844391639e-03 2.272599031906093359e+00 7.554868770145894280e-03 9.999712604833116414e-01 -6.341650279926339378e-04 1.615642564815021956e-02 6.510802316538649021e-03 5.849800329941782714e-04 9.999786333975121400e-01 1.232850775309598905e-02
9.999398525797318360e-01 -8.176155463526860179e-03 -7.310383345653829502e-03 2.490273181578430695e+00 8.172256451245099584e-03 9.999664480278758205e-01 -5.630657231298313685e-04 1.487975048106069884e-02 7.314741780764092739e-03 5.032895287215494780e-04 9.999731202649054795e-01 1.427286284792473638e-02
9.999329191986408016e-01 -8.838636656873786676e-03 -7.485693350137325244e-03 2.726361357391167584e+00 8.835264291575691334e-03 9.999608514200986065e-01 -4.834584672838133468e-04 2.009603834485457555e-02 7.489673409604101148e-03 4.172879573482501177e-04 9.999718649356981182e-01 1.558651753299687692e-02
9.999204853631219470e-01 -9.673044993479186504e-03 -8.090435818463626721e-03 2.965887975528175069e+00 9.669551605220497170e-03 9.999531379624998495e-01 -4.707979435958289808e-04 1.731192877996378526e-02 8.094610733848150996e-03 3.925296216129426198e-04 9.999671610595838311e-01 1.443008716378255292e-02
9.999119033235954745e-01 -1.011244667472392493e-02 -8.597907538210205688e-03 3.226823282968380724e+00 1.011056790851424907e-02 9.999488525905521064e-01 -2.619530599015922490e-04 1.881456628639767079e-02 8.600116763862490285e-03 1.750002546714400219e-04 9.999630029988904045e-01 1.597616284082697263e-02
9.999105395308632849e-01 -1.063469555910600065e-02 -8.112717514062705790e-03 3.485425668432803992e+00 1.062509659160574063e-02 9.999428012411782918e-01 -1.225384986264962863e-03 1.953995067867843674e-02 8.125285072961856495e-03 1.139076955541890555e-03 9.999663405566071583e-01 2.743409115191349640e-02
9.999028150968743978e-01 -1.124123556471019747e-02 -8.245907125628670897e-03 3.756076155607616318e+00 1.123240209902871822e-02 9.999362909361801943e-01 -1.116786407733430606e-03 2.492895920832296358e-02 8.257935845690150822e-03 1.024056528448275775e-03 9.999653783025664877e-01 1.745192952333161213e-02
9.998882695213721084e-01 -1.197226700369993097e-02 -8.950603127611030801e-03 4.033995342395863659e+00 1.196767357314703142e-02 9.999282243101476064e-01 -5.665837992928078907e-04 1.573313475859116836e-02 8.956743984422057409e-03 4.594025980996923621e-04 9.999597820344827692e-01 6.964265219392462396e-03
9.998580330886043255e-01 -1.258674755280987656e-02 -1.120211829205808481e-02 4.325925434406708625e+00 1.258177104349316941e-02 9.999207139625057028e-01 -5.146125940595385525e-04 -2.378048177012014215e-03 1.120770741929608995e-02 3.735970485461930337e-04 9.999371218829955499e-01 -1.711733320225285963e-03
9.998371441266874493e-01 -1.259660193255941231e-02 -1.292326755671159393e-02 4.611770432897286831e+00 1.258267595465947276e-02 9.999201640754902254e-01 -1.158335471620216325e-03 -1.293770612213743058e-02 1.293682690653887891e-02 9.955375419439310355e-04 9.999158201641740185e-01 -5.965385044228189819e-03
9.998188456229872845e-01 -1.297573125916182298e-02 -1.392502550830928588e-02 4.913993609510143301e+00 1.296052869017317970e-02 9.999153108667715451e-01 -1.181435685421594693e-03 -2.728756346352356407e-02 1.393917620192281805e-02 1.000745970564185811e-03 9.999023441688263958e-01 -8.237241136141729148e-03
9.997987169030700949e-01 -1.306683397838213564e-02 -1.522443853664563751e-02 5.236947508540803931e+00 1.304480096243596648e-02 9.999137183819764019e-01 -1.545625886168629269e-03 -2.999993130440924138e-02 1.524332138430245162e-02 1.346715007328183914e-03 9.998829069005349401e-01 -1.024865484378647412e-02
9.997722546212245431e-01 -1.324252095599743641e-02 -1.673542734211610691e-02 5.538509363498783422e+00 1.319638278755341960e-02 9.999088213288270799e-01 -2.864351605533954365e-03 -3.187082043938426618e-02 1.677183266425117183e-02 2.642852157372754373e-03 9.998558500911801650e-01 -2.145383415280021147e-03
9.997330573509132234e-01 -1.396137472141993630e-02 -1.840907536200163397e-02 5.879206566491401276e+00 1.389427282109191586e-02 9.998963705822411230e-01 -3.767927710899525353e-03 -3.084529410682874603e-02 1.845977309093548013e-02 3.511141174831117640e-03 9.998234387456025329e-01 9.079798008416305882e-04
9.996758483228066483e-01 -1.456663182300155061e-02 -2.088088880795059901e-02 6.226485976978316295e+00 1.450350583301095696e-02 9.998897891554395789e-01 -3.171413130207322018e-03 -1.865351945930452185e-02 2.092478431498626459e-02 2.867539018697527579e-03 9.997769404328885612e-01 -4.179760722042395737e-04
9.996877593292605724e-01 -1.511093525308506401e-02 -1.990084126411523907e-02 6.606328813117563925e+00 1.508899234808411087e-02 9.998853704372928641e-01 -1.252316013257290727e-03 -6.098828552223423821e-03 1.991748370557636094e-02 9.516413477106621614e-04 9.998011743449711775e-01 -6.831403521699568743e-03
9.997129822117878373e-01 -1.731646820321314922e-02 -1.655575809743373844e-02 6.988268264728834112e+00 1.732006536690935961e-02 9.998499936858181725e-01 7.390639592107071552e-05 6.670464375017689726e-03 1.655199483142807265e-02 -3.606319959170698787e-04 9.998629413132901211e-01 2.904869826096207960e-02
9.997205595733187344e-01 -1.870219292552119036e-02 -1.445789563480941349e-02 7.375714026569666792e+00 1.872121276710251789e-02 9.998240448803059621e-01 1.181300856213872083e-03 -2.636006139212429544e-04 1.443325877753647186e-02 -1.451640093342402519e-03 9.998947813555684183e-01 4.817122636257675783e-02
9.997274031542627837e-01 -1.982552065024555804e-02 -1.233159005889873823e-02 7.760642206519682063e+00 1.982601889001996825e-02 9.998034418198075146e-01 -8.185498977293274121e-05 -4.539331866223839801e-03 1.233078900178795172e-02 -1.626536610907960544e-04 9.999239597021265524e-01 7.017428559238297892e-02
9.997084130357372089e-01 -2.128337002997771760e-02 -1.140644842774578109e-02 8.147634156647226789e+00 2.126752718412475152e-02 9.997726825908944681e-01 -1.508453671509005613e-03 -1.119675875621089362e-02 1.143596052110589477e-02 1.265426874070799080e-03 9.999338065601073300e-01 8.874312818686218296e-02
9.996547434823342959e-01 -2.223365981396947105e-02 -1.400207857945076628e-02 8.521839094226002942e+00 2.219353807137194878e-02 9.997491488819274519e-01 -3.014328737269540703e-03 -6.105040442508541040e-03 1.406558570209569259e-02 2.702532356595228717e-03 9.998974225477924582e-01 1.006393275032662904e-01
9.995828419780022900e-01 -2.409399085462856499e-02 -1.592550243719467046e-02 8.894885625931820528e+00 2.403216993333779500e-02 9.997029335551603779e-01 -4.061951440113407800e-03 4.440091330011750742e-03 1.601864012565340500e-02 3.677532583640751897e-03 9.998649303394039345e-01 1.134801451017133783e-01
9.995450904381891766e-01 -2.544473923921160285e-02 -1.619189383490127546e-02 9.291323277721190266e+00 2.536917879944972087e-02 9.996663611763074719e-01 -4.855007678883110911e-03 2.227744592351510455e-02 1.631002599488239405e-02 4.442024039668004270e-03 9.998571155292526047e-01 1.410287324378742824e-01
9.995137179301356589e-01 -2.689525146557805724e-02 -1.577888202885667848e-02 9.676520367907116338e+00 2.681257291159892114e-02 9.996257401552356425e-01 -5.428218212033754549e-03 4.436932921528031343e-02 1.591896992074067971e-02 5.002506141983693345e-03 9.998607709721198944e-01 1.633236577892048236e-01
9.994782212551144296e-01 -2.772096936072008036e-02 -1.657809079522252343e-02 1.009273425375645594e+01 2.766521200972505909e-02 9.996108223131099368e-01 -3.583288847556153310e-03 5.199596155340815290e-02 1.667097121254750014e-02 3.122782767032409972e-03 9.998561531273487679e-01 1.407598036527486773e-01
9.993990000941095353e-01 -2.871856534695236413e-02 -1.941346479397521377e-02 1.051222852143162001e+01 2.868896963747150780e-02 9.995867637180009257e-01 -1.801338644897647421e-03 6.207990929667209917e-02 1.945717430754851859e-02 1.243303738509110492e-03 9.998099182163474596e-01 1.160978353554604769e-01
9.993097357719161744e-01 -2.984960299674687539e-02 -2.211454707652123555e-02 1.094873459245719260e+01 2.981478731119584918e-02 9.995536299495899613e-01 -1.902448997029715459e-03 6.509283629930803783e-02 2.216146315231079175e-02 1.241795286971403203e-03 9.997536333994561097e-01 1.159687592918774712e-01
9.992478820174822696e-01 -3.055849140547002574e-02 -2.387150784088953176e-02 1.140387248217657934e+01 3.050157614782517124e-02 9.995309499512862184e-01 -2.744802721099094678e-03 8.001263736870954657e-02 2.394418793933630885e-02 2.014619691441794924e-03 9.997112669023114906e-01 1.292319882612990023e-01
9.992048112826663608e-01 -3.137015959478711008e-02 -2.461012386333708349e-02 1.187190575378257584e+01 3.131317451285171166e-02 9.995059820808203099e-01 -2.697570496321722699e-03 1.060287868072500583e-01 2.468258923814316622e-02 1.924804315383264654e-03 9.996934854828496420e-01 1.434067379750625371e-01
9.991813997641960654e-01 -3.237813453144354481e-02 -2.425256212290747768e-02 1.235097513497156285e+01 3.233465653658716688e-02 9.994747146420774886e-01 -2.182837098504249868e-03 1.263605656851418679e-01 2.431049880036780311e-02 1.396851961164236478e-03 9.997034802643611773e-01 1.499518057378748936e-01
9.991406943297322929e-01 -3.321675338404956462e-02 -2.478951852948670792e-02 1.284503740654667148e+01 3.318710920769166878e-02 9.994478652017618758e-01 -1.606401592861484004e-03 1.327715438162698491e-01 2.482919081922083104e-02 7.823287442198397206e-04 9.996914020061384853e-01 1.553363676174085717e-01
9.990503359321820653e-01 -3.409474360047936442e-02 -2.712885424436128207e-02 1.334213386646169930e+01 3.404613986012015175e-02 9.994177257810384907e-01 -2.251611707645402062e-03 1.410549486557821364e-01 2.718982593580483720e-02 1.325840667063634369e-03 9.996294090872407390e-01 1.635437578072899412e-01
9.989622737303421873e-01 -3.516437914418745619e-02 -2.894550229152416734e-02 1.385369287609423417e+01 3.510588631860404180e-02 9.993804044191074709e-01 -2.526659630111182959e-03 1.515786461298122834e-01 2.901641620341916319e-02 1.507880136157392723e-03 9.995777978167607047e-01 1.720871823553153934e-01
9.988978122800377113e-01 -3.621983146693546346e-02 -2.985438712587054969e-02 1.438056138281635832e+01 3.614844813748562674e-02 9.993421433788407526e-01 -2.927484284516783993e-03 1.769926778943149148e-01 2.994078020703644025e-02 1.845067882592056879e-03 9.995499714396987034e-01 1.835272455072534115e-01
9.988106086794216187e-01 -3.733727208125438290e-02 -3.135755256670665764e-02 1.492691450292144850e+01 3.728520588128289570e-02 9.993021461163850150e-01 -2.243699974910659187e-03 1.955228533048381789e-01 3.141944321329926543e-02 1.071858534251710331e-03 9.995057126937538783e-01 1.839645987651187531e-01
9.987443152726022122e-01 -3.878665292792339570e-02 -3.170785810031433866e-02 1.547872581944887216e+01 3.878879734264786827e-02 9.992472813156236811e-01 -5.477079932237514329e-04 1.987643634708199658e-01 3.170523476291969150e-02 -6.828894373609416257e-04 9.994970293856028087e-01 1.888373042747444608e-01
9.987128421288995472e-01 -3.930254498685938763e-02 -3.206195446899215429e-02 1.603949688967781739e+01 3.929543124281371230e-02 9.992272728702826790e-01 -8.521946132850608847e-04 2.099633737035446757e-01 3.207067274406839863e-02 -4.087906230656433715e-04 9.994855200751882052e-01 2.132262693582485658e-01
9.986280136577081468e-01 -4.076719961597914665e-02 -3.286526697793826918e-02 1.662867715700150129e+01 4.072869542907853191e-02 9.991685473700933073e-01 -1.840465968970896905e-03 2.150353987140164180e-01 3.291297170882032802e-02 4.993814258582160090e-04 9.994580966261096266e-01 2.393100429615137026e-01
9.985666088127158613e-01 -4.116147425774518975e-02 -3.421199791303287246e-02 1.720839173644823106e+01 4.109649531756057184e-02 9.991517976526670397e-01 -2.600638394230703372e-03 2.371152180597294878e-01 3.429002532641391848e-02 1.190917450037753478e-03 9.994112146052499535e-01 2.667410488129690616e-01
9.984927195468866756e-01 -4.203181961335977768e-02 -3.529327346467509008e-02 1.779147674166510740e+01 4.194052094804918973e-02 9.991145813686265198e-01 -3.323552196147893951e-03 2.740547571757925849e-01 3.540171908917137678e-02 1.838324395817304401e-03 9.993714719006877578e-01 2.925713146686639843e-01
9.984005003804230505e-01 -4.357489090939487691e-02 -3.602318312358465668e-02 1.837645766996596919e+01 4.350785569077520593e-02 9.990495886850043750e-01 -2.643074254405654994e-03 2.955318804942634880e-01 3.610411795504299415e-02 1.071555205277929497e-03 9.993474593133913064e-01 3.072534538722355157e-01
9.983127369547023511e-01 -4.517138449558078667e-02 -3.648595972101765367e-02 1.895840067975812460e+01 4.515261004028570807e-02 9.989792036759895799e-01 -1.338816430888784123e-03 3.174791826205753398e-01 3.650919117922512419e-02 -3.108788158281731388e-04 9.993332688917149209e-01 3.194289674633167819e-01
9.982313277784568006e-01 -4.678193890409383660e-02 -3.668332637633708870e-02 1.956007435742528600e+01 4.675782840789782790e-02 9.989051051851431939e-01 -1.515360562872954293e-03 3.306810883035041226e-01 3.671405349776593607e-02 -2.025522933959032160e-04 9.993257913455109165e-01 3.479203533708065121e-01
9.981044206569932298e-01 -4.815771331961241075e-02 -3.831970919506093309e-02 2.016267774089153875e+01 4.810123537840940711e-02 9.988395943279894107e-01 -2.394985964144964036e-03 3.438330817069124579e-01 3.839057983462697277e-02 5.472207266007144463e-04 9.992626601296765720e-01 3.655054458801309525e-01
9.980067870503512850e-01 -4.882261508164578018e-02 -3.998506293635581410e-02 2.077075505441502301e+01 4.873134914916656818e-02 9.988066196339357994e-01 -3.254563800636635796e-03 3.638428084922337158e-01 4.009624186300886350e-02 1.299550699220794556e-03 9.991949772474055802e-01 3.943577490252530016e-01
9.979078247260390055e-01 -4.959102305776084268e-02 -4.148136669192112325e-02 2.137974114433366069e+01 4.947337678411353051e-02 9.987679894904122335e-01 -3.858517702050406201e-03 3.960913404889017109e-01 4.162160905253577126e-02 1.798221722850645464e-03 9.991318271672229301e-01 4.187918407067288684e-01
9.977773110239620546e-01 -5.052088082855556855e-02 -4.345202188734731408e-02 2.199374734183457392e+01 5.040193710883868888e-02 9.987216736672731576e-01 -3.829266629187684599e-03 4.159507159641933072e-01 4.358993394659245457e-02 1.630689286046718266e-03 9.990481762712867253e-01 4.365233378708264222e-01
9.976885883175795611e-01 -5.117800474667637961e-02 -4.470226583769896372e-02 2.261363499906903129e+01 5.106689931194672433e-02 9.986886570370020477e-01 -3.624651747804649368e-03 4.435350371042933726e-01 4.482914828031683147e-02 1.333467576860419314e-03 9.989937784234108609e-01 4.606637245992275531e-01
9.975981360604720960e-01 -5.164853663834689801e-02 -4.615612193186449663e-02 2.323177333094180952e+01 5.153679768121362248e-02 9.986645772158219136e-01 -3.608420583776056779e-03 4.737978847548070527e-01 4.628085363773509764e-02 1.221014930745307949e-03 9.989277209633845578e-01 4.805462053619877216e-01
9.975257457724369115e-01 -5.182782974997408171e-02 -4.750013246877564377e-02 2.386509405790287985e+01 5.174301333708148515e-02 9.986558839898582729e-01 -3.014289838980953144e-03 5.012619438787461190e-01 4.759251088083228665e-02 5.490317317587585771e-04 9.988666835330004545e-01 4.987515148029845746e-01
9.974759469245538801e-01 -5.182163030151387684e-02 -4.854126017995100129e-02 2.448903388223992295e+01 5.176224929143725950e-02 9.986563558869816504e-01 -2.480402149937686873e-03 5.276388550197206317e-01 4.860457648468487213e-02 -3.846332709234721349e-05 9.988180983869470175e-01 5.206882908543313260e-01
9.974136067269954165e-01 -5.181523769122937245e-02 -4.981243076630555849e-02 2.515194450472873200e+01 5.173882126759069694e-02 9.986566598227335501e-01 -2.823148161407293064e-03 5.544995632202049940e-01 4.989179781975076194e-02 2.386099376718154967e-04 9.987546002775710141e-01 5.533999988842508433e-01
9.973987271387250164e-01 -5.146772646426651943e-02 -5.046634754616885488e-02 2.581191376018460915e+01 5.140296015201732682e-02 9.986746581092924568e-01 -2.581266723534648456e-03 5.901915755896647298e-01 5.053231431135310481e-02 -1.956750747456894278e-05 9.987224263164672378e-01 5.895089010641009208e-01
9.974244264536413773e-01 -5.090504037407318078e-02 -5.052910426811985101e-02 2.647413007174864674e+01 5.084865859065550858e-02 9.987034828165559652e-01 -2.401526517050317673e-03 6.315505076235319315e-01 5.058584222048205514e-02 -1.739959629391361201e-04 9.987197015640821851e-01 6.310208023343457651e-01
9.974315596341463142e-01 -5.049960646334426817e-02 -5.079442482046387514e-02 2.715472327208500403e+01 5.043496867674431006e-02 9.987240807893719152e-01 -2.554287767657882277e-03 6.595568768450715824e-01 5.085860576510350256e-02 -1.408799292391548115e-05 9.987058636160890401e-01 6.656346999814808374e-01
9.974175006080064909e-01 -4.992353087823968305e-02 -5.163303734554910290e-02 2.783518510623390085e+01 4.984891208061978385e-02 9.987530315381933921e-01 -2.732756419269903765e-03 6.892479519477822114e-01 5.170508142587205286e-02 1.518483383850378725e-04 9.986623861429978488e-01 7.034928709190247931e-01
9.973642903760464584e-01 -4.945222250488690713e-02 -5.309378468344900376e-02 2.850735964473572892e+01 4.932128862244230388e-02 9.987758332223355406e-01 -3.774315785834063495e-03 7.154714673684453574e-01 5.321543734018382293e-02 1.145713906963306567e-03 9.985823974857239715e-01 7.390161665603969254e-01
9.973111552107667421e-01 -4.851906286783247424e-02 -5.492140047916899137e-02 2.923780573572682684e+01 4.840734199569526885e-02 9.988220143632632331e-01 -3.363460156606651232e-03 7.443808819878067196e-01 5.501989579304690514e-02 6.958173184130902154e-04 9.984850158641248585e-01 7.674223590115647475e-01
9.972332402480779123e-01 -4.728077208695609379e-02 -5.736194849532701145e-02 2.995825806370240940e+01 4.717347837842546243e-02 9.988815092431682086e-01 -3.223884267567395968e-03 7.757773859764480751e-01 5.745021742343070503e-02 5.090019172423721448e-04 9.983482425662143500e-01 7.933691434292271527e-01
9.972411982577554790e-01 -4.575063847585453258e-02 -5.845401249262332372e-02 3.067650123092841241e+01 4.571557571889738047e-02 9.989526172821281413e-01 -1.937669186375138349e-03 7.993693117793417846e-01 5.848143837257992889e-02 -7.399352929320212463e-04 9.982882218385812356e-01 8.139935675443190632e-01
9.972031585508277507e-01 -4.350938715856052241e-02 -6.076836187803016931e-02 3.140282268042659908e+01 4.346492490210777937e-02 9.990528421975019002e-01 -2.053971846822151386e-03 8.209870224814787010e-01 6.080017170622853406e-02 -5.930650722271642869e-04 9.981497820439141355e-01 8.440280862153896058e-01
9.972046847597049180e-01 -4.099841891447474074e-02 -6.246556123025603924e-02 3.214475824772743806e+01 4.096354524539859432e-02 9.991589486370423545e-01 -1.839380180488082647e-03 8.552608917087937135e-01 6.248843616402804946e-02 -7.245723106979420252e-04 9.980454249886328011e-01 8.785527685780480933e-01
9.974223609881495145e-01 -3.829901865103482045e-02 -6.067799412631515177e-02 3.289306082306271861e+01 3.827432645504912773e-02 9.992660368111251357e-01 -1.569589181711820427e-03 8.918519601711762945e-01 6.069357243759651577e-02 -7.568660084236774731e-04 9.981561588341814062e-01 9.335652065037322034e-01
9.976402311097796183e-01 -3.550402709807885110e-02 -5.876591980939712551e-02 3.362905059943921060e+01 3.553381193303039448e-02 9.993683296606783450e-01 -5.384057334125375623e-04 9.047709168698000459e-01 5.874791469263940941e-02 -1.551041922266148182e-03 9.982716447882418187e-01 9.693920492502883235e-01
9.977354330586124531e-01 -3.267372996584880229e-02 -5.879143636161600350e-02 3.436859205943144246e+01 3.262706231650408517e-02 9.994660569628760483e-01 -1.753791229303063286e-03 9.125010688739476628e-01 5.881734798457093072e-02 -1.683722061841413410e-04 9.982687469949472758e-01 1.014982797798395175e+00
9.976854709387146247e-01 -2.955754681593111138e-02 -6.123767226160054672e-02 3.510266462602130844e+01 2.940826818874657522e-02 9.995619106307053192e-01 -3.337750504849604401e-03 9.221625470324728013e-01 6.130950040518937799e-02 1.529131295183094527e-03 9.981176318037610073e-01 1.061964110349940205e+00
9.977083079808787280e-01 -2.612620697387972590e-02 -6.241436929978546461e-02 3.583624536236058589e+01 2.595578634506106458e-02 9.996568244286175853e-01 -3.539848655173386850e-03 9.490492657782142460e-01 6.248543303155981027e-02 1.911722377854459124e-03 9.980440451084353626e-01 1.105989419015445563e+00
9.976992264458094395e-01 -2.258831073785499619e-02 -6.392199752388537382e-02 3.655632184246722005e+01 2.244842973342074319e-02 9.997437794477711526e-01 -2.905762892929580638e-03 9.664755932792121751e-01 6.397125566953625053e-02 1.464128920675944207e-03 9.979506675054465870e-01 1.139098246149796267e+00
9.976013312243766640e-01 -2.014940014571695373e-02 -6.622375414546732841e-02 3.729111067846258010e+01 1.999272934307045821e-02 9.997955409395685722e-01 -3.027720391669740715e-03 9.820156199058437396e-01 6.627122084861761242e-02 1.696464300592555579e-03 9.978002040970479491e-01 1.187115371631099370e+00
9.976294598819901438e-01 -1.669371075423877956e-02 -6.675912519515460330e-02 3.800934946937052672e+01 1.662386824225116008e-02 9.998605312058767014e-01 -1.601605871129726600e-03 9.978480210988647237e-01 6.677655112562182194e-02 4.880142989467739587e-04 9.977678357522912211e-01 1.217881625582471816e+00
9.976560648342335247e-01 -1.296667385574687067e-02 -6.718810660072532803e-02 3.872545196583428861e+01 1.288916102903936087e-02 9.999156718481921891e-01 -1.587047682308123046e-03 9.964017053874922869e-01 6.720301948156223726e-02 7.173294202228015998e-04 9.977390638894838570e-01 1.256300748654305410e+00
9.975351563737895333e-01 -8.702765733907262546e-03 -6.962667353033677453e-02 3.944807349006273967e+01 8.572829346483554214e-03 9.999609093844187280e-01 -2.164786382642674631e-03 9.939395445450524003e-01 6.964279140955967340e-02 1.562552932586410044e-03 9.975707694359420286e-01 1.294751626745041184e+00
9.972844980881685473e-01 -3.971815013711447843e-03 -7.353811636509785532e-02 4.016454532167978186e+01 3.787672823021995348e-03 9.999893331227338589e-01 -2.643326566231485840e-03 1.003537456016502016e+00 7.354783074717810565e-02 2.357610283074978823e-03 9.972889041126135057e-01 1.344190575418817701e+00
9.972236681796970981e-01 7.689120872089326344e-04 -7.446048882750914977e-02 4.086996688899738217e+01 -8.471507180684530788e-04 9.999991218213898359e-01 -1.019162455168657645e-03 1.015242078783564095e+00 7.445963979156995649e-02 1.079412178592267357e-03 9.972234438236289300e-01 1.387866158131295435e+00
9.971686032262881971e-01 5.765886162074616329e-03 -7.497687174388803499e-02 4.159432605995006327e+01 -5.779847968819321925e-03 9.999832960658687764e-01 3.076846380006820333e-05 1.008494032364547266e+00 7.497579674262072613e-02 4.026735737864055266e-04 9.971852725330444533e-01 1.428392031432970777e+00
9.970718532445160820e-01 1.124576827253889223e-02 -7.563895929682375174e-02 4.230169621656732204e+01 -1.127442482906188502e-02 9.999364404933831496e-01 4.814765447726899539e-05 9.863697920931392416e-01 7.563469317925496094e-02 8.047790896614837909e-04 9.971352694184960619e-01 1.486722938941734240e+00
9.969561677227442020e-01 1.708812596200258785e-02 -7.606836129880908959e-02 4.301355322125383651e+01 -1.710443917135464828e-02 9.998536128439946546e-01 4.370851685685855567e-04 9.759978935047999293e-01 7.606469483415320698e-02 8.653519040755215750e-04 9.971025089557589149e-01 1.539420353439086675e+00
9.967976128635435140e-01 2.301120484493234322e-02 -7.658331046073783843e-02 4.372940686182130321e+01 -2.297656346934579333e-02 9.997351145366166758e-01 1.333526751559765185e-03 9.645473865014599912e-01 7.659371071230534900e-02 4.303650108493062526e-04 9.970622940745864637e-01 1.590267412706298789e+00
9.966500190139584436e-01 2.903144442927726651e-02 -7.645858247329699597e-02 4.443136229821632810e+01 -2.897867222306206927e-02 9.995784097529790690e-01 1.799808849227995181e-03 9.356683617713608125e-01 7.647859933121488318e-02 4.218886763290597428e-04 9.970711337985270761e-01 1.649349702682295193e+00
9.965061442678443404e-01 3.558561199323966723e-02 -7.555904085879373844e-02 4.513126653404058430e+01 -3.559801736891591434e-02 9.993654894837556979e-01 1.183041967034362003e-03 9.057512670304694868e-01 7.555319712518211717e-02 1.510843459793508384e-03 9.971406278736231199e-01 1.705545677424909146e+00
9.962972218307158956e-01 4.199924788391541652e-02 -7.501939049060983578e-02 4.582896639025996421e+01 -4.205496132734905246e-02 9.991149476796254980e-01 8.375863503394031856e-04 8.653369355490789783e-01 7.498817240173512311e-02 2.320452611997416478e-03 9.971817234082878123e-01 1.766263672899623272e+00
9.960137459019375861e-01 4.780982297715800911e-02 -7.530497195592951443e-02 4.651889200231643429e+01 -4.794944487683522327e-02 9.988497627799269862e-01 -4.615719679939840440e-05 8.298060081855180847e-01 7.521614660692114984e-02 3.656804804236966563e-03 9.971605482911113372e-01 1.821791363400738772e+00
9.956511539265026078e-01 5.360477596732598354e-02 -7.619256970542929996e-02 4.723865205179987470e+01 -5.376791145975377134e-02 9.985534555632809006e-01 -8.988819092816497866e-05 7.947799253015249699e-01 7.607753533126578038e-02 4.186212622834632746e-03 9.970931171369082913e-01 1.861329927413611252e+00
9.952924629377253307e-01 5.839490370038370043e-02 -7.734952127311148229e-02 4.789945693453628195e+01 -5.859609532914122204e-02 9.982817174154748896e-01 -3.320936435236513523e-04 7.565422634097644927e-01 7.719722036145346133e-02 4.862910222571294530e-03 9.970039825761141117e-01 1.905610560806663800e+00
9.948219492923939811e-01 6.377685953156279897e-02 -7.913154487543345994e-02 4.859037171989717763e+01 -6.398544814522207080e-02 9.979508265994669891e-01 -1.005738324526390080e-04 7.050483490204084713e-01 7.896297633534675453e-02 5.163320417326701731e-03 9.968641775540595384e-01 1.943715804833680227e+00
9.943646376136676679e-01 6.879935278585397329e-02 -8.065740213822342186e-02 4.928609403292642099e+01 -6.897975207490567029e-02 9.976179079337655908e-01 5.509750822419545550e-04 6.588713232304770351e-01 8.050317550956626045e-02 5.015857464512935363e-03 9.967417317975462154e-01 1.996215011267441719e+00
9.940652005995935792e-01 7.384855333741933980e-02 -7.987971035788789254e-02 4.999325620632028944e+01 -7.399804874998526516e-02 9.972577892385382503e-01 1.091138972787553812e-03 5.960525330477471906e-01 7.974124239115247537e-02 4.826279419331597383e-03 9.968039131588930513e-01 2.045481815114996937e+00
9.936823453837776432e-01 7.928683657859536549e-02 -7.942917611277389156e-02 5.068404943377372973e+01 -7.948427808473734757e-02 9.968358892357862544e-01 6.778413144046010856e-04 5.210282328843440780e-01 7.923159729516424110e-02 5.639811775093709484e-03 9.968402813456117562e-01 2.097422969325402065e+00
9.932664047051602552e-01 8.412208223985269406e-02 -7.965754555417940697e-02 5.137630083927491853e+01 -8.433182106696283931e-02 9.964374571089585908e-01 7.335023940536612545e-04 4.487974586330923943e-01 7.943546588026327571e-02 5.989102592524189056e-03 9.968220189233992778e-01 2.138986180780737545e+00
9.927331694024335018e-01 8.826158059080542462e-02 -8.179699114155776496e-02 5.206130982703727028e+01 -8.862441929746318892e-02 9.960647862100807659e-01 -8.086881064112614280e-04 3.755907731206383771e-01 8.140372640356675904e-02 8.052022347135999458e-03 9.966486834706271836e-01 2.192049492463964633e+00
