1.000000000000000000e+00 0.000000000000000000e+00 0.000000000000000000e+00 0.000000000000000000e+00 0.000000000000000000e+00 1.000000000000000000e+00 0.000000000000000000e+00 0.000000000000000000e+00 0.000000000000000000e+00 0.000000000000000000e+00 1.000000000000000000e+00 0.000000000000000000e+00
9.999999210722472220e-01 3.972360751776796498e-04 7.681133442547845668e-06 2.754426811501880807e-03 -3.972358552484903148e-04 9.999999206924898854e-01 -2.861274579415458221e-05 -3.539028643477728944e-05 -7.692498848215602593e-06 2.860969231420252784e-05 9.999999995611554837e-01 -6.484240410728257884e-04
9.999999928729048637e-01 -1.193790609143723520e-04 -1.682297430842564389e-06 1.011724873002398974e-03 1.193790326695020151e-04 9.999999927335462280e-01 -1.677957364187418186e-05 -1.261327372071191261e-04 1.684300548362138127e-06 1.677937269124460528e-05 9.999999998578078531e-01 -5.801395531451871215e-04
9.999999009760657254e-01 4.449679548882403616e-04 7.167842084309688788e-06 1.294312583527694200e-03 -4.449679818035403201e-04 9.999999009946969331e-01 3.753850404045382169e-06 -2.064660176725906758e-03 -7.166171031518066255e-06 -3.757039492550487865e-06 9.999999999672652962e-01 -4.060287365746146791e-04
9.999999866508708646e-01 -1.621017632183305746e-04 -2.052502186152760369e-05 1.560491179580256486e-03 1.621014828577634558e-04 9.999999867682515253e-01 -1.366037965281666088e-05 1.026944633852966762e-04 2.052723596157362941e-05 1.365705233398304681e-05 9.999999996960587945e-01 -4.139155963023341675e-04
9.999999942648837292e-01 -1.065466072426351964e-04 -1.086521579984660180e-05 -2.098155724792697199e-03 1.065465192040071052e-04 9.999999942910898776e-01 -8.103053024169905736e-06 -1.917327544985942146e-03 1.086607909062609477e-05 8.101895326774081891e-06 9.999999999081438107e-01 -7.465007805996118437e-04
9.999999981963404450e-01 -5.715810484558992338e-05 -1.844641415394724043e-05 -1.703804372062539367e-03 5.715765046029517936e-05 9.999999980631263385e-01 -2.463230391875374377e-05 -1.173312021701728228e-03 1.844782205402884016e-05 2.463124952063299516e-05 9.999999995264896580e-01 -1.434147028371858231e-04
9.999999889892509097e-01 1.472137789055698049e-04 -1.869762947310097057e-05 -2.432556871982240534e-03 -1.472136160500128570e-04 9.999999891261345253e-01 8.711035081610239592e-06 -1.360966239064677471e-03 1.869891165417800731e-05 -8.708282440048920341e-06 9.999999997872582869e-01 -4.535954885546226978e-04
9.999999299982668122e-01 3.741662737568395122e-04 -1.749608508179553722e-06 -3.441513121006174909e-04 -3.741662884271906007e-04 9.999999299645778716e-01 -8.392137608370469053e-06 -3.036789707289693635e-04 1.746468330787204705e-06 8.392791665427996509e-06 9.999999999632555037e-01 -1.276382030497292793e-04
9.999998781891374922e-01 4.932829383878072895e-04 1.713629976670287466e-05 1.683564532776049430e-03 -4.932824197651301508e-04 9.999998778785184061e-01 -3.025562098384682378e-05 2.156845631510441929e-04 -1.715122225561422102e-05 3.024716426296879734e-05 9.999999993954723498e-01 -2.112219474453290219e-04
9.999999993080525007e-01 3.562743826971070070e-05 -1.070423933287706862e-05 9.919428687938753805e-04 -3.562751343693277032e-05 9.999999993406852861e-01 -7.022083219050270004e-06 -1.771722692885363114e-04 1.070398914698319576e-05 7.022464579622021654e-06 9.999999999180547716e-01 -5.428933678651015745e-04
9.999999542606943237e-01 -3.022922663871382173e-04 -9.899241780417851900e-06 -1.270252311520045146e-03 3.022921432937928049e-04 9.999999542324298218e-01 -1.243375991521155986e-05 -1.561271483108829885e-04 9.902999956818090826e-06 1.243076688348522864e-05 9.999999998737033602e-01 -6.164031110894100914e-04
9.999998632181628100e-01 5.230030102268707487e-04 5.613110618235517371e-06 6.793049296516086646e-04 -5.230030036722291536e-04 9.999998632332363080e-01 -1.169142151532559968e-06 -4.203689996491986620e-04 -5.613721315413178076e-06 1.166206317901866994e-06 9.999999999835630371e-01 -1.660367383396118288e-04
9.999999388754829965e-01 -3.145865362265863000e-04 1.525920755028654398e-04 -2.454977996166356549e-03 3.145997299454971006e-04 9.999999467769019601e-01 -8.644768990057286203e-05 3.194113067104252003e-04 -1.525648721021118516e-04 8.649569004224460806e-05 9.999999846212276333e-01 8.542496943016147492e-04
9.999997461380661923e-01 4.319494712038518102e-04 5.666952068569644811e-04 -1.054051320304445066e-02 -4.316995017327766512e-04 9.999998095117201835e-01 -4.411485730050232435e-04 -4.463599649756791292e-04 -5.668856528010011260e-04 4.409038189757589305e-04 9.999997421222063254e-01 4.561988611250306774e-03
9.999998233539373338e-01 -2.907070515301634034e-04 5.184414184468639835e-04 -1.378392262514761477e-02 2.908681909091441324e-04 9.999999094098699359e-01 -3.107667090570728481e-04 -1.750526937036676195e-03 -5.183510294074848137e-04 3.109174522788333271e-04 9.999998173212574226e-01 3.026326447490713945e-03
9.999999662189297256e-01 1.557917799384194986e-04 2.080650398774107617e-04 -6.995382903672466360e-03 -1.557774197287351491e-04 9.999999854839676239e-01 -6.903231096508599630e-05 -3.199159993716447700e-03 -2.080757915237304320e-04 6.899989679805279162e-05 9.999999759717392855e-01 -8.999652211647104268e-04
9.999999646082498028e-01 6.440322439586134860e-05 -2.581389623464450870e-04 6.254886776062651942e-03 -6.442029121859545887e-05 9.999999957399389183e-01 -6.610709593700760144e-05 -1.273283170174970089e-03 2.581347037366235326e-04 6.612372298449099080e-05 9.999999644970634094e-01 -1.261614510325487475e-03
9.999999162537823727e-01 -2.768191192287237164e-04 -3.014359026400919195e-04 1.825621881538194713e-02 2.768171170531105881e-04 9.999999616638043376e-01 -6.683828270238601261e-06 -3.470083639025392823e-04 3.014377412956410220e-04 6.600385092948131486e-06 9.999999545458604366e-01 -1.420967764743690225e-03
9.999999939129843307e-01 1.311301347810513165e-05 -1.095540055070786138e-04 3.929708410505988736e-02 -1.312025794374608779e-05 9.999999977275768615e-01 -6.612643273538124360e-05 2.512504704784364589e-03 1.095531381413218403e-04 6.612786970967963909e-05 9.999999918126073473e-01 -2.794795112563263489e-04
9.999999917581305908e-01 1.252134800001927187e-04 2.837821816436452896e-05 5.726478624672970419e-02 -1.252118345435588697e-04 9.999999904803060780e-01 -5.797744628982732292e-05 1.549643921330450588e-03 -2.838547745202405013e-05 5.797389252322734444e-05 9.999999979166461772e-01 5.829294651679617009e-04
9.999999884410946116e-01 3.358984487481746618e-05 -1.482886808704943985e-04 8.037865316765765988e-02 -3.360028487810399317e-05 9.999999969573383218e-01 -7.040130807874562570e-05 5.142635718600884094e-04 1.482863156502847691e-04 7.040628980690501247e-05 9.999999865270613464e-01 7.480363667211578811e-04
9.999999546845667053e-01 -1.804504993720000723e-04 -2.409740274497565796e-04 1.046634341953878444e-01 1.804168480956915498e-04 9.999999739722353898e-01 -1.396613386480065452e-04 -1.189197248351847461e-03 2.409992231360433214e-04 1.396178565446870676e-04 9.999999612131135196e-01 1.247391408889421708e-03
9.999998975908760412e-01 -3.786197417912932277e-04 -2.479220209217331797e-04 1.396071296257880845e-01 3.785525821726831524e-04 9.999998916607056865e-01 -2.708810060639090835e-04 -2.697845088400750192e-04 2.480245549586084278e-04 2.707871268020251325e-04 9.999999325790738247e-01 2.342439729906487227e-03
9.999997463217386029e-01 -6.910096813873740657e-04 -1.728064774233833371e-04 1.717631387418311339e-01 6.909776811943244262e-04 9.999997441308224877e-01 -1.851705530068723275e-04 -1.957315484322839048e-03 1.729343878523677031e-04 1.850511006140629939e-04 9.999999679248933182e-01 2.437334138140134082e-03
9.999995564429352557e-01 -8.918968672917335343e-04 -3.027109361873197039e-04 2.123166718560907662e-01 8.918326266817873643e-04 9.999995797844475343e-01 -2.122863497531505476e-04 -5.255834099307902206e-03 3.029001465137900768e-04 2.120162881026951135e-04 9.999999316502951041e-01 3.055738068607719883e-03
9.999994793348054856e-01 -8.197991465322438743e-04 -6.076672422360609570e-04 2.572553560178023058e-01 8.196419375415417647e-04 9.999996305755306514e-01 -2.589129130729028532e-04 -4.319923254213621326e-03 6.078792743340758267e-04 2.584147087101537643e-04 9.999997818522893267e-01 3.322164379290957429e-03
9.999989155247394068e-01 -1.022068433313569813e-03 -1.060342144231613123e-03 3.158907281696647917e-01 1.021819950451085439e-03 9.999994503628364395e-01 -2.348574330480895120e-04 -5.901270989383356619e-03 1.060581601796811929e-03 2.337736995937336379e-04 9.999994102580878064e-01 3.145987884630131997e-03
9.999978554419387544e-01 -1.455009663980176777e-03 -1.473790487529972985e-03 3.940588610215091103e-01 1.454746274853683683e-03 9.999989256971322238e-01 -1.797716809350334132e-04 -3.011164287503895892e-03 1.474050473765696131e-03 1.776273041825768306e-04 9.999988978112633875e-01 3.023239562064915925e-03
9.999971312956036362e-01 -1.699124173807220559e-03 -1.688306134953042109e-03 4.742414515424928090e-01 1.698706062338487151e-03 9.999985261836815686e-01 -2.490545693362226616e-04 -3.373657637551766980e-03 1.688726821339266116e-03 2.461859190057566959e-04 9.999985437960478007e-01 3.840497832076159718e-03
9.999963003190095456e-01 -1.922178865441671967e-03 -1.924727695668171932e-03 5.703235268458959339e-01 1.921876883974055726e-03 9.999981405948192847e-01 -1.587329419829066593e-04 -7.377729112002887404e-03 1.925029229925851989e-03 1.550332650554093474e-04 9.999981351118364392e-01 2.792223665935175854e-03
9.999943872620357110e-01 -2.263331200085327150e-03 -2.470379789519177010e-03 6.783387584343971710e-01 2.263063506711737727e-03 9.999974330911970410e-01 -1.111511648665068603e-04 -1.096219244700832353e-02 2.470625020178916862e-03 1.055599146547649695e-04 9.999969424298826848e-01 1.627301674894007918e-03
9.999922923688157050e-01 -2.504549180459939104e-03 -3.023646203459331473e-03 7.914553093208990253e-01 2.503422332490959617e-03 9.999967955925326279e-01 -3.764057539598874820e-04 -9.259587341671531024e-03 3.024579241187459223e-03 3.688333893318686621e-04 9.999953579303979545e-01 2.721041765926628976e-03
9.999895406137162546e-01 -3.048388938786160754e-03 -3.409690315345300596e-03 9.119571940686026501e-01 3.046646092592707883e-03 9.999952257196343952e-01 -5.162223590882139080e-04 -1.013811623217652710e-03 3.411247683057173821e-03 5.058288400429539764e-04 9.999940537455357381e-01 2.798193054679711748e-03
9.999880639497537027e-01 -3.511352222026071709e-03 -3.397405421233030704e-03 1.044766685476035351e+00 3.510457482989212674e-03 9.999938020671949035e-01 -2.692869396506591311e-04 -2.552002566713843651e-04 3.398329925636423259e-03 2.573572781445011880e-04 9.999941925436106605e-01 7.114009330795080261e-04
9.999866200142387695e-01 -3.837964746808730874e-03 -3.468402961120284258e-03 1.183795777743067879e+00 3.837308288362626090e-03 9.999926183162907156e-01 -1.959031122200295043e-04 -6.243390478012283105e-03 3.469129227705139516e-03 1.825911596090890618e-04 9.999939658832296407e-01 1.208625650911170080e-03
9.999831653284999566e-01 -4.041544793258570155e-03 -4.163529185428576154e-03 1.334539469690370739e+00 4.040815105584257168e-03 9.999918190087441205e-01 -1.836542011692086787e-04 -7.299407743926842815e-03 4.164237370313211839e-03 1.668270577860417195e-04 9.999913156102189227e-01 -1.424911387614475732e-03
9.999774404570140884e-01 -4.603893466082456878e-03 -4.891088017184315635e-03 1.502477922882175854e+00 4.601670940542397850e-03 9.999893038821686675e-01 -4.655596747496693250e-04 -4.947181826844036096e-03 4.893179088675211376e-03 4.430419943398620510e-04 9.999879301832584888e-01 6.106060750695205611e-04
9.999730431811206799e-01 -5.286332379529802040e-03 -5.095841545975809093e-03 1.672799627686053503e+00 5.282726673474448693e-03 9.999857865374075505e-01 -7.207787841937090363e-04 -1.779860002067078575e-03 5.099579392647979152e-03 6.938394162318458876e-04 9.999867563507441881e-01 6.000631473825368892e-03
9.999654332133781631e-01 -5.978327939168232193e-03 -5.778578841960532037e-03 1.865105524419751637e+00 5.972537288689345851e-03 9.999816452266845346e-01 -1.018826809812746178e-03 3.114512418059081546e-03 5.784563658238079872e-03 9.842788146345660735e-04 9.999827848610689518e-01 1.018864761010002985e-02
9.999557988314896617e-01 -6.957778345521250900e-03 -6.323741279643313624e-03 2.062862238746356436e+00 6.952608582855650775e-03 9.999754782443045498e-01 -8.391328667203436361e-04 1.179524513779845428e-02 6.329424710893655735e-03 7.951292781704924961e-04 9.999796528691271558e-01 1.094022451016019720e-02
9.999502654687686398e-01 -7.558836271401355583e-03 -6.506195751844392507e-03 2.272599031906092915e+00 7.554868770145892545e-03 9.999712604833116414e-01 -6.341650279926345883e-04 1.615642564814984833e-02 6.510802316538649888e-03 5.849800329941789220e-04 9.999786333975121400e-01 1.232850775309592833e-02
9.999398525797318360e-01 -8.176155463526854975e-03 -7.310383345653827768e-03 2.490273181578430695e+00 8.172256451245094380e-03 9.999664480278758205e-01 -5.630657231298336453e-04 1.487975048106086537e-02 7.314741780764091005e-03 5.032895287215517549e-04 9.999731202649054795e-01 1.427286284792463403e-02
9.999329191986408016e-01 -8.838636656873778003e-03 -7.485693350137317438e-03 2.726361357391169360e+00 8.835264291575682660e-03 9.999608514200986065e-01 -4.834584672838135094e-04 2.009603834485580720e-02 7.489673409604093342e-03 4.172879573482503887e-04 9.999718649356981182e-01 1.558651753299728111e-02
9.999204853631219470e-01 -9.673044993479177830e-03 -8.090435818463612844e-03 2.965887975528176401e+00 9.669551605220488497e-03 9.999531379624998495e-01 -4.707979435958298481e-04 1.731192877996480181e-02 8.094610733848137119e-03 3.925296216129437040e-04 9.999671610595838311e-01 1.443008716378260843e-02
9.999119033235954745e-01 -1.011244667472391626e-02 -8.597907538210195280e-03 3.226823282968381168e+00 1.011056790851424039e-02 9.999488525905521064e-01 -2.619530599015953932e-04 1.881456628639740711e-02 8.600116763862479877e-03 1.750002546714433558e-04 9.999630029988904045e-01 1.597616284082731264e-02
9.999105395308632849e-01 -1.063469555910600238e-02 -8.112717514062702320e-03 3.485425668432803104e+00 1.062509659160574237e-02 9.999428012411782918e-01 -1.225384986264960912e-03 1.953995067868052535e-02 8.125285072961853025e-03 1.139076955541888604e-03 9.999663405566071583e-01 2.743409115191368028e-02
9.999028150968743978e-01 -1.124123556471019400e-02 -8.245907125628674367e-03 3.756076155607617206e+00 1.123240209902871475e-02 9.999362909361801943e-01 -1.116786407733432558e-03 2.492895920832273460e-02 8.257935845690154292e-03 1.024056528448277726e-03 9.999653783025664877e-01 1.745192952333160866e-02
9.998882695213721084e-01 -1.197226700369992923e-02 -8.950603127611029067e-03 4.033995342395863659e+00 1.196767357314702969e-02 9.999282243101476064e-01 -5.665837992928093002e-04 1.573313475859163674e-02 8.956743984422055674e-03 4.594025980996938800e-04 9.999597820344827692e-01 6.964265219392251627e-03
9.998580330886043255e-01 -1.258674755280986962e-02 -1.120211829205808481e-02 4.325925434406709513e+00 1.258177104349316247e-02 9.999207139625057028e-01 -5.146125940595431061e-04 -2.378048177013709907e-03 1.120770741929608995e-02 3.735970485461976415e-04 9.999371218829955499e-01 -1.711733320225548773e-03
9.998371441266874493e-01 -1.259660193255941404e-02 -1.292326755671158525e-02 4.611770432897285943e+00 1.258267595465947450e-02 9.999201640754902254e-01 -1.158335471620216325e-03 -1.293770612213552586e-02 1.293682690653887024e-02 9.955375419439310355e-04 9.999158201641740185e-01 -5.965385044228081399e-03
9.998188456229872845e-01 -1.297573125916181951e-02 -1.392502550830928415e-02 4.913993609510142413e+00 1.296052869017317623e-02 9.999153108667715451e-01 -1.181435685421595560e-03 -2.728756346352319978e-02 1.393917620192281631e-02 1.000745970564186679e-03 9.999023441688263958e-01 -8.237241136141777720e-03
9.997987169030700949e-01 -1.306683397838213391e-02 -1.522443853664563577e-02 5.236947508540803042e+00 1.304480096243596475e-02 9.999137183819764019e-01 -1.545625886168628185e-03 -2.999993130440841219e-02 1.524332138430244989e-02 1.346715007328182830e-03 9.998829069005349401e-01 -1.024865484378647065e-02
9.997722546212245431e-01 -1.324252095599744508e-02 -1.673542734211609997e-02 5.538509363498783422e+00 1.319638278755342828e-02 9.999088213288270799e-01 -2.864351605533949595e-03 -3.187082043938082448e-02 1.677183266425116490e-02 2.642852157372749602e-03 9.998558500911801650e-01 -2.145383415279911860e-03
9.997330573509132234e-01 -1.396137472141993456e-02 -1.840907536200163050e-02 5.879206566491401276e+00 1.389427282109191412e-02 9.998963705822411230e-01 -3.767927710899528389e-03 -3.084529410682907563e-02 1.845977309093547666e-02 3.511141174831121543e-03 9.998234387456025329e-01 9.079798008413582366e-04
9.996758483228066483e-01 -1.456663182300154367e-02 -2.088088880795060248e-02 6.226485976978316295e+00 1.450350583301095002e-02 9.998897891554395789e-01 -3.171413130207326354e-03 -1.865351945930489655e-02 2.092478431498626806e-02 2.867539018697531916e-03 9.997769404328885612e-01 -4.179760722044130461e-04
9.996877593292605724e-01 -1.511093525308506227e-02 -1.990084126411523213e-02 6.606328813117563037e+00 1.508899234808410914e-02 9.998853704372928641e-01 -1.252316013257298100e-03 -6.098828552223277237e-03 1.991748370557635400e-02 9.516413477106695339e-04 9.998011743449711775e-01 -6.831403521700023240e-03
9.997129822117878373e-01 -1.731646820321314922e-02 -1.655575809743373150e-02 6.988268264728835000e+00 1.732006536690935961e-02 9.998499936858181725e-01 7.390639592107011921e-05 6.670464375018607395e-03 1.655199483142806571e-02 -3.606319959170691740e-04 9.998629413132901211e-01 2.904869826096224961e-02
9.997205595733187344e-01 -1.870219292552119730e-02 -1.445789563480940655e-02 7.375714026569666792e+00 1.872121276710252483e-02 9.998240448803059621e-01 1.181300856213870782e-03 -2.636006139205629428e-04 1.443325877753646493e-02 -1.451640093342401218e-03 9.998947813555684183e-01 4.817122636257656354e-02
9.997274031542627837e-01 -1.982552065024556498e-02 -1.233159005889872782e-02 7.760642206519682063e+00 1.982601889001997519e-02 9.998034418198075146e-01 -8.185498977293175187e-05 -4.539331866222949888e-03 1.233078900178794131e-02 -1.626536610907968676e-04 9.999239597021265524e-01 7.017428559238299279e-02
9.997084130357372089e-01 -2.128337002997772107e-02 -1.140644842774577068e-02 8.147634156647226789e+00 2.126752718412475499e-02 9.997726825908944681e-01 -1.508453671509007565e-03 -1.119675875620972094e-02 1.143596052110588436e-02 1.265426874070801032e-03 9.999338065601073300e-01 8.874312818686169724e-02
9.996547434823342959e-01 -2.223365981396947452e-02 -1.400207857945076455e-02 8.521839094226002942e+00 2.219353807137195225e-02 9.997491488819274519e-01 -3.014328737269540270e-03 -6.105040442507109893e-03 1.406558570209569085e-02 2.702532356595228284e-03 9.998974225477924582e-01 1.006393275032662626e-01
9.995828419780022900e-01 -2.409399085462857540e-02 -1.592550243719466352e-02 8.894885625931820528e+00 2.403216993333780541e-02 9.997029335551603779e-01 -4.061951440113408668e-03 4.440091330013468118e-03 1.601864012565339807e-02 3.677532583640752764e-03 9.998649303394039345e-01 1.134801451017134477e-01
9.995450904381891766e-01 -2.544473923921160632e-02 -1.619189383490126505e-02 9.291323277721190266e+00 2.536917879944972434e-02 9.996663611763074719e-01 -4.855007678883114380e-03 2.227744592351457720e-02 1.631002599488238364e-02 4.442024039668007740e-03 9.998571155292526047e-01 1.410287324378740881e-01
9.995137179301356589e-01 -2.689525146557804336e-02 -1.577888202885666807e-02 9.676520367907116338e+00 2.681257291159890727e-02 9.996257401552356425e-01 -5.428218212033761488e-03 4.436932921527839135e-02 1.591896992074066930e-02 5.002506141983702019e-03 9.998607709721198944e-01 1.633236577892043240e-01
9.994782212551144296e-01 -2.772096936072007689e-02 -1.657809079522250609e-02 1.009273425375645594e+01 2.766521200972505562e-02 9.996108223131099368e-01 -3.583288847556161550e-03 5.199596155340741738e-02 1.667097121254748279e-02 3.122782767032419079e-03 9.998561531273487679e-01 1.407598036527484830e-01
9.993990000941095353e-01 -2.871856534695236413e-02 -1.941346479397519295e-02 1.051222852143162001e+01 2.868896963747150780e-02 9.995867637180009257e-01 -1.801338644897652625e-03 6.207990929667358410e-02 1.945717430754849778e-02 1.243303738509116130e-03 9.998099182163474596e-01 1.160978353554601855e-01
9.993097357719161744e-01 -2.984960299674687539e-02 -2.211454707652121821e-02 1.094873459245719438e+01 2.981478731119584918e-02 9.995536299495899613e-01 -1.902448997029721530e-03 6.509283629930845416e-02 2.216146315231077440e-02 1.241795286971409708e-03 9.997536333994561097e-01 1.159687592918771104e-01
9.992478820174822696e-01 -3.055849140547003268e-02 -2.387150784088952482e-02 1.140387248217658112e+01 3.050157614782517818e-02 9.995309499512862184e-01 -2.744802721099096846e-03 8.001263736871122578e-02 2.394418793933630191e-02 2.014619691441797093e-03 9.997112669023114906e-01 1.292319882612988358e-01
9.992048112826663608e-01 -3.137015959478712396e-02 -2.461012386333708002e-02 1.187190575378257762e+01 3.131317451285172554e-02 9.995059820808203099e-01 -2.697570496321722699e-03 1.060287868072511408e-01 2.468258923814316275e-02 1.924804315383264654e-03 9.996934854828496420e-01 1.434067379750625648e-01
9.991813997641960654e-01 -3.237813453144354481e-02 -2.425256212290746727e-02 1.235097513497156285e+01 3.233465653658716688e-02 9.994747146420774886e-01 -2.182837098504252903e-03 1.263605656851410075e-01 2.431049880036779270e-02 1.396851961164239948e-03 9.997034802643611773e-01 1.499518057378747826e-01
9.991406943297322929e-01 -3.321675338404955075e-02 -2.478951852948669751e-02 1.284503740654667325e+01 3.318710920769165490e-02 9.994478652017618758e-01 -1.606401592861489858e-03 1.327715438162689610e-01 2.482919081922082064e-02 7.823287442198461174e-04 9.996914020061384853e-01 1.553363676174083774e-01
9.990503359321820653e-01 -3.409474360047936442e-02 -2.712885424436127166e-02 1.334213386646169930e+01 3.404613986012015175e-02 9.994177257810384907e-01 -2.251611707645407700e-03 1.410549486557816090e-01 2.718982593580482679e-02 1.325840667063640441e-03 9.996294090872407390e-01 1.635437578072898024e-01
9.989622737303421873e-01 -3.516437914418744232e-02 -2.894550229152415000e-02 1.385369287609423239e+01 3.510588631860402792e-02 9.993804044191074709e-01 -2.526659630111186428e-03 1.515786461298128662e-01 2.901641620341915279e-02 1.507880136157397060e-03 9.995777978167607047e-01 1.720871823553151991e-01
9.988978122800377113e-01 -3.621983146693547040e-02 -2.985438712587054275e-02 1.438056138281635832e+01 3.614844813748563368e-02 9.993421433788407526e-01 -2.927484284516787029e-03 1.769926778943148316e-01 2.994078020703643331e-02 1.845067882592059914e-03 9.995499714396987034e-01 1.835272455072531894e-01
9.988106086794216187e-01 -3.733727208125439678e-02 -3.135755256670665070e-02 1.492691450292144850e+01 3.728520588128290958e-02 9.993021461163850150e-01 -2.243699974910663524e-03 1.955228533048380957e-01 3.141944321329925849e-02 1.071858534251714234e-03 9.995057126937538783e-01 1.839645987651187253e-01
9.987443152726022122e-01 -3.878665292792338182e-02 -3.170785810031433172e-02 1.547872581944887216e+01 3.878879734264785439e-02 9.992472813156236811e-01 -5.477079932237609739e-04 1.987643634708156082e-01 3.170523476291968457e-02 -6.828894373609314342e-04 9.994970293856028087e-01 1.888373042747442665e-01
9.987128421288995472e-01 -3.930254498685937375e-02 -3.206195446899214735e-02 1.603949688967781739e+01 3.929543124281369842e-02 9.992272728702826790e-01 -8.521946132850659805e-04 2.099633737035437875e-01 3.207067274406839169e-02 -4.087906230656374084e-04 9.994855200751882052e-01 2.132262693582481772e-01
9.986280136577081468e-01 -4.076719961597912584e-02 -3.286526697793826918e-02 1.662867715700150129e+01 4.072869542907851109e-02 9.991685473700933073e-01 -1.840465968970903844e-03 2.150353987140140311e-01 3.291297170882032802e-02 4.993814258582234900e-04 9.994580966261096266e-01 2.393100429615134250e-01
9.985666088127158613e-01 -4.116147425774516894e-02 -3.421199791303286553e-02 1.720839173644823106e+01 4.109649531756055102e-02 9.991517976526670397e-01 -2.600638394230707709e-03 2.371152180597272119e-01 3.429002532641391154e-02 1.190917450037758682e-03 9.994112146052499535e-01 2.667410488129688395e-01
9.984927195468866756e-01 -4.203181961335975686e-02 -3.529327346467507620e-02 1.779147674166510740e+01 4.194052094804916891e-02 9.991145813686265198e-01 -3.323552196147898721e-03 2.740547571757920298e-01 3.540171908917136290e-02 1.838324395817310039e-03 9.993714719006877578e-01 2.925713146686635402e-01
9.984005003804230505e-01 -4.357489090939484916e-02 -3.602318312358464281e-02 1.837645766996597274e+01 4.350785569077517817e-02 9.990495886850043750e-01 -2.643074254405661933e-03 2.955318804942596578e-01 3.610411795504298027e-02 1.071555205277937954e-03 9.993474593133913064e-01 3.072534538722352382e-01
9.983127369547023511e-01 -4.517138449558077279e-02 -3.648595972101765367e-02 1.895840067975812460e+01 4.515261004028569419e-02 9.989792036759895799e-01 -1.338816430888791495e-03 3.174791826205733969e-01 3.650919117922512419e-02 -3.108788158281651157e-04 9.993332688917149209e-01 3.194289674633165044e-01
9.982313277784568006e-01 -4.678193890409380190e-02 -3.668332637633708870e-02 1.956007435742528600e+01 4.675782840789779321e-02 9.989051051851431939e-01 -1.515360562872959498e-03 3.306810883035025128e-01 3.671405349776593607e-02 -2.025522933958966024e-04 9.993257913455109165e-01 3.479203533708060680e-01
9.981044206569932298e-01 -4.815771331961237606e-02 -3.831970919506093309e-02 2.016267774089153875e+01 4.810123537840937241e-02 9.988395943279894107e-01 -2.394985964144967505e-03 3.438330817069103484e-01 3.839057983462697277e-02 5.472207266007192168e-04 9.992626601296765720e-01 3.655054458801307860e-01
9.980067870503512850e-01 -4.882261508164577324e-02 -3.998506293635580716e-02 2.077075505441502301e+01 4.873134914916656124e-02 9.988066196339357994e-01 -3.254563800636638832e-03 3.638428084922322725e-01 4.009624186300885657e-02 1.299550699220797809e-03 9.991949772474055802e-01 3.943577490252528905e-01
9.979078247260390055e-01 -4.959102305776082187e-02 -4.148136669192111631e-02 2.137974114433366069e+01 4.947337678411350970e-02 9.987679894904122335e-01 -3.858517702050404900e-03 3.960913404889014333e-01 4.162160905253576432e-02 1.798221722850645247e-03 9.991318271672229301e-01 4.187918407067285909e-01
9.977773110239620546e-01 -5.052088082855554080e-02 -4.345202188734731408e-02 2.199374734183457392e+01 5.040193710883866113e-02 9.987216736672731576e-01 -3.829266629187685032e-03 4.159507159641911422e-01 4.358993394659245457e-02 1.630689286046720218e-03 9.990481762712867253e-01 4.365233378708260892e-01
9.976885883175796721e-01 -5.117800474667634492e-02 -4.470226583769895679e-02 2.261363499906903485e+01 5.106689931194668963e-02 9.986886570370020477e-01 -3.624651747804654139e-03 4.435350371042912632e-01 4.482914828031682453e-02 1.333467576860425819e-03 9.989937784234108609e-01 4.606637245992270535e-01
9.975981360604720960e-01 -5.164853663834687719e-02 -4.615612193186449663e-02 2.323177333094180597e+01 5.153679768121360166e-02 9.986645772158219136e-01 -3.608420583776057646e-03 4.737978847548080519e-01 4.628085363773509764e-02 1.221014930745309684e-03 9.989277209633845578e-01 4.805462053619874996e-01
9.975257457724369115e-01 -5.182782974997406089e-02 -4.750013246877563683e-02 2.386509405790288341e+01 5.174301333708146433e-02 9.986558839898582729e-01 -3.014289838980956180e-03 5.012619438787437876e-01 4.759251088083227971e-02 5.490317317587631307e-04 9.988666835330004545e-01 4.987515148029843526e-01
9.974759469245538801e-01 -5.182163030151385602e-02 -4.854126017995100129e-02 2.448903388223991939e+01 5.176224929143723869e-02 9.986563558869816504e-01 -2.480402149937688608e-03 5.276388550197204097e-01 4.860457648468487213e-02 -3.846332709234396088e-05 9.988180983869470175e-01 5.206882908543309929e-01
9.974136067269954165e-01 -5.181523769122935164e-02 -4.981243076630554462e-02 2.515194450472873200e+01 5.173882126759067612e-02 9.986566598227335501e-01 -2.823148161407293931e-03 5.544995632202044389e-01 4.989179781975074807e-02 2.386099376718183156e-04 9.987546002775710141e-01 5.533999988842506212e-01
9.973987271387250164e-01 -5.146772646426650555e-02 -5.046634754616885488e-02 2.581191376018460915e+01 5.140296015201731294e-02 9.986746581092924568e-01 -2.581266723534651492e-03 5.901915755896625093e-01 5.053231431135310481e-02 -1.956750747456525649e-05 9.987224263164672378e-01 5.895089010641006988e-01
9.974244264536413773e-01 -5.090504037407315302e-02 -5.052910426811985101e-02 2.647413007174865029e+01 5.084865859065548083e-02 9.987034828165559652e-01 -2.401526517050320275e-03 6.315505076235309323e-01 5.058584222048205514e-02 -1.739959629391320001e-04 9.987197015640821851e-01 6.310208023343455430e-01
9.974315596341463142e-01 -5.049960646334426123e-02 -5.079442482046388208e-02 2.715472327208500047e+01 5.043496867674430312e-02 9.987240807893719152e-01 -2.554287767657883144e-03 6.595568768450715824e-01 5.085860576510350950e-02 -1.408799292391483063e-05 9.987058636160890401e-01 6.656346999814811705e-01
9.974175006080064909e-01 -4.992353087823964836e-02 -5.163303734554912372e-02 2.783518510623390085e+01 4.984891208061974915e-02 9.987530315381933921e-01 -2.732756419269905500e-03 6.892479519477821004e-01 5.170508142587207367e-02 1.518483383850400409e-04 9.986623861429978488e-01 7.034928709190246821e-01
9.973642903760464584e-01 -4.945222250488688631e-02 -5.309378468344901070e-02 2.850735964473572892e+01 4.932128862244228307e-02 9.987758332223355406e-01 -3.774315785834068265e-03 7.154714673684428039e-01 5.321543734018382987e-02 1.145713906963312205e-03 9.985823974857239715e-01 7.390161665603968144e-01
9.973111552107667421e-01 -4.851906286783244648e-02 -5.492140047916897749e-02 2.923780573572682684e+01 4.840734199569524110e-02 9.988220143632632331e-01 -3.363460156606657737e-03 7.443808819878054983e-01 5.501989579304689126e-02 6.958173184130991059e-04 9.984850158641248585e-01 7.674223590115639704e-01
9.972332402480779123e-01 -4.728077208695607297e-02 -5.736194849532700452e-02 2.995825806370240940e+01 4.717347837842544162e-02 9.988815092431682086e-01 -3.223884267567396402e-03 7.757773859764486302e-01 5.745021742343069809e-02 5.090019172423743132e-04 9.983482425662143500e-01 7.933691434292270417e-01
9.972411982577554790e-01 -4.575063847585450483e-02 -5.845401249262331678e-02 3.067650123092841241e+01 4.571557571889735272e-02 9.989526172821281413e-01 -1.937669186375140734e-03 7.993693117793405634e-01 5.848143837257992195e-02 -7.399352929320166927e-04 9.982882218385812356e-01 8.139935675443187302e-01
9.972031585508277507e-01 -4.350938715856049466e-02 -6.076836187803016931e-02 3.140282268042659908e+01 4.346492490210775161e-02 9.990528421975019002e-01 -2.053971846822151386e-03 8.209870224814768136e-01 6.080017170622853406e-02 -5.930650722271625522e-04 9.981497820439141355e-01 8.440280862153892727e-01
9.972046847597049180e-01 -4.099841891447471298e-02 -6.246556123025603924e-02 3.214475824772743806e+01 4.096354524539856656e-02 9.991589486370423545e-01 -1.839380180488082647e-03 8.552608917087902718e-01 6.248843616402804946e-02 -7.245723106979402904e-04 9.980454249886328011e-01 8.785527685780483154e-01
9.974223609881496255e-01 -3.829901865103475106e-02 -6.067799412631517258e-02 3.289306082306271861e+01 3.827432645504905834e-02 9.992660368111251357e-01 -1.569589181711824981e-03 8.918519601711741851e-01 6.069357243759653658e-02 -7.568660084236694501e-04 9.981561588341814062e-01 9.335652065037324254e-01
9.976402311097796183e-01 -3.550402709807885804e-02 -5.876591980939711857e-02 3.362905059943921060e+01 3.553381193303040142e-02 9.993683296606783450e-01 -5.384057334125456938e-04 9.047709168698002680e-01 5.874791469263940247e-02 -1.551041922266139725e-03 9.982716447882418187e-01 9.693920492502883235e-01
9.977354330586124531e-01 -3.267372996584877454e-02 -5.879143636161600350e-02 3.436859205943144246e+01 3.262706231650405742e-02 9.994660569628760483e-01 -1.753791229303063720e-03 9.125010688739476628e-01 5.881734798457093072e-02 -1.683722061841392810e-04 9.982687469949472758e-01 1.014982797798395175e+00
9.976854709387146247e-01 -2.955754681593108363e-02 -6.123767226160054672e-02 3.510266462602130844e+01 2.940826818874654747e-02 9.995619106307053192e-01 -3.337750504849603967e-03 9.221625470324722462e-01 6.130950040518937799e-02 1.529131295183095828e-03 9.981176318037610073e-01 1.061964110349940871e+00
9.977083079808787280e-01 -2.612620697387969815e-02 -6.241436929978546461e-02 3.583624536236058589e+01 2.595578634506103682e-02 9.996568244286175853e-01 -3.539848655173391187e-03 9.490492657782135799e-01 6.248543303155981027e-02 1.911722377854465195e-03 9.980440451084353626e-01 1.105989419015445563e+00
9.976992264458094395e-01 -2.258831073785496496e-02 -6.392199752388537382e-02 3.655632184246722005e+01 2.244842973342071196e-02 9.997437794477711526e-01 -2.905762892929586276e-03 9.664755932792096216e-01 6.397125566953625053e-02 1.464128920675951797e-03 9.979506675054465870e-01 1.139098246149796045e+00
9.976013312243766640e-01 -2.014940014571692251e-02 -6.622375414546734229e-02 3.729111067846258010e+01 1.999272934307042698e-02 9.997955409395685722e-01 -3.027720391669744618e-03 9.820156199058411861e-01 6.627122084861762630e-02 1.696464300592561217e-03 9.978002040970479491e-01 1.187115371631099370e+00
9.976294598819901438e-01 -1.669371075423873793e-02 -6.675912519515461718e-02 3.800934946937052672e+01 1.662386824225111845e-02 9.998605312058767014e-01 -1.601605871129732454e-03 9.978480210988616150e-01 6.677655112562183581e-02 4.880142989467824155e-04 9.977678357522912211e-01 1.217881625582472038e+00
9.976560648342335247e-01 -1.296667385574683425e-02 -6.718810660072534191e-02 3.872545196583428861e+01 1.288916102903932444e-02 9.999156718481921891e-01 -1.587047682308130418e-03 9.964017053874879570e-01 6.720301948156225114e-02 7.173294202228111408e-04 9.977390638894838570e-01 1.256300748654305410e+00
9.975351563737895333e-01 -8.702765733907226117e-03 -6.962667353033677453e-02 3.944807349006273967e+01 8.572829346483517785e-03 9.999609093844187280e-01 -2.164786382642679401e-03 9.939395445450514011e-01 6.964279140955967340e-02 1.562552932586416983e-03 9.975707694359420286e-01 1.294751626745041406e+00
9.972844980881685473e-01 -3.971815013711413149e-03 -7.353811636509786920e-02 4.016454532167978186e+01 3.787672823021960219e-03 9.999893331227338589e-01 -2.643326566231493646e-03 1.003537456016499352e+00 7.354783074717811953e-02 2.357610283074989231e-03 9.972889041126135057e-01 1.344190575418817479e+00
9.972236681796970981e-01 7.689120872089768698e-04 -7.446048882750916365e-02 4.086996688899738217e+01 -8.471507180684981816e-04 9.999991218213898359e-01 -1.019162455168666319e-03 1.015242078783559210e+00 7.445963979156997037e-02 1.079412178592279066e-03 9.972234438236289300e-01 1.387866158131295213e+00
9.971686032262881971e-01 5.765886162074663167e-03 -7.497687174388804887e-02 4.159432605995006327e+01 -5.779847968819370498e-03 9.999832960658687764e-01 3.076846380006072234e-05 1.008494032364546378e+00 7.497579674262074001e-02 4.026735737864166396e-04 9.971852725330444533e-01 1.428392031432970333e+00
9.970718532445160820e-01 1.124576827253893387e-02 -7.563895929682375174e-02 4.230169621656731493e+01 -1.127442482906192665e-02 9.999364404933831496e-01 4.814765447726731488e-05 9.863697920931377983e-01 7.563469317925496094e-02 8.047790896614885614e-04 9.971352694184960619e-01 1.486722938941734240e+00
9.969561677227442020e-01 1.708812596200262948e-02 -7.606836129880910347e-02 4.301355322125384362e+01 -1.710443917135468991e-02 9.998536128439946546e-01 4.370851685685818704e-04 9.759978935047951554e-01 7.606469483415322086e-02 8.653519040755285139e-04 9.971025089557589149e-01 1.539420353439086453e+00
9.967976128635435140e-01 2.301120484493238486e-02 -7.658331046073785231e-02 4.372940686182130321e+01 -2.297656346934583496e-02 9.997351145366166758e-01 1.333526751559762150e-03 9.645473865014572157e-01 7.659371071230536288e-02 4.303650108493128120e-04 9.970622940745864637e-01 1.590267412706298344e+00
9.966500190139584436e-01 2.903144442927728039e-02 -7.645858247329698210e-02 4.443136229821632810e+01 -2.897867222306209009e-02 9.995784097529790690e-01 1.799808849227989976e-03 9.356683617713593692e-01 7.647859933121486931e-02 4.218886763290662480e-04 9.970711337985270761e-01 1.649349702682294305e+00
9.965061442678443404e-01 3.558561199323969498e-02 -7.555904085879372456e-02 4.513126653404058430e+01 -3.559801736891594209e-02 9.993654894837556979e-01 1.183041967034363954e-03 9.057512670304697089e-01 7.555319712518210329e-02 1.510843459793508167e-03 9.971406278736231199e-01 1.705545677424908924e+00
9.962972218307158956e-01 4.199924788391545816e-02 -7.501939049060982190e-02 4.582896639025996421e+01 -4.205496132734909409e-02 9.991149476796254980e-01 8.375863503394047034e-04 8.653369355490785342e-01 7.498817240173510923e-02 2.320452611997417779e-03 9.971817234082878123e-01 1.766263672899623050e+00
9.960137459019375861e-01 4.780982297715802992e-02 -7.530497195592951443e-02 4.651889200231643429e+01 -4.794944487683524409e-02 9.988497627799269862e-01 -4.615719679940078965e-05 8.298060081855159753e-01 7.521614660692114984e-02 3.656804804236970467e-03 9.971605482911113372e-01 1.821791363400738328e+00
9.956511539265026078e-01 5.360477596732603212e-02 -7.619256970542929996e-02 4.723865205179987470e+01 -5.376791145975381991e-02 9.985534555632809006e-01 -8.988819092816281026e-05 7.947799253015259691e-01 7.607753533126578038e-02 4.186212622834634481e-03 9.970931171369082913e-01 1.861329927413610807e+00
9.952924629377253307e-01 5.839490370038371431e-02 -7.734952127311151004e-02 4.789945693453628905e+01 -5.859609532914123592e-02 9.982817174154748896e-01 -3.320936435236517860e-04 7.565422634097622723e-01 7.719722036145348909e-02 4.862910222571298000e-03 9.970039825761141117e-01 1.905610560806663578e+00
9.948219492923939811e-01 6.377685953156282672e-02 -7.913154487543345994e-02 4.859037171989717763e+01 -6.398544814522209856e-02 9.979508265994669891e-01 -1.005738324526390080e-04 7.050483490204090264e-01 7.896297633534675453e-02 5.163320417326703465e-03 9.968641775540595384e-01 1.943715804833679561e+00
9.943646376136675569e-01 6.879935278585398717e-02 -8.065740213822344962e-02 4.928609403292642099e+01 -6.897975207490568417e-02 9.976179079337655908e-01 5.509750822419597592e-04 6.588713232304768130e-01 8.050317550956628820e-02 5.015857464512933628e-03 9.967417317975462154e-01 1.996215011267442163e+00
9.940652005995935792e-01 7.384855333741938144e-02 -7.987971035788790641e-02 4.999325620632029654e+01 -7.399804874998530679e-02 9.972577892385382503e-01 1.091138972787552511e-03 5.960525330477451922e-01 7.974124239115248924e-02 4.826279419331603454e-03 9.968039131588930513e-01 2.045481815114996493e+00
9.936823453837776432e-01 7.928683657859539324e-02 -7.942917611277390544e-02 5.068404943377372973e+01 -7.948427808473737533e-02 9.968358892357862544e-01 6.778413144046036877e-04 5.210282328843436339e-01 7.923159729516425498e-02 5.639811775093709484e-03 9.968402813456117562e-01 2.097422969325402065e+00
9.932664047051602552e-01 8.412208223985270794e-02 -7.965754555417940697e-02 5.137630083927491853e+01 -8.433182106696285318e-02 9.964374571089585908e-01 7.335023940536560504e-04 4.487974586330888416e-01 7.943546588026327571e-02 5.989102592524195995e-03 9.968220189233992778e-01 2.138986180780737101e+00
9.927331694024335018e-01 8.826158059080546625e-02 -8.179699114155777884e-02 5.206130982703727028e+01 -8.862441929746323055e-02 9.960647862100807659e-01 -8.086881064112618617e-04 3.755907731206365452e-01 8.140372640356677292e-02 8.052022347136004662e-03 9.966486834706271836e-01 2.192049492463964633e+00
