1.000000000000000000e+00 0.000000000000000000e+00 0.000000000000000000e+00 0.000000000000000000e+00 0.000000000000000000e+00 1.000000000000000000e+00 0.000000000000000000e+00 0.000000000000000000e+00 0.000000000000000000e+00 0.000000000000000000e+00 1.000000000000000000e+00 0.000000000000000000e+00
9.999999383849531576e-01 2.452305367488845237e-04 2.511813562861945097e-04 -1.882447254466216788e-02 -2.452709845761987971e-04 9.999999569586022208e-01 1.610122287502925619e-04 1.058719617684157448e-02 -2.511418603597182289e-04 -1.610738263280800386e-04 9.999999554914932309e-01 2.959496322724159290e-03
9.999998377728346322e-01 2.088618347712413535e-04 5.299349379602527870e-04 -1.447614236500650853e-02 -2.085438364317480269e-04 9.999997982218050696e-01 -6.000548452772688996e-04 1.529704469333671192e-02 -5.300601595868855397e-04 5.999442332670507907e-04 9.999996795515208037e-01 8.446388933797767395e-03
9.999999351027953898e-01 3.484063485468025831e-04 9.169199175044443623e-05 -8.703864736805715790e-03 -3.483498635557446209e-04 9.999997500128812167e-01 -6.153263748995632405e-04 1.713790302202963106e-02 -9.190635244407088702e-05 6.152943940737861436e-04 9.999998064829968003e-01 -3.530725859118869978e-03
9.999999821238745312e-01 1.791347600226963447e-04 6.052262625855514018e-05 -6.604208832960653877e-03 -1.791382159601089994e-04 9.999999823244885011e-01 5.710098235314589631e-05 1.029912431793761352e-04 -6.051239641801587141e-05 -5.711182324769474854e-05 9.999999965382447842e-01 -5.930946036546033001e-03
9.999999929506835361e-01 -6.680812562820007778e-05 -9.815960070687427793e-05 -7.895549378963095249e-03 6.680358651179975674e-05 9.999999966993516898e-01 -4.624475626563604537e-05 -2.006474078194118993e-03 9.816268990837020568e-05 4.623819852626433663e-05 9.999999941130576220e-01 -6.157254430296408773e-03
9.999999698136836646e-01 -3.573915525740899130e-05 2.430953404449830255e-04 -2.175480575302131923e-03 3.565720288804790906e-05 9.999999425405936559e-01 3.371162607231872779e-04 6.455202122490643658e-03 -2.431073747272508858e-04 -3.371075824470137522e-04 9.999999136286373824e-01 -7.857421082150227443e-05
9.999999373362469246e-01 2.350883184108648366e-04 2.646903563898727880e-04 -3.310762972335286585e-03 -2.350950058088852176e-04 9.999999720467874775e-01 2.523415529693111980e-05 1.504149589018234819e-02 -2.646844167357917106e-04 -2.529638109653727871e-05 9.999999646511257279e-01 2.372759364283518607e-03
9.999999268759864890e-01 3.622901698651608666e-04 -1.224493960499034909e-04 -1.336400730091757624e-02 -3.622971038386018651e-04 9.999999327680660910e-01 -5.660982017925401429e-05 1.817982006482997751e-02 1.224288786360249945e-04 5.665417910127242435e-05 9.999999909007367682e-01 -7.055664716385803663e-03
9.999999799164702718e-01 1.736499401117538833e-04 1.000637659786538712e-04 -2.500701386571446000e-03 -1.736301183159956213e-04 9.999999653111623088e-01 -1.980662925830007390e-04 -1.693495789555056474e-03 -1.000981567074033229e-04 1.980489145216044800e-04 9.999999753784929446e-01 -2.255043359945451895e-03
9.999999208686751739e-01 1.826840928813744001e-04 3.533966122637977828e-04 -1.729131745518902585e-02 -1.826600691941743595e-04 9.999999810049370330e-01 -6.801047436048513113e-05 1.280294370147652336e-02 -3.534090299828218391e-04 6.794591752907710351e-05 9.999999352427028088e-01 1.380730883867376359e-03
9.999998687224304073e-01 7.336130967165316590e-05 5.071225100554712078e-04 -1.720391699486081144e-02 -7.327962825993910949e-05 9.999999843408423628e-01 -1.610851052545678045e-04 6.739032889700666273e-04 -5.071343195286498635e-04 1.610479223586875740e-04 9.999998584391642797e-01 5.252140798973124400e-03
9.999999984105822914e-01 4.444722339280795804e-05 3.468832277948491379e-05 -5.536151095855762136e-03 -4.446661996264008058e-05 9.999998425657299350e-01 5.593668161937595485e-04 -1.209898694994271384e-03 -3.466345501651625611e-05 -5.593683577771582432e-04 9.999998429527302557e-01 -5.951313484921158525e-03
9.999999996088001497e-01 2.576066981127126778e-05 1.089897160840287056e-05 1.568880914203987613e-03 -2.575997485642737906e-05 9.999999976356274134e-01 -6.375867727069213335e-05 3.204051033591672707e-03 -1.090061404886641519e-05 6.375839648851516469e-05 9.999999979080217427e-01 -7.364690356631401619e-03
9.999998509682691550e-01 3.829637908839690998e-04 -3.891043232930131626e-04 -9.192628994451449570e-03 -3.831559710595206490e-04 9.999998046026555842e-01 -4.939495445210282396e-04 9.331704744723530801e-03 3.889150824729865419e-04 4.940985585517074881e-04 9.999998023058169760e-01 7.700184534851431048e-03
9.999972255931607323e-01 1.540273577040540069e-04 -2.350549202688432399e-03 -5.914628688052529781e-03 -1.555763030853442189e-04 9.999997708872359059e-01 -6.588030734236187619e-04 1.323700979197087353e-02 2.350447190450960858e-03 6.591669353910406494e-04 9.999970204440392640e-01 -6.547123646197285096e-03
9.999952351148062579e-01 2.538755851887389151e-04 -3.076571934896932606e-03 5.822231850251317897e-03 -2.552161389545990790e-04 9.999998726697458817e-01 -4.353449373665150808e-04 2.460522992898266786e-03 3.076461019705513215e-03 4.361280538083092987e-04 9.999951725783055023e-01 -4.236734095268330363e-03
9.999934024089948137e-01 2.338589072037596612e-04 -3.624975654208248670e-03 3.943924796358549978e-03 -2.357389391690713546e-04 9.999998379404849702e-01 -5.182143921676727076e-04 1.519243344150628290e-02 3.624853877695002977e-03 5.190655211162969020e-04 9.999932954801997731e-01 -1.143085928069060252e-02
9.999949980889379919e-01 1.651677852847137132e-05 -3.162834851980410485e-03 2.158792011191285748e-02 -1.560806621119426282e-05 9.999999585978054384e-01 2.873339096526738462e-04 3.402470978726011147e-03 3.162839466862655928e-03 -2.872831066982279376e-04 9.999949569447454945e-01 -9.587975796261078223e-03
9.999964083142858229e-01 2.146141733598252359e-04 -2.671572436723450468e-03 4.544690332009626577e-02 -2.129057894402869809e-04 9.999997727047574836e-01 6.397355377480157127e-04 1.176156738732595484e-02 2.671709125801348048e-03 -6.391644467803363682e-04 9.999962267124596904e-01 -4.002180470974432344e-03
9.999962767941320552e-01 1.717741998123702076e-04 -2.723397051076153954e-03 7.133317155422071176e-02 -1.705441290407279039e-04 9.999998833534290421e-01 4.518936029495129953e-04 1.537857013686480881e-02 2.723474357063273513e-03 -4.514274610784909389e-04 9.999961894430767773e-01 -3.694579304695402508e-03
9.999939997615140408e-01 -1.514683005609226204e-04 -3.460852253865335376e-03 9.752144112916494301e-02 1.498253786292405327e-04 9.999998759777635193e-01 -4.749703291759398843e-04 7.653243655231312462e-03 3.460923767591275561e-03 4.744489557413758335e-04 9.999938984338171410e-01 -1.151291931746808127e-02
9.999944407291486703e-01 2.955983915192286022e-04 -3.321314858320960003e-03 1.277781640969659349e-01 -2.972469096753772681e-04 9.999998328823750393e-01 -4.958623768063298619e-04 2.423651411931225866e-02 3.321167727149710105e-03 4.968468707507669611e-04 9.999943614781611201e-01 -2.243370544706978914e-03
9.999934196401020214e-01 -3.538623211284322575e-04 -3.610465060419070123e-03 1.534287292805763814e-01 3.527014709841462927e-04 9.999998859087914083e-01 -3.221553608350637816e-04 6.090068442957188855e-04 3.610578647140497144e-03 3.208798245990997114e-04 9.999934303574053995e-01 -1.929277943292551784e-03
9.999877853011277518e-01 2.760719179136704066e-05 -4.942518223388443072e-03 1.947234595018859649e-01 -2.964046706197017889e-05 9.999999149720607550e-01 -4.113116991630352262e-04 2.358042297011805552e-02 4.942506447975340139e-03 4.114531736630908446e-04 9.999877010925172227e-01 -1.478374227639451567e-02
9.999839276344244521e-01 -1.763079862359842142e-04 -5.666867593666465724e-03 2.469457455907307919e-01 1.727793178521485392e-04 9.999997909046794975e-01 -6.231676376148315849e-04 1.987940623947307209e-02 5.666976278182245252e-03 6.221785043195528393e-04 9.999837490048382183e-01 -9.437905068001659764e-03
9.999798746341136413e-01 -4.251389806029098341e-04 -6.330053995786017428e-03 3.012642046433112730e-01 4.191254124966275227e-04 9.999994596819929971e-01 -9.512989071377745635e-04 1.655480177111408671e-02 6.330455009791486655e-03 9.486266754070913059e-04 9.999795125135313434e-01 -8.531133457725143150e-04
9.999733777637127563e-01 -3.785553130839421640e-04 -7.287006223817546480e-03 3.667186720630674079e-01 3.744274245018788371e-04 9.999997686874770864e-01 -5.678284038405181401e-04 2.419835074589327117e-02 7.287219492700945309e-03 5.650848320058673990e-04 9.999732881988387945e-01 -6.822003041298690257e-03
9.999712225253305498e-01 -6.604035300783338194e-04 -7.557644366691112017e-03 4.477262202553251580e-01 6.568324480654397744e-04 9.999996714801807629e-01 -4.749849109338051848e-04 2.406895881753081876e-02 7.557955565567065284e-03 4.700071360165807444e-04 9.999713277894326513e-01 -9.262564252556764605e-03
9.999683261971352710e-01 -1.032976750761083629e-03 -7.891740082647915808e-03 5.271369474916920428e-01 1.029640196029658721e-03 9.999993788233171310e-01 -4.268419455869658938e-04 2.401737291704265226e-02 7.892176098289032174e-03 4.187027730736142019e-04 9.999687686345115623e-01 -1.553595944383076577e-02
9.999692013315718553e-01 -1.461079200286892650e-03 -7.711137132022800530e-03 6.296990717498039958e-01 1.460736584785919147e-03 9.999989318705861940e-01 -5.006312485827560621e-05 3.141507036620620058e-02 7.711202041720847597e-03 3.879764286164574713e-05 9.999702674868962138e-01 -5.730228918047999137e-03
9.999657909352355212e-01 -1.887035666582089020e-03 -8.053325751626870185e-03 7.334621365176257068e-01 1.885821169575021758e-03 9.999982092927042210e-01 -1.583979211070595580e-04 2.261816736308206593e-02 8.053610233004332083e-03 1.432053702744162530e-04 9.999675589010059706e-01 -1.396410559324560638e-02
9.999648343038310960e-01 -2.084709401324015814e-03 -8.123062379646939224e-03 8.535298895984476664e-01 2.081268868462005702e-03 9.999977408533994305e-01 -4.319814747846076894e-04 3.556960489527437319e-02 8.123944584299859495e-03 4.150600070079807575e-04 9.999669140774517517e-01 -1.563523202074011340e-02
9.999649786510600435e-01 -2.682517781735802975e-03 -7.927519772013499194e-03 9.764968200561249256e-01 2.680664256944787199e-03 9.999963771411295443e-01 -2.444253614918873597e-04 3.494680470849165221e-02 7.928146727106680919e-03 2.231657824869531033e-04 9.999685468486031459e-01 -1.989017967452483965e-02
9.999710137323524206e-01 -2.721649956191754278e-03 -7.110859062554033758e-03 1.116596300785685392e+00 2.722274207779996989e-03 9.999962915540305808e-01 7.811097173634541126e-05 5.507062230977299855e-02 7.110620101594600576e-03 -9.746641581196194802e-05 9.999747144713553304e-01 -1.333290981261770966e-02
9.999699369933818804e-01 -3.136876364569145519e-03 -7.091199907301099989e-03 1.250741379489320293e+00 3.134355215922893841e-03 9.999950206921323081e-01 -3.666174058938038278e-04 6.800201721407725386e-02 7.092314631508998476e-03 3.443800448557030069e-04 9.999747899200021051e-01 -1.304896634555471890e-02
9.999656625488264616e-01 -3.666294204462371576e-03 -7.431824143021292794e-03 1.404109295718504846e+00 3.667677317251234661e-03 9.999932591730645859e-01 1.724863140083705902e-04 6.710993123029432295e-02 7.431141660807532440e-03 -1.997379241031445535e-04 9.999723687374459935e-01 -2.232247481888558968e-02
9.999706183761203349e-01 -3.885341915711834539e-03 -6.608063458943562798e-03 1.561324144428255289e+00 3.886221301513723744e-03 9.999924413843013227e-01 1.202425068450451736e-04 7.007854434388122167e-02 6.607546327879468967e-03 -1.459193709008356488e-04 9.999781592810225161e-01 -1.941764327611553154e-02
9.999720629923141146e-01 -4.515183407917504332e-03 -5.957042360792620672e-03 1.745118140334679602e+00 4.517506835802785614e-03 9.999897250872112897e-01 3.766324363575561623e-04 8.474775971452006007e-02 5.955280588174360207e-03 -4.035328939603342641e-04 9.999821857384858514e-01 -1.391078375730356309e-02
9.999695997103692502e-01 -5.133920715650782708e-03 -5.868774418001861636e-03 1.927384042317065171e+00 5.145769183389998190e-03 9.999847492260933723e-01 2.005585884107537447e-03 9.225511007188064161e-02 5.858388395732667085e-03 -2.035724272260202704e-03 9.999807673710989775e-01 -7.498894357345069206e-03
9.999659617262499633e-01 -5.444558309333992832e-03 -6.199368815631539111e-03 2.142960645149434296e+00 5.464616808748381030e-03 9.999798741325651719e-01 3.223242614619563438e-03 1.175398300332862050e-01 6.181694915596149843e-03 -3.257010076038614494e-03 9.999755889687182986e-01 -1.946983043294487140e-02
9.999660571716301183e-01 -5.990339913033336343e-03 -5.656883625321290979e-03 2.342747410258077867e+00 6.019094147134986493e-03 9.999689826812789839e-01 5.079781591365009272e-03 1.318901189725273371e-01 5.626278545542670248e-03 -5.113658484330492471e-03 9.999710973256344948e-01 -1.452731788984173295e-02
9.999609990231398404e-01 -6.743606447525176718e-03 -5.702999625203731063e-03 2.576520615650103263e+00 6.773297268047178375e-03 9.999635250242903117e-01 5.202986172788525397e-03 1.323221807816988282e-01 5.667704717329727707e-03 -5.241411363026262336e-03 9.999702019211176296e-01 -1.748863637002190385e-02
9.999604291457749872e-01 -7.244753090729338582e-03 -5.162721690346741901e-03 2.804421176519412473e+00 7.275908726210129560e-03 9.999552783861451744e-01 6.041719945072868136e-03 1.434111434172093136e-01 5.118720035855478523e-03 -6.079044360851441203e-03 9.999684214638246971e-01 -1.646311727484997545e-02
9.999576499343237890e-01 -7.767988294755879403e-03 -4.935250315522150474e-03 3.045668898503438804e+00 7.799796175383195279e-03 9.999487221085046063e-01 6.458818250350511873e-03 1.571814683072849939e-01 4.884825221725289796e-03 -6.497038665508987447e-03 9.999669629398423298e-01 -1.798084629442873658e-02
9.999558411898077370e-01 -8.517592328372416977e-03 -3.970678948442822598e-03 3.299841166271112680e+00 8.543565159233382916e-03 9.999419147402895947e-01 6.570741198168864733e-03 1.661463491842941342e-01 3.914481415703632144e-03 -6.604374796377890378e-03 9.999705291001306229e-01 -1.500294511633447868e-02
9.999438908515285718e-01 -9.186416579374899818e-03 -5.274931197324172691e-03 3.576205747654322753e+00 9.212646172528498115e-03 9.999452120233587316e-01 4.969919723683726386e-03 1.708892946730701523e-01 5.228986441569138596e-03 -5.018236940425438615e-03 9.999737371545333042e-01 -2.578267183759057335e-02
9.999196301779289531e-01 -9.868142127850263248e-03 -7.959457002734746101e-03 3.843467077041720970e+00 9.906555998056608761e-03 9.999394020391834115e-01 4.801291261490468233e-03 1.710516751723153150e-01 7.911594851305579074e-03 -4.879756189077786264e-03 9.999567963899460565e-01 -1.801377141184061156e-02
9.998775751835301540e-01 -1.045745807354513113e-02 -1.163942506072112443e-02 4.123809504570603579e+00 1.048595353313371698e-02 9.999421650159355801e-01 2.389853916985004798e-03 1.932864803702766254e-01 1.161376009761944800e-02 -2.511611809896942011e-03 9.999294036993368051e-01 -1.575247630302246959e-02
9.998195744491589210e-01 -1.074093694066941169e-02 -1.566687020241614922e-02 4.421641064645037922e+00 1.071700412225272923e-02 9.999412739029146513e-01 -1.610766295832971422e-03 2.087326288201333258e-01 1.568325128748531902e-02 1.442573759894677076e-03 9.998759696132319963e-01 -2.013149419547263438e-02
9.997792259294003836e-01 -1.072335359082378023e-02 -1.806956246772763522e-02 4.712252827551764334e+00 1.065433492085650705e-02 9.999355903473640117e-01 -3.911560310529822032e-03 2.144522888650713943e-01 1.811034365778744701e-02 3.718177569033162197e-03 9.998290806973769707e-01 -1.962462584278874822e-02
9.997439562616993181e-01 -1.174993001562133453e-02 -1.933807288313335593e-02 5.025467034605504146e+00 1.161688513313967157e-02 9.999081737884190080e-01 -6.977963235239365535e-03 2.101858437392355727e-01 1.941828772082686283e-02 6.751528400067247256e-03 9.997886511489587624e-01 -1.655353047073944428e-02
9.997261042532586961e-01 -1.195441907940926127e-02 -2.011984938006165791e-02 5.338281030140127115e+00 1.176406332515041175e-02 9.998851668161319317e-01 -9.553009743417552671e-03 2.211970524519722703e-01 2.023173963564089267e-02 9.313702032480717860e-03 9.997519350647768865e-01 -1.879655174024933914e-02
9.997302681552294734e-01 -1.196302523211125769e-02 -1.990670644704430059e-02 5.667264135343846654e+00 1.171969044253790872e-02 9.998557200178485038e-01 -1.229585310260752733e-02 2.469034358626593095e-01 2.005092990871025493e-02 1.205923608217730238e-02 9.997262300424603065e-01 -7.601327905695974552e-03
9.997054079764282619e-01 -1.272465214969531119e-02 -2.066834512853626959e-02 5.993737770222827166e+00 1.247411630585969211e-02 9.998476964724420935e-01 -1.220574787300113088e-02 2.619922972717267928e-01 2.082051116257523093e-02 1.194433281605300663e-02 9.997118781071416826e-01 -5.858147968851550383e-03
9.997307452661473581e-01 -1.327195625464219937e-02 -1.903397348870043693e-02 6.335674464211701995e+00 1.310499545429612105e-02 9.998747850331501930e-01 -8.869799831707967513e-03 2.715713070756242686e-01 1.914930974569489103e-02 8.617971460068343109e-03 9.997794929404067998e-01 -1.917587603082782782e-02
9.998396885376770182e-01 -1.415883452420975581e-02 -1.096013821979207117e-02 6.697029547827420437e+00 1.410996470221926626e-02 9.998902177109358913e-01 -4.523430344258799578e-03 3.030055188997679005e-01 1.102298149245599379e-02 4.368058023112885054e-03 9.999297045033334053e-01 -1.023542224553398994e-02
9.998697601244148636e-01 -1.613424518463740451e-02 3.859029245260161070e-04 7.065738672611594495e+00 1.613501666074134908e-02 9.998676432627123800e-01 -2.087389189156724830e-03 3.235189498724715951e-01 -3.521733987004000647e-04 2.093343877965087464e-03 9.999977469401147845e-01 -2.132406070440056450e-02
9.997580312227015709e-01 -1.751566175369177400e-02 1.330716344823392426e-02 7.426785215980679311e+00 1.754029822192611568e-02 9.998446484734967443e-01 -1.736910243959631072e-03 3.637109931539126428e-01 -1.327467302774909368e-02 1.969901581281560676e-03 9.999099472171313341e-01 -3.188481347890381734e-02
9.995781868871702613e-01 -1.946254888376037356e-02 2.155591543647926780e-02 7.796282618793280328e+00 1.956766892006369524e-02 9.997975980401176965e-01 -4.676460867586660838e-03 3.694990915567073486e-01 -2.146053662870947218e-02 5.096287291600994779e-03 9.997567070159866232e-01 -3.731096912482951417e-02
9.995495392656525979e-01 -2.064934050971794707e-02 2.177896439997391992e-02 8.176819113257591809e+00 2.083984818480806925e-02 9.997462077467611508e-01 -8.556916711300890932e-03 3.777646257327655910e-01 -2.159674238064069468e-02 9.006932468033166522e-03 9.997261904571973501e-01 -3.953296159097095808e-02
9.995850747775503198e-01 -2.159859002863662170e-02 1.905726084026797620e-02 8.553239479480851060e+00 2.177396698843336864e-02 9.997220150834492669e-01 -9.043612059032936010e-03 4.082096905677390364e-01 -1.885663393996251866e-02 9.454811804713551468e-03 9.997774921902331524e-01 -3.802562283240867869e-02
9.995535759805579401e-01 -2.344736481355637336e-02 1.851674452432046369e-02 8.945753691241158378e+00 2.357125206876996282e-02 9.997010227727005649e-01 -6.500857107095659240e-03 4.134047746522112043e-01 -1.835878047119309658e-02 6.934417821011864408e-03 9.998074159702428076e-01 -3.472838996102727005e-02
9.995412085619496123e-01 -2.479317551597969016e-02 1.739743758003052879e-02 9.341094603155195131e+00 2.485524992494687196e-02 9.996854110367421331e-01 -3.360879567665200213e-03 4.518595841231557442e-01 -1.730863766116969363e-02 3.791755284000558265e-03 9.998430045032973279e-01 -3.838631454565209766e-02
9.995858729111383179e-01 -2.585253647270946073e-02 1.263839524642592846e-02 9.731761700168860330e+00 2.586596842002063593e-02 9.996650143163726687e-01 -9.004607381487573494e-04 4.831103239280636341e-01 -1.261088237087911942e-02 1.226992165288425408e-03 9.999197268461375021e-01 -5.544797804079805437e-02
9.996246299239046618e-01 -2.696397772328965742e-02 4.852128897157781916e-03 1.015640202444191509e+01 2.695235181454932322e-02 9.996337275630233776e-01 2.445700333221960746e-03 5.017996326794859074e-01 -4.916297505384934451e-03 -2.314006005416035204e-03 9.999852375885582845e-01 -7.625220326425459494e-02
9.996073476153599646e-01 -2.801922689057710636e-02 -2.711417328233296049e-04 1.056570303167085889e+01 2.801993559262225958e-02 9.996025222453488457e-01 3.111387170081858500e-03 5.272618751852408137e-01 1.838552969532205521e-04 -3.117762850380169544e-03 9.999951228641260625e-01 -9.304246118441683588e-02
9.995808554034207871e-01 -2.892661919298602363e-02 -1.167995303751968470e-03 1.101174122674544442e+01 2.892841860145714539e-02 9.995802773434001587e-01 1.554266164462717427e-03 5.743688538994903281e-01 1.122545404196225718e-03 -1.587402959269709800e-03 9.999981100200442397e-01 -9.947884409556231877e-02
9.995449606559854150e-01 -3.015918241213757026e-02 -5.434551094782220405e-04 1.148237009861476210e+01 3.016032157298067715e-02 9.995425941987989837e-01 2.226518571557968302e-03 5.751985108162989135e-01 4.760565502148256158e-04 -2.241896198870072920e-03 9.999973736323483076e-01 -9.346784456121391693e-02
9.995298416801009500e-01 -3.066070581192327504e-02 1.292674241778282457e-04 1.194247231752841643e+01 3.065964853467363638e-02 9.995168742274900264e-01 5.099420186477503919e-03 6.358622148910598737e-01 -2.855567939026316384e-04 -5.093059357857896569e-03 9.999869895172111001e-01 -9.648782274652777102e-02
9.994899797405244479e-01 -3.193347957789788305e-02 1.824289836537101839e-04 1.242173937274075435e+01 3.193193173415363739e-02 9.994739441212948661e-01 5.673337496396026365e-03 6.668866621359470503e-01 -3.635024228940977550e-04 -5.664618669481659950e-03 9.999838898508904839e-01 -9.723555926681705375e-02
9.994538508875133731e-01 -3.302316090158580186e-02 -1.212761389658402467e-03 1.291592166877443049e+01 3.302861420181436858e-02 9.994429194719354204e-01 4.791801469402529913e-03 6.742467656940186460e-01 1.053845352970500353e-03 -4.829240259340687215e-03 9.999877838496276095e-01 -1.003682094555690546e-01
9.994264059962705282e-01 -3.369795775715164754e-02 -3.362534813943932142e-03 1.341795582957404420e+01 3.370858060257157784e-02 9.994267271536243502e-01 3.154147231001552896e-03 7.262726125666181254e-01 3.254318843889978264e-03 -3.265684306867752597e-03 9.999893723009610769e-01 -1.064398743241479761e-01
9.993828418488188703e-01 -3.485361264008468574e-02 -4.377339844436248413e-03 1.392223393347442695e+01 3.486955703525942973e-02 9.993853138702680772e-01 3.620554182789909731e-03 7.446645380366783140e-01 4.248459761319353482e-03 -3.770955629632491424e-03 9.999838651114806298e-01 -1.097597901766859674e-01
9.993658464072725511e-01 -3.526592170558923850e-02 -4.921361694798548521e-03 1.446662655191183333e+01 3.528843900427024866e-02 9.993667377467013724e-01 4.566131640435614446e-03 8.326833361900521924e-01 4.757216341273387029e-03 -4.736903183635816396e-03 9.999774650665439468e-01 -1.178410441417145627e-01
9.993118117433239522e-01 -3.672355623543821501e-02 -5.223344493524900191e-03 1.500737695130082372e+01 3.675079775426683126e-02 9.993108349684929337e-01 5.218618495199128619e-03 8.477176972527211696e-01 5.028098517372704516e-03 -5.406989180317056491e-03 9.999727409751245633e-01 -1.207179127742024211e-01
9.992547993659957051e-01 -3.851580664213526128e-02 -2.525585621053126791e-03 1.557202971221889065e+01 3.852998391252591970e-02 9.992404481292654905e-01 5.828135390083100283e-03 8.641513760683542378e-01 2.299191972001329159e-03 -5.921103033244231630e-03 9.999798269240962600e-01 -1.192902263991746509e-01
9.992180093467956103e-01 -3.953946574656931612e-02 2.110694291156004019e-05 1.613829778356755185e+01 3.953906633127937664e-02 9.992100470988481975e-01 3.992995162559210935e-03 9.124819494668553466e-01 -1.789711648769994957e-04 -3.989038128847968191e-03 9.999920277402859492e-01 -1.193845379374020715e-01
9.991738414016756442e-01 -4.061986736721327068e-02 1.288810959389665410e-03 1.670989849992998444e+01 4.061766310132652186e-02 9.991733283663837284e-01 1.692727216602653772e-03 9.458950171885618374e-01 -1.356503890955716111e-03 -1.638980266108253222e-03 9.999977368178796233e-01 -1.376475599231162250e-01
9.991440740627662853e-01 -4.132784332551710238e-02 1.768793746844055407e-03 1.729313180512993497e+01 4.132647148677408289e-02 9.991453719764907815e-01 8.052405930597153049e-04 9.878579879498362581e-01 -1.800560943209512975e-03 -7.314533624054669284e-04 9.999981114763509815e-01 -1.456189811372225473e-01
9.990957707536233245e-01 -4.248802308601631883e-02 1.552016902469688202e-03 1.787789301576398060e+01 4.248366732139845225e-02 9.990934062993136466e-01 2.739251751736637621e-03 1.032008109961737974e+00 -1.666995245388747191e-03 -2.670839470427819034e-03 9.999950438594058522e-01 -1.488374219521936548e-01
9.990440629899521863e-01 -4.368781419672549543e-02 1.528101842441575075e-03 1.846337123065083574e+01 4.368113564212019323e-02 9.990368608818319673e-01 4.160407238464430141e-03 1.095137309088184630e+00 -1.708389166197320707e-03 -4.089680927353647050e-03 9.999901779099479304e-01 -1.419828886754473107e-01
9.989765243949974005e-01 -4.515527060885574095e-02 2.627783083178025954e-03 1.903692732684249833e+01 4.514184622128017410e-02 9.989682663651628935e-01 4.961503312033781546e-03 1.151280333278742241e+00 -2.849109935667674259e-03 -4.837802354586070996e-03 9.999842389962716460e-01 -1.517233795227105608e-01
9.988914317901407269e-01 -4.699245694656470351e-02 2.759798247676444830e-03 1.963336487863489666e+01 4.698615005025152946e-02 9.988928760951318875e-01 2.307333926999412081e-03 1.178087283005094577e+00 -2.865170099289696907e-03 -2.175103795384663793e-03 9.999935298409592388e-01 -1.665469845230012624e-01
9.988350830790658774e-01 -4.820377805600171289e-02 2.207394745664385382e-03 2.022024652043736026e+01 4.820303965472475666e-02 9.988374830576332020e-01 3.865321944302802849e-04 1.215132860347125199e+00 -2.223460923985875245e-03 -2.796787800776112860e-04 9.999974889974971859e-01 -1.680288415911576627e-01
9.988098811070251770e-01 -4.875172131941941239e-02 1.446053720935248227e-03 2.082340176528786913e+01 4.875392179622497352e-02 9.988096522871261485e-01 -1.527614990031889858e-03 1.279192761786985821e+00 -1.369858553918437867e-03 1.596297736594678475e-03 9.999977876580919967e-01 -1.745227719857991300e-01
9.987656613645782278e-01 -4.967038728449107293e-02 7.941023432720233631e-05 2.142910294468101995e+01 4.967044615820333936e-02 9.987636039690384049e-01 -2.027354242049415542e-03 1.323480359381807414e+00 2.138741853678786589e-05 2.028796142149327277e-03 9.999979417622777422e-01 -1.755158648814464095e-01
9.987363998835716572e-01 -5.023133158423145894e-02 -1.554630141673739134e-03 2.203826067040622760e+01 5.022913207335140406e-02 9.987367068084908039e-01 -1.422942194373396892e-03 1.377415512024415367e+00 1.624142469191211784e-03 1.343056441739572679e-03 9.999977791778510428e-01 -1.808156341173287052e-01
9.987016795602632335e-01 -5.088588869612310078e-02 -2.362535738378961515e-03 2.266100717997212399e+01 5.088394925204692970e-02 9.987041904153478589e-01 -8.739309696434670576e-04 1.428522330876458080e+00 2.403945095974459063e-03 7.525811785848376696e-04 9.999968273297397126e-01 -1.807098664166520707e-01
9.986615128538610664e-01 -5.161196012669960753e-02 -3.374657955624951657e-03 2.327167437376375148e+01 5.161210911434986615e-02 9.986672060027793618e-01 -4.298105013120351032e-05 1.473387276930447243e+00 3.372378568004597444e-03 -1.312496940812485336e-04 9.999943049019388575e-01 -1.849974197830724365e-01
9.986457409562493615e-01 -5.187783814475012412e-02 -3.920966637307129500e-03 2.389426447129622488e+01 5.187919814519720285e-02 9.986533374224271231e-01 2.458756986491865719e-04 1.515334661320774767e+00 3.902930918570506318e-03 -4.489593243582165778e-04 9.999922827531070313e-01 -1.857870959155254742e-01
9.986380783350928825e-01 -5.204743917016058791e-02 -3.612834762538953953e-03 2.453930376075604869e+01 5.204761749618475736e-02 9.986446032068854173e-01 -4.470719538303250424e-05 1.573286492796777791e+00 3.610264832919922885e-03 -1.433931341124838551e-04 9.999934726918197070e-01 -1.951461835581201343e-01
9.986687764155489644e-01 -5.152624012388533348e-02 -2.391984817253490787e-03 2.517818200626163261e+01 5.152608732541488767e-02 9.986716410183830162e-01 -1.255013296219869624e-04 1.633299622768465298e+00 2.395274014383569610e-03 2.084640717244290778e-06 9.999971313249105265e-01 -1.985718904889975933e-01
9.986755428122300327e-01 -5.145009223639245705e-02 2.195394369926952441e-04 2.584658302036500288e+01 5.144983508744226802e-02 9.986750289179342488e-01 1.049326087619560643e-03 1.680690823620901497e+00 -2.732364775813861651e-04 -1.036641032312034163e-03 9.999994253584336690e-01 -2.038629617875246380e-01
9.987062562531442422e-01 -5.076953952127685743e-02 2.875339567153072096e-03 2.650222773099670803e+01 5.076388238181336887e-02 9.987086654005208342e-01 2.007460942548865319e-03 1.730104712916424425e+00 -2.973544409344910239e-03 -1.858900402912653030e-03 9.999938512425652348e-01 -2.115257310718668404e-01
9.987089549372155650e-01 -5.059856618702896630e-02 4.495378519266437535e-03 2.717068189577154058e+01 5.059270546459255363e-02 9.987183764470507485e-01 1.408084067112343012e-03 1.780614984161676961e+00 -4.560864171143408884e-03 -1.178832805752409122e-03 9.999889043740577410e-01 -2.147876916630195865e-01
9.987479464025570408e-01 -4.986066838718449662e-02 4.056267330724066741e-03 2.786528560894458195e+01 4.985954529420872500e-02 9.987561680239082085e-01 3.775940326640136145e-04 1.846651809839401137e+00 -4.070049106562176680e-03 -1.748776199953878876e-04 9.999917020246158472e-01 -2.247540026104342115e-01
9.988125111996656313e-01 -4.867953109389716593e-02 1.967415435587202728e-03 2.853893825906454040e+01 4.867891585992953352e-02 9.988144141751208460e-01 3.594255306916792629e-04 1.915085662126565724e+00 -1.982579562032368500e-03 -2.632270664489526151e-04 9.999980000428959626e-01 -2.329027119566166038e-01
9.988548474727282356e-01 -4.784218975361940324e-02 -3.443251537366485548e-04 2.923743490527120414e+01 4.784267445874190033e-02 9.988536447017223319e-01 1.573202695227777365e-03 1.961319770263660223e+00 2.686649729063395314e-04 -1.587874574423605439e-03 9.999987032358933492e-01 -2.388365811163786212e-01
9.989002470904572162e-01 -4.676348077927019314e-02 -3.387215379976454659e-03 2.995732044057583110e+01 4.676942961088188105e-02 9.989042668966592320e-01 1.698831810567874362e-03 2.010746300282368448e+00 3.304060607235766167e-03 -1.855381646632083730e-03 9.999928203454507836e-01 -2.479889543260431484e-01
9.989514629357540976e-01 -4.547558712051955054e-02 -5.286366858312653398e-03 3.067998195128085470e+01 4.548874341840056235e-02 9.989619787961289132e-01 2.395650629224448189e-03 2.058109786158263343e+00 5.171935878522659034e-03 -2.633608886380042671e-03 9.999831574499152831e-01 -2.555298294445551566e-01
9.990607721201910651e-01 -4.298024716794313083e-02 -5.501996364054813522e-03 3.138977738169073106e+01 4.298521607017867507e-02 9.990753976754964683e-01 7.880094851327298835e-04 2.112876575734301099e+00 5.463040362985509442e-03 -1.023773867180973038e-03 9.999845534192322027e-01 -2.399047320791256044e-01
9.991854788641477692e-01 -4.015749128468737439e-02 -3.969221679886149323e-03 3.215099922431532065e+01 4.017128713288191377e-02 9.991868198063693640e-01 3.459308503378833322e-03 2.156768777962926986e+00 3.827076836356456315e-03 -3.615939567284163960e-03 9.999861391359053941e-01 -2.642800839014439740e-01
9.993058910952204998e-01 -3.724354527012164323e-02 8.089240382106215521e-04 3.287436080978877584e+01 3.723937745236135383e-02 9.992954673384266684e-01 4.668803255232716921e-03 2.207650100922016634e+00 -9.822369101985214176e-04 -4.635438769729382201e-03 9.999887738960194783e-01 -2.553552922811965220e-01
9.993830636796626754e-01 -3.478785765008357567e-02 4.826695595207644227e-03 3.360167571908167616e+01 3.476321459619011178e-02 9.993825696386570145e-01 5.098863929752028325e-03 2.265770460003185605e+00 -5.001093999367562520e-03 -4.927926800634617639e-03 9.999753519943664903e-01 -2.561740457842044960e-01
9.994682380567887492e-01 -3.214544725983538992e-02 5.469125718366400248e-03 3.434476551156840429e+01 3.213909779744445611e-02 9.994826304225655766e-01 1.244940301999300719e-03 2.301311012638115105e+00 -5.506315321924114443e-03 -1.068505523796031481e-03 9.999842692700326996e-01 -2.621619105736064936e-01
9.995749460471976544e-01 -2.881635804695453079e-02 4.420943751251110894e-03 3.507813839641745801e+01 2.881587794493711135e-02 9.995847215227204874e-01 1.722689981497514352e-04 2.326785731778373112e+00 -4.424071993593026338e-03 -4.480239899365814958e-05 9.999902127419750819e-01 -2.720595255620029684e-01
9.996750531027963627e-01 -2.528183633680326087e-02 3.258366977555534737e-03 3.581185548598299562e+01 2.527915939865690853e-02 9.996800609428285744e-01 8.601473360774972285e-04 2.379097848053659980e+00 -3.279070602873065520e-03 -7.774990556645545265e-04 9.999943215794776519e-01 -2.742999622991440511e-01
9.997653437177298485e-01 -2.160167356303872160e-02 1.620246970477600941e-03 3.653899605462240885e+01 2.159781378863946666e-02 9.997639473845025826e-01 2.363038236853034612e-03 2.427811157986355273e+00 -1.670910087551945788e-03 -2.327489942725530312e-03 9.999958954165990566e-01 -2.781248001830844419e-01
9.998225891480836403e-01 -1.883011568104914213e-02 -4.658032423439035564e-04 3.723931009400435244e+01 1.883189146734044750e-02 9.998140175740560798e-01 4.158139750831756076e-03 2.448857054684419499e+00 3.874183586007491349e-04 -4.166174007821129080e-03 9.999912464122633349e-01 -2.786687291481367290e-01
9.998779582810443101e-01 -1.556536389346578793e-02 -1.337157654955242227e-03 3.797224523274154251e+01 1.557334755368787634e-02 9.998596077094461521e-01 6.183503625327252569e-03 2.474946479350974116e+00 1.240721444264447897e-03 -6.203573000810340930e-03 9.999799879459195795e-01 -2.919794179024453040e-01
9.999262086541516048e-01 -1.191255364095317355e-02 -2.380821766862734751e-03 3.870834320647254145e+01 1.192392403542925396e-02 9.999172899124187941e-01 4.820100600722922700e-03 2.494930845508899431e+00 2.323205141924979643e-03 -4.848133656902438825e-03 9.999855490545417336e-01 -2.964343054682681000e-01
9.999563365329507958e-01 -7.692817494306324402e-03 -5.305241427061831681e-03 3.940835340433736178e+01 7.713279508589340749e-03 9.999628510015250438e-01 3.847328439870860775e-03 2.516422517527785896e+00 5.275447547127567159e-03 -3.888081262159773753e-03 9.999785260080720217e-01 -2.917560177393639376e-01
9.999641623675979973e-01 -2.465949144783375659e-03 -8.098955197031000586e-03 4.012847107900945076e+01 2.511898439819650573e-03 9.999807806333508298e-01 5.668221073866121749e-03 2.539452923163866060e+00 8.084821995332051869e-03 -5.688361691166494115e-03 9.999511379035348480e-01 -2.955702329690149122e-01
9.999690983731724936e-01 2.775253148049118632e-03 -7.355288485760534851e-03 4.082972404814132972e+01 -2.712394021325641256e-03 9.999598347498518391e-01 8.542353640656872096e-03 2.556511105635260961e+00 7.378700252591573715e-03 -8.522139227518538487e-03 9.999364619442423496e-01 -2.957640341854562149e-01
9.999560177749140522e-01 7.221017084997445427e-03 -5.984933415990682445e-03 4.153826455999979572e+01 -7.163454328675465839e-03 9.999284113270706653e-01 9.584213217657977860e-03 2.556954521629953181e+00 6.053712729940827555e-03 -9.540918885449353390e-03 9.999361596767089022e-01 -2.951278956749358029e-01
9.999063208408535131e-01 1.266708005133197236e-02 -5.186002842382628382e-03 4.224372486872102428e+01 -1.261393873376503820e-02 9.998688772309418660e-01 1.015464891350329607e-02 2.581707148447982547e+00 5.313952590010109604e-03 -1.008828171240470570e-02 9.999349921269693464e-01 -2.921986063595969352e-01
9.998226814662082296e-01 1.841124467095805670e-02 -3.953693891450249867e-03 4.295142408195194861e+01 -1.836620565186368806e-02 9.997692556728463575e-01 1.114082139324638725e-02 2.595306611765065163e+00 4.157897987519998742e-03 -1.106623156403680787e-02 9.999301227602339637e-01 -2.882886713482449847e-01
9.997010814968487757e-01 2.436163715128970841e-02 -2.063562293686366147e-03 4.365243294432485044e+01 -2.433536005820371995e-02 9.996327452437245853e-01 1.192329179935220154e-02 2.587418626341555061e+00 2.353275349083905604e-03 -1.186951017539551387e-02 9.999267857314991792e-01 -3.025140244067091588e-01
9.995347939306629126e-01 3.042279960793360660e-02 2.156150737470859027e-03 4.435286135692951603e+01 -3.044528156062224766e-02 9.994725559959426464e-01 1.130020538006681549e-02 2.576201193367658071e+00 -1.811229604886270116e-03 -1.136059307222869741e-02 9.999338259966834563e-01 -3.030211167065355315e-01
9.993073004733914466e-01 3.668484434147067930e-02 6.256310112591183942e-03 4.505274568055096296e+01 -3.675001858041677949e-02 9.992678282456209926e-01 1.064159610298293958e-02 2.568238904452060378e+00 -5.861344122457378542e-03 -1.086414418728262089e-02 9.999238046052089102e-01 -3.158271598194442031e-01
9.990391212520973729e-01 4.288174479256307015e-02 9.054842427257578721e-03 4.574387023505256877e+01 -4.296084964649839188e-02 9.990386122890092535e-01 8.730209235846055418e-03 2.544565779358482160e+00 -8.671770608585828086e-03 -9.110824287416734515e-03 9.999208935087394723e-01 -3.180643727307810864e-01
9.987526269849588134e-01 4.904669615698162288e-02 9.360111469873023254e-03 4.643819587028128382e+01 -4.912436109883366875e-02 9.987585466329655937e-01 8.256068933682848138e-03 2.536784637142039944e+00 -8.943558423531495355e-03 -8.705580031856029188e-03 9.999221097860742091e-01 -3.248804399616198046e-01
9.984793635521614918e-01 5.446140700967349452e-02 8.539069445628036034e-03 4.712398611042061702e+01 -5.452986888884010092e-02 9.984800861353544388e-01 8.000686851828834809e-03 2.511057934561143234e+00 -8.090362132592060843e-03 -8.454155053096998676e-03 9.999315343076753404e-01 -3.289756805304680509e-01
9.981848433347962901e-01 5.984858266796588833e-02 6.720542338516560625e-03 4.780116907834101880e+01 -5.989680899942045889e-02 9.981784648523485126e-01 7.219735223389404759e-03 2.487742701610292873e+00 -6.276209714077826858e-03 -7.609169313700308614e-03 9.999513536837580929e-01 -3.389251788025862688e-01
9.978703618163706768e-01 6.503559438398261172e-02 5.011234537275548531e-03 4.849924460924973602e+01 -6.507518028515603403e-02 9.978467634760345151e-01 8.188866298660425758e-03 2.443693761248812546e+00 -4.467876376975385769e-03 -8.497533967274571026e-03 9.999539139366149243e-01 -3.446501815077382402e-01
9.975052431458556468e-01 7.040776959444569605e-02 5.102536355862353004e-03 4.918033602987814845e+01 -7.044834658107371195e-02 9.974811934689272741e-01 8.264329361620696007e-03 2.428165007260518760e+00 -4.507811056418568191e-03 -8.603177118941207624e-03 9.999528313790304601e-01 -3.479738035353589498e-01
9.971145691437158787e-01 7.554078731318114581e-02 7.491692295235810942e-03 4.987701763893724660e+01 -7.560574327680089080e-02 9.970989306841289146e-01 8.803068336046484740e-03 2.397127510954472296e+00 -6.804967663717468446e-03 -9.344082655422065661e-03 9.999331880352928525e-01 -3.594671212079413314e-01
9.967166798680179296e-01 8.053048368267309853e-02 8.408404766058755891e-03 5.057694446036797586e+01 -8.058520510757710698e-02 9.967272720368952621e-01 6.385130825496900149e-03 2.345534915615389515e+00 -7.866688670901362396e-03 -7.041759419612579791e-03 9.999442628635014652e-01 -3.670372780591036332e-01
9.963028298818408235e-01 8.552222550098036169e-02 8.162114603160039103e-03 5.125871826125795394e+01 -8.555058086676471663e-02 9.963287222524956910e-01 3.189879005288554382e-03 2.312562368519777145e+00 -7.859343661833747066e-03 -3.876359125351102556e-03 9.999616015413473891e-01 -3.733350364688330369e-01
9.959572631520536845e-01 8.965371270579262919e-02 5.598372329350180705e-03 5.195751497138871855e+01 -8.965607918371128193e-02 9.959727695315216955e-01 1.726763288262896275e-04 2.248227530775794847e+00 -5.560345319755852396e-03 -6.739063567290933627e-04 9.999843140820496856e-01 -3.816914916973127014e-01
