1.000000000000000000e+00 0.000000000000000000e+00 0.000000000000000000e+00 0.000000000000000000e+00 0.000000000000000000e+00 1.000000000000000000e+00 0.000000000000000000e+00 0.000000000000000000e+00 0.000000000000000000e+00 0.000000000000000000e+00 1.000000000000000000e+00 0.000000000000000000e+00
9.999999999024742348e-01 -1.082566160091140576e-05 8.823634205901208314e-06 -3.360287789428635305e-03 1.082605176476344809e-05 9.999999989637295972e-01 -4.421919647071236422e-05 -2.821175310378455561e-03 -8.823155494700282996e-06 4.421929199152051926e-05 9.999999989834030822e-01 -1.444422461334152630e-03
9.999999996070149111e-01 1.953340860875833412e-05 -2.011009798216931981e-05 1.696177460323643887e-03 -1.953391677971211697e-05 9.999999994899377853e-01 -2.526955567042171545e-05 -3.100197327604257373e-03 2.010960437135564499e-05 2.526994848947157300e-05 9.999999994785168100e-01 -1.605943072959382326e-03
9.999999998486315267e-01 -1.015344306498895289e-05 1.412955988482899449e-05 1.132380293167748429e-03 1.015366307346623665e-05 9.999999998272265378e-01 -1.557081015822920443e-05 -2.683066908330200995e-03 -1.412940178505336286e-05 1.557095362266272046e-05 9.999999997789527084e-01 -8.116337228286607227e-04
9.999999999857311916e-01 4.388028343481830526e-07 -5.324002208815823744e-06 -1.491842620458287780e-03 -4.388959824453409416e-07 9.999999998468506179e-01 -1.749589020520912947e-05 -2.830858413667630431e-03 5.323994530754244337e-06 1.749589254164266635e-05 9.999999998327744333e-01 -1.136470605900829394e-03
9.999999999971279641e-01 1.095445296764892260e-06 2.131660216418494793e-06 -1.410192681190595900e-03 -1.095404584567478227e-06 9.999999998170193694e-01 -1.909872868164308346e-05 -2.868640971961038122e-03 -2.131681137640951031e-06 1.909872634655786040e-05 9.999999998153472625e-01 -1.352747244566569317e-03
9.999999998699053982e-01 -8.300677890747089883e-06 -1.383068501516060247e-05 6.446996830310196443e-04 8.300218504397430353e-06 9.999999994139437964e-01 -3.321473696395471642e-05 -1.602730269946893308e-03 1.383096071188780626e-05 3.321462216192596609e-05 9.999999993527467490e-01 -1.003039035238987350e-03
9.999999999743826029e-01 -3.747741403137385013e-06 6.098293055246094861e-06 7.948512571722186979e-04 3.747868990515874509e-06 9.999999997741129132e-01 -2.092194125295642100e-05 -1.876819477008927857e-05 -6.098214643843102057e-06 2.092196410802389607e-05 9.999999997625416137e-01 -1.212199765044727397e-03
9.999999997788107109e-01 -1.125931404617040635e-05 1.776531696207001436e-05 -1.012660910008695214e-04 1.125952062698369368e-05 9.999999998690033420e-01 -1.162826411580223133e-05 -2.555449315605986225e-03 -1.776518603346532540e-05 1.162846414218296449e-05 9.999999997745885327e-01 -8.393931610168965576e-04
9.999999999969420017e-01 6.226250488369388495e-07 -2.393402284721683987e-06 -4.016958809565949811e-04 -6.226825657011850456e-07 9.999999997110496919e-01 -2.403149801302964668e-05 -3.250037092402326133e-03 2.393387321417485483e-06 2.403149950328603096e-05 9.999999997083793835e-01 -1.288319570229963951e-03
9.999999999349974411e-01 -1.115886974644263586e-05 -2.341967047523534317e-06 1.743633386649841559e-03 1.115882757708936725e-05 9.999999997756467973e-01 -1.800519573434805599e-05 -3.633964322851904877e-04 2.342167964632064920e-06 1.800516959957119788e-05 9.999999998351640773e-01 -7.284110994338658610e-04
9.999999998951066837e-01 -1.354353732213276530e-05 5.134129383833035802e-06 1.730218292094217250e-03 1.354358212332806080e-05 9.999999998702122639e-01 -8.726218040160854726e-06 3.885009202012025195e-05 -5.134011199306979948e-06 8.726287573748475919e-06 9.999999999487468871e-01 -8.389045509430171363e-04
9.999999996331456753e-01 -7.762948642677869335e-06 2.595082396716571438e-05 -1.464477485390763660e-03 7.763067430160781318e-06 9.999999999593914835e-01 -4.577309390551891690e-06 -2.999552645393528932e-03 -2.595078843269416993e-05 4.577510846869011299e-06 9.999999996528015078e-01 -1.109624201106831952e-03
9.999999954457143847e-01 -4.308801151054253079e-05 8.515864347100510386e-05 -6.149454432914506705e-03 4.308830748548403991e-05 9.999999990656653903e-01 -3.473739735714712551e-06 -6.358718554069236854e-03 -8.515849371490072242e-05 3.477409061709235182e-06 9.999999963679693238e-01 -7.927758584649175454e-04
9.999999856259087494e-01 6.785170538055199443e-05 1.553844536171817962e-04 -2.367962490249598401e-02 -6.778966940166906226e-05 9.999999180170325852e-01 -3.992123354019988979e-04 8.227724734310177396e-04 -1.554115281160692069e-04 3.992017962029434353e-04 9.999999082425872210e-01 -9.387067382058128864e-03
9.999979656178410448e-01 -1.792065164814198363e-06 -2.017116002522892707e-03 1.246018453647790292e-02 1.005836992155847610e-06 9.999999240355361696e-01 -3.897793095679880884e-04 -4.960149601714420112e-03 2.017116547803679376e-03 3.897764877180219371e-04 9.999978896553343155e-01 -2.643383091487891065e-03
9.999960699625835003e-01 -3.087622980928498521e-05 -2.803409717868726031e-03 -5.579342655900765280e-03 3.039333220427012342e-05 9.999999846951483917e-01 -1.722961065279927039e-04 -3.842206692926358573e-03 2.803414994817136387e-03 1.722102244349874738e-04 9.999960555962235098e-01 -7.878655212791556978e-04
9.999949067919871037e-01 8.692441670727164480e-05 -3.190428534044930167e-03 -3.729327789166916873e-03 -8.725669994943926263e-05 9.999999907839912661e-01 -1.040109888685448038e-04 -5.342309247608877792e-05 3.190419463547373990e-03 1.042888453842481615e-04 9.999949051607629480e-01 -6.629885376495956231e-04
9.999950017540428782e-01 -3.822373655578525226e-05 -3.161487921500400877e-03 1.314488338198715849e-02 3.831425689140777657e-05 9.999999988578397447e-01 2.857163381401575165e-05 7.891299211053932200e-03 3.161486825774871470e-03 -2.869262106634599805e-05 9.999950020764023506e-01 3.640898210690877773e-04
9.999956835064672811e-01 8.850397736372535512e-06 -2.938178024518237758e-03 1.575296447192163149e-02 -8.669485125177423652e-06 9.999999980660152499e-01 6.158579035888162739e-05 7.492098781912736802e-03 2.938178563894586030e-03 -6.156005203353714711e-05 9.999956816492192591e-01 -1.097672880704866297e-03
9.999961400987775750e-01 1.120963240840583046e-05 -2.778427953016209765e-03 1.734845659968327347e-02 -1.097300284941957976e-05 9.999999963118154644e-01 8.518193609924016587e-05 4.000781358988823172e-03 2.778428897627046364e-03 -8.515111960753553061e-05 9.999961365336106356e-01 -1.411602274552162120e-03
9.999957590546664221e-01 6.100666222897195470e-06 -2.912359089024333693e-03 1.739598533504070968e-02 -6.044453662158256400e-06 9.999999997952906394e-01 1.931018530632808557e-05 9.438031357669783919e-07 2.912359206233141456e-03 -1.929249979332664972e-05 9.999957588868331193e-01 -1.579609673167221015e-03
9.999954821729771792e-01 6.939009298323447269e-05 -3.005132051978587002e-03 1.698309371762450268e-02 -6.952616512419499577e-05 9.999999965626443776e-01 -4.517547646599788888e-05 -3.885003506066686541e-04 3.005128906918366934e-03 4.538420767827541959e-05 9.999954835600641800e-01 -2.955686964969425016e-03
9.999953799444764035e-01 1.501279687180343515e-05 -3.039714512620163549e-03 2.591020273842438437e-02 -1.544195289885827958e-05 9.999999899177589580e-01 -1.411595838873153368e-04 6.245724659776654124e-04 3.039712362772869440e-03 1.412058708505299404e-04 9.999953700941087709e-01 -5.378655620000982393e-03
9.999946816850319165e-01 1.293315196552030887e-06 -3.261380072774724536e-03 4.079591670416080756e-02 -1.609923721235697086e-06 9.999999952868816600e-01 -9.707545935559478236e-05 -3.588245459361563000e-03 3.261379931854287758e-03 9.708019365086938677e-05 9.999946769740207797e-01 -6.996323697997879586e-03
9.999871317451574093e-01 -2.745613375078442053e-05 -5.073025749374892972e-03 7.690409596711930695e-02 2.484037805617920615e-05 9.999998667271380315e-01 -5.156827142234114789e-04 -6.081612778475613962e-03 5.073039231931807634e-03 5.155500624093238386e-04 9.999869991560312865e-01 -6.382998778105834076e-03
9.999831494023438960e-01 -1.422332016301484144e-04 -5.803505930548766983e-03 1.070388993792253524e-01 1.385875631005950895e-04 9.999997928428495664e-01 -6.285759662951806220e-04 -1.205248713335259347e-02 5.803594132683168733e-03 6.277610806701216335e-04 9.999829619604369002e-01 -1.184192839563801697e-02
9.999796649984027397e-01 -2.295707137876519630e-04 -6.373137921739158163e-03 1.616582938769295930e-01 2.260086587005081008e-04 9.999998178662812265e-01 -5.596315668684604793e-04 -1.405182235018143273e-02 6.373265235994112626e-03 5.581798024062486607e-04 9.999795347533567691e-01 -1.292577131777172816e-02
9.999767518499043106e-01 -1.461089054340939134e-03 -6.660403778318396348e-03 2.887455900969074785e-01 1.458593876104017023e-03 9.999988642522822380e-01 -3.794707500994232456e-04 -6.600372021226567562e-03 6.660950654339418270e-03 3.697471039430326976e-04 9.999777472641376841e-01 -1.316555011610926265e-02
9.999765750031179845e-01 -1.616460901351519149e-03 -6.651052487238281151e-03 3.437185811729672746e-01 1.614187937165380889e-03 9.999986369588876878e-01 -3.470989343863827232e-04 -8.426066075071464087e-03 6.651604493436638101e-03 3.363547549005731219e-04 9.999778212656227350e-01 -1.408198970573593979e-02
9.999760327765396806e-01 -1.757116856246898227e-03 -6.696746437370271025e-03 4.263126114036303038e-01 1.755265978933068282e-03 9.999984196863568320e-01 -2.822518946650293624e-04 -1.245493086610181127e-02 6.697231803972335425e-03 2.704905586797405116e-04 9.999775367082109900e-01 -1.592580704982540785e-02
9.999753982624073334e-01 -1.320056952963617964e-03 -6.889145054420359876e-03 5.484339248562235536e-01 1.317816938669838988e-03 9.999990773342104511e-01 -3.296805178243663410e-04 -1.030158445649586273e-02 6.889573895101709297e-03 3.205937750651086495e-04 9.999762152127296133e-01 -1.746300628695282575e-02
9.999722270227159315e-01 -2.367014113526630555e-03 -7.066995642863528430e-03 7.060552287044780106e-01 2.363071092110561808e-03 9.999970476255130025e-01 -5.662466521813759200e-04 -3.775156464203215795e-03 7.068315092263344028e-03 5.495311127142456188e-04 9.999748681528514149e-01 -2.078452039202304674e-02
9.999713602778638188e-01 -2.591833400272964497e-03 -7.110627515481455704e-03 8.148520014044956516e-01 2.588743133616617457e-03 9.999965507336097126e-01 -4.437678122878404197e-04 -3.497696394745733288e-04 7.111753161270805909e-03 4.253475147445954911e-04 9.999746207011780408e-01 -2.125924412333002333e-02
9.999726603017535798e-01 -2.906213299039013109e-03 -6.799453896756783855e-03 9.333633510343375406e-01 2.905565649953140931e-03 9.999957733094051449e-01 -1.051264881581774239e-04 1.023456867829902056e-02 6.799730677566914391e-03 8.536735435085695005e-05 9.999768779202483637e-01 -2.356034844773722409e-02
9.999702861796816444e-01 -3.843245446347931613e-03 -6.682531119621192527e-03 1.091120304221437021e+00 3.842939236963310596e-03 9.999926141611064079e-01 -5.866223320029866620e-05 8.626083471980839495e-03 6.682707216883561861e-03 3.297992907942124313e-05 9.999776699189726337e-01 -2.742923710231900958e-02
9.999696798814784460e-01 -3.751469082158389364e-03 -6.823913646815338296e-03 1.240863379235481734e+00 3.750991571974552751e-03 9.999929615806533167e-01 -8.277306975737652630e-05 4.512784241458117108e-03 6.824176137861535929e-03 5.717411749100462855e-05 9.999767134044470485e-01 -2.626171845958838458e-02
9.999695266134956961e-01 -3.839396114075803619e-03 -6.797417293402822046e-03 1.410792294869045227e+00 3.837848397457611568e-03 9.999926064591702080e-01 -2.407211523426769676e-04 1.559854623228089897e-02 6.798291260277406108e-03 2.146263596876251854e-04 9.999768683181957662e-01 -2.890394024551922250e-02
9.999688988475774476e-01 -4.741150971358901699e-03 -6.302604622717025359e-03 1.597780780918822030e+00 4.741294584309266834e-03 9.999887599688912498e-01 7.844996185927956240e-06 2.827196560865247871e-02 6.302496586933712883e-03 -3.772725736223661076e-05 9.999801383594705273e-01 -3.341888129658140277e-02
9.999693071658628529e-01 -5.031541881304366776e-03 -6.005690012056526944e-03 1.788401003107344955e+00 5.038711901477284719e-03 9.999866101823261522e-01 1.179338134078045802e-03 3.019445029614640369e-02 5.999675707748427025e-03 -1.209562878588637570e-03 9.999812702491205352e-01 -3.807309301594611478e-02
9.999640388071150410e-01 -5.982136927699375530e-03 -6.011250314264872906e-03 1.991135033846248570e+00 5.997971594799545066e-03 9.999785807719469011e-01 2.619605709058758867e-03 3.103789280948483428e-02 5.995450717875334089e-03 -2.655566813546763206e-03 9.999785010366913918e-01 -3.765953563835779810e-02
9.999641605900402297e-01 -6.470694956103088986e-03 -5.459637555844845669e-03 2.200522399129214879e+00 6.494881987190525598e-03 9.999691213804168255e-01 4.424115013163843445e-03 4.059164562307643331e-02 5.430841871072797714e-03 -4.459416157110224037e-03 9.999753094772435569e-01 -4.395461094337452246e-02
9.999608551057102002e-01 -6.959691140909184982e-03 -5.463602793032985329e-03 2.411306116303212566e+00 6.987590007408472394e-03 9.999625609892787148e-01 5.103940208447603315e-03 4.790819907885617013e-02 5.427876393696976810e-03 -5.141917831528728007e-03 9.999720490288058761e-01 -4.721071623231421627e-02
9.999585222515912086e-01 -7.512517323642344501e-03 -5.149355287402988986e-03 2.647621835414103675e+00 7.541960511199027016e-03 9.999551850737675718e-01 5.722471121356782937e-03 6.036849406117759248e-02 5.106134355992403111e-03 -5.761070000375062040e-03 9.999703682931756488e-01 -4.987836300575117926e-02
9.999547424695155451e-01 -8.194572565710744536e-03 -4.833424582034950845e-03 2.893916116988339837e+00 8.224329060664800281e-03 9.999471505742351107e-01 6.168992621958081270e-03 6.555381954287388402e-02 4.782616880623343295e-03 -6.208465102838996684e-03 9.999692902968770891e-01 -5.067503115576713069e-02
9.999545047501575690e-01 -8.571969138596594734e-03 -4.184468300036500200e-03 3.147343705210551956e+00 8.599365077799601270e-03 9.999414178676609977e-01 6.573564715629733914e-03 7.200164383931875745e-02 4.127874771087833468e-03 -6.609249420229134676e-03 9.999696387750857118e-01 -5.416749877231626792e-02
9.999495252870496120e-01 -9.249926408006984430e-03 -3.922466016497077462e-03 3.404483961071863352e+00 9.271326184092647249e-03 9.999420423541399705e-01 5.473065267244565935e-03 7.537843719785487784e-02 3.871613228652564208e-03 -5.509155477731205244e-03 9.999773296514925525e-01 -7.342613666398473127e-02
9.999288987055208189e-01 -9.943525245579070901e-03 -6.582084719504017328e-03 3.673069065578862258e+00 9.978914301697649689e-03 9.999358129652984317e-01 5.365744942415090826e-03 7.749190260518487583e-02 6.528307814707475648e-03 -5.431045490346285073e-03 9.999639418208829955e-01 -8.000977407588971690e-02
9.998924634623451713e-01 -1.060042164913492339e-02 -1.013373435922171675e-02 3.950061566378890721e+00 1.064106680503539536e-02 9.999355195468484503e-01 3.965406136215919065e-03 8.415448894108829014e-02 1.009104595438416185e-02 -4.072813454470595486e-03 9.999407897381282773e-01 -8.626042039164917574e-02
9.998361562730144758e-01 -1.147909409519216710e-02 -1.399610688576664701e-02 4.236498708388044321e+00 1.149036854021197838e-02 9.999337204228756493e-01 7.253909818645640651e-04 9.197699281860891030e-02 1.398685239838424500e-02 -8.860925573482311517e-04 9.999017865770445379e-01 -8.931692480292363623e-02
9.997846584287499727e-01 -1.166242124499926834e-02 -1.716463519017717362e-02 4.531857338467048635e+00 1.161610951673644997e-02 9.999286235310940185e-01 -2.795325188038904306e-03 9.045991323507575343e-02 1.719601029898690583e-02 2.595336956136831338e-03 9.998487692925771553e-01 -8.498901097824376749e-02
9.997534120029387683e-01 -1.208991110460914432e-02 -1.862657343594674442e-02 4.844387512970915743e+00 1.199398004059548835e-02 9.999142696319545109e-01 -5.253363606382874945e-03 9.364940713731545463e-02 1.868848927195201209e-02 5.028661439957910623e-03 9.998127089274543300e-01 -8.531200851209044811e-02
9.997299695476107306e-01 -1.257662823086607047e-02 -1.954012309776500395e-02 5.148224111360428346e+00 1.241979441972244393e-02 9.998898444015715814e-01 -8.126977862209458850e-03 9.648321363483856883e-02 1.964018062302529122e-02 7.882099018890456957e-03 9.997760428316690984e-01 -8.191602026772273892e-02
9.997201185657998979e-01 -1.262145291679631076e-02 -2.000958422986384710e-02 5.479798771538560764e+00 1.240302031255472587e-02 9.998625381359729225e-01 -1.100317769630647022e-02 1.085112405591508733e-01 2.014570976434627847e-02 1.075191883150329250e-02 9.997392393116975029e-01 -8.641720379707022726e-02
9.997002979102581621e-01 -1.335548520475718891e-02 -2.051695330907349346e-02 5.813236569973982526e+00 1.311482198921551205e-02 9.998441314145573022e-01 -1.182008122055934647e-02 1.189614221221255014e-01 2.067161828044382366e-02 1.154746252710707986e-02 9.997196308499961548e-01 -8.904601334969536319e-02
9.997025375551321646e-01 -1.367321508892823702e-02 -2.019602918797285679e-02 6.153113854679982175e+00 1.348213218831731224e-02 9.998633385599419166e-01 -9.567461284146136502e-03 1.275911578157362114e-01 2.032408712553369912e-02 9.292329788530010598e-03 9.997502608599884155e-01 -7.548840627896125088e-02
9.997943674216236420e-01 -1.425547297786918313e-02 -1.442235633218870439e-02 6.502236323679503549e+00 1.418005468801255761e-02 9.998853154446839531e-01 -5.318083031492515551e-03 1.508580472342543888e-01 1.449651409961564413e-02 5.112479658846290527e-03 9.998818498356181195e-01 -6.235087118176829007e-02
9.998694364596795170e-01 -1.569601668066172157e-02 -3.839934135269483257e-03 6.860564193001053468e+00 1.568768307121650579e-02 9.998745405660616203e-01 -2.190828077311554427e-03 1.619509972406785181e-01 3.873839653352455486e-03 2.130302365313093728e-03 9.999902275413357078e-01 -6.267238768091565326e-02
9.998079127688355161e-01 -1.747277876601459681e-02 8.879164770320557495e-03 7.228692979008103592e+00 1.747623730164006919e-02 9.998472302029527414e-01 -3.120661152978313445e-04 1.691563096851765868e-01 -8.872355639927676993e-03 4.671805619482880152e-04 9.999605307449495051e-01 -7.094053017822816998e-02
9.996300571592550144e-01 -1.888540000344526848e-02 1.957269757837415067e-02 7.607099541269492171e+00 1.894789917137884583e-02 9.998159335869127862e-01 -3.012650447911188571e-03 1.818080354055180148e-01 -1.951219979335709967e-02 3.382397439673241052e-03 9.998038974952959679e-01 -1.122211573534563356e-01
9.995420861627756226e-01 -2.041601034072652171e-02 2.233393183328459888e-02 7.980481851411747485e+00 2.058009075034979152e-02 9.997627001646762768e-01 -7.141654160126980136e-03 1.896822118328962692e-01 -2.218282790975538779e-02 7.598018241807509565e-03 9.997250583359023057e-01 -1.371053440847226634e-01
9.995791202311514745e-01 -2.154438788698382831e-02 1.942734537944914089e-02 8.357766009353158054e+00 2.173974734156683755e-02 9.997146322207471902e-01 -9.901389259142865176e-03 1.957267472654217189e-01 -1.920848207022244139e-02 1.031956754478677817e-02 9.997622421067153820e-01 -1.326429267913661614e-01
9.995773266122159884e-01 -2.271863398576236259e-02 1.813923351733279926e-02 8.733773795082846902e+00 2.287867685750528957e-02 9.997006991221387695e-01 -8.664774662783333511e-03 2.104893129639499316e-01 -1.793695258468445269e-02 9.076113955208115966e-03 9.997979245264749792e-01 -1.319026141737032476e-01
9.995489624264722872e-01 -2.425963675013272092e-02 1.770146143442025144e-02 9.134675272691564984e+00 2.436485531060203491e-02 9.996865805830942309e-01 -5.752775658241916605e-03 2.307204933536262381e-01 -1.755635320492514306e-02 6.181474486903824721e-03 9.998267669128045876e-01 -1.503854302809488341e-01
9.995621541692680800e-01 -2.565151512488158050e-02 1.474787185631950756e-02 9.542245316007356593e+00 2.568786506061243244e-02 9.996674109139721542e-01 -2.280601934431761291e-03 2.573519030688784515e-01 -1.468446598008304668e-02 2.658444724559550637e-03 9.998886433651130723e-01 -1.863244411371812459e-01
9.996115860244038087e-01 -2.688239206775470264e-02 7.349427358058489498e-03 9.946241492725993893e+00 2.687821556440227189e-02 9.996384933256585725e-01 6.664755665081079257e-04 2.888268647359891750e-01 -7.364686948498413988e-03 -4.686772052788713470e-04 9.999727704931908878e-01 -2.101360534502234589e-01
9.996089014808998696e-01 -2.794228868438467309e-02 1.128088306398787599e-03 1.036559016429794688e+01 2.793940570263761872e-02 9.996065042326732764e-01 2.495256443309745633e-03 3.035235334077788227e-01 -1.197367584305580879e-03 -2.462762435349115115e-03 9.999962505489983222e-01 -2.236334907925724425e-01
9.995728794851893584e-01 -2.920938955280356561e-02 -9.328234772290361788e-04 1.079472265273728482e+01 2.921145152788017299e-02 9.995706561380744981e-01 2.279141797607588636e-03 3.183648704401692564e-01 8.658506345824309135e-04 -2.305417457178812746e-03 9.999969676719158151e-01 -2.281064075013306547e-01
9.995534134428419870e-01 -2.987079795899823600e-02 -8.420831644022489567e-04 1.125199286001927312e+01 2.987250284267969555e-02 9.995515312003703245e-01 2.090466194220444440e-03 3.493195776025326826e-01 7.792616230486463721e-04 -2.114687751842291193e-03 9.999974604202928052e-01 -2.314117934964201873e-01
9.995223380061623031e-01 -3.090451009440249239e-02 -8.415770923617124448e-05 1.170850836152798813e+01 3.090458956041198732e-02 9.995133907231762427e-01 4.229433669147526775e-03 3.635007351696697975e-01 -4.659181820763481869e-05 -4.230014288890606572e-03 9.999910523641289961e-01 -2.400893273077885359e-01
9.994798917921773329e-01 -3.224619839786128928e-02 3.585972439101155164e-04 1.219291421007430998e+01 3.224357117523024563e-02 9.994631254425513367e-01 5.814894536864765456e-03 3.926697770098297458e-01 -5.459129650718699258e-04 -5.800307706731261392e-03 9.999830290607645278e-01 -2.599218613173841508e-01
9.994493466442482266e-01 -3.316944411097638018e-02 -8.896458587900725815e-04 1.267622117535412052e+01 3.317384856114936192e-02 9.994344422917607051e-01 5.503756226351951344e-03 4.187027350715592511e-01 7.065861781666113884e-04 -5.530238541509226169e-03 9.999844584780539503e-01 -2.746503567289610981e-01
9.994189213164824670e-01 -3.394121518529005094e-02 -3.132670800530472366e-03 1.317275603702825038e+01 3.395255927588467643e-02 9.994168097438791420e-01 3.641993957222450229e-03 4.428585139369952683e-01 3.007230156838355296e-03 -3.746239863215252049e-03 9.999884610602619572e-01 -2.835181790816239666e-01
9.993825517439148820e-01 -3.487523998614912996e-02 -4.270000670935665023e-03 1.369235323797351889e+01 3.488950293533830266e-02 9.993856859163381401e-01 3.312607802833912596e-03 4.611824177327421004e-01 4.151849557282440671e-03 -3.459540639865464964e-03 9.999853967552799761e-01 -2.928576342171642088e-01
9.993394985359962401e-01 -3.602037180593229554e-02 -4.806191921460319962e-03 1.421216324834792388e+01 3.603754505336661390e-02 9.993441820750461613e-01 3.535689364676880553e-03 4.964680485021176759e-01 4.675683089141516140e-03 -3.706557394580002433e-03 9.999821995515373318e-01 -3.021824450585792188e-01
9.992979532907549922e-01 -3.704998231169420037e-02 -5.558719241986612332e-03 1.473768527068912526e+01 3.707896458527897704e-02 9.992987852301210561e-01 5.204634750691512941e-03 5.235515395828920227e-01 5.361989760500570669e-03 -5.407092407905098215e-03 9.999710057884181325e-01 -3.091373228030397380e-01
9.992520240526335806e-01 -3.844469207348648332e-02 -4.171100345222514272e-03 1.529537396837628904e+01 3.847135492496006615e-02 9.992384823544493422e-01 6.512313890972542749e-03 5.576575909834303735e-01 3.917560076483937725e-03 -6.667910718629073766e-03 9.999700953977050943e-01 -3.100345151580531367e-01
9.992110259150528417e-01 -3.969134327099637510e-02 -1.386708019605236222e-03 1.586680642769124461e+01 3.969744054971444808e-02 9.992007504717869137e-01 4.687586843953270646e-03 5.784262003468325641e-01 1.199543075338841899e-03 -4.738937218580542912e-03 9.999880517138436398e-01 -3.239045102710342294e-01
9.991675425869988025e-01 -4.078565518670435042e-02 8.672782997544346796e-04 1.643329253610816565e+01 4.078344566693067885e-02 9.991650575174131355e-01 2.428661309661671232e-03 6.199096966274393328e-01 -9.656087149988947958e-04 -2.391268955134630888e-03 9.999966747107681408e-01 -3.434489436365479320e-01
9.991256162610782088e-01 -4.176914245353389316e-02 1.828023418093552201e-03 1.700555288241871210e+01 4.176692646032446193e-02 9.991266190438308215e-01 1.234087558350554191e-03 6.458773464069539338e-01 -1.877973636277636277e-03 -1.156657572585862576e-03 9.999975676761825305e-01 -3.546345176138814836e-01
9.990976783642135928e-01 -4.244340430362136124e-02 1.544836029428777726e-03 1.758773972317924006e+01 4.244105078250515889e-02 9.990978078124437278e-01 1.525658168150180027e-03 6.815787051772572713e-01 -1.608196416891891989e-03 -1.458717069400613294e-03 9.999976429216201890e-01 -3.637364062747178717e-01
9.990275605321407015e-01 -4.406972105499597919e-02 1.339023276456678246e-03 1.817612397443032179e+01 4.406437126468686766e-02 9.990214977217928283e-01 3.791869559176635780e-03 7.150431145716957815e-01 -1.504819672879937655e-03 -3.729178976774473898e-03 9.999919143382667297e-01 -3.769353213533194746e-01
9.989574106013249244e-01 -4.561773683973988774e-02 1.764621862102881992e-03 1.875455355940669477e+01 4.560781563565022984e-02 9.989453392898778317e-01 5.304362730379271786e-03 7.549177685286526662e-01 -2.004733807893665024e-03 -5.218351909476425139e-03 9.999843748007807287e-01 -3.858571645323414234e-01
9.988806238805008064e-01 -4.723201817527744595e-02 2.575984315103701291e-03 1.934335160124867414e+01 4.722274715305012360e-02 9.988780812523567754e-01 3.548372152010139877e-03 7.902944827885665102e-01 -2.740691047983342520e-03 -3.422755132977718662e-03 9.999903866337311875e-01 -4.156138134062824507e-01
9.988133948995541189e-01 -4.866322084339485404e-02 1.921745658053338477e-03 1.994555373867770953e+01 4.866178189265050330e-02 9.988150024439330643e-01 7.885911222632986054e-04 8.249914448025978952e-01 -1.957843778083002452e-03 -6.941398079501150988e-04 9.999978425065064735e-01 -4.237649594320971325e-01
9.987749449821644587e-01 -4.946369823986500325e-02 1.397079922563198651e-03 2.054841286335275186e+01 4.946521943824455647e-02 9.987752670468619254e-01 -1.076104732845385758e-03 8.652453568960559727e-01 -1.342140752963913138e-03 1.143893310285051335e-03 9.999984450819380255e-01 -4.411673256255272402e-01
9.987452333958152240e-01 -5.007947512771433046e-02 7.028564024354661032e-05 2.114014274470363475e+01 5.007952012007398784e-02 9.987435797775949808e-01 -1.817558136023030447e-03 9.026487959100094605e-01 2.082502552234022404e-05 1.818797395907513405e-03 9.999983457698072842e-01 -4.487365733869524420e-01
9.987153079738192440e-01 -5.065092177708822863e-02 -1.489208477872041962e-03 2.175601018560746525e+01 5.064826139222128321e-02 9.987149794525311819e-01 -1.772973512365203603e-03 9.391643622552142689e-01 1.577097557066170930e-03 1.695269967176463383e-03 9.999973194079241345e-01 -4.572858295135737716e-01
9.986636376958026862e-01 -5.162415307989630386e-02 -2.426017924506383705e-03 2.237385717223901338e+01 5.162187454029772138e-02 9.986662088411946137e-01 -9.926669638899011765e-04 9.854401223323335790e-01 2.474027714548782293e-03 8.661048082473545972e-04 9.999965645187631758e-01 -4.714889313012045058e-01
9.986373591055242027e-01 -5.205831165787831727e-02 -3.654748428488646672e-03 2.298715155835748902e+01 5.205609178325140696e-02 9.986439171875217680e-01 -6.999804395644749913e-04 1.034260710242493886e+00 3.686232086838107241e-03 5.087746979540924480e-04 9.999930763966862202e-01 -4.861808754468138205e-01
9.986003715101888778e-01 -5.270965601902169451e-02 -4.357772604118683238e-03 2.361230018603482961e+01 5.271159614873950627e-02 9.986097224392005423e-01 3.314835666171980235e-04 1.062788470737537017e+00 4.334241705879759987e-03 -5.607247623898013213e-04 9.999904499226859311e-01 -4.990484316199066406e-01
9.985957166189857181e-01 -5.277043161539969607e-02 -4.677210422751368855e-03 2.425300504409199931e+01 5.277244429391463043e-02 9.986065162727203459e-01 3.078650787388262713e-04 1.108652592259357528e+00 4.654446633053845907e-03 -5.542605754107222124e-04 9.999890144005355586e-01 -5.047686456472102456e-01
9.986152172314646247e-01 -5.246980650167869242e-02 -3.816715791244365205e-03 2.488566084708332582e+01 5.246859081687436921e-02 9.986224873479960795e-01 -4.180198473951163133e-04 1.149007916185365907e+00 3.833391637459505549e-03 2.171832815984343196e-04 9.999926289428218151e-01 -5.106258747910376039e-01
9.986368660068241088e-01 -5.217043085056671109e-02 -1.629722962555131202e-03 2.554512185364274401e+01 5.217111176267661549e-02 9.986380886679289137e-01 3.780993414214923283e-04 1.188606228961017974e+00 1.607777818838016393e-03 -4.626084001780674275e-04 9.999986005209974271e-01 -5.183150205930212584e-01
9.986668730101397884e-01 -5.160537621020917093e-02 1.167004006930570615e-03 2.620443419591896372e+01 5.160403720075606299e-02 9.986669621538996067e-01 1.149802976476307264e-03 1.239718882079765327e+00 -1.224784361591459278e-03 -1.088048024908268687e-03 9.999986580264811353e-01 -5.365924188611502776e-01
9.986777922321637968e-01 -5.130563694518720103e-02 3.224735638722160940e-03 2.687963012278897068e+01 5.130152017908324452e-02 9.986823020695575481e-01 1.346684953547658270e-03 1.278507826556943838e+00 -3.289578940551055476e-03 -1.179470515799135779e-03 9.999938937412049533e-01 -5.585250917359321221e-01
9.986943476330406577e-01 -5.098484510430580097e-02 3.185212003199652982e-03 2.755902103295985839e+01 5.098239333613695246e-02 9.986991936259204117e-01 8.462982073355082395e-04 1.324264977911322916e+00 -3.224217042136148445e-03 -6.828035048718377516e-04 9.999945690871721027e-01 -5.791457317531523152e-01
9.987477745017081521e-01 -4.999578066525908748e-02 1.817922868692724552e-03 2.824679008470648611e+01 4.999594922693968713e-02 9.987494194327171115e-01 -4.736779261240953935e-05 1.360988881331402167e+00 -1.813281219910270903e-03 1.381972568963564605e-04 9.999983464550007417e-01 -5.981551780654553729e-01
9.987871889192004859e-01 -4.923097967653988077e-02 -6.796256097965897415e-04 2.894429768517128210e+01 4.923164926545397363e-02 9.987868800971295702e-01 1.006407693404183425e-03 1.416266773224301945e+00 6.292547057425503269e-04 -1.038646200655146852e-03 9.999992626260206796e-01 -6.186729212965138558e-01
9.988231310125484930e-01 -4.837897178640333112e-02 -3.439192227803440378e-03 2.965247878160576889e+01 4.838428003798935645e-02 9.988277023178699920e-01 1.477338014754795608e-03 1.455702014788929466e+00 3.363688376591583967e-03 -1.642002221315765455e-03 9.999929946900679711e-01 -6.329477156266369864e-01
9.988764654298996071e-01 -4.705852718573285548e-02 -5.594803783896010359e-03 3.036432185930808458e+01 4.707237822723592952e-02 9.988886689847082945e-01 2.370270446579436467e-03 1.493056038561511034e+00 5.477044668678598092e-03 -2.630968085614940506e-03 9.999815398239257913e-01 -6.486368813815497347e-01
9.989628040319518121e-01 -4.494767614398060412e-02 -7.281659829743312475e-03 3.109176970705279075e+01 4.495916716175216848e-02 9.989878132487022278e-01 1.422064941409487485e-03 1.531268742719983811e+00 7.210370915694006531e-03 -1.747967342886400273e-03 9.999724772019609187e-01 -6.530872748949005935e-01
9.990800468186586958e-01 -4.236180101281801502e-02 -6.673669438715777377e-03 3.181859161084810239e+01 4.237827594003507059e-02 9.990988810683334442e-01 2.346822608194392128e-03 1.572756646459752439e+00 6.568240036500153090e-03 -2.627482246276415922e-03 9.999749769668581090e-01 -6.500097320294918601e-01
9.992199764814901908e-01 -3.941565615635172354e-02 -2.417571114673198324e-03 3.255896818938921200e+01 3.942652559694400510e-02 9.992117619120276517e-01 4.626438804842160878e-03 1.618554559986314478e+00 2.233311371880169864e-03 -4.718146503202532045e-03 9.999863756141332827e-01 -6.632891224182976275e-01
9.993187350174806971e-01 -3.687045822696262409e-02 1.623315494913081178e-03 3.331166319096101347e+01 3.686012623737554283e-02 9.993024755900258294e-01 5.991107861709189970e-03 1.656714166454925197e+00 -1.843078084878665892e-03 -5.927190715650927123e-03 9.999807355511372009e-01 -6.806145510495896778e-01
9.994076862887896207e-01 -3.426710422228156777e-02 3.168935958269275023e-03 3.405092813968229137e+01 3.425864894088097995e-02 9.994093933173840982e-01 2.685055255229623888e-03 1.688719131187847777e+00 -3.259073431789077935e-03 -2.574901395676112200e-03 9.999913741243815490e-01 -7.005790967716727380e-01
9.995105474638557030e-01 -3.118225187026955891e-02 2.516481035609153746e-03 3.477218285295919742e+01 3.118236977638343815e-02 9.995137116403276512e-01 -7.622651015887739402e-06 1.718425316757694166e+00 -2.515019608750303920e-03 8.608876227763685197e-05 9.999968336275333325e-01 -7.124057404982495623e-01
9.996197397828967546e-01 -2.753351304846373207e-02 1.510462043138672281e-03 3.551035176500977997e+01 2.753314611773914969e-02 9.996208564234119187e-01 2.631884948198541735e-04 1.746997556781354044e+00 -1.517135865013663964e-03 -2.215006425666390748e-04 9.999988246174255080e-01 -7.308240574719677696e-01
9.997045304519577291e-01 -2.430607732014458330e-02 -2.576803018384737974e-04 3.623889511988719647e+01 2.430656452174274548e-02 9.997023561053431928e-01 2.095260980394623388e-03 1.772645222066828286e+00 2.066760294745046084e-04 -2.100905217462334298e-03 9.999977717386604459e-01 -7.505514289932444516e-01
9.997763136582021870e-01 -2.100298208556754254e-02 -2.489456070999677625e-03 3.696772913616575096e+01 2.101057910135138707e-02 9.997745526465772192e-01 3.065851621040523341e-03 1.793715266736957581e+00 2.424502803043285769e-03 -3.117470745605996005e-03 9.999922015507463069e-01 -7.556275988741150140e-01
9.998320178667751135e-01 -1.794411333773116707e-02 -3.734279713049835393e-03 3.769363461678864979e+01 1.796660737991473411e-02 9.998201016675553054e-01 6.079911244032541046e-03 1.820770358838368352e+00 3.624509305910309821e-03 -6.145982265023098440e-03 9.999745445931558230e-01 -7.690681183648386821e-01
9.998839071876065576e-01 -1.463870995458290726e-02 -4.228512517591949578e-03 3.841227378286736638e+01 1.466464905551605365e-02 9.998734322947557818e-01 6.169883239005333891e-03 1.834941456571153262e+00 4.137658193276559475e-03 -6.231176612005321150e-03 9.999720257200725992e-01 -7.898898936184356456e-01
9.999219155275617110e-01 -1.055499861531178536e-02 -6.689906720011892793e-03 3.912163616122717968e+01 1.058492274543593702e-02 9.999340606319587765e-01 4.453515303138635625e-03 1.858566357079679321e+00 6.642458743932622492e-03 -4.523979698551193473e-03 9.999677051532825933e-01 -8.019059265047420171e-01
9.999309288783122529e-01 -5.971267418093063363e-03 -1.012331161118904324e-02 3.983746810762321644e+01 6.015776015340599907e-03 9.999723480425931621e-01 4.371909092843477042e-03 1.865882768309843565e+00 1.009692584348659272e-02 -4.432506695364927217e-03 9.999392006381720988e-01 -7.951974209475302091e-01
9.999435610318132550e-01 -7.066090824639882986e-04 -1.060072896648448296e-02 4.054760745158139201e+01 7.871710585950193826e-04 9.999708293808780013e-01 7.597417261373402494e-03 1.882932324528077128e+00 1.059505133261723006e-02 -7.605333058024712350e-03 9.999149482812704770e-01 -7.991410667227206721e-01
9.999453639907113223e-01 4.366277168036170053e-03 -9.497613235738952900e-03 4.127274768518872605e+01 -4.272728105243603705e-03 9.999423803142599709e-01 9.847834583828332655e-03 1.893153285864698665e+00 9.540064361546996344e-03 -9.806715818441461008e-03 9.999064033682522057e-01 -8.086534608264860369e-01
9.999201536025239534e-01 9.228289459104305550e-03 -8.632791736383817541e-03 4.197399858458862809e+01 -9.141109430962629859e-03 9.999073698775093888e-01 1.008423437910511110e-02 1.889686423255688030e+00 8.725052313651672845e-03 -1.000451589536164275e-02 9.999118876800212607e-01 -8.168967631844225030e-01
9.998662822565376196e-01 1.428511668146898936e-02 -7.959462788819992446e-03 4.268625697332716129e+01 -1.419797622965156270e-02 9.998398013488463132e-01 1.089904168639298405e-02 1.886169882525743580e+00 8.113881775823634374e-03 -1.078457602765631358e-02 9.999089247738673913e-01 -8.184737368053250917e-01
9.997720754978585145e-01 2.028960095245599393e-02 -6.642977336578240535e-03 4.338775249581447468e+01 -2.020631518629922158e-02 9.997192642651908656e-01 1.237325679266764247e-02 1.884828610805088900e+00 6.892160858259827397e-03 -1.223620653043496279e-02 9.999013818214516069e-01 -8.173922808904789949e-01
9.996475113182623495e-01 2.637038388934262456e-02 -3.075055891082189956e-03 4.409237858598380200e+01 -2.633022840039121043e-02 9.995758963441637723e-01 1.243971543664668111e-02 1.870869772623382943e+00 3.401791820175435743e-03 -1.235436365379506338e-02 9.999178953849771068e-01 -8.281299773839040368e-01
9.994601860138606630e-01 3.283411711885320799e-02 1.121305562503075110e-03 4.479137441538495068e+01 -3.284484548888099570e-02 9.993944405689961785e-01 1.148774497430669200e-02 1.855844475974036900e+00 -7.434365814267611091e-04 -1.151837283684659444e-02 9.999333849758397230e-01 -8.365715368231591009e-01
9.992165616473741574e-01 3.932836159676948717e-02 4.420735652919416739e-03 4.549171789300874025e+01 -3.937273019079982894e-02 9.991700255702757882e-01 1.044261074716460423e-02 1.835087346360721572e+00 -4.006375783888122336e-03 -1.060848603751097900e-02 9.999357024214458045e-01 -8.605587700550331176e-01
9.989670615743446724e-01 4.512288061346321488e-02 5.360553578002000968e-03 4.617701918457594701e+01 -4.517135256579690727e-02 9.989360161577789388e-01 9.294327851009713884e-03 1.806052403418292762e+00 -4.935463189606149534e-03 -9.526870838251539145e-03 9.999424383108935777e-01 -8.750204974844306705e-01
9.986931974888537678e-01 5.089714742057130370e-02 4.623599673187105824e-03 4.687575824332926544e+01 -5.093781265275414138e-02 9.986599096377941631e-01 9.150088763812019507e-03 1.771896498548155119e+00 -4.151690215103316650e-03 -9.373647458772399119e-03 9.999474477199671307e-01 -8.917147391225136444e-01
9.984054765866873238e-01 5.637739398445363453e-02 2.844955049099909174e-03 4.757487881352935233e+01 -5.640097587955098662e-02 9.983673494994406150e-01 9.031355008861171804e-03 1.739218217233974739e+00 -2.331145972266892175e-03 -9.177412542948295074e-03 9.999551694238459909e-01 -9.124024597441164897e-01
9.981084649833880107e-01 6.147399467289517416e-02 6.634059555199044601e-04 4.826001501158690132e+01 -6.147749044862095558e-02 9.980668020336503909e-01 9.120134125212080514e-03 1.705013496529301342e+00 -1.014723838464523108e-04 -9.143667605452076783e-03 9.999581906490272454e-01 -9.237162050498659571e-01
9.977746715182315151e-01 6.667428401385139258e-02 -4.946998337287615132e-04 4.895268656437216492e+01 -6.666631657258867416e-02 9.977277409630592730e-01 9.744595804539315370e-03 1.669319801950375437e+00 1.143289695833037047e-03 -9.689931062228384490e-03 9.999523979293617471e-01 -9.307808625226011712e-01
9.974214491334142396e-01 7.175591902600240990e-02 1.241327246840553825e-03 4.964799658324192677e+01 -7.176480784963791548e-02 9.973706710102775430e-01 1.007754746023034088e-02 1.628428243340134918e+00 -5.149397095877191605e-04 -1.014064560284173681e-02 9.999484497432120644e-01 -9.397034026498032322e-01
9.970307211214201049e-01 7.694641826030694520e-02 2.998309025268622481e-03 5.033678801881721654e+01 -7.697020782070713996e-02 9.969941122303277448e-01 8.850270396871117926e-03 1.576085649422864776e+00 -2.308299837165412281e-03 -9.054771944697595845e-03 9.999563404753686324e-01 -9.622945172088928079e-01
9.966391329841711721e-01 8.186532637772837850e-02 2.916666183764877063e-03 5.103245470170487863e+01 -8.188355024305497831e-02 9.966187009284785958e-01 6.800673439071190998e-03 1.522831867190798549e+00 -2.350064712427863464e-03 -7.016644262024925027e-03 9.999726215747847258e-01 -9.755141264486366648e-01
9.962296149479592522e-01 8.675130885772770750e-02 8.744781940851815592e-04 5.172610142112333165e+01 -8.675338423691895950e-02 9.962261326586088206e-01 2.709784403507213991e-03 1.470152963899018506e+00 -6.361006856612569501e-04 -2.775431415676256081e-03 9.999959461699705621e-01 -9.939459579005829326e-01
