1.000000000000000000e+00 0.000000000000000000e+00 0.000000000000000000e+00 0.000000000000000000e+00 0.000000000000000000e+00 1.000000000000000000e+00 0.000000000000000000e+00 0.000000000000000000e+00 0.000000000000000000e+00 0.000000000000000000e+00 1.000000000000000000e+00 0.000000000000000000e+00
9.999999210722472220e-01 3.972360751776794329e-04 7.681133442547908349e-06 2.754426811501883843e-03 -3.972358552484900980e-04 9.999999206924898854e-01 -2.861274579415457544e-05 -3.539028643479109947e-05 -7.692498848215665274e-06 2.860969231420252106e-05 9.999999995611554837e-01 -6.484240410728238369e-04
9.999999928729048637e-01 -1.193790609143710509e-04 -1.682297430842652269e-06 1.011724873002416321e-03 1.193790326695007140e-04 9.999999927335462280e-01 -1.677957364187433094e-05 -1.261327372063707555e-04 1.684300548362226007e-06 1.677937269124475436e-05 9.999999998578078531e-01 -5.801395531451906994e-04
9.999999009760657254e-01 4.449679548882301701e-04 7.167842084309873441e-06 1.294312583527566915e-03 -4.449679818035301286e-04 9.999999009946969331e-01 3.753850404045517695e-06 -2.064660176723789528e-03 -7.166171031518250909e-06 -3.757039492550623391e-06 9.999999999672652962e-01 -4.060287365746266595e-04
9.999999866508708646e-01 -1.621017632183307914e-04 -2.052502186152773583e-05 1.560491179579890459e-03 1.621014828577636727e-04 9.999999867682515253e-01 -1.366037965281639660e-05 1.026944633852134095e-04 2.052723596157376155e-05 1.365705233398278253e-05 9.999999996960587945e-01 -4.139155963023456600e-04
9.999999942648837292e-01 -1.065466072426325943e-04 -1.086521579984889387e-05 -2.098155724793257081e-03 1.065465192040045031e-04 9.999999942910898776e-01 -8.103053024172223218e-06 -1.917327544987290893e-03 1.086607909062838684e-05 8.101895326776399373e-06 9.999999999081438107e-01 -7.465007805995824619e-04
9.999999981963404450e-01 -5.715810484559169876e-05 -1.844641415394837546e-05 -1.703804372062110023e-03 5.715765046029695474e-05 9.999999980631263385e-01 -2.463230391875206326e-05 -1.173312021701219954e-03 1.844782205402997519e-05 2.463124952063131464e-05 9.999999995264896580e-01 -1.434147028369515270e-04
9.999999889892509097e-01 1.472137789055653326e-04 -1.869762947310255283e-05 -2.432556871982855494e-03 -1.472136160500083846e-04 9.999999891261345253e-01 8.711035081610524195e-06 -1.360966239064845089e-03 1.869891165417958957e-05 -8.708282440049204944e-06 9.999999997872582869e-01 -4.535954885547127408e-04
9.999999299982668122e-01 3.741662737568411928e-04 -1.749608508176219800e-06 -3.441513120988936095e-04 -3.741662884271922812e-04 9.999999299645778716e-01 -8.392137608370338610e-06 -3.036789707289045282e-04 1.746468330783870784e-06 8.392791665427866066e-06 9.999999999632555037e-01 -1.276382030497734063e-04
9.999998781891374922e-01 4.932829383878096748e-04 1.713629976669965932e-05 1.683564532775271407e-03 -4.932824197651325361e-04 9.999998778785184061e-01 -3.025562098384763693e-05 2.156845631514580329e-04 -1.715122225561100568e-05 3.024716426296961049e-05 9.999999993954723498e-01 -2.112219474453459354e-04
9.999999993080525007e-01 3.562743826971449541e-05 -1.070423933287746165e-05 9.919428687943598021e-04 -3.562751343693656503e-05 9.999999993406852861e-01 -7.022083219049247635e-06 -1.771722692899191029e-04 1.070398914698358878e-05 7.022464579620999286e-06 9.999999999180547716e-01 -5.428933678650977798e-04
9.999999542606943237e-01 -3.022922663871441262e-04 -9.899241780423015413e-06 -1.270252311520893860e-03 3.022921432937987138e-04 9.999999542324298218e-01 -1.243375991521089070e-05 -1.561271483099184823e-04 9.902999956823254339e-06 1.243076688348455610e-05 9.999999998737033602e-01 -6.164031110894154040e-04
9.999998632181628100e-01 5.230030102268681466e-04 5.613110618235818915e-06 6.793049296512543474e-04 -5.230030036722265515e-04 9.999998632332363080e-01 -1.169142151531520870e-06 -4.203689996483922324e-04 -5.613721315413479620e-06 1.166206317900827473e-06 9.999999999835630371e-01 -1.660367383396183340e-04
9.999999388754829965e-01 -3.145865362265860832e-04 1.525920755028650332e-04 -2.454977996166599844e-03 3.145997299454968837e-04 9.999999467769019601e-01 -8.644768990057478649e-05 3.194113067090910895e-04 -1.525648721021114450e-04 8.649569004224653252e-05 9.999999846212276333e-01 8.542496943016021724e-04
9.999997461380661923e-01 4.319494712038500755e-04 5.666952068569629632e-04 -1.054051320304459811e-02 -4.316995017327749165e-04 9.999998095117201835e-01 -4.411485730050224304e-04 -4.463599649750273068e-04 -5.668856528009996081e-04 4.409038189757581174e-04 9.999997421222063254e-01 4.561988611250311978e-03
9.999998233539373338e-01 -2.907070515301564645e-04 5.184414184468609478e-04 -1.378392262514675955e-02 2.908681909091371935e-04 9.999999094098699359e-01 -3.107667090570774560e-04 -1.750526937041119689e-03 -5.183510294074817780e-04 3.109174522788379349e-04 9.999998173212574226e-01 3.026326447490779864e-03
9.999999662189297256e-01 1.557917799384112858e-04 2.080650398774173211e-04 -6.995382903672528810e-03 -1.557774197287269363e-04 9.999999854839676239e-01 -6.903231096508572525e-05 -3.199159993716086010e-03 -2.080757915237369915e-04 6.899989679805252057e-05 9.999999759717392855e-01 -8.999652211648535415e-04
9.999999646082498028e-01 6.440322439586178228e-05 -2.581389623464501286e-04 6.254886776062100300e-03 -6.442029121859589255e-05 9.999999957399389183e-01 -6.610709593700911932e-05 -1.273283170177816771e-03 2.581347037366285742e-04 6.612372298449250869e-05 9.999999644970634094e-01 -1.261614510325747684e-03
9.999999162537823727e-01 -2.768191192287333116e-04 -3.014359026400922990e-04 1.825621881538228367e-02 2.768171170531201833e-04 9.999999616638043376e-01 -6.683828270232910893e-06 -3.470083639014675484e-04 3.014377412956414015e-04 6.600385092942439425e-06 9.999999545458604366e-01 -1.420967764743563807e-03
9.999999939129843307e-01 1.311301347810231273e-05 -1.095540055070785189e-04 3.929708410505986654e-02 -1.312025794374326886e-05 9.999999977275768615e-01 -6.612643273537883125e-05 2.512504704783670700e-03 1.095531381413217454e-04 6.612786970967722674e-05 9.999999918126073473e-01 -2.794795112563905337e-04
9.999999917581305908e-01 1.252134800001905232e-04 2.837821816436297042e-05 5.726478624672937806e-02 -1.252118345435566742e-04 9.999999904803060780e-01 -5.797744628982524938e-05 1.549643921328401446e-03 -2.838547745202249159e-05 5.797389252322527090e-05 9.999999979166461772e-01 5.829294651679047803e-04
9.999999884410946116e-01 3.358984487481613804e-05 -1.482886808704920133e-04 8.037865316765906154e-02 -3.360028487810266503e-05 9.999999969573383218e-01 -7.040130807874370124e-05 5.142635718592046762e-04 1.482863156502823839e-04 7.040628980690308801e-05 9.999999865270613464e-01 7.480363667211260056e-04
9.999999546845667053e-01 -1.804504993720008313e-04 -2.409740274497595882e-04 1.046634341953870395e-01 1.804168480956923088e-04 9.999999739722353898e-01 -1.396613386480070060e-04 -1.189197248354528259e-03 2.409992231360463301e-04 1.396178565446875284e-04 9.999999612131135196e-01 1.247391408889364896e-03
9.999998975908760412e-01 -3.786197417912953419e-04 -2.479220209217349144e-04 1.396071296257880012e-01 3.785525821726852666e-04 9.999998916607056865e-01 -2.708810060639091919e-04 -2.697845088428579494e-04 2.480245549586101625e-04 2.707871268020252409e-04 9.999999325790738247e-01 2.342439729906479855e-03
9.999997463217386029e-01 -6.910096813873734152e-04 -1.728064774233838250e-04 1.717631387418314670e-01 6.909776811943237756e-04 9.999997441308224877e-01 -1.851705530068702675e-04 -1.957315484323446635e-03 1.729343878523681910e-04 1.850511006140609339e-04 9.999999679248933182e-01 2.437334138140109796e-03
9.999995564429352557e-01 -8.918968672917404732e-04 -3.027109361873207339e-04 2.123166718560909882e-01 8.918326266817943031e-04 9.999995797844475343e-01 -2.122863497531451808e-04 -5.255834099305823140e-03 3.029001465137911068e-04 2.120162881026897467e-04 9.999999316502951041e-01 3.055738068607698633e-03
9.999994793348054856e-01 -8.197991465322405132e-04 -6.076672422360618244e-04 2.572553560178026388e-01 8.196419375415384036e-04 9.999996305755306514e-01 -2.589129130729080574e-04 -4.319923254216851381e-03 6.078792743340766941e-04 2.584147087101589684e-04 9.999997818522893267e-01 3.322164379290914928e-03
9.999989155247394068e-01 -1.022068433313569162e-03 -1.060342144231614641e-03 3.158907281696651803e-01 1.021819950451084789e-03 9.999994503628364395e-01 -2.348574330480879670e-04 -5.901270989384812052e-03 1.060581601796813447e-03 2.337736995937320930e-04 9.999994102580878064e-01 3.145987884629999724e-03
9.999978554419387544e-01 -1.455009663980181981e-03 -1.473790487529994669e-03 3.940588610215088883e-01 1.454746274853688888e-03 9.999989256971322238e-01 -1.797716809350293204e-04 -3.011164287505141424e-03 1.474050473765717816e-03 1.776273041825727377e-04 9.999988978112633875e-01 3.023239562064781918e-03
9.999971312956036362e-01 -1.699124173807224462e-03 -1.688306134953046662e-03 4.742414515424928645e-01 1.698706062338491054e-03 9.999985261836815686e-01 -2.490545693362198969e-04 -3.373657637552888913e-03 1.688726821339270670e-03 2.461859190057539312e-04 9.999985437960478007e-01 3.840497832076229107e-03
9.999963003190095456e-01 -1.922178865441678038e-03 -1.924727695668174317e-03 5.703235268458961560e-01 1.921876883974061798e-03 9.999981405948192847e-01 -1.587329419829069845e-04 -7.377729112003725276e-03 1.925029229925854374e-03 1.550332650554096727e-04 9.999981351118364392e-01 2.792223665934991973e-03
9.999943872620357110e-01 -2.263331200085329752e-03 -2.470379789519170505e-03 6.783387584343972820e-01 2.263063506711740329e-03 9.999974330911970410e-01 -1.111511648665064673e-04 -1.096219244700904864e-02 2.470625020178910357e-03 1.055599146547645765e-04 9.999969424298826848e-01 1.627301674894415361e-03
9.999922923688157050e-01 -2.504549180459944308e-03 -3.023646203459332774e-03 7.914553093208989143e-01 2.503422332490964821e-03 9.999967955925326279e-01 -3.764057539598840668e-04 -9.259587341672464306e-03 3.024579241187460524e-03 3.688333893318652469e-04 9.999953579303979545e-01 2.721041765926729590e-03
9.999895406137162546e-01 -3.048388938786164657e-03 -3.409690315345302765e-03 9.119571940686024281e-01 3.046646092592711786e-03 9.999952257196343952e-01 -5.162223590882131490e-04 -1.013811623218041288e-03 3.411247683057175989e-03 5.058288400429532174e-04 9.999940537455357381e-01 2.798193054679728661e-03
9.999880639497537027e-01 -3.511352222026076046e-03 -3.397405421233033306e-03 1.044766685476035573e+00 3.510457482989217011e-03 9.999938020671949035e-01 -2.692869396506585890e-04 -2.552002566728779620e-04 3.398329925636425861e-03 2.573572781445006459e-04 9.999941925436106605e-01 7.114009330795923770e-04
9.999866200142387695e-01 -3.837964746808738246e-03 -3.468402961120283391e-03 1.183795777743068323e+00 3.837308288362633463e-03 9.999926183162907156e-01 -1.959031122200304530e-04 -6.243390478011775699e-03 3.469129227705138648e-03 1.825911596090900105e-04 9.999939658832296407e-01 1.208625650910974706e-03
9.999831653284999566e-01 -4.041544793258571022e-03 -4.163529185428582226e-03 1.334539469690371183e+00 4.040815105584258035e-03 9.999918190087441205e-01 -1.836542011692059411e-04 -7.299407743926669342e-03 4.164237370313217911e-03 1.668270577860389277e-04 9.999913156102189227e-01 -1.424911387614938470e-03
9.999774404570140884e-01 -4.603893466082457746e-03 -4.891088017184319972e-03 1.502477922882175854e+00 4.601670940542398718e-03 9.999893038821686675e-01 -4.655596747496661266e-04 -4.947181826844735189e-03 4.893179088675215713e-03 4.430419943398588526e-04 9.999879301832584888e-01 6.106060750696237771e-04
9.999730431811206799e-01 -5.286332379529807245e-03 -5.095841545975809961e-03 1.672799627686054169e+00 5.282726673474453898e-03 9.999857865374075505e-01 -7.207787841937063258e-04 -1.779860002067034557e-03 5.099579392647980020e-03 6.938394162318429603e-04 9.999867563507441881e-01 6.000631473825262206e-03
9.999654332133781631e-01 -5.978327939168235662e-03 -5.778578841960545047e-03 1.865105524419751193e+00 5.972537288689349320e-03 9.999816452266845346e-01 -1.018826809812747479e-03 3.114512418058161709e-03 5.784563658238092883e-03 9.842788146345673745e-04 9.999827848610689518e-01 1.018864761009954240e-02
9.999557988314896617e-01 -6.957778345521252635e-03 -6.323741279643317961e-03 2.062862238746356436e+00 6.952608582855652510e-03 9.999754782443045498e-01 -8.391328667203416846e-04 1.179524513779806223e-02 6.329424710893660072e-03 7.951292781704905445e-04 9.999796528691271558e-01 1.094022451016020414e-02
9.999502654687686398e-01 -7.558836271401357318e-03 -6.506195751844396843e-03 2.272599031906092470e+00 7.554868770145894280e-03 9.999712604833116414e-01 -6.341650279926343715e-04 1.615642564814835300e-02 6.510802316538654225e-03 5.849800329941787051e-04 9.999786333975121400e-01 1.232850775309567506e-02
9.999398525797318360e-01 -8.176155463526851505e-03 -7.310383345653833839e-03 2.490273181578430695e+00 8.172256451245090911e-03 9.999664480278758205e-01 -5.630657231298290917e-04 1.487975048105947759e-02 7.314741780764095341e-03 5.032895287215472012e-04 9.999731202649054795e-01 1.427286284792462362e-02
9.999329191986408016e-01 -8.838636656873779737e-03 -7.485693350137327846e-03 2.726361357391168916e+00 8.835264291575684395e-03 9.999608514200986065e-01 -4.834584672838094978e-04 2.009603834485468310e-02 7.489673409604103750e-03 4.172879573482462688e-04 9.999718649356981182e-01 1.558651753299689947e-02
9.999204853631219470e-01 -9.673044993479177830e-03 -8.090435818463619783e-03 2.965887975528175513e+00 9.669551605220488497e-03 9.999531379624998495e-01 -4.707979435958308781e-04 1.731192877996291443e-02 8.094610733848144057e-03 3.925296216129447340e-04 9.999671610595838311e-01 1.443008716378221291e-02
9.999119033235954745e-01 -1.011244667472391799e-02 -8.597907538210212627e-03 3.226823282968380724e+00 1.011056790851424213e-02 9.999488525905521064e-01 -2.619530599015919780e-04 1.881456628639543646e-02 8.600116763862497224e-03 1.750002546714397780e-04 9.999630029988904045e-01 1.597616284082683732e-02
9.999105395308632849e-01 -1.063469555910600411e-02 -8.112717514062705790e-03 3.485425668432802659e+00 1.062509659160574410e-02 9.999428012411782918e-01 -1.225384986264960695e-03 1.953995067867980717e-02 8.125285072961856495e-03 1.139076955541888387e-03 9.999663405566071583e-01 2.743409115191371150e-02
9.999028150968743978e-01 -1.124123556471019400e-02 -8.245907125628674367e-03 3.756076155607616762e+00 1.123240209902871475e-02 9.999362909361801943e-01 -1.116786407733433859e-03 2.492895920832139192e-02 8.257935845690154292e-03 1.024056528448279027e-03 9.999653783025664877e-01 1.745192952333138314e-02
9.998882695213721084e-01 -1.197226700369992750e-02 -8.950603127611027332e-03 4.033995342395863659e+00 1.196767357314702795e-02 9.999282243101476064e-01 -5.665837992928071318e-04 1.573313475859045713e-02 8.956743984422053939e-03 4.594025980996917658e-04 9.999597820344827692e-01 6.964265219392650613e-03
9.998580330886043255e-01 -1.258674755280987829e-02 -1.120211829205808654e-02 4.325925434406709513e+00 1.258177104349317114e-02 9.999207139625057028e-01 -5.146125940595363841e-04 -2.378048177010836338e-03 1.120770741929609168e-02 3.735970485461908653e-04 9.999371218829955499e-01 -1.711733320225691021e-03
9.998371441266874493e-01 -1.259660193255941404e-02 -1.292326755671158872e-02 4.611770432897285943e+00 1.258267595465947450e-02 9.999201640754902254e-01 -1.158335471620215674e-03 -1.293770612213603934e-02 1.293682690653887371e-02 9.955375419439303850e-04 9.999158201641740185e-01 -5.965385044228338138e-03
9.998188456229872845e-01 -1.297573125916181604e-02 -1.392502550830928935e-02 4.913993609510143301e+00 1.296052869017317276e-02 9.999153108667715451e-01 -1.181435685421595994e-03 -2.728756346352396306e-02 1.393917620192282152e-02 1.000745970564187112e-03 9.999023441688263958e-01 -8.237241136141951192e-03
9.997987169030700949e-01 -1.306683397838212697e-02 -1.522443853664563057e-02 5.236947508540803042e+00 1.304480096243595781e-02 9.999137183819764019e-01 -1.545625886168626017e-03 -2.999993130441008446e-02 1.524332138430244468e-02 1.346715007328181096e-03 9.998829069005349401e-01 -1.024865484378669964e-02
9.997722546212245431e-01 -1.324252095599743814e-02 -1.673542734211609651e-02 5.538509363498784310e+00 1.319638278755342134e-02 9.999088213288270799e-01 -2.864351605533946559e-03 -3.187082043938125470e-02 1.677183266425116143e-02 2.642852157372746567e-03 9.998558500911801650e-01 -2.145383415279939615e-03
9.997330573509132234e-01 -1.396137472141993977e-02 -1.840907536200163744e-02 5.879206566491402164e+00 1.389427282109191933e-02 9.998963705822411230e-01 -3.767927710899518414e-03 -3.084529410682710845e-02 1.845977309093548360e-02 3.511141174831110701e-03 9.998234387456025329e-01 9.079798008414814020e-04
9.996758483228066483e-01 -1.456663182300155408e-02 -2.088088880795060942e-02 6.226485976978316295e+00 1.450350583301096043e-02 9.998897891554395789e-01 -3.171413130207321584e-03 -1.865351945930419919e-02 2.092478431498627500e-02 2.867539018697527146e-03 9.997769404328885612e-01 -4.179760722043471266e-04
9.996877593292605724e-01 -1.511093525308507095e-02 -1.990084126411523907e-02 6.606328813117563925e+00 1.508899234808411781e-02 9.998853704372928641e-01 -1.252316013257294847e-03 -6.098828552222818403e-03 1.991748370557636094e-02 9.516413477106661729e-04 9.998011743449711775e-01 -6.831403521700186304e-03
9.997129822117878373e-01 -1.731646820321315616e-02 -1.655575809743373844e-02 6.988268264728834112e+00 1.732006536690936654e-02 9.998499936858181725e-01 7.390639592107356155e-05 6.670464375018629946e-03 1.655199483142807265e-02 -3.606319959170729145e-04 9.998629413132901211e-01 2.904869826096206573e-02
9.997205595733187344e-01 -1.870219292552119730e-02 -1.445789563480941349e-02 7.375714026569666792e+00 1.872121276710252483e-02 9.998240448803059621e-01 1.181300856213873601e-03 -2.636006139203755927e-04 1.443325877753647186e-02 -1.451640093342404037e-03 9.998947813555684183e-01 4.817122636257634150e-02
9.997274031542627837e-01 -1.982552065024556498e-02 -1.233159005889873823e-02 7.760642206519682063e+00 1.982601889001997519e-02 9.998034418198075146e-01 -8.185498977292755059e-05 -4.539331866223419998e-03 1.233078900178795172e-02 -1.626536610908013128e-04 9.999239597021265524e-01 7.017428559238286789e-02
9.997084130357372089e-01 -2.128337002997772454e-02 -1.140644842774578109e-02 8.147634156647226789e+00 2.126752718412475845e-02 9.997726825908944681e-01 -1.508453671509001927e-03 -1.119675875620945553e-02 1.143596052110589477e-02 1.265426874070794960e-03 9.999338065601073300e-01 8.874312818686164173e-02
9.996547434823342959e-01 -2.223365981396947799e-02 -1.400207857945077149e-02 8.521839094226002942e+00 2.219353807137195572e-02 9.997491488819274519e-01 -3.014328737269535066e-03 -6.105040442506431617e-03 1.406558570209569779e-02 2.702532356595223079e-03 9.998974225477924582e-01 1.006393275032661239e-01
9.995828419780022900e-01 -2.409399085462857193e-02 -1.592550243719467393e-02 8.894885625931820528e+00 2.403216993333780194e-02 9.997029335551603779e-01 -4.061951440113405198e-03 4.440091330011055118e-03 1.601864012565340847e-02 3.677532583640748861e-03 9.998649303394039345e-01 1.134801451017133922e-01
9.995450904381891766e-01 -2.544473923921160979e-02 -1.619189383490128240e-02 9.291323277721190266e+00 2.536917879944972781e-02 9.996663611763074719e-01 -4.855007678883109176e-03 2.227744592351557640e-02 1.631002599488240098e-02 4.442024039668002536e-03 9.998571155292526047e-01 1.410287324378740603e-01
9.995137179301356589e-01 -2.689525146557806071e-02 -1.577888202885667501e-02 9.676520367907116338e+00 2.681257291159892461e-02 9.996257401552356425e-01 -5.428218212033753681e-03 4.436932921528095874e-02 1.591896992074067624e-02 5.002506141983692478e-03 9.998607709721198944e-01 1.633236577892042962e-01
9.994782212551144296e-01 -2.772096936072008730e-02 -1.657809079522251650e-02 1.009273425375645594e+01 2.766521200972506603e-02 9.996108223131099368e-01 -3.583288847556152876e-03 5.199596155340860393e-02 1.667097121254749320e-02 3.122782767032410405e-03 9.998561531273487679e-01 1.407598036527484830e-01
9.993990000941095353e-01 -2.871856534695237800e-02 -1.941346479397520336e-02 1.051222852143162001e+01 2.868896963747152168e-02 9.995867637180009257e-01 -1.801338644897645686e-03 6.207990929667441676e-02 1.945717430754850819e-02 1.243303738509108757e-03 9.998099182163474596e-01 1.160978353554601716e-01
9.993097357719161744e-01 -2.984960299674688580e-02 -2.211454707652122861e-02 1.094873459245719260e+01 2.981478731119585959e-02 9.995536299495899613e-01 -1.902448997029713941e-03 6.509283629930952275e-02 2.216146315231078481e-02 1.241795286971401685e-03 9.997536333994561097e-01 1.159687592918769578e-01
9.992478820174822696e-01 -3.055849140547003961e-02 -2.387150784088953523e-02 1.140387248217658112e+01 3.050157614782518511e-02 9.995309499512862184e-01 -2.744802721099090775e-03 8.001263736871173926e-02 2.394418793933631232e-02 2.014619691441790154e-03 9.997112669023114906e-01 1.292319882612986415e-01
9.992048112826663608e-01 -3.137015959478712396e-02 -2.461012386333708002e-02 1.187190575378257762e+01 3.131317451285172554e-02 9.995059820808203099e-01 -2.697570496321723566e-03 1.060287868072492673e-01 2.468258923814316275e-02 1.924804315383265522e-03 9.996934854828496420e-01 1.434067379750623705e-01
9.991813997641960654e-01 -3.237813453144355175e-02 -2.425256212290747074e-02 1.235097513497156108e+01 3.233465653658717381e-02 9.994747146420774886e-01 -2.182837098504250735e-03 1.263605656851416181e-01 2.431049880036779617e-02 1.396851961164237346e-03 9.997034802643611773e-01 1.499518057378746994e-01
9.991406943297322929e-01 -3.321675338404956462e-02 -2.478951852948669404e-02 1.284503740654667325e+01 3.318710920769166878e-02 9.994478652017618758e-01 -1.606401592861485088e-03 1.327715438162704042e-01 2.482919081922081717e-02 7.823287442198412385e-04 9.996914020061384853e-01 1.553363676174083219e-01
9.990503359321820653e-01 -3.409474360047937830e-02 -2.712885424436127166e-02 1.334213386646170107e+01 3.404613986012016563e-02 9.994177257810384907e-01 -2.251611707645401628e-03 1.410549486557839960e-01 2.718982593580482679e-02 1.325840667063633935e-03 9.996294090872407390e-01 1.635437578072894971e-01
9.989622737303421873e-01 -3.516437914418747007e-02 -2.894550229152415347e-02 1.385369287609423594e+01 3.510588631860405567e-02 9.993804044191074709e-01 -2.526659630111181224e-03 1.515786461298135046e-01 2.901641620341914932e-02 1.507880136157390989e-03 9.995777978167607047e-01 1.720871823553149493e-01
9.988978122800377113e-01 -3.621983146693549122e-02 -2.985438712587053581e-02 1.438056138281635832e+01 3.614844813748565450e-02 9.993421433788407526e-01 -2.927484284516784427e-03 1.769926778943164969e-01 2.994078020703642637e-02 1.845067882592057095e-03 9.995499714396987034e-01 1.835272455072532449e-01
9.988106086794216187e-01 -3.733727208125440372e-02 -3.135755256670665070e-02 1.492691450292144850e+01 3.728520588128291652e-02 9.993021461163850150e-01 -2.243699974910663524e-03 1.955228533048378181e-01 3.141944321329925849e-02 1.071858534251713801e-03 9.995057126937538783e-01 1.839645987651185866e-01
9.987443152726022122e-01 -3.878665292792340957e-02 -3.170785810031433172e-02 1.547872581944887216e+01 3.878879734264788215e-02 9.992472813156236811e-01 -5.477079932237526256e-04 1.987643634708207152e-01 3.170523476291968457e-02 -6.828894373609406500e-04 9.994970293856028087e-01 1.888373042747441555e-01
9.987128421288995472e-01 -3.930254498685941539e-02 -3.206195446899214735e-02 1.603949688967781739e+01 3.929543124281374006e-02 9.992272728702826790e-01 -8.521946132850591500e-04 2.099633737035470349e-01 3.207067274406839169e-02 -4.087906230656455941e-04 9.994855200751882052e-01 2.132262693582480939e-01
9.986280136577081468e-01 -4.076719961597918135e-02 -3.286526697793826918e-02 1.662867715700150129e+01 4.072869542907856660e-02 9.991685473700933073e-01 -1.840465968970891701e-03 2.150353987140179446e-01 3.291297170882032802e-02 4.993814258582096122e-04 9.994580966261096266e-01 2.393100429615134528e-01
9.985666088127158613e-01 -4.116147425774522445e-02 -3.421199791303286553e-02 1.720839173644823106e+01 4.109649531756060653e-02 9.991517976526670397e-01 -2.600638394230697301e-03 2.371152180597320136e-01 3.429002532641391154e-02 1.190917450037745889e-03 9.994112146052499535e-01 2.667410488129687840e-01
9.984927195468866756e-01 -4.203181961335980543e-02 -3.529327346467508314e-02 1.779147674166510740e+01 4.194052094804921749e-02 9.991145813686265198e-01 -3.323552196147892216e-03 2.740547571757928624e-01 3.540171908917136984e-02 1.838324395817301799e-03 9.993714719006877578e-01 2.925713146686636512e-01
9.984005003804230505e-01 -4.357489090939489773e-02 -3.602318312358464975e-02 1.837645766996597274e+01 4.350785569077522674e-02 9.990495886850043750e-01 -2.643074254405657162e-03 2.955318804942629329e-01 3.610411795504298721e-02 1.071555205277931015e-03 9.993474593133913064e-01 3.072534538722353492e-01
9.983127369547023511e-01 -4.517138449558080748e-02 -3.648595972101764673e-02 1.895840067975812460e+01 4.515261004028572889e-02 9.989792036759895799e-01 -1.338816430888786508e-03 3.174791826205751732e-01 3.650919117922511725e-02 -3.108788158281712956e-04 9.993332688917149209e-01 3.194289674633165044e-01
9.982313277784568006e-01 -4.678193890409384353e-02 -3.668332637633708870e-02 1.956007435742528600e+01 4.675782840789783484e-02 9.989051051851431939e-01 -1.515360562872957763e-03 3.306810883035038451e-01 3.671405349776593607e-02 -2.025522933959000718e-04 9.993257913455109165e-01 3.479203533708061791e-01
9.981044206569932298e-01 -4.815771331961242463e-02 -3.831970919506093309e-02 2.016267774089153875e+01 4.810123537840942098e-02 9.988395943279894107e-01 -2.394985964144963168e-03 3.438330817069131240e-01 3.839057983462697277e-02 5.472207266007133621e-04 9.992626601296765720e-01 3.655054458801305084e-01
9.980067870503512850e-01 -4.882261508164581487e-02 -3.998506293635580716e-02 2.077075505441502301e+01 4.873134914916660287e-02 9.988066196339357994e-01 -3.254563800636636230e-03 3.638428084922356032e-01 4.009624186300885657e-02 1.299550699220793906e-03 9.991949772474055802e-01 3.943577490252524465e-01
9.979078247260390055e-01 -4.959102305776087044e-02 -4.148136669192110937e-02 2.137974114433366069e+01 4.947337678411355827e-02 9.987679894904122335e-01 -3.858517702050398394e-03 3.960913404889042644e-01 4.162160905253575738e-02 1.798221722850637007e-03 9.991318271672229301e-01 4.187918407067284798e-01
9.977773110239620546e-01 -5.052088082855558243e-02 -4.345202188734729326e-02 2.199374734183457392e+01 5.040193710883870276e-02 9.987216736672731576e-01 -3.829266629187678527e-03 4.159507159641948615e-01 4.358993394659243376e-02 1.630689286046712195e-03 9.990481762712867253e-01 4.365233378708260337e-01
9.976885883175795611e-01 -5.117800474667640737e-02 -4.470226583769894985e-02 2.261363499906903485e+01 5.106689931194675208e-02 9.986886570370020477e-01 -3.624651747804645031e-03 4.435350371042954265e-01 4.482914828031681759e-02 1.333467576860414327e-03 9.989937784234108609e-01 4.606637245992271090e-01
9.975981360604720960e-01 -5.164853663834691883e-02 -4.615612193186448969e-02 2.323177333094180597e+01 5.153679768121364330e-02 9.986645772158219136e-01 -3.608420583776052876e-03 4.737978847548093286e-01 4.628085363773509070e-02 1.221014930745302528e-03 9.989277209633845578e-01 4.805462053619872220e-01
9.975257457724369115e-01 -5.182782974997411640e-02 -4.750013246877562989e-02 2.386509405790287985e+01 5.174301333708151984e-02 9.986558839898582729e-01 -3.014289838980949241e-03 5.012619438787473403e-01 4.759251088083227277e-02 5.490317317587540234e-04 9.988666835330004545e-01 4.987515148029843526e-01
9.974759469245538801e-01 -5.182163030151389072e-02 -4.854126017995099435e-02 2.448903388223992295e+01 5.176224929143727338e-02 9.986563558869816504e-01 -2.480402149937685138e-03 5.276388550197222971e-01 4.860457648468486519e-02 -3.846332709234851453e-05 9.988180983869470175e-01 5.206882908543308819e-01
9.974136067269954165e-01 -5.181523769122939327e-02 -4.981243076630555155e-02 2.515194450472873200e+01 5.173882126759071776e-02 9.986566598227335501e-01 -2.823148161407292630e-03 5.544995632202049940e-01 4.989179781975075501e-02 2.386099376718146294e-04 9.987546002775710141e-01 5.533999988842505102e-01
9.973987271387250164e-01 -5.146772646426653330e-02 -5.046634754616885488e-02 2.581191376018460915e+01 5.140296015201734070e-02 9.986746581092924568e-01 -2.581266723534649758e-03 5.901915755896650628e-01 5.053231431135310481e-02 -1.956750747456829226e-05 9.987224263164672378e-01 5.895089010641005878e-01
9.974244264536413773e-01 -5.090504037407319465e-02 -5.052910426811983713e-02 2.647413007174864674e+01 5.084865859065552246e-02 9.987034828165559652e-01 -2.401526517050318540e-03 6.315505076235330417e-01 5.058584222048204126e-02 -1.739959629391352527e-04 9.987197015640821851e-01 6.310208023343453210e-01
9.974315596341463142e-01 -5.049960646334428899e-02 -5.079442482046386820e-02 2.715472327208500403e+01 5.043496867674433087e-02 9.987240807893719152e-01 -2.554287767657882711e-03 6.595568768450726926e-01 5.085860576510349562e-02 -1.408799292391569799e-05 9.987058636160890401e-01 6.656346999814807264e-01
9.974175006080064909e-01 -4.992353087823968999e-02 -5.163303734554910984e-02 2.783518510623390085e+01 4.984891208061979079e-02 9.987530315381933921e-01 -2.732756419269902898e-03 6.892479519477847649e-01 5.170508142587205980e-02 1.518483383850363546e-04 9.986623861429978488e-01 7.034928709190244600e-01
9.973642903760464584e-01 -4.945222250488692795e-02 -5.309378468344901070e-02 2.850735964473572892e+01 4.932128862244232470e-02 9.987758332223355406e-01 -3.774315785834061326e-03 7.154714673684481330e-01 5.321543734018382987e-02 1.145713906963303315e-03 9.985823974857239715e-01 7.390161665603967034e-01
9.973111552107667421e-01 -4.851906286783249506e-02 -5.492140047916897749e-02 2.923780573572682684e+01 4.840734199569528967e-02 9.988220143632632331e-01 -3.363460156606655135e-03 7.443808819878071636e-01 5.501989579304689126e-02 6.958173184130934680e-04 9.984850158641248585e-01 7.674223590115637483e-01
9.972332402480779123e-01 -4.728077208695612155e-02 -5.736194849532699758e-02 2.995825806370240940e+01 4.717347837842549019e-02 9.988815092431682086e-01 -3.223884267567391632e-03 7.757773859764520719e-01 5.745021742343069115e-02 5.090019172423671575e-04 9.983482425662143500e-01 7.933691434292264866e-01
9.972411982577554790e-01 -4.575063847585455340e-02 -5.845401249262330290e-02 3.067650123092841241e+01 4.571557571889740129e-02 9.989526172821281413e-01 -1.937669186375138349e-03 7.993693117793437830e-01 5.848143837257990807e-02 -7.399352929320221137e-04 9.982882218385812356e-01 8.139935675443185081e-01
9.972031585508277507e-01 -4.350938715856054323e-02 -6.076836187803015543e-02 3.140282268042659908e+01 4.346492490210780019e-02 9.990528421975019002e-01 -2.053971846822149651e-03 8.209870224814787010e-01 6.080017170622852019e-02 -5.930650722271665638e-04 9.981497820439141355e-01 8.440280862153891617e-01
9.972046847597049180e-01 -4.099841891447476155e-02 -6.246556123025602536e-02 3.214475824772743806e+01 4.096354524539861514e-02 9.991589486370423545e-01 -1.839380180488082214e-03 8.552608917087938245e-01 6.248843616402803558e-02 -7.245723106979431094e-04 9.980454249886328011e-01 8.785527685780478713e-01
9.974223609881495145e-01 -3.829901865103480657e-02 -6.067799412631515871e-02 3.289306082306271861e+01 3.827432645504911385e-02 9.992660368111251357e-01 -1.569589181711821295e-03 8.918519601711767386e-01 6.069357243759652271e-02 -7.568660084236761721e-04 9.981561588341814062e-01 9.335652065037322034e-01
9.976402311097796183e-01 -3.550402709807887885e-02 -5.876591980939712551e-02 3.362905059943921060e+01 3.553381193303042224e-02 9.993683296606783450e-01 -5.384057334125368034e-04 9.047709168698034876e-01 5.874791469263940941e-02 -1.551041922266150567e-03 9.982716447882418187e-01 9.693920492502882125e-01
9.977354330586124531e-01 -3.267372996584883005e-02 -5.879143636161600350e-02 3.436859205943144246e+01 3.262706231650411293e-02 9.994660569628760483e-01 -1.753791229303056781e-03 9.125010688739509934e-01 5.881734798457093072e-02 -1.683722061841493641e-04 9.982687469949472758e-01 1.014982797798395620e+00
9.976854709387146247e-01 -2.955754681593114261e-02 -6.123767226160055366e-02 3.510266462602130844e+01 2.940826818874660645e-02 9.995619106307053192e-01 -3.337750504849593125e-03 9.221625470324769092e-01 6.130950040518938493e-02 1.529131295183081300e-03 9.981176318037610073e-01 1.061964110349940649e+00
9.977083079808787280e-01 -2.612620697387975366e-02 -6.241436929978546461e-02 3.583624536236058589e+01 2.595578634506109234e-02 9.996568244286175853e-01 -3.539848655173379911e-03 9.490492657782163555e-01 6.248543303155981027e-02 1.911722377854450450e-03 9.980440451084353626e-01 1.105989419015445785e+00
9.976992264458094395e-01 -2.258831073785502047e-02 -6.392199752388537382e-02 3.655632184246722005e+01 2.244842973342076747e-02 9.997437794477711526e-01 -2.905762892929581072e-03 9.664755932792145066e-01 6.397125566953625053e-02 1.464128920675943557e-03 9.979506675054465870e-01 1.139098246149796267e+00
9.976013312243766640e-01 -2.014940014571698496e-02 -6.622375414546732841e-02 3.729111067846258010e+01 1.999272934307048943e-02 9.997955409395685722e-01 -3.027720391669739847e-03 9.820156199058458490e-01 6.627122084861761242e-02 1.696464300592552977e-03 9.978002040970479491e-01 1.187115371631099148e+00
9.976294598819901438e-01 -1.669371075423881079e-02 -6.675912519515460330e-02 3.800934946937052672e+01 1.662386824225119131e-02 9.998605312058767014e-01 -1.601605871129727467e-03 9.978480210988677213e-01 6.677655112562182194e-02 4.880142989467726577e-04 9.977678357522912211e-01 1.217881625582471816e+00
9.976560648342335247e-01 -1.296667385574690017e-02 -6.718810660072532803e-02 3.872545196583428861e+01 1.288916102903939036e-02 9.999156718481921891e-01 -1.587047682308126081e-03 9.964017053874933971e-01 6.720301948156223726e-02 7.173294202228027924e-04 9.977390638894838570e-01 1.256300748654304966e+00
9.975351563737895333e-01 -8.702765733907297241e-03 -6.962667353033677453e-02 3.944807349006273967e+01 8.572829346483588908e-03 9.999609093844187280e-01 -2.164786382642670294e-03 9.939395445450566191e-01 6.964279140955967340e-02 1.562552932586403105e-03 9.975707694359420286e-01 1.294751626745041184e+00
9.972844980881685473e-01 -3.971815013711477334e-03 -7.353811636509786920e-02 4.016454532167978186e+01 3.787672823022024838e-03 9.999893331227338589e-01 -2.643326566231487141e-03 1.003537456016503793e+00 7.354783074717811953e-02 2.357610283074978389e-03 9.972889041126135057e-01 1.344190575418817479e+00
9.972236681796970981e-01 7.689120872089082398e-04 -7.446048882750914977e-02 4.086996688899738217e+01 -8.471507180684289011e-04 9.999991218213898359e-01 -1.019162455168660898e-03 1.015242078783565871e+00 7.445963979156995649e-02 1.079412178592268875e-03 9.972234438236289300e-01 1.387866158131294991e+00
9.971686032262881971e-01 5.765886162074589441e-03 -7.497687174388803499e-02 4.159432605995006327e+01 -5.779847968819295037e-03 9.999832960658687764e-01 3.076846380006408336e-05 1.008494032364551707e+00 7.497579674262072613e-02 4.026735737864076408e-04 9.971852725330444533e-01 1.428392031432969889e+00
9.970718532445160820e-01 1.124576827253885580e-02 -7.563895929682375174e-02 4.230169621656731493e+01 -1.127442482906184859e-02 9.999364404933831496e-01 4.814765447726997117e-05 9.863697920931425722e-01 7.563469317925496094e-02 8.047790896614798878e-04 9.971352694184960619e-01 1.486722938941734018e+00
9.969561677227442020e-01 1.708812596200255662e-02 -7.606836129880908959e-02 4.301355322125383651e+01 -1.710443917135461706e-02 9.998536128439946546e-01 4.370851685685859904e-04 9.759978935048012616e-01 7.606469483415320698e-02 8.653519040755187561e-04 9.971025089557589149e-01 1.539420353439086231e+00
9.967976128635435140e-01 2.301120484493231200e-02 -7.658331046073783843e-02 4.372940686182129610e+01 -2.297656346934576210e-02 9.997351145366166758e-01 1.333526751559767787e-03 9.645473865014627668e-01 7.659371071230534900e-02 4.303650108493013195e-04 9.970622940745864637e-01 1.590267412706298567e+00
9.966500190139584436e-01 2.903144442927722835e-02 -7.645858247329698210e-02 4.443136229821632099e+01 -2.897867222306203111e-02 9.995784097529790690e-01 1.799808849227998216e-03 9.356683617713631440e-01 7.647859933121486931e-02 4.218886763290535628e-04 9.970711337985270761e-01 1.649349702682294305e+00
9.965061442678443404e-01 3.558561199323963253e-02 -7.555904085879371068e-02 4.513126653404057720e+01 -3.559801736891587964e-02 9.993654894837556979e-01 1.183041967034357883e-03 9.057512670304705971e-01 7.555319712518208941e-02 1.510843459793509034e-03 9.971406278736231199e-01 1.705545677424908479e+00
9.962972218307160066e-01 4.199924788391539571e-02 -7.501939049060980802e-02 4.582896639025995711e+01 -4.205496132734903164e-02 9.991149476796254980e-01 8.375863503394011256e-04 8.653369355490817538e-01 7.498817240173509535e-02 2.320452611997416044e-03 9.971817234082879233e-01 1.766263672899622605e+00
9.960137459019375861e-01 4.780982297715798829e-02 -7.530497195592951443e-02 4.651889200231643429e+01 -4.794944487683520246e-02 9.988497627799270973e-01 -4.615719679939580232e-05 8.298060081855209713e-01 7.521614660692114984e-02 3.656804804236962227e-03 9.971605482911113372e-01 1.821791363400738106e+00
9.956511539265026078e-01 5.360477596732599742e-02 -7.619256970542927221e-02 4.723865205179987470e+01 -5.376791145975378522e-02 9.985534555632809006e-01 -8.988819092815977449e-05 7.947799253015288556e-01 7.607753533126575263e-02 4.186212622834627542e-03 9.970931171369084023e-01 1.861329927413610363e+00
9.952924629377253307e-01 5.839490370038363798e-02 -7.734952127311146841e-02 4.789945693453628195e+01 -5.859609532914115959e-02 9.982817174154748896e-01 -3.320936435236552554e-04 7.565422634097656029e-01 7.719722036145344746e-02 4.862910222571292795e-03 9.970039825761141117e-01 1.905610560806663134e+00
9.948219492923939811e-01 6.377685953156275733e-02 -7.913154487543344606e-02 4.859037171989717052e+01 -6.398544814522202917e-02 9.979508265994669891e-01 -1.005738324526424775e-04 7.050483490204100256e-01 7.896297633534674065e-02 5.163320417326701731e-03 9.968641775540595384e-01 1.943715804833679117e+00
9.943646376136676679e-01 6.879935278585393166e-02 -8.065740213822339411e-02 4.928609403292642099e+01 -6.897975207490562866e-02 9.976179079337655908e-01 5.509750822419523866e-04 6.588713232304806988e-01 8.050317550956623269e-02 5.015857464512931893e-03 9.967417317975463265e-01 1.996215011267441275e+00
9.940652005995935792e-01 7.384855333741931205e-02 -7.987971035788783702e-02 4.999325620632028233e+01 -7.399804874998523740e-02 9.972577892385382503e-01 1.091138972787546223e-03 5.960525330477500772e-01 7.974124239115241985e-02 4.826279419331599117e-03 9.968039131588930513e-01 2.045481815114995605e+00
9.936823453837776432e-01 7.928683657859533773e-02 -7.942917611277386380e-02 5.068404943377372973e+01 -7.948427808473731981e-02 9.968358892357862544e-01 6.778413144046067235e-04 5.210282328843489630e-01 7.923159729516421335e-02 5.639811775093699076e-03 9.968402813456117562e-01 2.097422969325401176e+00
9.932664047051602552e-01 8.412208223985266631e-02 -7.965754555417937921e-02 5.137630083927491143e+01 -8.433182106696281155e-02 9.964374571089585908e-01 7.335023940536634229e-04 4.487974586330941151e-01 7.943546588026324795e-02 5.989102592524182984e-03 9.968220189233992778e-01 2.138986180780737101e+00
9.927331694024335018e-01 8.826158059080538298e-02 -8.179699114155775108e-02 5.206130982703726318e+01 -8.862441929746314728e-02 9.960647862100807659e-01 -8.086881064112614280e-04 3.755907731206393763e-01 8.140372640356674516e-02 8.052022347135994254e-03 9.966486834706271836e-01 2.192049492463964189e+00
