1.000000000000000000e+00 0.000000000000000000e+00 0.000000000000000000e+00 0.000000000000000000e+00 0.000000000000000000e+00 1.000000000000000000e+00 0.000000000000000000e+00 0.000000000000000000e+00 0.000000000000000000e+00 0.000000000000000000e+00 1.000000000000000000e+00 0.000000000000000000e+00
9.999999383849531576e-01 2.452305367488841442e-04 2.511813562861944012e-04 -1.882447254466216094e-02 -2.452709845761984176e-04 9.999999569586022208e-01 1.610122287502922637e-04 1.058719617684155366e-02 -2.511418603597181205e-04 -1.610738263280797405e-04 9.999999554914932309e-01 2.959496322724150183e-03
9.999998377728346322e-01 2.088618347712410282e-04 5.299349379602580996e-04 -1.447614236500627261e-02 -2.085438364317477016e-04 9.999997982218050696e-01 -6.000548452772696585e-04 1.529704469333669631e-02 -5.300601595868908522e-04 5.999442332670515497e-04 9.999996795515208037e-01 8.446388933798145565e-03
9.999999351027953898e-01 3.484063485467960779e-04 9.169199175043836469e-05 -8.703864736805580482e-03 -3.483498635557381157e-04 9.999997500128812167e-01 -6.153263748995617226e-04 1.713790302202924942e-02 -9.190635244406481549e-05 6.152943940737846257e-04 9.999998064829968003e-01 -3.530725859118840487e-03
9.999999821238745312e-01 1.791347600226903273e-04 6.052262625855692912e-05 -6.604208832961326950e-03 -1.791382159601029821e-04 9.999999823244885011e-01 5.710098235314394475e-05 1.029912431786440818e-04 -6.051239641801766034e-05 -5.711182324769279697e-05 9.999999965382447842e-01 -5.930946036545486563e-03
9.999999929506835361e-01 -6.680812562825552117e-05 -9.815960070688201642e-05 -7.895549378965220286e-03 6.680358651185520013e-05 9.999999966993516898e-01 -4.624475626563637063e-05 -2.006474078196133007e-03 9.816268990837794417e-05 4.623819852626466189e-05 9.999999941130576220e-01 -6.157254430296433059e-03
9.999999698136836646e-01 -3.573915525741431067e-05 2.430953404449776316e-04 -2.175480575303023571e-03 3.565720288805322843e-05 9.999999425405936559e-01 3.371162607231911810e-04 6.455202122490273295e-03 -2.431073747272454919e-04 -3.371075824470176553e-04 9.999999136286373824e-01 -7.857421082147104940e-05
9.999999373362469246e-01 2.350883184108061542e-04 2.646903563898649818e-04 -3.310762972336839596e-03 -2.350950058088265352e-04 9.999999720467874775e-01 2.523415529693744206e-05 1.504149589018032897e-02 -2.646844167357839043e-04 -2.529638109654358064e-05 9.999999646511257279e-01 2.372759364283357278e-03
9.999999268759864890e-01 3.622901698651873753e-04 -1.224493960498983681e-04 -1.336400730091855463e-02 -3.622971038386283739e-04 9.999999327680660910e-01 -5.660982017926045851e-05 1.817982006482945709e-02 1.224288786360198716e-04 5.665417910127886858e-05 9.999999909007367682e-01 -7.055664716385401207e-03
9.999999799164702718e-01 1.736499401117407102e-04 1.000637659786394649e-04 -2.500701386573947471e-03 -1.736301183159824483e-04 9.999999653111623088e-01 -1.980662925829957787e-04 -1.693495789555788528e-03 -1.000981567073889165e-04 1.980489145215995198e-04 9.999999753784929446e-01 -2.255043359946095477e-03
9.999999208686751739e-01 1.826840928813570257e-04 3.533966122637896513e-04 -1.729131745519003893e-02 -1.826600691941569852e-04 9.999999810049370330e-01 -6.801047436048529376e-05 1.280294370147545477e-02 -3.534090299828137076e-04 6.794591752907726614e-05 9.999999352427028088e-01 1.380730883867250808e-03
9.999998687224304073e-01 7.336130967160353655e-05 5.071225100554674131e-04 -1.720391699486462436e-02 -7.327962825988948014e-05 9.999999843408423628e-01 -1.610851052545694850e-04 6.739032889676414839e-04 -5.071343195286460688e-04 1.610479223586893088e-04 9.999998584391642797e-01 5.252140798973577163e-03
9.999999984105822914e-01 4.444722339279290118e-05 3.468832277948060409e-05 -5.536151095858168197e-03 -4.446661996262502373e-05 9.999998425657299350e-01 5.593668161937570549e-04 -1.209898694995837840e-03 -3.466345501651194640e-05 -5.593683577771557495e-04 9.999998429527302557e-01 -5.951313484921371896e-03
9.999999996088001497e-01 2.576066981128835413e-05 1.089897160839827456e-05 1.568880914203580820e-03 -2.575997485644446541e-05 9.999999976356274134e-01 -6.375867727069038508e-05 3.204051033592169272e-03 -1.090061404886181918e-05 6.375839648851341641e-05 9.999999979080217427e-01 -7.364690356631656623e-03
9.999998509682691550e-01 3.829637908839139140e-04 -3.891043232930180957e-04 -9.192628994452490404e-03 -3.831559710594654631e-04 9.999998046026555842e-01 -4.939495445210167470e-04 9.331704744722823033e-03 3.889150824729914750e-04 4.940985585516959955e-04 9.999998023058169760e-01 7.700184534851838708e-03
9.999972255931607323e-01 1.540273577040734412e-04 -2.350549202688433266e-03 -5.914628688050821079e-03 -1.555763030853636532e-04 9.999997708872359059e-01 -6.588030734236245082e-04 1.323700979197041383e-02 2.350447190450961725e-03 6.591669353910463956e-04 9.999970204440392640e-01 -6.547123646196851415e-03
9.999952351148062579e-01 2.538755851887408124e-04 -3.076571934896935642e-03 5.822231850252665777e-03 -2.552161389546010847e-04 9.999998726697458817e-01 -4.353449373665228329e-04 2.460522992897461875e-03 3.076461019705516251e-03 4.361280538083170508e-04 9.999951725783055023e-01 -4.236734095268302608e-03
9.999934024089948137e-01 2.338589072037037977e-04 -3.624975654208262114e-03 3.943924796361198901e-03 -2.357389391690154910e-04 9.999998379404849702e-01 -5.182143921676670697e-04 1.519243344150383694e-02 3.624853877695016421e-03 5.190655211162910473e-04 9.999932954801997731e-01 -1.143085928069142998e-02
9.999949980889379919e-01 1.651677852855751457e-05 -3.162834851980401377e-03 2.158792011191355831e-02 -1.560806621128043317e-05 9.999999585978054384e-01 2.873339096526676662e-04 3.402470978727742401e-03 3.162839466862646821e-03 -2.872831066982214324e-04 9.999949569447454945e-01 -9.587975796260193515e-03
9.999964083142858229e-01 2.146141733598013021e-04 -2.671572436723456106e-03 4.544690332009671679e-02 -2.129057894402630472e-04 9.999997727047574836e-01 6.397355377480228684e-04 1.176156738732633301e-02 2.671709125801353685e-03 -6.391644467803437408e-04 9.999962267124596904e-01 -4.002180470974221575e-03
9.999962767941320552e-01 1.717741998123618050e-04 -2.723397051076152653e-03 7.133317155422055911e-02 -1.705441290407195014e-04 9.999998833534290421e-01 4.518936029495094716e-04 1.537857013686435431e-02 2.723474357063272212e-03 -4.514274610784874153e-04 9.999961894430767773e-01 -3.694579304694990511e-03
9.999939997615140408e-01 -1.514683005609177415e-04 -3.460852253865343616e-03 9.752144112916701080e-02 1.498253786292356538e-04 9.999998759777635193e-01 -4.749703291759421069e-04 7.653243655230904802e-03 3.460923767591283801e-03 4.744489557413780561e-04 9.999938984338171410e-01 -1.151291931746832586e-02
9.999944407291486703e-01 2.955983915192366253e-04 -3.321314858320964774e-03 1.277781640969651022e-01 -2.972469096753852912e-04 9.999998328823750393e-01 -4.958623768063272598e-04 2.423651411931236968e-02 3.321167727149714876e-03 4.968468707507643590e-04 9.999943614781611201e-01 -2.243370544707242592e-03
9.999934196401020214e-01 -3.538623211284630489e-04 -3.610465060419070123e-03 1.534287292805767977e-01 3.527014709841770840e-04 9.999998859087914083e-01 -3.221553608350647573e-04 6.090068442949764238e-04 3.610578647140497144e-03 3.208798245991005787e-04 9.999934303574053995e-01 -1.929277943292314994e-03
9.999877853011277518e-01 2.760719179136138926e-05 -4.942518223388445674e-03 1.947234595018828562e-01 -2.964046706196454104e-05 9.999999149720607550e-01 -4.113116991630384246e-04 2.358042297011768082e-02 4.942506447975342741e-03 4.114531736630940430e-04 9.999877010925172227e-01 -1.478374227639457292e-02
9.999839276344244521e-01 -1.763079862360450380e-04 -5.666867593666472663e-03 2.469457455907329568e-01 1.727793178522094172e-04 9.999997909046794975e-01 -6.231676376148273565e-04 1.987940623947026877e-02 5.666976278182252191e-03 6.221785043195481773e-04 9.999837490048382183e-01 -9.437905068001697928e-03
9.999798746341136413e-01 -4.251389806029189414e-04 -6.330053995786022632e-03 3.012642046433104404e-01 4.191254124966366300e-04 9.999994596819929971e-01 -9.512989071377786834e-04 1.655480177111291404e-02 6.330455009791491859e-03 9.486266754070954259e-04 9.999795125135313434e-01 -8.531133457723304343e-04
9.999733777637127563e-01 -3.785553130839334904e-04 -7.287006223817549949e-03 3.667186720630647434e-01 3.744274245018702719e-04 9.999997686874770864e-01 -5.678284038405170559e-04 2.419835074589345159e-02 7.287219492700948778e-03 5.650848320058663148e-04 9.999732881988387945e-01 -6.822003041298891485e-03
9.999712225253305498e-01 -6.604035300783615749e-04 -7.557644366691112885e-03 4.477262202553238257e-01 6.568324480654675300e-04 9.999996714801807629e-01 -4.749849109338039922e-04 2.406895881752994099e-02 7.557955565567066152e-03 4.700071360165793350e-04 9.999713277894326513e-01 -9.262564252556710828e-03
9.999683261971352710e-01 -1.032976750761049368e-03 -7.891740082647917542e-03 5.271369474916918207e-01 1.029640196029624460e-03 9.999993788233171310e-01 -4.268419455869749469e-04 2.401737291704228797e-02 7.892176098289033909e-03 4.187027730736235802e-04 9.999687686345115623e-01 -1.553595944383062005e-02
9.999692013315718553e-01 -1.461079200286968327e-03 -7.711137132022807469e-03 6.296990717498017753e-01 1.460736584785994824e-03 9.999989318705861940e-01 -5.006312485827462365e-05 3.141507036620400095e-02 7.711202041720854536e-03 3.879764286164416826e-05 9.999702674868962138e-01 -5.730228918048075465e-03
9.999657909352355212e-01 -1.887035666582116992e-03 -8.053325751626877124e-03 7.334621365176253738e-01 1.885821169575049730e-03 9.999982092927042210e-01 -1.583979211070590972e-04 2.261816736308145184e-02 8.053610233004339022e-03 1.432053702744155211e-04 9.999675589010059706e-01 -1.396410559324588740e-02
9.999648343038310960e-01 -2.084709401323984589e-03 -8.123062379646937489e-03 8.535298895984465561e-01 2.081268868461974477e-03 9.999977408533994305e-01 -4.319814747846064426e-04 3.556960489527510871e-02 8.123944584299857760e-03 4.150600070079797275e-04 9.999669140774517517e-01 -1.563523202073999890e-02
9.999649786510600435e-01 -2.682517781735804276e-03 -7.927519772013502664e-03 9.764968200561269240e-01 2.680664256944788500e-03 9.999963771411295443e-01 -2.444253614918858960e-04 3.494680470849065301e-02 7.928146727106684388e-03 2.231657824869516125e-04 9.999685468486031459e-01 -1.989017967452435739e-02
9.999710137323524206e-01 -2.721649956191795477e-03 -7.110859062554048503e-03 1.116596300785685392e+00 2.722274207780038188e-03 9.999962915540305808e-01 7.811097173634757966e-05 5.507062230977066014e-02 7.110620101594615321e-03 -9.746641581196444169e-05 9.999747144713553304e-01 -1.333290981261828732e-02
9.999699369933818804e-01 -3.136876364569172841e-03 -7.091199907301099122e-03 1.250741379489320293e+00 3.134355215922921163e-03 9.999950206921323081e-01 -3.666174058938078393e-04 6.800201721407611588e-02 7.092314631508997609e-03 3.443800448557068016e-04 9.999747899200021051e-01 -1.304896634555459400e-02
9.999656625488264616e-01 -3.666294204462417113e-03 -7.431824143021304070e-03 1.404109295718499961e+00 3.667677317251280197e-03 9.999932591730645859e-01 1.724863140083714576e-04 6.710993123029219964e-02 7.431141660807543715e-03 -1.997379241031457461e-04 9.999723687374459935e-01 -2.232247481888600255e-02
9.999706183761203349e-01 -3.885341915711785967e-03 -6.608063458943573207e-03 1.561324144428254179e+00 3.886221301513675171e-03 9.999924413843013227e-01 1.202425068450399152e-04 7.007854434388224862e-02 6.607546327879479375e-03 -1.459193709008301193e-04 9.999781592810225161e-01 -1.941764327611629135e-02
9.999720629923141146e-01 -4.515183407917477444e-03 -5.957042360792613733e-03 1.745118140334679380e+00 4.517506835802758726e-03 9.999897250872112897e-01 3.766324363575435856e-04 8.474775971452080947e-02 5.955280588174353268e-03 -4.035328939603215789e-04 9.999821857384858514e-01 -1.391078375730273216e-02
9.999695997103692502e-01 -5.133920715650811331e-03 -5.868774418001861636e-03 1.927384042317064061e+00 5.145769183390026813e-03 9.999847492260933723e-01 2.005585884107533110e-03 9.225511007188008650e-02 5.858388395732667085e-03 -2.035724272260198368e-03 9.999807673710989775e-01 -7.498894357344652872e-03
9.999659617262499633e-01 -5.444558309333976352e-03 -6.199368815631545182e-03 2.142960645149433851e+00 5.464616808748364550e-03 9.999798741325651719e-01 3.223242614619562570e-03 1.175398300332855667e-01 6.181694915596155915e-03 -3.257010076038613627e-03 9.999755889687182986e-01 -1.946983043294540916e-02
9.999660571716301183e-01 -5.990339913033358027e-03 -5.656883625321292713e-03 2.342747410258075202e+00 6.019094147135008177e-03 9.999689826812789839e-01 5.079781591365004935e-03 1.318901189725269485e-01 5.626278545542671983e-03 -5.113658484330488134e-03 9.999710973256344948e-01 -1.452731788984144498e-02
9.999609990231398404e-01 -6.743606447525201872e-03 -5.702999625203740604e-03 2.576520615650105483e+00 6.773297268047203529e-03 9.999635250242903117e-01 5.202986172788529734e-03 1.323221807816975792e-01 5.667704717329737248e-03 -5.241411363026268408e-03 9.999702019211176296e-01 -1.748863637002187957e-02
9.999604291457749872e-01 -7.244753090729352460e-03 -5.162721690346741901e-03 2.804421176519410253e+00 7.275908726210143437e-03 9.999552783861451744e-01 6.041719945072865534e-03 1.434111434172088140e-01 5.118720035855478523e-03 -6.079044360851438601e-03 9.999684214638246971e-01 -1.646311727484962156e-02
9.999576499343237890e-01 -7.767988294755854249e-03 -4.935250315522149607e-03 3.045668898503438360e+00 7.799796175383170126e-03 9.999487221085046063e-01 6.458818250350508404e-03 1.571814683072850771e-01 4.884825221725288928e-03 -6.497038665508983978e-03 9.999669629398423298e-01 -1.798084629442874699e-02
9.999558411898077370e-01 -8.517592328372430854e-03 -3.970678948442830404e-03 3.299841166271111792e+00 8.543565159233396794e-03 9.999419147402895947e-01 6.570741198168864733e-03 1.661463491842936901e-01 3.914481415703639951e-03 -6.604374796377890378e-03 9.999705291001306229e-01 -1.500294511633485511e-02
9.999438908515285718e-01 -9.186416579374917166e-03 -5.274931197324180497e-03 3.576205747654324529e+00 9.212646172528515462e-03 9.999452120233587316e-01 4.969919723683728120e-03 1.708892946730693196e-01 5.228986441569146403e-03 -5.018236940425440350e-03 9.999737371545333042e-01 -2.578267183759063927e-02
9.999196301779289531e-01 -9.868142127850329168e-03 -7.959457002734756509e-03 3.843467077041721414e+00 9.906555998056674681e-03 9.999394020391834115e-01 4.801291261490469101e-03 1.710516751723125395e-01 7.911594851305589482e-03 -4.879756189077787132e-03 9.999567963899460565e-01 -1.801377141184059075e-02
9.998775751835301540e-01 -1.045745807354514327e-02 -1.163942506072112269e-02 4.123809504570600915e+00 1.048595353313372912e-02 9.999421650159355801e-01 2.389853916985001329e-03 1.932864803702759593e-01 1.161376009761944626e-02 -2.511611809896938542e-03 9.999294036993368051e-01 -1.575247630302202551e-02
9.998195744491589210e-01 -1.074093694066940649e-02 -1.566687020241613881e-02 4.421641064645046804e+00 1.071700412225272403e-02 9.999412739029146513e-01 -1.610766295832979011e-03 2.087326288201325208e-01 1.568325128748530861e-02 1.442573759894685099e-03 9.998759696132319963e-01 -2.013149419547209662e-02
9.997792259294003836e-01 -1.072335359082380625e-02 -1.806956246772764563e-02 4.712252827551763446e+00 1.065433492085653307e-02 9.999355903473640117e-01 -3.911560310529819430e-03 2.144522888650705061e-01 1.811034365778745742e-02 3.718177569033159161e-03 9.998290806973769707e-01 -1.962462584278926170e-02
9.997439562616993181e-01 -1.174993001562133106e-02 -1.933807288313335593e-02 5.025467034605498817e+00 1.161688513313966810e-02 9.999081737884190080e-01 -6.977963235239366402e-03 2.101858437392360168e-01 1.941828772082686283e-02 6.751528400067248123e-03 9.997886511489587624e-01 -1.655353047073920489e-02
9.997261042532586961e-01 -1.195441907940920749e-02 -2.011984938006165097e-02 5.338281030140125338e+00 1.176406332515035798e-02 9.998851668161319317e-01 -9.553009743417552671e-03 2.211970524519734360e-01 2.023173963564088573e-02 9.313702032480721330e-03 9.997519350647768865e-01 -1.879655174024872505e-02
9.997302681552294734e-01 -1.196302523211123861e-02 -1.990670644704429365e-02 5.667264135343842213e+00 1.171969044253788964e-02 9.998557200178485038e-01 -1.229585310260752212e-02 2.469034358626609749e-01 2.005092990871024800e-02 1.205923608217729717e-02 9.997262300424603065e-01 -7.601327905695398623e-03
9.997054079764282619e-01 -1.272465214969537538e-02 -2.066834512853628000e-02 5.993737770222825390e+00 1.247411630585975630e-02 9.998476964724420935e-01 -1.220574787300112568e-02 2.619922972717240173e-01 2.082051116257524134e-02 1.194433281605300143e-02 9.997118781071416826e-01 -5.858147968851465381e-03
9.997307452661473581e-01 -1.327195625464220631e-02 -1.903397348870043346e-02 6.335674464211701995e+00 1.310499545429612799e-02 9.998747850331501930e-01 -8.869799831707967513e-03 2.715713070756226033e-01 1.914930974569488756e-02 8.617971460068343109e-03 9.997794929404067998e-01 -1.917587603082725536e-02
9.998396885376770182e-01 -1.415883452420982347e-02 -1.096013821979207811e-02 6.697029547827415108e+00 1.410996470221933391e-02 9.998902177109358913e-01 -4.523430344258792639e-03 3.030055188997668458e-01 1.102298149245600073e-02 4.368058023112878115e-03 9.999297045033334053e-01 -1.023542224553378177e-02
9.998697601244148636e-01 -1.613424518463746002e-02 3.859029245260137760e-04 7.065738672611587390e+00 1.613501666074140459e-02 9.998676432627123800e-01 -2.087389189156717024e-03 3.235189498724699853e-01 -3.521733987003977336e-04 2.093343877965079657e-03 9.999977469401147845e-01 -2.132406070440034940e-02
9.997580312227015709e-01 -1.751566175369177400e-02 1.330716344823391906e-02 7.426785215980680199e+00 1.754029822192611568e-02 9.998446484734967443e-01 -1.736910243959643432e-03 3.637109931539115326e-01 -1.327467302774908847e-02 1.969901581281572819e-03 9.999099472171313341e-01 -3.188481347890383122e-02
9.995781868871702613e-01 -1.946254888376037009e-02 2.155591543647926780e-02 7.796282618793276775e+00 1.956766892006369177e-02 9.997975980401176965e-01 -4.676460867586665175e-03 3.694990915567055723e-01 -2.146053662870947218e-02 5.096287291600999116e-03 9.997567070159866232e-01 -3.731096912482950029e-02
9.995495392656525979e-01 -2.064934050971797136e-02 2.177896439997390604e-02 8.176819113257591809e+00 2.083984818480809353e-02 9.997462077467611508e-01 -8.556916711300880524e-03 3.777646257327655910e-01 -2.159674238064068080e-02 9.006932468033156114e-03 9.997261904571973501e-01 -3.953296159097108298e-02
9.995850747775503198e-01 -2.159859002863665292e-02 1.905726084026796927e-02 8.553239479480851060e+00 2.177396698843339987e-02 9.997220150834492669e-01 -9.043612059032936010e-03 4.082096905677373155e-01 -1.885663393996251172e-02 9.454811804713551468e-03 9.997774921902331524e-01 -3.802562283240855379e-02
9.995535759805579401e-01 -2.344736481355639071e-02 1.851674452432045676e-02 8.945753691241156602e+00 2.357125206876998016e-02 9.997010227727005649e-01 -6.500857107095654036e-03 4.134047746522107603e-01 -1.835878047119308965e-02 6.934417821011859204e-03 9.998074159702428076e-01 -3.472838996102732556e-02
9.995412085619496123e-01 -2.479317551597965893e-02 1.739743758003053573e-02 9.341094603155191578e+00 2.485524992494684074e-02 9.996854110367421331e-01 -3.360879567665201080e-03 4.518595841231556887e-01 -1.730863766116970057e-02 3.791755284000559133e-03 9.998430045032973279e-01 -3.838631454565179235e-02
9.995858729111383179e-01 -2.585253647270947114e-02 1.263839524642592499e-02 9.731761700168853224e+00 2.586596842002064633e-02 9.996650143163726687e-01 -9.004607381487571326e-04 4.831103239280625794e-01 -1.261088237087911595e-02 1.226992165288425408e-03 9.999197268461375021e-01 -5.544797804079786008e-02
9.996246299239046618e-01 -2.696397772328966783e-02 4.852128897157767171e-03 1.015640202444192042e+01 2.695235181454933363e-02 9.996337275630233776e-01 2.445700333221952072e-03 5.017996326794830209e-01 -4.916297505384919705e-03 -2.314006005416026530e-03 9.999852375885582845e-01 -7.625220326425488637e-02
9.996073476153599646e-01 -2.801922689057716534e-02 -2.711417328233356764e-04 1.056570303167086067e+01 2.801993559262231856e-02 9.996025222453488457e-01 3.111387170081858500e-03 5.272618751852379271e-01 1.838552969532264610e-04 -3.117762850380169544e-03 9.999951228641260625e-01 -9.304246118441678037e-02
9.995808554034207871e-01 -2.892661919298604098e-02 -1.167995303751973891e-03 1.101174122674543732e+01 2.892841860145716273e-02 9.995802773434001587e-01 1.554266164462711789e-03 5.743688538994888848e-01 1.122545404196231139e-03 -1.587402959269704596e-03 9.999981100200442397e-01 -9.947884409556190244e-02
9.995449606559854150e-01 -3.015918241213755638e-02 -5.434551094782291963e-04 1.148237009861475499e+01 3.016032157298066327e-02 9.995425941987989837e-01 2.226518571557969603e-03 5.751985108162975813e-01 4.760565502148327716e-04 -2.241896198870074221e-03 9.999973736323483076e-01 -9.346784456121394469e-02
9.995298416801009500e-01 -3.066070581192333055e-02 1.292674241778119827e-04 1.194247231752841643e+01 3.065964853467369189e-02 9.995168742274900264e-01 5.099420186477507388e-03 6.358622148910580973e-01 -2.855567939026157549e-04 -5.093059357857900038e-03 9.999869895172111001e-01 -9.648782274652813185e-02
9.994899797405244479e-01 -3.193347957789792468e-02 1.824289836536932433e-04 1.242173937274076145e+01 3.193193173415367903e-02 9.994739441212948661e-01 5.673337496396027232e-03 6.668866621359450519e-01 -3.635024228940811125e-04 -5.664618669481662552e-03 9.999838898508904839e-01 -9.723555926681767825e-02
9.994538508875133731e-01 -3.302316090158578105e-02 -1.212761389658405502e-03 1.291592166877442516e+01 3.302861420181434776e-02 9.994429194719354204e-01 4.791801469402539454e-03 6.742467656940205334e-01 1.053845352970502955e-03 -4.829240259340696756e-03 9.999877838496276095e-01 -1.003682094555690962e-01
9.994264059962705282e-01 -3.369795775715163366e-02 -3.362534813943928672e-03 1.341795582957404065e+01 3.370858060257156397e-02 9.994267271536243502e-01 3.154147231001555932e-03 7.262726125666180144e-01 3.254318843889974795e-03 -3.265684306867755633e-03 9.999893723009610769e-01 -1.064398743241477402e-01
9.993828418488188703e-01 -3.485361264008477594e-02 -4.377339844436282240e-03 1.392223393347442340e+01 3.486955703525951994e-02 9.993853138702680772e-01 3.620554182789918838e-03 7.446645380366750944e-01 4.248459761319385575e-03 -3.770955629632502266e-03 9.999838651114806298e-01 -1.097597901766872719e-01
9.993658464072725511e-01 -3.526592170558927319e-02 -4.921361694798555460e-03 1.446662655191184044e+01 3.528843900427028335e-02 9.993667377467013724e-01 4.566131640435608374e-03 8.326833361900498609e-01 4.757216341273393968e-03 -4.736903183635810324e-03 9.999774650665439468e-01 -1.178410441417145627e-01
9.993118117433239522e-01 -3.672355623543818726e-02 -5.223344493524890650e-03 1.500737695130082372e+01 3.675079775426680351e-02 9.993108349684929337e-01 5.218618495199125150e-03 8.477176972527218357e-01 5.028098517372694976e-03 -5.406989180317053022e-03 9.999727409751245633e-01 -1.207179127742014635e-01
9.992547993659957051e-01 -3.851580664213516414e-02 -2.525585621053113780e-03 1.557202971221890309e+01 3.852998391252582255e-02 9.992404481292654905e-01 5.828135390083088140e-03 8.641513760683574574e-01 2.299191972001317884e-03 -5.921103033244217752e-03 9.999798269240962600e-01 -1.192902263991739847e-01
9.992180093467956103e-01 -3.953946574656931612e-02 2.110694291155558141e-05 1.613829778356754474e+01 3.953906633127937664e-02 9.992100470988481975e-01 3.992995162559218741e-03 9.124819494668550135e-01 -1.789711648769953486e-04 -3.989038128847975997e-03 9.999920277402859492e-01 -1.193845379374021548e-01
9.991738414016756442e-01 -4.061986736721323599e-02 1.288810959389661507e-03 1.670989849992998799e+01 4.061766310132648716e-02 9.991733283663837284e-01 1.692727216602650086e-03 9.458950171885623925e-01 -1.356503890955711774e-03 -1.638980266108249536e-03 9.999977368178796233e-01 -1.376475599231164748e-01
9.991440740627662853e-01 -4.132784332551714401e-02 1.768793746844051287e-03 1.729313180512993142e+01 4.132647148677412452e-02 9.991453719764907815e-01 8.052405930597210512e-04 9.878579879498348149e-01 -1.800560943209509289e-03 -7.314533624054726747e-04 9.999981114763509815e-01 -1.456189811372227139e-01
9.990957707536233245e-01 -4.248802308601635352e-02 1.552016902469690587e-03 1.787789301576398415e+01 4.248366732139848695e-02 9.990934062993136466e-01 2.739251751736642392e-03 1.032008109961736864e+00 -1.666995245388750010e-03 -2.670839470427823804e-03 9.999950438594058522e-01 -1.488374219521933217e-01
9.990440629899521863e-01 -4.368781419672552319e-02 1.528101842441564450e-03 1.846337123065083219e+01 4.368113564212022099e-02 9.990368608818319673e-01 4.160407238464431876e-03 1.095137309088182631e+00 -1.708389166197310082e-03 -4.089680927353648784e-03 9.999901779099479304e-01 -1.419828886754474495e-01
9.989765243949974005e-01 -4.515527060885584504e-02 2.627783083178012510e-03 1.903692732684250544e+01 4.514184622128027818e-02 9.989682663651628935e-01 4.961503312033800628e-03 1.151280333278739354e+00 -2.849109935667662550e-03 -4.837802354586090078e-03 9.999842389962716460e-01 -1.517233795227105886e-01
9.988914317901407269e-01 -4.699245694656480066e-02 2.759798247676410136e-03 1.963336487863489310e+01 4.698615005025162661e-02 9.988928760951318875e-01 2.307333926999404709e-03 1.178087283005088803e+00 -2.865170099289662212e-03 -2.175103795384658156e-03 9.999935298409592388e-01 -1.665469845230023727e-01
9.988350830790658774e-01 -4.820377805600174065e-02 2.207394745664382346e-03 2.022024652043735315e+01 4.820303965472478441e-02 9.988374830576332020e-01 3.865321944302808812e-04 1.215132860347122978e+00 -2.223460923985872209e-03 -2.796787800776119907e-04 9.999974889974971859e-01 -1.680288415911576905e-01
9.988098811070251770e-01 -4.875172131941945403e-02 1.446053720935244757e-03 2.082340176528786913e+01 4.875392179622501515e-02 9.988096522871261485e-01 -1.527614990031885955e-03 1.279192761786983823e+00 -1.369858553918434398e-03 1.596297736594674572e-03 9.999977876580919967e-01 -1.745227719857990745e-01
9.987656613645782278e-01 -4.967038728449109375e-02 7.941023432719715924e-05 2.142910294468101995e+01 4.967044615820336018e-02 9.987636039690384049e-01 -2.027354242049410338e-03 1.323480359381806082e+00 2.138741853679282612e-05 2.028796142149322072e-03 9.999979417622777422e-01 -1.755158648814464650e-01
9.987363998835716572e-01 -5.023133158423147282e-02 -1.554630141673745639e-03 2.203826067040622405e+01 5.022913207335141794e-02 9.987367068084908039e-01 -1.422942194373394290e-03 1.377415512024414701e+00 1.624142469191218290e-03 1.343056441739569644e-03 9.999977791778510428e-01 -1.808156341173286219e-01
9.987016795602632335e-01 -5.088588869612307303e-02 -2.362535738378953708e-03 2.266100717997213820e+01 5.088394925204690195e-02 9.987041904153478589e-01 -8.739309696434614198e-04 1.428522330876459634e+00 2.403945095974451256e-03 7.525811785848324654e-04 9.999968273297397126e-01 -1.807098664166515711e-01
9.986615128538610664e-01 -5.161196012669962835e-02 -3.374657955624952091e-03 2.327167437376375858e+01 5.161210911434988696e-02 9.986672060027793618e-01 -4.298105013119733037e-05 1.473387276930446577e+00 3.372378568004597010e-03 -1.312496940812547678e-04 9.999943049019388575e-01 -1.849974197830721034e-01
9.986457409562493615e-01 -5.187783814475004779e-02 -3.920966637307106081e-03 2.389426447129623554e+01 5.187919814519712652e-02 9.986533374224271231e-01 2.458756986492008833e-04 1.515334661320778320e+00 3.902930918570482466e-03 -4.489593243582292630e-04 9.999922827531070313e-01 -1.857870959155235868e-01
9.986380783350928825e-01 -5.204743917016058097e-02 -3.612834762538962626e-03 2.453930376075605579e+01 5.204761749618475042e-02 9.986446032068854173e-01 -4.470719538302015788e-05 1.573286492796777791e+00 3.610264832919930691e-03 -1.433931341124966216e-04 9.999934726918197070e-01 -1.951461835581201065e-01
9.986687764155489644e-01 -5.152624012388547919e-02 -2.391984817253516808e-03 2.517818200626162550e+01 5.152608732541503339e-02 9.986716410183830162e-01 -1.255013296219929255e-04 1.633299622768459525e+00 2.395274014383596498e-03 2.084640717248519167e-06 9.999971313249105265e-01 -1.985718904889982039e-01
9.986755428122300327e-01 -5.145009223639247786e-02 2.195394369926899586e-04 2.584658302036501354e+01 5.144983508744228884e-02 9.986750289179342488e-01 1.049326087619550669e-03 1.680690823620899721e+00 -2.732364775813803646e-04 -1.036641032312024622e-03 9.999994253584336690e-01 -2.038629617875246935e-01
9.987062562531442422e-01 -5.076953952127694070e-02 2.875339567153049544e-03 2.650222773099669027e+01 5.076388238181345214e-02 9.987086654005208342e-01 2.007460942548871825e-03 1.730104712916419984e+00 -2.973544409344888555e-03 -1.858900402912660402e-03 9.999938512425652348e-01 -2.115257310718678119e-01
9.987089549372155650e-01 -5.059856618702890385e-02 4.495378519266427994e-03 2.717068189577154058e+01 5.059270546459249118e-02 9.987183764470507485e-01 1.408084067112325014e-03 1.780614984161678072e+00 -4.560864171143397608e-03 -1.178832805752391992e-03 9.999889043740577410e-01 -2.147876916630199751e-01
9.987479464025570408e-01 -4.986066838718449662e-02 4.056267330724057200e-03 2.786528560894456774e+01 4.985954529420872500e-02 9.987561680239082085e-01 3.775940326640147529e-04 1.846651809839399361e+00 -4.070049106562167139e-03 -1.748776199953895410e-04 9.999917020246158472e-01 -2.247540026104350164e-01
9.988125111996656313e-01 -4.867953109389707572e-02 1.967415435587230050e-03 2.853893825906454040e+01 4.867891585992944331e-02 9.988144141751208460e-01 3.594255306917179689e-04 1.915085662126570609e+00 -1.982579562032397557e-03 -2.632270664489901285e-04 9.999980000428959626e-01 -2.329027119566149384e-01
9.988548474727282356e-01 -4.784218975361950038e-02 -3.443251537367014096e-04 2.923743490527120059e+01 4.784267445874199748e-02 9.988536447017223319e-01 1.573202695227783870e-03 1.961319770263655560e+00 2.686649729063918441e-04 -1.587874574423614113e-03 9.999987032358933492e-01 -2.388365811163806196e-01
9.989002470904572162e-01 -4.676348077927021396e-02 -3.387215379976471138e-03 2.995732044057582399e+01 4.676942961088190187e-02 9.989042668966592320e-01 1.698831810567903201e-03 2.010746300282363563e+00 3.304060607235780912e-03 -1.855381646632113437e-03 9.999928203454507836e-01 -2.479889543260435647e-01
9.989514629357540976e-01 -4.547558712051950891e-02 -5.286366858312646459e-03 3.067998195128085115e+01 4.548874341840052071e-02 9.989619787961289132e-01 2.395650629224459031e-03 2.058109786158265564e+00 5.171935878522652096e-03 -2.633608886380053513e-03 9.999831574499152831e-01 -2.555298294445546015e-01
9.990607721201910651e-01 -4.298024716794315164e-02 -5.501996364054810920e-03 3.138977738169073106e+01 4.298521607017869589e-02 9.990753976754964683e-01 7.880094851327939598e-04 2.112876575734301099e+00 5.463040362985505105e-03 -1.023773867181037005e-03 9.999845534192322027e-01 -2.399047320791253268e-01
9.991854788641477692e-01 -4.015749128468731194e-02 -3.969221679886169273e-03 3.215099922431531354e+01 4.017128713288185132e-02 9.991868198063693640e-01 3.459308503378818577e-03 2.156768777962924322e+00 3.827076836356476698e-03 -3.615939567284150082e-03 9.999861391359053941e-01 -2.642800839014455838e-01
9.993058910952204998e-01 -3.724354527012178201e-02 8.089240382105775335e-04 3.287436080978877584e+01 3.723937745236149260e-02 9.992954673384266684e-01 4.668803255232764626e-03 2.207650100922012637e+00 -9.822369101984797842e-04 -4.635438769729431641e-03 9.999887738960194783e-01 -2.553552922811979098e-01
9.993830636796626754e-01 -3.478785765008362424e-02 4.826695595207618206e-03 3.360167571908166195e+01 3.476321459619016035e-02 9.993825696386570145e-01 5.098863929752032662e-03 2.265770460003183384e+00 -5.001093999367536500e-03 -4.927926800634621976e-03 9.999753519943664903e-01 -2.561740457842052177e-01
9.994682380567887492e-01 -3.214544725983534829e-02 5.469125718366407186e-03 3.434476551156840429e+01 3.213909779744441447e-02 9.994826304225655766e-01 1.244940301999317850e-03 2.301311012638117326e+00 -5.506315321924123117e-03 -1.068505523796048177e-03 9.999842692700326996e-01 -2.621619105736051059e-01
9.995749460471976544e-01 -2.881635804695452385e-02 4.420943751251106557e-03 3.507813839641747222e+01 2.881587794493710442e-02 9.995847215227204874e-01 1.722689981497900057e-04 2.326785731778375332e+00 -4.424071993593023736e-03 -4.480239899369684205e-05 9.999902127419750819e-01 -2.720595255620024688e-01
9.996750531027963627e-01 -2.528183633680329556e-02 3.258366977555530401e-03 3.581185548598299562e+01 2.527915939865694323e-02 9.996800609428285744e-01 8.601473360775092631e-04 2.379097848053659536e+00 -3.279070602873062051e-03 -7.774990556645665612e-04 9.999943215794776519e-01 -2.742999622991437736e-01
9.997653437177298485e-01 -2.160167356303871813e-02 1.620246970477593569e-03 3.653899605462239464e+01 2.159781378863946319e-02 9.997639473845025826e-01 2.363038236853043286e-03 2.427811157986355273e+00 -1.670910087551938416e-03 -2.327489942725538986e-03 9.999958954165990566e-01 -2.781248001830844419e-01
9.998225891480836403e-01 -1.883011568104912825e-02 -4.658032423438978643e-04 3.723931009400435954e+01 1.883189146734043362e-02 9.998140175740560798e-01 4.158139750831754342e-03 2.448857054684421719e+00 3.874183586007435513e-04 -4.166174007821127345e-03 9.999912464122633349e-01 -2.786687291481355633e-01
9.998779582810443101e-01 -1.556536389346567170e-02 -1.337157654955199726e-03 3.797224523274157093e+01 1.557334755368776011e-02 9.998596077094461521e-01 6.183503625327232620e-03 2.474946479350980333e+00 1.240721444264406264e-03 -6.203573000810320981e-03 9.999799879459195795e-01 -2.919794179024426395e-01
9.999262086541516048e-01 -1.191255364095312845e-02 -2.380821766862746460e-03 3.870834320647254145e+01 1.192392403542920885e-02 9.999172899124187941e-01 4.820100600722893210e-03 2.494930845508901651e+00 2.323205141924992220e-03 -4.848133656902409334e-03 9.999855490545417336e-01 -2.964343054682682665e-01
9.999563365329507958e-01 -7.692817494306291443e-03 -5.305241427061814334e-03 3.940835340433736889e+01 7.713279508589307790e-03 9.999628510015250438e-01 3.847328439870863377e-03 2.516422517527788116e+00 5.275447547127549812e-03 -3.888081262159776355e-03 9.999785260080720217e-01 -2.917560177393625498e-01
9.999641623675979973e-01 -2.465949144783425098e-03 -8.098955197030990177e-03 4.012847107900944366e+01 2.511898439819700013e-03 9.999807806333508298e-01 5.668221073866143433e-03 2.539452923163866505e+00 8.084821995332041461e-03 -5.688361691166515799e-03 9.999511379035348480e-01 -2.955702329690138019e-01
9.999690983731724936e-01 2.775253148049045774e-03 -7.355288485760555668e-03 4.082972404814131551e+01 -2.712394021325567530e-03 9.999598347498518391e-01 8.542353640656872096e-03 2.556511105635258740e+00 7.378700252591594531e-03 -8.522139227518538487e-03 9.999364619442423496e-01 -2.957640341854566590e-01
9.999560177749140522e-01 7.221017084997473183e-03 -5.984933415990672037e-03 4.153826455999980993e+01 -7.163454328675493595e-03 9.999284113270706653e-01 9.584213217657965717e-03 2.556954521629953625e+00 6.053712729940817147e-03 -9.540918885449341247e-03 9.999361596767089022e-01 -2.951278956749348592e-01
9.999063208408535131e-01 1.266708005133191338e-02 -5.186002842382657872e-03 4.224372486872099586e+01 -1.261393873376497922e-02 9.998688772309418660e-01 1.015464891350328740e-02 2.581707148447982991e+00 5.313952590010137360e-03 -1.008828171240469702e-02 9.999349921269693464e-01 -2.921986063595980454e-01
9.998226814662082296e-01 1.841124467095802547e-02 -3.953693891450239459e-03 4.295142408195196282e+01 -1.836620565186365683e-02 9.997692556728463575e-01 1.114082139324642194e-02 2.595306611765065607e+00 4.157897987519988334e-03 -1.106623156403684256e-02 9.999301227602339637e-01 -2.882886713482439300e-01
9.997010814968487757e-01 2.436163715128971535e-02 -2.063562293686369616e-03 4.365243294432484333e+01 -2.433536005820372689e-02 9.996327452437245853e-01 1.192329179935219634e-02 2.587418626341554617e+00 2.353275349083909073e-03 -1.186951017539550866e-02 9.999267857314991792e-01 -3.025140244067093809e-01
9.995347939306629126e-01 3.042279960793361007e-02 2.156150737470879843e-03 4.435286135692953025e+01 -3.044528156062225113e-02 9.994725559959426464e-01 1.130020538006682763e-02 2.576201193367660291e+00 -1.811229604886290716e-03 -1.136059307222870955e-02 9.999338259966834563e-01 -3.030211167065336442e-01
9.993073004733914466e-01 3.668484434147069317e-02 6.256310112591201289e-03 4.505274568055097717e+01 -3.675001858041679337e-02 9.992678282456209926e-01 1.064159610298293611e-02 2.568238904452061266e+00 -5.861344122457395889e-03 -1.086414418728261742e-02 9.999238046052089102e-01 -3.158271598194427598e-01
9.990391212520974840e-01 4.288174479256303545e-02 9.054842427257570048e-03 4.574387023505257588e+01 -4.296084964649835719e-02 9.990386122890092535e-01 8.730209235846050214e-03 2.544565779358483493e+00 -8.671770608585819412e-03 -9.110824287416729311e-03 9.999208935087394723e-01 -3.180643727307805313e-01
9.987526269849588134e-01 4.904669615698161594e-02 9.360111469873033663e-03 4.643819587028130513e+01 -4.912436109883366181e-02 9.987585466329655937e-01 8.256068933682853342e-03 2.536784637142039056e+00 -8.943558423531505763e-03 -8.705580031856034393e-03 9.999221097860742091e-01 -3.248804399616185279e-01
9.984793635521614918e-01 5.446140700967348758e-02 8.539069445627999605e-03 4.712398611042060992e+01 -5.452986888884009398e-02 9.984800861353544388e-01 8.000686851828768889e-03 2.511057934561141902e+00 -8.090362132592027883e-03 -8.454155053096929287e-03 9.999315343076753404e-01 -3.289756805304686615e-01
9.981848433347962901e-01 5.984858266796592302e-02 6.720542338516625677e-03 4.780116907834104722e+01 -5.989680899942049358e-02 9.981784648523485126e-01 7.219735223389406494e-03 2.487742701610296869e+00 -6.276209714077891910e-03 -7.609169313700313818e-03 9.999513536837580929e-01 -3.389251788025833267e-01
9.978703618163706768e-01 6.503559438398261172e-02 5.011234537275591032e-03 4.849924460924972180e+01 -6.507518028515603403e-02 9.978467634760345151e-01 8.188866298660451779e-03 2.443693761248812990e+00 -4.467876376975426535e-03 -8.497533967274597047e-03 9.999539139366149243e-01 -3.446501815077354647e-01
9.975052431458556468e-01 7.040776959444566829e-02 5.102536355862342596e-03 4.918033602987816266e+01 -7.044834658107368419e-02 9.974811934689272741e-01 8.264329361620656109e-03 2.428165007260516095e+00 -4.507811056418561252e-03 -8.603177118941164256e-03 9.999528313790304601e-01 -3.479738035353586723e-01
9.971145691437158787e-01 7.554078731318114581e-02 7.491692295235796197e-03 4.987701763893725371e+01 -7.560574327680089080e-02 9.970989306841289146e-01 8.803068336046441372e-03 2.397127510954471852e+00 -6.804967663717457170e-03 -9.344082655422018824e-03 9.999331880352928525e-01 -3.594671212079411649e-01
9.967166798680179296e-01 8.053048368267311241e-02 8.408404766058769769e-03 5.057694446036799008e+01 -8.058520510757712085e-02 9.967272720368952621e-01 6.385130825496901016e-03 2.345534915615389071e+00 -7.866688670901376274e-03 -7.041759419612582394e-03 9.999442628635014652e-01 -3.670372780591020789e-01
9.963028298818408235e-01 8.552222550098038945e-02 8.162114603160099818e-03 5.125871826125796105e+01 -8.555058086676474438e-02 9.963287222524956910e-01 3.189879005288558719e-03 2.312562368519779810e+00 -7.859343661833807781e-03 -3.876359125351112097e-03 9.999616015413473891e-01 -3.733350364688292067e-01
9.959572631520536845e-01 8.965371270579258756e-02 5.598372329350165960e-03 5.195751497138874697e+01 -8.965607918371124030e-02 9.959727695315216955e-01 1.726763288262942895e-04 2.248227530775792626e+00 -5.560345319755837651e-03 -6.739063567290965069e-04 9.999843140820496856e-01 -3.816914916973132565e-01
