1.000000000000000000e+00 0.000000000000000000e+00 0.000000000000000000e+00 0.000000000000000000e+00 0.000000000000000000e+00 1.000000000000000000e+00 0.000000000000000000e+00 0.000000000000000000e+00 0.000000000000000000e+00 0.000000000000000000e+00 1.000000000000000000e+00 0.000000000000000000e+00
9.999999999024742348e-01 -1.082566160091140406e-05 8.823634205901201538e-06 -3.360287789428636172e-03 1.082605176476344639e-05 9.999999989637295972e-01 -4.421919647071237777e-05 -2.821175310378455561e-03 -8.823155494700276219e-06 4.421929199152053281e-05 9.999999989834030822e-01 -1.444422461334153064e-03
9.999999996070149111e-01 1.953340860875834090e-05 -2.011009798216931304e-05 1.696177460323638683e-03 -1.953391677971212374e-05 9.999999994899377853e-01 -2.526955567042174256e-05 -3.100197327604251301e-03 2.010960437135563822e-05 2.526994848947160011e-05 9.999999994785168100e-01 -1.605943072959383194e-03
9.999999998486315267e-01 -1.015344306498893256e-05 1.412955988482898094e-05 1.132380293167814349e-03 1.015366307346621632e-05 9.999999998272265378e-01 -1.557081015822921798e-05 -2.683066908330189286e-03 -1.412940178505334931e-05 1.557095362266273402e-05 9.999999997789527084e-01 -8.116337228286620237e-04
9.999999999857311916e-01 4.388028343483118016e-07 -5.324002208815755982e-06 -1.491842620458724497e-03 -4.388959824454696906e-07 9.999999998468506179e-01 -1.749589020520910914e-05 -2.830858413667596604e-03 5.323994530754176575e-06 1.749589254164264602e-05 9.999999998327744333e-01 -1.136470605900830912e-03
9.999999999971279641e-01 1.095445296763875820e-06 2.131660216418389761e-06 -1.410192681191660153e-03 -1.095404584566461787e-06 9.999999998170193694e-01 -1.909872868164301570e-05 -2.868640971961024244e-03 -2.131681137640845999e-06 1.909872634655779264e-05 9.999999998153472625e-01 -1.352747244566581894e-03
9.999999998699053982e-01 -8.300677890747291477e-06 -1.383068501516052794e-05 6.446996830312312805e-04 8.300218504397631947e-06 9.999999994139437964e-01 -3.321473696395466898e-05 -1.602730269946866203e-03 1.383096071188773172e-05 3.321462216192591865e-05 9.999999993527467490e-01 -1.003039035239023996e-03
9.999999999743826029e-01 -3.747741403137547220e-06 6.098293055248253101e-06 7.948512571724858453e-04 3.747868990516036716e-06 9.999999997741129132e-01 -2.092194125295725787e-05 -1.876819477003918843e-05 -6.098214643845260297e-06 2.092196410802473294e-05 9.999999997625416137e-01 -1.212199765044534409e-03
9.999999997788107109e-01 -1.125931404617027761e-05 1.776531696207099014e-05 -1.012660910005095663e-04 1.125952062698356493e-05 9.999999998690033420e-01 -1.162826411580165535e-05 -2.555449315605906428e-03 -1.776518603346630119e-05 1.162846414218238851e-05 9.999999997745885327e-01 -8.393931610169863295e-04
9.999999999969420017e-01 6.226250488371964534e-07 -2.393402284718668550e-06 -4.016958809561849359e-04 -6.226825657014424378e-07 9.999999997110496919e-01 -2.403149801303025316e-05 -3.250037092402260647e-03 2.393387321414470045e-06 2.403149950328663744e-05 9.999999997083793835e-01 -1.288319570229774650e-03
9.999999999349974411e-01 -1.115886974644236481e-05 -2.341967047523686783e-06 1.743633386649859774e-03 1.115882757708909620e-05 9.999999997756467973e-01 -1.800519573434819490e-05 -3.633964322851232671e-04 2.342167964632217386e-06 1.800516959957133679e-05 9.999999998351640773e-01 -7.284110994338591390e-04
9.999999998951066837e-01 -1.354353732213247053e-05 5.134129383828829436e-06 1.730218292094799683e-03 1.354358212332776604e-05 9.999999998702122639e-01 -8.726218040161049544e-06 3.885009202018747249e-05 -5.134011199302773582e-06 8.726287573748667348e-06 9.999999999487468871e-01 -8.389045509429884050e-04
9.999999996331456753e-01 -7.762948642675966899e-06 2.595082396716551448e-05 -1.464477485391672221e-03 7.763067430158878882e-06 9.999999999593914835e-01 -4.577309390552110224e-06 -2.999552645393511151e-03 -2.595078843269397003e-05 4.577510846869229833e-06 9.999999996528015078e-01 -1.109624201106852552e-03
9.999999954457143847e-01 -4.308801151054261210e-05 8.515864347100159375e-05 -6.149454432911354712e-03 4.308830748548412123e-05 9.999999990656653903e-01 -3.473739735715168255e-06 -6.358718554069271549e-03 -8.515849371489721232e-05 3.477409061709690039e-06 9.999999963679693238e-01 -7.927758584648410007e-04
9.999999856259087494e-01 6.785170538054917551e-05 1.553844536171797904e-04 -2.367962490249698321e-02 -6.778966940166624333e-05 9.999999180170325852e-01 -3.992123354019986269e-04 8.227724734312380495e-04 -1.554115281160672012e-04 3.992017962029431643e-04 9.999999082425872210e-01 -9.387067382057986617e-03
9.999979656178410448e-01 -1.792065164812923790e-06 -2.017116002522895309e-03 1.246018453647643187e-02 1.005836992154573884e-06 9.999999240355361696e-01 -3.897793095679871127e-04 -4.960149601713082640e-03 2.017116547803681978e-03 3.897764877180209613e-04 9.999978896553343155e-01 -2.643383091488055864e-03
9.999960699625835003e-01 -3.087622980928922037e-05 -2.803409717868724296e-03 -5.579342655901618764e-03 3.039333220427435181e-05 9.999999846951483917e-01 -1.722961065279958752e-04 -3.842206692926982206e-03 2.803414994817134652e-03 1.722102244349906451e-04 9.999960555962235098e-01 -7.878655212790281956e-04
9.999949067919871037e-01 8.692441670727317623e-05 -3.190428534044927565e-03 -3.729327789167017487e-03 -8.725669994944079406e-05 9.999999907839912661e-01 -1.040109888685443701e-04 -5.342309247620890753e-05 3.190419463547371388e-03 1.042888453842477278e-04 9.999949051607629480e-01 -6.629885376495908526e-04
9.999950017540428782e-01 -3.822373655578445944e-05 -3.161487921500399142e-03 1.314488338198535611e-02 3.831425689140698375e-05 9.999999988578397447e-01 2.857163381401590411e-05 7.891299211053415252e-03 3.161486825774869735e-03 -2.869262106634615052e-05 9.999950020764023506e-01 3.640898210689442289e-04
9.999956835064672811e-01 8.850397736365569513e-06 -2.938178024518238625e-03 1.575296447192150312e-02 -8.669485125170457653e-06 9.999999980660152499e-01 6.158579035888078713e-05 7.492098781914648467e-03 2.938178563894586898e-03 -6.156005203353633395e-05 9.999956816492192591e-01 -1.097672880704951082e-03
9.999961400987775750e-01 1.120963240841689441e-05 -2.778427953016208464e-03 1.734845659968267673e-02 -1.097300284943063692e-05 9.999999963118154644e-01 8.518193609924249691e-05 4.000781358988875214e-03 2.778428897627045063e-03 -8.515111960753783454e-05 9.999961365336106356e-01 -1.411602274552241050e-03
9.999957590546664221e-01 6.100666222895582719e-06 -2.912359089024333693e-03 1.739598533504042172e-02 -6.044453662156643649e-06 9.999999997952906394e-01 1.931018530632785179e-05 9.438031356199605773e-07 2.912359206233141456e-03 -1.929249979332641593e-05 9.999957588868331193e-01 -1.579609673167176129e-03
9.999954821729771792e-01 6.939009298323448624e-05 -3.005132051978585701e-03 1.698309371762454431e-02 -6.952616512419500933e-05 9.999999965626443776e-01 -4.517547646599768559e-05 -3.885003506068768209e-04 3.005128906918365633e-03 4.538420767827521630e-05 9.999954835600641800e-01 -2.955686964969577238e-03
9.999953799444764035e-01 1.501279687179381286e-05 -3.039714512620166151e-03 2.591020273842468274e-02 -1.544195289884866745e-05 9.999999899177589580e-01 -1.411595838873185352e-04 6.245724659756111746e-04 3.039712362772872042e-03 1.412058708505331388e-04 9.999953700941087709e-01 -5.378655620001187958e-03
9.999946816850319165e-01 1.293315196552718889e-06 -3.261380072774722368e-03 4.079591670416320148e-02 -1.609923721236382548e-06 9.999999952868816600e-01 -9.707545935559413184e-05 -3.588245459361073808e-03 3.261379931854285590e-03 9.708019365086873625e-05 9.999946769740207797e-01 -6.996323697997778972e-03
9.999871317451574093e-01 -2.745613375078916391e-05 -5.073025749374889502e-03 7.690409596711779427e-02 2.484037805618394954e-05 9.999998667271380315e-01 -5.156827142234121295e-04 -6.081612778475466510e-03 5.073039231931804165e-03 5.155500624093244891e-04 9.999869991560312865e-01 -6.382998778105806320e-03
9.999831494023438960e-01 -1.422332016301543775e-04 -5.803505930548769585e-03 1.070388993792231597e-01 1.385875631006010526e-04 9.999997928428495664e-01 -6.285759662951810557e-04 -1.205248713335400207e-02 5.803594132683171335e-03 6.277610806701220672e-04 9.999829619604369002e-01 -1.184192839563788860e-02
9.999796649984027397e-01 -2.295707137876481412e-04 -6.373137921739159030e-03 1.616582938769268174e-01 2.260086587005042790e-04 9.999998178662812265e-01 -5.596315668684598288e-04 -1.405182235018034159e-02 6.373265235994113494e-03 5.581798024062482270e-04 9.999795347533567691e-01 -1.292577131777162755e-02
9.999767518499043106e-01 -1.461089054340931328e-03 -6.660403778318392878e-03 2.887455900969079226e-01 1.458593876104009217e-03 9.999988642522822380e-01 -3.794707500994237335e-04 -6.600372021222379940e-03 6.660950654339414800e-03 3.697471039430332940e-04 9.999777472641376841e-01 -1.316555011610881509e-02
9.999765750031179845e-01 -1.616460901351503103e-03 -6.651052487238283753e-03 3.437185811729659424e-01 1.614187937165364843e-03 9.999986369588876878e-01 -3.470989343863790369e-04 -8.426066075070154371e-03 6.651604493436640703e-03 3.363547549005695440e-04 9.999778212656227350e-01 -1.408198970573598489e-02
9.999760327765396806e-01 -1.757116856246890421e-03 -6.696746437370269291e-03 4.263126114036299708e-01 1.755265978933060475e-03 9.999984196863568320e-01 -2.822518946650282240e-04 -1.245493086610094217e-02 6.697231803972333690e-03 2.704905586797394816e-04 9.999775367082109900e-01 -1.592580704982538356e-02
9.999753982624073334e-01 -1.320056952963611242e-03 -6.889145054420358141e-03 5.484339248562247748e-01 1.317816938669832266e-03 9.999990773342104511e-01 -3.296805178243628173e-04 -1.030158445649702326e-02 6.889573895101707562e-03 3.205937750651052342e-04 9.999762152127296133e-01 -1.746300628695265922e-02
9.999722270227159315e-01 -2.367014113526624917e-03 -7.066995642863527563e-03 7.060552287044790098e-01 2.363071092110556170e-03 9.999970476255130025e-01 -5.662466521813752695e-04 -3.775156464202594330e-03 7.068315092263343161e-03 5.495311127142449683e-04 9.999748681528514149e-01 -2.078452039202281082e-02
9.999713602778638188e-01 -2.591833400272955824e-03 -7.110627515481453970e-03 8.148520014044978721e-01 2.588743133616608783e-03 9.999965507336097126e-01 -4.437678122878404197e-04 -3.497696394755694937e-04 7.111753161270804174e-03 4.253475147445955995e-04 9.999746207011780408e-01 -2.125924412332989497e-02
9.999726603017535798e-01 -2.906213299039020915e-03 -6.799453896756783855e-03 9.333633510343338768e-01 2.905565649953148737e-03 9.999957733094051449e-01 -1.051264881581821537e-04 1.023456867829468896e-02 6.799730677566914391e-03 8.536735435086162567e-05 9.999768779202483637e-01 -2.356034844773714429e-02
9.999702861796816444e-01 -3.843245446347933348e-03 -6.682531119621191659e-03 1.091120304221438575e+00 3.842939236963312331e-03 9.999926141611064079e-01 -5.866223320029838160e-05 8.626083471980832557e-03 6.682707216883560994e-03 3.297992907942094498e-05 9.999776699189726337e-01 -2.742923710231893672e-02
9.999696798814784460e-01 -3.751469082158386762e-03 -6.823913646815337429e-03 1.240863379235480179e+00 3.750991571974550149e-03 9.999929615806533167e-01 -8.277306975737609262e-05 4.512784241458461451e-03 6.824176137861535062e-03 5.717411749100422198e-05 9.999767134044470485e-01 -2.626171845958843662e-02
9.999695266134956961e-01 -3.839396114075802752e-03 -6.797417293402824648e-03 1.410792294869047669e+00 3.837848397457610701e-03 9.999926064591702080e-01 -2.407211523426776452e-04 1.559854623228005763e-02 6.798291260277408710e-03 2.146263596876258630e-04 9.999768683181957662e-01 -2.890394024551914617e-02
9.999688988475774476e-01 -4.741150971358893025e-03 -6.302604622717018421e-03 1.597780780918820920e+00 4.741294584309258160e-03 9.999887599688912498e-01 7.844996185928220514e-06 2.827196560865373812e-02 6.302496586933705944e-03 -3.772725736223678694e-05 9.999801383594705273e-01 -3.341888129658135420e-02
9.999693071658628529e-01 -5.031541881304352898e-03 -6.005690012056525209e-03 1.788401003107345177e+00 5.038711901477270841e-03 9.999866101823261522e-01 1.179338134078048187e-03 3.019445029614576531e-02 5.999675707748425291e-03 -1.209562878588639522e-03 9.999812702491205352e-01 -3.807309301594600376e-02
9.999640388071150410e-01 -5.982136927699377264e-03 -6.011250314264872038e-03 1.991135033846249014e+00 5.997971594799546800e-03 9.999785807719469011e-01 2.619605709058759301e-03 3.103789280948554205e-02 5.995450717875333221e-03 -2.655566813546763640e-03 9.999785010366913918e-01 -3.765953563835808260e-02
9.999641605900402297e-01 -6.470694956103085517e-03 -5.459637555844850006e-03 2.200522399129213991e+00 6.494881987190522128e-03 9.999691213804168255e-01 4.424115013163844312e-03 4.059164562307661372e-02 5.430841871072802050e-03 -4.459416157110224904e-03 9.999753094772435569e-01 -4.395461094337468205e-02
9.999608551057102002e-01 -6.959691140909184115e-03 -5.463602793032985329e-03 2.411306116303212121e+00 6.987590007408471526e-03 9.999625609892787148e-01 5.103940208447603315e-03 4.790819907885674606e-02 5.427876393696976810e-03 -5.141917831528728007e-03 9.999720490288058761e-01 -4.721071623231418851e-02
9.999585222515912086e-01 -7.512517323642341899e-03 -5.149355287402985516e-03 2.647621835414105451e+00 7.541960511199024414e-03 9.999551850737675718e-01 5.722471121356782937e-03 6.036849406117712757e-02 5.106134355992399641e-03 -5.761070000375062040e-03 9.999703682931756488e-01 -4.987836300575098497e-02
9.999547424695155451e-01 -8.194572565710744536e-03 -4.833424582034948243e-03 2.893916116988335396e+00 8.224329060664800281e-03 9.999471505742351107e-01 6.168992621958080402e-03 6.555381954287348156e-02 4.782616880623340692e-03 -6.208465102838995817e-03 9.999692902968770891e-01 -5.067503115576700579e-02
9.999545047501575690e-01 -8.571969138596596469e-03 -4.184468300036501935e-03 3.147343705210551068e+00 8.599365077799603005e-03 9.999414178676609977e-01 6.573564715629733046e-03 7.200164383931878520e-02 4.127874771087835203e-03 -6.609249420229133809e-03 9.999696387750857118e-01 -5.416749877231610139e-02
9.999495252870496120e-01 -9.249926408006977491e-03 -3.922466016497073993e-03 3.404483961071862463e+00 9.271326184092640310e-03 9.999420423541399705e-01 5.473065267244565935e-03 7.537843719785365659e-02 3.871613228652560738e-03 -5.509155477731205244e-03 9.999773296514925525e-01 -7.342613666398480066e-02
9.999288987055208189e-01 -9.943525245579063962e-03 -6.582084719504015594e-03 3.673069065578861370e+00 9.978914301697642750e-03 9.999358129652984317e-01 5.365744942415091694e-03 7.749190260518504236e-02 6.528307814707473913e-03 -5.431045490346285941e-03 9.999639418208829955e-01 -8.000977407588971690e-02
9.998924634623451713e-01 -1.060042164913492166e-02 -1.013373435922171849e-02 3.950061566378890276e+00 1.064106680503539362e-02 9.999355195468484503e-01 3.965406136215919933e-03 8.415448894108877587e-02 1.009104595438416359e-02 -4.072813454470596353e-03 9.999407897381282773e-01 -8.626042039164917574e-02
9.998361562730144758e-01 -1.147909409519216536e-02 -1.399610688576664527e-02 4.236498708388046097e+00 1.149036854021197665e-02 9.999337204228756493e-01 7.253909818645644988e-04 9.197699281860946541e-02 1.398685239838424327e-02 -8.860925573482313685e-04 9.999017865770445379e-01 -8.931692480292369174e-02
9.997846584287499727e-01 -1.166242124499926314e-02 -1.716463519017717362e-02 4.531857338467045970e+00 1.161610951673644476e-02 9.999286235310940185e-01 -2.795325188038904306e-03 9.045991323507601711e-02 1.719601029898690583e-02 2.595336956136831338e-03 9.998487692925771553e-01 -8.498901097824355932e-02
9.997534120029387683e-01 -1.208991110460914259e-02 -1.862657343594674095e-02 4.844387512970914855e+00 1.199398004059548661e-02 9.999142696319545109e-01 -5.253363606382873210e-03 9.364940713731519095e-02 1.868848927195200862e-02 5.028661439957910623e-03 9.998127089274543300e-01 -8.531200851209048974e-02
9.997299695476107306e-01 -1.257662823086606527e-02 -1.954012309776500048e-02 5.148224111360429234e+00 1.241979441972243872e-02 9.998898444015715814e-01 -8.126977862209460585e-03 9.648321363483831903e-02 1.964018062302528775e-02 7.882099018890458691e-03 9.997760428316690984e-01 -8.191602026772273892e-02
9.997201185657998979e-01 -1.262145291679631076e-02 -2.000958422986384710e-02 5.479798771538557212e+00 1.240302031255472587e-02 9.998625381359729225e-01 -1.100317769630646848e-02 1.085112405591508733e-01 2.014570976434627847e-02 1.075191883150329077e-02 9.997392393116975029e-01 -8.641720379707040767e-02
9.997002979102581621e-01 -1.335548520475719411e-02 -2.051695330907349346e-02 5.813236569973984302e+00 1.311482198921551726e-02 9.998441314145573022e-01 -1.182008122055934300e-02 1.189614221221244744e-01 2.067161828044382366e-02 1.154746252710707639e-02 9.997196308499961548e-01 -8.904601334969568238e-02
9.997025375551321646e-01 -1.367321508892823008e-02 -2.019602918797285332e-02 6.153113854679980399e+00 1.348213218831730530e-02 9.998633385599419166e-01 -9.567461284146134767e-03 1.275911578157342963e-01 2.032408712553369565e-02 9.292329788530008863e-03 9.997502608599884155e-01 -7.548840627896147293e-02
9.997943674216236420e-01 -1.425547297786919701e-02 -1.442235633218870265e-02 6.502236323679502661e+00 1.418005468801257149e-02 9.998853154446839531e-01 -5.318083031492518153e-03 1.508580472342528622e-01 1.449651409961564240e-02 5.112479658846293129e-03 9.998818498356181195e-01 -6.235087118176852600e-02
9.998694364596795170e-01 -1.569601668066172503e-02 -3.839934135269482390e-03 6.860564193001056132e+00 1.568768307121650926e-02 9.998745405660616203e-01 -2.190828077311556162e-03 1.619509972406785181e-01 3.873839653352454619e-03 2.130302365313095463e-03 9.999902275413357078e-01 -6.267238768091538959e-02
9.998079127688355161e-01 -1.747277876601458987e-02 8.879164770320557495e-03 7.228692979008102704e+00 1.747623730164006225e-02 9.998472302029527414e-01 -3.120661152978311276e-04 1.691563096851758929e-01 -8.872355639927676993e-03 4.671805619482877984e-04 9.999605307449495051e-01 -7.094053017822816998e-02
9.996300571592550144e-01 -1.888540000344527889e-02 1.957269757837415067e-02 7.607099541269487730e+00 1.894789917137885624e-02 9.998159335869127862e-01 -3.012650447911186403e-03 1.818080354055203740e-01 -1.951219979335709967e-02 3.382397439673238883e-03 9.998038974952959679e-01 -1.122211573534565299e-01
9.995420861627756226e-01 -2.041601034072652518e-02 2.233393183328460582e-02 7.980481851411746597e+00 2.058009075034979499e-02 9.997627001646762768e-01 -7.141654160126979269e-03 1.896822118328954088e-01 -2.218282790975539473e-02 7.598018241807508698e-03 9.997250583359023057e-01 -1.371053440847226079e-01
9.995791202311514745e-01 -2.154438788698383178e-02 1.942734537944914436e-02 8.357766009353158054e+00 2.173974734156684102e-02 9.997146322207471902e-01 -9.901389259142863442e-03 1.957267472654214135e-01 -1.920848207022244486e-02 1.031956754478677643e-02 9.997622421067153820e-01 -1.326429267913663002e-01
9.995773266122159884e-01 -2.271863398576236259e-02 1.813923351733279926e-02 8.733773795082846902e+00 2.287867685750528957e-02 9.997006991221387695e-01 -8.664774662783333511e-03 2.104893129639500704e-01 -1.793695258468445269e-02 9.076113955208115966e-03 9.997979245264749792e-01 -1.319026141737029423e-01
9.995489624264722872e-01 -2.425963675013272439e-02 1.770146143442025491e-02 9.134675272691563208e+00 2.436485531060203838e-02 9.996865805830942309e-01 -5.752775658241917472e-03 2.307204933536238511e-01 -1.755635320492514653e-02 6.181474486903825588e-03 9.998267669128045876e-01 -1.503854302809490007e-01
9.995621541692680800e-01 -2.565151512488157703e-02 1.474787185631951103e-02 9.542245316007354816e+00 2.568786506061242897e-02 9.996674109139721542e-01 -2.280601934431759990e-03 2.573519030688767861e-01 -1.468446598008305015e-02 2.658444724559549336e-03 9.998886433651130723e-01 -1.863244411371816067e-01
9.996115860244038087e-01 -2.688239206775469570e-02 7.349427358058489498e-03 9.946241492725995670e+00 2.687821556440226495e-02 9.996384933256585725e-01 6.664755665081102025e-04 2.888268647359909513e-01 -7.364686948498413988e-03 -4.686772052788736780e-04 9.999727704931908878e-01 -2.101360534502235422e-01
9.996089014808998696e-01 -2.794228868438467309e-02 1.128088306398793237e-03 1.036559016429794688e+01 2.793940570263761872e-02 9.996065042326732764e-01 2.495256443309745199e-03 3.035235334077806546e-01 -1.197367584305586517e-03 -2.462762435349114681e-03 9.999962505489983222e-01 -2.236334907925725812e-01
9.995728794851893584e-01 -2.920938955280355867e-02 -9.328234772290309746e-04 1.079472265273728482e+01 2.921145152788016605e-02 9.995706561380744981e-01 2.279141797607588636e-03 3.183648704401692009e-01 8.658506345824257093e-04 -2.305417457178812746e-03 9.999969676719158151e-01 -2.281064075013306269e-01
9.995534134428419870e-01 -2.987079795899823947e-02 -8.420831644022468967e-04 1.125199286001927845e+01 2.987250284267969902e-02 9.995515312003703245e-01 2.090466194220447476e-03 3.493195776025369015e-01 7.792616230486440953e-04 -2.114687751842294228e-03 9.999974604202928052e-01 -2.314117934964203260e-01
9.995223380061623031e-01 -3.090451009440248545e-02 -8.415770923616900832e-05 1.170850836152798458e+01 3.090458956041198038e-02 9.995133907231762427e-01 4.229433669147527643e-03 3.635007351696691869e-01 -4.659181820763703453e-05 -4.230014288890607439e-03 9.999910523641289961e-01 -2.400893273077887025e-01
9.994798917921773329e-01 -3.224619839786128234e-02 3.585972439101173053e-04 1.219291421007431175e+01 3.224357117523023869e-02 9.994631254425513367e-01 5.814894536864766324e-03 3.926697770098290241e-01 -5.459129650718717690e-04 -5.800307706731262260e-03 9.999830290607645278e-01 -2.599218613173842618e-01
9.994493466442482266e-01 -3.316944411097638712e-02 -8.896458587900719309e-04 1.267622117535411874e+01 3.317384856114936886e-02 9.994344422917607051e-01 5.503756226351951344e-03 4.187027350715596952e-01 7.065861781666107379e-04 -5.530238541509226169e-03 9.999844584780539503e-01 -2.746503567289611536e-01
9.994189213164824670e-01 -3.394121518529005788e-02 -3.132670800530469764e-03 1.317275603702825038e+01 3.395255927588468337e-02 9.994168097438791420e-01 3.641993957222451096e-03 4.428585139369950463e-01 3.007230156838352694e-03 -3.746239863215252916e-03 9.999884610602619572e-01 -2.835181790816241887e-01
9.993825517439148820e-01 -3.487523998614911608e-02 -4.270000670935656349e-03 1.369235323797351889e+01 3.488950293533828878e-02 9.993856859163381401e-01 3.312607802833914331e-03 4.611824177327417673e-01 4.151849557282431998e-03 -3.459540639865466699e-03 9.999853967552799761e-01 -2.928576342171643754e-01
9.993394985359962401e-01 -3.602037180593229554e-02 -4.806191921460318227e-03 1.421216324834792388e+01 3.603754505336661390e-02 9.993441820750461613e-01 3.535689364676882721e-03 4.964680485021193412e-01 4.675683089141514405e-03 -3.706557394580003734e-03 9.999821995515373318e-01 -3.021824450585792188e-01
9.992979532907549922e-01 -3.704998231169419343e-02 -5.558719241986607995e-03 1.473768527068912704e+01 3.707896458527897010e-02 9.992987852301210561e-01 5.204634750691513809e-03 5.235515395828918006e-01 5.361989760500566332e-03 -5.407092407905099082e-03 9.999710057884181325e-01 -3.091373228030397935e-01
9.992520240526334696e-01 -3.844469207348649720e-02 -4.171100345222512537e-03 1.529537396837628904e+01 3.847135492496008002e-02 9.992384823544493422e-01 6.512313890972541881e-03 5.576575909834273759e-01 3.917560076483934256e-03 -6.667910718629072898e-03 9.999700953977050943e-01 -3.100345151580530256e-01
9.992110259150528417e-01 -3.969134327099638204e-02 -1.386708019605235355e-03 1.586680642769124638e+01 3.969744054971445502e-02 9.992007504717869137e-01 4.687586843953271513e-03 5.784262003468326752e-01 1.199543075338841032e-03 -4.738937218580543780e-03 9.999880517138436398e-01 -3.239045102710343405e-01
9.991675425869988025e-01 -4.078565518670437123e-02 8.672782997544342459e-04 1.643329253610816565e+01 4.078344566693069967e-02 9.991650575174131355e-01 2.428661309661669498e-03 6.199096966274378895e-01 -9.656087149988941453e-04 -2.391268955134629153e-03 9.999966747107681408e-01 -3.434489436365479875e-01
9.991256162610782088e-01 -4.176914245353388622e-02 1.828023418093555454e-03 1.700555288241871210e+01 4.176692646032445499e-02 9.991266190438308215e-01 1.234087558350551589e-03 6.458773464069503811e-01 -1.877973636277639096e-03 -1.156657572585859540e-03 9.999975676761825305e-01 -3.546345176138817057e-01
9.990976783642135928e-01 -4.244340430362136818e-02 1.544836029428777726e-03 1.758773972317924006e+01 4.244105078250516583e-02 9.990978078124437278e-01 1.525658168150177425e-03 6.815787051772560501e-01 -1.608196416891891989e-03 -1.458717069400610692e-03 9.999976429216201890e-01 -3.637364062747177607e-01
9.990275605321407015e-01 -4.406972105499598613e-02 1.339023276456675860e-03 1.817612397443031824e+01 4.406437126468687460e-02 9.990214977217928283e-01 3.791869559176634045e-03 7.150431145716947823e-01 -1.504819672879935269e-03 -3.729178976774472163e-03 9.999919143382667297e-01 -3.769353213533191971e-01
9.989574106013249244e-01 -4.561773683973988774e-02 1.764621862102883510e-03 1.875455355940669833e+01 4.560781563565022984e-02 9.989453392898778317e-01 5.304362730379273520e-03 7.549177685286557749e-01 -2.004733807893666758e-03 -5.218351909476426874e-03 9.999843748007807287e-01 -3.858571645323414789e-01
9.988806238805008064e-01 -4.723201817527745983e-02 2.575984315103702592e-03 1.934335160124867414e+01 4.722274715305013748e-02 9.988780812523567754e-01 3.548372152010135540e-03 7.902944827885654000e-01 -2.740691047983343821e-03 -3.422755132977714325e-03 9.999903866337311875e-01 -4.156138134062825062e-01
9.988133948995541189e-01 -4.866322084339484710e-02 1.921745658053340862e-03 1.994555373867770953e+01 4.866178189265049636e-02 9.988150024439330643e-01 7.885911222633012075e-04 8.249914448026000047e-01 -1.957843778083005054e-03 -6.941398079501174840e-04 9.999978425065064735e-01 -4.237649594320972435e-01
9.987749449821644587e-01 -4.946369823986498937e-02 1.397079922563202554e-03 2.054841286335275186e+01 4.946521943824454259e-02 9.987752670468619254e-01 -1.076104732845384023e-03 8.652453568960578600e-01 -1.342140752963917041e-03 1.143893310285049600e-03 9.999984450819380255e-01 -4.411673256255274622e-01
9.987452333958152240e-01 -5.007947512771432352e-02 7.028564024354940214e-05 2.114014274470363119e+01 5.007952012007398090e-02 9.987435797775949808e-01 -1.817558136023030230e-03 9.026487959100090164e-01 2.082502552233741190e-05 1.818797395907513189e-03 9.999983457698072842e-01 -4.487365733869526085e-01
9.987153079738192440e-01 -5.065092177708822863e-02 -1.489208477872042613e-03 2.175601018560746525e+01 5.064826139222128321e-02 9.987149794525311819e-01 -1.772973512365200567e-03 9.391643622552154902e-01 1.577097557066171147e-03 1.695269967176460347e-03 9.999973194079241345e-01 -4.572858295135736051e-01
9.986636376958026862e-01 -5.162415307989626917e-02 -2.426017924506381103e-03 2.237385717223900983e+01 5.162187454029768668e-02 9.986662088411946137e-01 -9.926669638899005259e-04 9.854401223323331349e-01 2.474027714548778824e-03 8.661048082473542719e-04 9.999965645187631758e-01 -4.714889313012046723e-01
9.986373591055242027e-01 -5.205831165787831033e-02 -3.654748428488643636e-03 2.298715155835748902e+01 5.205609178325140002e-02 9.986439171875217680e-01 -6.999804395644724977e-04 1.034260710242494996e+00 3.686232086838104206e-03 5.087746979540901712e-04 9.999930763966862202e-01 -4.861808754468139870e-01
9.986003715101888778e-01 -5.270965601902170145e-02 -4.357772604118681503e-03 2.361230018603482605e+01 5.271159614873951321e-02 9.986097224392005423e-01 3.314835666171988366e-04 1.062788470737537905e+00 4.334241705879758252e-03 -5.607247623898019718e-04 9.999904499226859311e-01 -4.990484316199065296e-01
9.985957166189857181e-01 -5.277043161539969607e-02 -4.677210422751367988e-03 2.425300504409199576e+01 5.277244429391463043e-02 9.986065162727203459e-01 3.078650787388254040e-04 1.108652592259354641e+00 4.654446633053845039e-03 -5.542605754107213451e-04 9.999890144005355586e-01 -5.047686456472104677e-01
9.986152172314646247e-01 -5.246980650167867855e-02 -3.816715791244363037e-03 2.488566084708332937e+01 5.246859081687435533e-02 9.986224873479960795e-01 -4.180198473951146870e-04 1.149007916185367462e+00 3.833391637459503381e-03 2.171832815984328017e-04 9.999926289428218151e-01 -5.106258747910374929e-01
9.986368660068241088e-01 -5.217043085056672497e-02 -1.629722962555131202e-03 2.554512185364274046e+01 5.217111176267662936e-02 9.986380886679289137e-01 3.780993414214916777e-04 1.188606228961017752e+00 1.607777818838016393e-03 -4.626084001780668854e-04 9.999986005209974271e-01 -5.183150205930214804e-01
9.986668730101397884e-01 -5.160537621020916399e-02 1.167004006930572133e-03 2.620443419591896017e+01 5.160403720075605605e-02 9.986669621538996067e-01 1.149802976476307047e-03 1.239718882079763329e+00 -1.224784361591460796e-03 -1.088048024908268036e-03 9.999986580264811353e-01 -5.365924188611503887e-01
9.986777922321637968e-01 -5.130563694518720103e-02 3.224735638722163976e-03 2.687963012278896713e+01 5.130152017908324452e-02 9.986823020695575481e-01 1.346684953547661739e-03 1.278507826556946947e+00 -3.289578940551058511e-03 -1.179470515799138815e-03 9.999938937412049533e-01 -5.585250917359322331e-01
9.986943476330406577e-01 -5.098484510430580097e-02 3.185212003199652982e-03 2.755902103295985839e+01 5.098239333613695246e-02 9.986991936259204117e-01 8.462982073355088900e-04 1.324264977911323582e+00 -3.224217042136148445e-03 -6.828035048718384022e-04 9.999945690871721027e-01 -5.791457317531526483e-01
9.987477745017081521e-01 -4.999578066525910830e-02 1.817922868692725420e-03 2.824679008470648967e+01 4.999594922693970794e-02 9.987494194327171115e-01 -4.736779261241047447e-05 1.360988881331401723e+00 -1.813281219910271771e-03 1.381972568963574905e-04 9.999983464550007417e-01 -5.981551780654555950e-01
9.987871889192004859e-01 -4.923097967653992241e-02 -6.796256097965907173e-04 2.894429768517127854e+01 4.923164926545401526e-02 9.987868800971295702e-01 1.006407693404185160e-03 1.416266773224300834e+00 6.292547057425513027e-04 -1.038646200655148587e-03 9.999992626260206796e-01 -6.186729212965138558e-01
9.988231310125484930e-01 -4.837897178640331725e-02 -3.439192227803440811e-03 2.965247878160576533e+01 4.838428003798934257e-02 9.988277023178699920e-01 1.477338014754793873e-03 1.455702014788928800e+00 3.363688376591584400e-03 -1.642002221315763720e-03 9.999929946900679711e-01 -6.329477156266370974e-01
9.988764654298996071e-01 -4.705852718573283466e-02 -5.594803783896009491e-03 3.036432185930808458e+01 4.707237822723590870e-02 9.988886689847082945e-01 2.370270446579434732e-03 1.493056038561509924e+00 5.477044668678597225e-03 -2.630968085614938771e-03 9.999815398239257913e-01 -6.486368813815498457e-01
9.989628040319518121e-01 -4.494767614398063882e-02 -7.281659829743310740e-03 3.109176970705279786e+01 4.495916716175220318e-02 9.989878132487022278e-01 1.422064941409491821e-03 1.531268742719987141e+00 7.210370915694004797e-03 -1.747967342886405043e-03 9.999724772019609187e-01 -6.530872748949003714e-01
9.990800468186586958e-01 -4.236180101281802196e-02 -6.673669438715778245e-03 3.181859161084809884e+01 4.237827594003507753e-02 9.990988810683334442e-01 2.346822608194395164e-03 1.572756646459752883e+00 6.568240036500153957e-03 -2.627482246276418958e-03 9.999749769668581090e-01 -6.500097320294920822e-01
9.992199764814901908e-01 -3.941565615635175129e-02 -2.417571114673197023e-03 3.255896818938921200e+01 3.942652559694403286e-02 9.992117619120276517e-01 4.626438804842161745e-03 1.618554559986312036e+00 2.233311371880168563e-03 -4.718146503202532913e-03 9.999863756141332827e-01 -6.632891224182977385e-01
9.993187350174806971e-01 -3.687045822696262409e-02 1.623315494913085731e-03 3.331166319096101347e+01 3.686012623737554283e-02 9.993024755900258294e-01 5.991107861709189970e-03 1.656714166454924975e+00 -1.843078084878670446e-03 -5.927190715650927123e-03 9.999807355511372009e-01 -6.806145510495897888e-01
9.994076862887896207e-01 -3.426710422228152614e-02 3.168935958269281528e-03 3.405092813968229137e+01 3.425864894088093832e-02 9.994093933173840982e-01 2.685055255229625622e-03 1.688719131187848665e+00 -3.259073431789084440e-03 -2.574901395676113935e-03 9.999913741243815490e-01 -7.005790967716729600e-01
9.995105474638557030e-01 -3.118225187026956932e-02 2.516481035609156782e-03 3.477218285295919031e+01 3.118236977638344856e-02 9.995137116403276512e-01 -7.622651015888322161e-06 1.718425316757693055e+00 -2.515019608750306956e-03 8.608876227763755671e-05 9.999968336275333325e-01 -7.124057404982495623e-01
9.996197397828967546e-01 -2.753351304846369044e-02 1.510462043138675967e-03 3.551035176500977286e+01 2.753314611773910806e-02 9.996208564234119187e-01 2.631884948198497283e-04 1.746997556781347161e+00 -1.517135865013667650e-03 -2.215006425666345754e-04 9.999988246174255080e-01 -7.308240574719677696e-01
9.997045304519577291e-01 -2.430607732014455555e-02 -2.576803018384720085e-04 3.623889511988719647e+01 2.430656452174271773e-02 9.997023561053431928e-01 2.095260980394624255e-03 1.772645222066832282e+00 2.066760294745028466e-04 -2.100905217462335165e-03 9.999977717386604459e-01 -7.505514289932442296e-01
9.997763136582021870e-01 -2.100298208556752519e-02 -2.489456070999672421e-03 3.696772913616575096e+01 2.101057910135136972e-02 9.997745526465772192e-01 3.065851621040522473e-03 1.793715266736957359e+00 2.424502803043281432e-03 -3.117470745605995137e-03 9.999922015507463069e-01 -7.556275988741150140e-01
9.998320178667751135e-01 -1.794411333773108380e-02 -3.734279713049831490e-03 3.769363461678864979e+01 1.796660737991465084e-02 9.998201016675553054e-01 6.079911244032541046e-03 1.820770358838368574e+00 3.624509305910306785e-03 -6.145982265023096705e-03 9.999745445931558230e-01 -7.690681183648389041e-01
9.998839071876065576e-01 -1.463870995458290553e-02 -4.228512517591946109e-03 3.841227378286736638e+01 1.466464905551605191e-02 9.998734322947557818e-01 6.169883239005329555e-03 1.834941456571150598e+00 4.137658193276556005e-03 -6.231176612005316813e-03 9.999720257200725992e-01 -7.898898936184356456e-01
9.999219155275617110e-01 -1.055499861531176108e-02 -6.689906720011886722e-03 3.912163616122717258e+01 1.058492274543591273e-02 9.999340606319587765e-01 4.453515303138639095e-03 1.858566357079680431e+00 6.642458743932616420e-03 -4.523979698551196943e-03 9.999677051532825933e-01 -8.019059265047422391e-01
9.999309288783122529e-01 -5.971267418093067700e-03 -1.012331161118904498e-02 3.983746810762321644e+01 6.015776015340605978e-03 9.999723480425931621e-01 4.371909092843477909e-03 1.865882768309845119e+00 1.009692584348659446e-02 -4.432506695364928084e-03 9.999392006381720988e-01 -7.951974209475303201e-01
9.999435610318132550e-01 -7.066090824639971891e-04 -1.060072896648447949e-02 4.054760745158139201e+01 7.871710585950282731e-04 9.999708293808780013e-01 7.597417261373401627e-03 1.882932324528078016e+00 1.059505133261722659e-02 -7.605333058024713218e-03 9.999149482812704770e-01 -7.991410667227207831e-01
9.999453639907113223e-01 4.366277168036169186e-03 -9.497613235738954635e-03 4.127274768518873316e+01 -4.272728105243602838e-03 9.999423803142599709e-01 9.847834583828329186e-03 1.893153285864699775e+00 9.540064361546998079e-03 -9.806715818441457538e-03 9.999064033682522057e-01 -8.086534608264857038e-01
9.999201536025239534e-01 9.228289459104357592e-03 -8.632791736383814071e-03 4.197399858458863520e+01 -9.141109430962681900e-03 9.999073698775093888e-01 1.008423437910510936e-02 1.889686423255687142e+00 8.725052313651669375e-03 -1.000451589536164101e-02 9.999118876800212607e-01 -8.168967631844225030e-01
9.998662822565376196e-01 1.428511668146905007e-02 -7.959462788819983772e-03 4.268625697332716840e+01 -1.419797622965162341e-02 9.998398013488463132e-01 1.089904168639298926e-02 1.886169882525746022e+00 8.113881775823625700e-03 -1.078457602765631879e-02 9.999089247738673913e-01 -8.184737368053250917e-01
9.997720754978585145e-01 2.028960095245607373e-02 -6.642977336578238801e-03 4.338775249581448890e+01 -2.020631518629930137e-02 9.997192642651908656e-01 1.237325679266763900e-02 1.884828610805090010e+00 6.892160858259827397e-03 -1.223620653043495932e-02 9.999013818214516069e-01 -8.173922808904789949e-01
9.996475113182623495e-01 2.637038388934265926e-02 -3.075055891082189088e-03 4.409237858598380910e+01 -2.633022840039124512e-02 9.995758963441637723e-01 1.243971543664667417e-02 1.870869772623382277e+00 3.401791820175434876e-03 -1.235436365379505644e-02 9.999178953849771068e-01 -8.281299773839042588e-01
9.994601860138606630e-01 3.283411711885314554e-02 1.121305562503062750e-03 4.479137441538494357e+01 -3.284484548888093325e-02 9.993944405689961785e-01 1.148774497430669027e-02 1.855844475974038232e+00 -7.434365814267496165e-04 -1.151837283684659270e-02 9.999333849758397230e-01 -8.365715368231598781e-01
9.992165616473741574e-01 3.932836159676950799e-02 4.420735652919417606e-03 4.549171789300874735e+01 -3.937273019079984976e-02 9.991700255702757882e-01 1.044261074716460076e-02 1.835087346360722238e+00 -4.006375783888123203e-03 -1.060848603751097553e-02 9.999357024214458045e-01 -8.605587700550333397e-01
9.989670615743446724e-01 4.512288061346322876e-02 5.360553578002005305e-03 4.617701918457594701e+01 -4.517135256579692115e-02 9.989360161577789388e-01 9.294327851009715619e-03 1.806052403418290098e+00 -4.935463189606153871e-03 -9.526870838251540879e-03 9.999424383108935777e-01 -8.750204974844311145e-01
9.986931974888537678e-01 5.089714742057131064e-02 4.623599673187113630e-03 4.687575824332925833e+01 -5.093781265275414832e-02 9.986599096377941631e-01 9.150088763812021242e-03 1.771896498548153787e+00 -4.151690215103324456e-03 -9.373647458772400853e-03 9.999474477199671307e-01 -8.917147391225139774e-01
9.984054765866873238e-01 5.637739398445364147e-02 2.844955049099915246e-03 4.757487881352935233e+01 -5.640097587955099356e-02 9.983673494994406150e-01 9.031355008861170069e-03 1.739218217233972519e+00 -2.331145972266898247e-03 -9.177412542948293339e-03 9.999551694238459909e-01 -9.124024597441162676e-01
9.981084649833880107e-01 6.147399467289520886e-02 6.634059555199098811e-04 4.826001501158690843e+01 -6.147749044862099027e-02 9.980668020336503909e-01 9.120134125212077045e-03 1.705013496529300010e+00 -1.014723838464575692e-04 -9.143667605452073313e-03 9.999581906490272454e-01 -9.237162050498659571e-01
9.977746715182315151e-01 6.667428401385139258e-02 -4.946998337287526228e-04 4.895268656437216492e+01 -6.666631657258867416e-02 9.977277409630592730e-01 9.744595804539320574e-03 1.669319801950377657e+00 1.143289695833028590e-03 -9.689931062228389694e-03 9.999523979293617471e-01 -9.307808625226016153e-01
9.974214491334142396e-01 7.175591902600240990e-02 1.241327246840555776e-03 4.964799658324192677e+01 -7.176480784963791548e-02 9.973706710102775430e-01 1.007754746023033568e-02 1.628428243340134696e+00 -5.149397095877215457e-04 -1.014064560284173161e-02 9.999484497432120644e-01 -9.397034026498032322e-01
9.970307211214201049e-01 7.694641826030693132e-02 2.998309025268624216e-03 5.033678801881722364e+01 -7.697020782070712608e-02 9.969941122303277448e-01 8.850270396871117926e-03 1.576085649422865886e+00 -2.308299837165414016e-03 -9.054771944697595845e-03 9.999563404753686324e-01 -9.622945172088928079e-01
9.966391329841711721e-01 8.186532637772837850e-02 2.916666183764881834e-03 5.103245470170487863e+01 -8.188355024305497831e-02 9.966187009284785958e-01 6.800673439071190998e-03 1.522831867190800326e+00 -2.350064712427868234e-03 -7.016644262024925027e-03 9.999726215747847258e-01 -9.755141264486371089e-01
9.962296149479592522e-01 8.675130885772767975e-02 8.744781940851840529e-04 5.172610142112333165e+01 -8.675338423691893175e-02 9.962261326586088206e-01 2.709784403507210088e-03 1.470152963899017395e+00 -6.361006856612598775e-04 -2.775431415676252178e-03 9.999959461699705621e-01 -9.939459579005830436e-01
