1.000000000000000000e+00 0.000000000000000000e+00 0.000000000000000000e+00 0.000000000000000000e+00 0.000000000000000000e+00 1.000000000000000000e+00 0.000000000000000000e+00 0.000000000000000000e+00 0.000000000000000000e+00 0.000000000000000000e+00 1.000000000000000000e+00 0.000000000000000000e+00
9.999999995969379718e-01 2.445824693239745102e-05 -1.441936943031325378e-05 -5.761853747959142479e-03 -2.445783138483993246e-05 9.999999992856635211e-01 2.881817725320424170e-05 2.467926568531931229e-03 1.442007426210837218e-05 -2.881782457508252931e-05 9.999999994807972081e-01 1.373867411082748541e-03
9.999999879963147320e-01 1.249787102051146972e-04 -9.158434537637270660e-05 2.796529006579758295e-03 -1.249760077099542612e-04 9.999999917549784456e-01 2.951339412703459089e-05 3.228408344901268455e-03 9.158803316718959410e-05 -2.950194792691122870e-05 9.999999953706336653e-01 -4.070154608979029837e-03
9.999999983636920220e-01 -1.068107059389328820e-05 -5.620080686382660407e-05 -8.519003696827252836e-03 1.068461820822136797e-05 9.999999979506009051e-01 6.312398224329402374e-05 -3.790949079645403175e-04 5.620013251693821584e-05 -6.312458262416808185e-05 9.999999964284160825e-01 -4.478580889622531258e-04
9.999999991031375268e-01 -1.867901454033292209e-05 -3.801077989812680938e-05 -2.061955182936631853e-03 1.868003502951383284e-05 9.999999994651425084e-01 2.684718442600043733e-05 -2.788004628528508062e-03 3.801027839884819497e-05 -2.684789444462220141e-05 9.999999989172047021e-01 -1.540552754133125458e-04
9.999999974505446865e-01 -4.460851669351766015e-05 -5.575832486498310354e-05 -4.608216335319913377e-03 4.461035594607104732e-05 9.999999984609416748e-01 3.298534310076108961e-05 1.980756780850688112e-04 5.575685335193943115e-05 -3.298783041538561961e-05 9.999999979014881912e-01 -2.112074663336339659e-03
9.999999782130877257e-01 2.087065989931382020e-04 -3.921682486178746259e-06 -7.558892039185522230e-03 -2.087066986864942572e-04 9.999999778972139541e-01 -2.543787753395310321e-05 2.967531414368397048e-03 3.916373346592921346e-06 2.543869546114528607e-05 9.999999996687674031e-01 6.284167529186767548e-05
9.999999851095120462e-01 1.400269071761876219e-04 -1.008634771815656233e-04 -9.605598944688216456e-04 -1.400240700337371778e-04 9.999999898008392618e-01 2.813505343571325252e-05 2.684905122634295965e-03 1.008674158173586492e-04 -2.812092970217586261e-05 9.999999945174888882e-01 -2.642870803503836671e-03
9.999999987149645886e-01 4.305767172884865607e-05 -2.676018925524586203e-05 -6.080853966497149453e-03 -4.305744068573720128e-05 9.999999990357523183e-01 8.634353117899664132e-06 -9.607455377611149802e-04 2.676056100458455147e-05 -8.633200881542616830e-06 9.999999996046701201e-01 -1.137654903532988974e-03
9.999999990225666435e-01 -4.035738057108277882e-05 -1.805958099565940376e-05 -1.948581450515893265e-03 4.035783444570358155e-05 9.999999988698036191e-01 2.513240952760817100e-05 -3.071521020560111139e-03 1.805856669703255740e-05 -2.513313834862290015e-05 9.999999995211067416e-01 -5.865629279843167761e-04
9.999999836720150359e-01 1.696079374858297474e-04 -6.236278657040463154e-05 -2.616784838012871373e-03 -1.696075225248868073e-04 9.999999855944714522e-01 6.659211732794103884e-06 4.035394762780651449e-03 6.236391512720301908e-05 -6.648634426334641025e-06 9.999999980332688887e-01 -1.333778459806792341e-03
9.999999919455994091e-01 1.242324229274059590e-04 -2.598280804931283843e-05 -2.733023761202324486e-03 -1.242324759341018341e-04 9.999999922810682840e-01 -2.038464019369357688e-06 3.446103247400429843e-03 2.598255460542914038e-05 2.041691911526438452e-06 9.999999996603691210e-01 -2.191903489778131500e-03
9.999999917116930703e-01 1.266228262039126664e-04 -2.330823285250948867e-05 2.199175306737957344e-03 -1.266234750991742459e-04 9.999999915957045182e-01 -2.784037499088604092e-05 8.765994439949233337e-04 2.330470742965628662e-05 2.784332612957867269e-05 9.999999993408199561e-01 -6.502883299335472309e-04
9.999999438408961883e-01 -1.180163188281722810e-04 3.136723656897275514e-04 -2.426955885570975316e-02 1.180887920186136962e-04 9.999999663380217951e-01 -2.310389414894509685e-04 1.788379113642992032e-03 -3.136450887655147239e-04 2.310759697052649716e-04 9.999999241153243457e-01 2.095754858118837292e-03
9.999993678003328279e-01 1.423752736434273126e-04 -1.115404956126727883e-03 -9.569431342089745884e-02 -1.434419857617245649e-04 9.999995324347428216e-01 -9.563235291307140961e-04 2.792906459834572017e-02 1.115268277777970969e-03 9.564829204451324746e-04 9.999989206579632528e-01 -9.608370063589947302e-03
9.999984394036056656e-01 8.487804752541289535e-05 -1.764648993479587397e-03 -1.241315476435873033e-01 -8.575820132003322284e-05 9.999998719718063978e-01 -4.987002121755663205e-04 4.040872409822544864e-02 1.764606438854454673e-03 4.988507670294554767e-04 9.999983186546006486e-01 1.887044175445159316e-03
9.999972817107685152e-01 -9.028883298134317661e-05 -2.329896778935436254e-03 -1.334730682919066658e-01 9.025811986700553794e-05 9.999999958384594434e-01 -1.328732094579107190e-05 3.509519879403559528e-02 2.329897968936178298e-03 1.307699272425872513e-05 9.999972856985396286e-01 -1.110393564159340221e-03
9.999963687244474153e-01 9.422692462641413225e-05 -2.693261815275006538e-03 -8.372270399186738932e-02 -9.403110876137626972e-05 9.999999929267979759e-01 7.283237385451879096e-05 3.231732707327617665e-02 2.693268658995622792e-03 -7.257885898542519739e-05 9.999963705115332280e-01 -9.744507672010575133e-03
9.999961995503762191e-01 4.843402392948681421e-04 -2.714092728101736001e-03 -3.726473838134412159e-02 -4.841068497292651848e-04 9.999998790663302550e-01 8.664804036368789779e-05 4.515530452665489358e-02 2.714134367009146589e-03 -8.533380018170106881e-05 9.999963130895935803e-01 -1.808694418843429311e-02
9.999967315961574288e-01 6.068910187960633662e-04 -2.483642545538861796e-03 -4.831875709401533409e-03 -6.063111794097269863e-04 9.999997887662924745e-01 2.342095730844471460e-04 4.659004036439651220e-02 2.483784160596259546e-03 -2.327029473519606816e-04 9.999968883279496401e-01 -1.797065905753959802e-02
9.999970771928624602e-01 1.462189108145182503e-04 -2.413343274859834197e-03 -1.679846000934470326e-02 -1.456238341964271026e-04 9.999999589536794353e-01 2.467515719492686227e-04 3.662130517804605689e-02 2.413379255547065064e-03 -2.463994104410956718e-04 9.999970574396204182e-01 -1.457226613043845036e-02
9.999968727376968847e-01 1.041346750770929706e-04 -2.498733838547820968e-03 -1.263473380161461365e-02 -1.038680982262948438e-04 9.999999889010611209e-01 1.068143047828311456e-04 4.444204956704182752e-02 2.498744933887448935e-03 -1.065544320146987102e-04 9.999968724550634125e-01 -1.162582271027616694e-02
9.999970413125907065e-01 -2.121806749732796049e-05 -2.432471142372093567e-03 -1.096026370192450423e-02 2.130396629828849520e-05 9.999999991504672225e-01 3.528748428456748821e-05 4.384544083045451707e-02 2.432470391573406457e-03 -3.533920116317068355e-05 9.999970409150894524e-01 -8.368840021243703631e-03
9.999972830573872207e-01 -2.328409372617774669e-04 -2.319410041733612274e-03 -9.588811577491865995e-03 2.329764514503775965e-04 9.999999711699182336e-01 5.815613252836647880e-05 5.661831618238459540e-02 2.319396433736425726e-03 -5.869634244247329188e-05 9.999973084738391638e-01 -7.923228652579796666e-04
9.999965341040958355e-01 -5.456287720906822288e-04 -2.575668658621923634e-03 -1.556059521856928939e-02 5.458612692119169975e-04 9.999998470068179879e-01 8.956458727998574875e-05 6.131503731724517042e-02 2.575619395546399366e-03 -9.097023462151425182e-05 9.999966789490581931e-01 3.830953858001552408e-03
9.999920158073531962e-01 4.161538689699830992e-04 -3.974309688943349940e-03 5.008987994491483769e-02 -4.188541028160522469e-04 9.999996820221290772e-01 -6.786139412954578145e-04 8.780461177919093863e-02 3.974026017383609603e-03 6.802731790300931697e-04 9.999918721397764720e-01 -7.370405033034920297e-03
9.999753511286396668e-01 5.391710148452029394e-04 -7.000459254259823808e-03 1.652808329489290629e-01 -5.475045091512295136e-04 9.999991437824968799e-01 -1.188559247796261648e-03 9.674710742351200210e-02 6.999812423648242576e-03 1.192362734160095110e-03 9.999747901308032594e-01 -3.985525682994973951e-02
9.999730847622007035e-01 1.377887676168564881e-04 -7.335582146228862566e-03 2.215832697643357607e-01 -1.444642125890213832e-04 9.999995759818389729e-01 -9.094867967498938572e-04 9.312921968585420596e-02 7.335453718743922477e-03 9.105220467951211441e-04 9.999726806609980923e-01 -3.594956113189545083e-02
9.999728479477797416e-01 -8.720472146740939658e-04 -7.317301474044777404e-03 2.926239263059139950e-01 8.661098494536429489e-04 9.999992931854844169e-01 -8.145442040107076865e-04 7.217115639523512260e-02 7.318006623074217384e-03 8.081845005858528117e-04 9.999728964411374044e-01 -3.084291471695775264e-02
9.999724661274870252e-01 -1.651012459051032309e-03 -7.234718016058627743e-03 3.723575692024644335e-01 1.646910411591730877e-03 9.999984797257124303e-01 -5.729156657694785141e-04 6.391784939935407639e-02 7.235652908205020273e-03 5.609849587569992963e-04 9.999736649646669973e-01 -3.103558785478706394e-02
9.999720583542155428e-01 -1.896057442533947241e-03 -7.231008021564997758e-03 4.648664891548860423e-01 1.892048935365452751e-03 9.999980526287276517e-01 -5.611502282610963911e-04 6.866117253037648527e-02 7.232057913174380799e-03 5.474531277713652567e-04 9.999736984708215148e-01 -3.007254276848949498e-02
9.999703917500559758e-01 -2.171779918529008913e-03 -7.382343477856306152e-03 5.870965891199333431e-01 2.166276376719635920e-03 9.999973698026937141e-01 -7.534151274286923902e-04 5.962542764898313974e-02 7.383960312680442478e-03 7.374006238443775582e-04 9.999724663061582142e-01 -3.331533251520700512e-02
9.999694834580488134e-01 -1.972890120524900971e-03 -7.559091031030640284e-03 7.396852546215697544e-01 1.966783184417971505e-03 9.999977335700973580e-01 -8.152414206978548855e-04 7.510708120276746169e-02 7.560682280625428270e-03 8.003494492195239963e-04 9.999710973444235762e-01 -3.831465916800950305e-02
9.999685409012188941e-01 -2.212953194183140196e-03 -7.617089079666062440e-03 8.805950784885309135e-01 2.209342094135430777e-03 9.999974430163645067e-01 -4.824606139367527123e-04 9.995589310453475984e-02 7.618137265650614873e-03 4.656166806221553379e-04 9.999708731686680618e-01 -4.874210491672435752e-02
9.999695119496641027e-01 -2.353276785532713161e-03 -7.445620156933713436e-03 1.012532488738225878e+00 2.349441520875573432e-03 9.999971028705645359e-01 -5.238081877454706017e-04 1.125036044776727556e-01 7.446831251656685184e-03 5.062991687097080813e-04 9.999721437947465263e-01 -6.064065542268546466e-02
9.999683035180915169e-01 -2.991434886924718844e-03 -7.378568727557455534e-03 1.150487377867223326e+00 2.986681771261894339e-03 9.999953252683271288e-01 -6.551133411670555717e-04 1.136282215488336050e-01 7.380493963632181117e-03 6.330551396622902940e-04 9.999725633986379369e-01 -6.301868547660029185e-02
9.999649372169993056e-01 -3.653459902360475364e-03 -7.535022716919039486e-03 1.327935167760765811e+00 3.648499341780647113e-03 9.999931184275158147e-01 -6.719748249759204635e-04 1.117460299369353177e-01 7.537425897192488213e-03 6.444597382454689922e-04 9.999713855318511646e-01 -7.433515202743240513e-02
9.999711934052242235e-01 -3.961947501242407341e-03 -6.474205104025004993e-03 1.499216762402796776e+00 3.963262429979734491e-03 9.999921281401519257e-01 1.902856826710252851e-04 1.139572840295410144e-01 6.473400238104818662e-03 -2.159391750412382929e-04 9.999790240098188621e-01 -6.846260970086569253e-02
9.999715436867704366e-01 -3.974111662608163439e-03 -6.412351611583871382e-03 1.669914821794539206e+00 3.977017737105098538e-03 9.999919946075240818e-01 4.405119571092574473e-04 1.506341196644785663e-01 6.410549634486261035e-03 -4.660014578588480704e-04 9.999793436346697817e-01 -8.158538012699895203e-02
9.999697407707057728e-01 -3.966962890034660648e-03 -6.691841928539287582e-03 1.866196192338258175e+00 3.975781448941863132e-03 9.999912450043972889e-01 1.305019703189659640e-03 2.065874775782910455e-01 6.686606376759312437e-03 -1.331585515297965252e-03 9.999767578174892924e-01 -8.587169121543883343e-02
9.999669703008186028e-01 -5.063786943415156568e-03 -6.357386978430541041e-03 2.074449126237969399e+00 5.085875784489975703e-03 9.999810699803463043e-01 3.463170291291403115e-03 1.966608494114803207e-01 6.339729876466228264e-03 -3.495388784304699625e-03 9.999737946978111136e-01 -9.737579805372752195e-02
9.999656920416208905e-01 -5.791167213138835416e-03 -5.922594197792161765e-03 2.269150349096332508e+00 5.816600617196960969e-03 9.999738977813238394e-01 4.286130339420010302e-03 2.145469792328544845e-01 5.897617907450392570e-03 -4.320432656105002711e-03 9.999732756252447397e-01 -9.875459515270050559e-02
9.999675718469956953e-01 -5.922228448653825764e-03 -5.457331273191218073e-03 2.506030683750557042e+00 5.951888646118872611e-03 9.999675184098205660e-01 5.434808814426311287e-03 2.311384097913678493e-01 5.424967831019538063e-03 -5.467114001657545110e-03 9.999703397543975303e-01 -9.746529886353517969e-02
9.999667298448630115e-01 -6.569547613307210807e-03 -4.835312557354636866e-03 2.726516798599886382e+00 6.599513463109796599e-03 9.999589549059880733e-01 6.207650551894199065e-03 2.275737182397202796e-01 4.794332635628701690e-03 -6.239354732717906221e-03 9.999690419343482128e-01 -1.028501344270456863e-01
9.999597157193645947e-01 -7.684512412569161240e-03 -4.638448817070132783e-03 2.976260535190264900e+00 7.715233978444012604e-03 9.999481775613463519e-01 6.642089761516470868e-03 2.221576600089442965e-01 4.587167220123090396e-03 -6.677608907629245007e-03 9.999671831796138610e-01 -1.097695053381538000e-01
9.999576304372218560e-01 -8.280232259457514718e-03 -4.021825966628657899e-03 3.241208984062945220e+00 8.305410586552970306e-03 9.999457605418301531e-01 6.284594609813710063e-03 2.232078307926828042e-01 3.969569921941582154e-03 -6.317731250248366341e-03 9.999721640058208960e-01 -1.233634458308647264e-01
9.999471115007616540e-01 -8.781737300640269153e-03 -5.353063727048257454e-03 3.497275825580155928e+00 8.807502707368760828e-03 9.999496504604258318e-01 4.808787802757013771e-03 2.731874786905752472e-01 5.310564691535954625e-03 -4.855680596455665479e-03 9.999741097991499128e-01 -1.310737121796380911e-01
9.999208719312657756e-01 -9.898843081781107112e-03 -7.762910656410114234e-03 3.748328460030141418e+00 9.937883523169047800e-03 9.999380835302313919e-01 5.006753136308651070e-03 2.479309277976723958e-01 7.712868940741604736e-03 -5.083503863506517659e-03 9.999573339103887681e-01 -1.256130345607727739e-01
9.998778833686789991e-01 -1.061729384973096602e-02 -1.146697089378264853e-02 4.035964083963745175e+00 1.063786557385529297e-02 9.999419119848086401e-01 1.734494796112063695e-03 2.748291078679804822e-01 1.144788915927202194e-02 -1.856267080357889817e-03 9.999327477917319129e-01 -1.193457176978873074e-01
9.998260766283064704e-01 -1.083719169120359212e-02 -1.517800284279900713e-02 4.325544371832385160e+00 1.080247723003479980e-02 9.999388493688506907e-01 -2.367278731702691496e-03 2.891346260533528278e-01 1.520272935174755632e-02 2.202906976497195305e-03 9.998820051491628114e-01 -1.280343962694415194e-01
9.997961968667350430e-01 -1.096205784322177440e-02 -1.695281742527175381e-02 4.638401411283807896e+00 1.088104692968786674e-02 9.999289721088108207e-01 -4.863492071634961493e-03 2.882330636577296601e-01 1.700492718380963372e-02 4.678036474717340958e-03 9.998444621170907709e-01 -1.231107519706628739e-01
9.997641837135295972e-01 -1.126467992627052522e-02 -1.856566588567417492e-02 4.952763361366709916e+00 1.111742019415616969e-02 9.999060685493188494e-01 -8.016049305701216862e-03 3.092562347602200723e-01 1.865422021544659720e-02 7.807756681886432633e-03 9.997955085935074093e-01 -1.367011561886486148e-01
9.997530193640968843e-01 -1.136707296421726049e-02 -1.909685640616742147e-02 5.262544548796545207e+00 1.116860279657710953e-02 9.998828397498085163e-01 -1.046752527730208590e-02 3.360981589141499026e-01 1.921360413727488808e-02 1.025165479738901486e-02 9.997628423731156344e-01 -1.441832501350122087e-01
9.997434509855843698e-01 -1.183029050265723206e-02 -1.931518672074131887e-02 5.565819107463163107e+00 1.160250675605091486e-02 9.998623188259053718e-01 -1.186276650108674703e-02 3.407914799900979008e-01 1.945286735702879410e-02 1.163561853561086330e-02 9.997430661589424838e-01 -1.562854472737749412e-01
9.997160253993908618e-01 -1.257328245347695723e-02 -2.024305135076032852e-02 5.913902022385837398e+00 1.235152897786148500e-02 9.998627413285088306e-01 -1.104256469070451913e-02 3.594849685337361267e-01 2.037911410129201323e-02 1.078939624744752052e-02 9.997341049684471681e-01 -1.706477670350051712e-01
9.997601576567454185e-01 -1.309889569653890570e-02 -1.755124194154924350e-02 6.248231906387372803e+00 1.296801551682406212e-02 9.998874060950504461e-01 -7.550212319337693163e-03 3.729330937087595998e-01 1.764816522234005647e-02 7.320796680885408893e-03 9.998174574392277858e-01 -1.865610948457117058e-01
9.998659544629392437e-01 -1.391040954684253164e-02 -8.635601435600135517e-03 6.606217946998717672e+00 1.388233489791557487e-02 9.998981819106574909e-01 -3.302512610691355193e-03 4.065296171840105943e-01 8.680661478109967522e-03 3.182187612440883547e-03 9.999572589857537164e-01 -1.899737081228996538e-01
9.998703688652342825e-01 -1.575818972086414499e-02 3.305286980224568776e-03 6.977053078385976548e+00 1.576071398907776672e-02 9.998755190997814513e-01 -7.390531083627582603e-04 4.404362233783846170e-01 -3.293229396030415441e-03 7.910509868168110565e-04 9.999942644227922672e-01 -2.035661751611627934e-01
9.997282784810711531e-01 -1.683541459790227970e-02 1.612259348214879415e-02 7.326962235321933470e+00 1.684737271703992331e-02 9.998578892054981182e-01 -6.061567940732437388e-04 4.535141976442476630e-01 -1.611009738664005361e-02 8.776154297875283670e-04 9.998698388057069009e-01 -2.187741512328965077e-01
9.995785526351581574e-01 -1.816550668795811549e-02 2.264357477458251930e-02 7.680714876409183489e+00 1.827889454308247522e-02 9.998213540550358047e-01 -4.810612210279468885e-03 4.649345695424191849e-01 -2.255214238349053865e-02 5.222484305823167465e-03 9.997320273611275399e-01 -2.409940306418054123e-01
9.995556064991273360e-01 -1.988308864698035486e-02 2.220928414015146957e-02 8.037506568366767468e+00 2.006738742484629259e-02 9.997657653485779727e-01 -8.106441815824958624e-03 4.681343525780624626e-01 -2.204290085498693263e-02 8.548521675035718193e-03 9.997204775831435297e-01 -2.428351700698800630e-01
9.996051157949882304e-01 -2.068019407021970402e-02 1.902477462957602797e-02 8.435935944426839583e+00 2.083915795687477784e-02 9.997492489624557610e-01 -8.195650959748470438e-03 5.153030723324942830e-01 -1.885051649521923486e-02 8.588874910234356452e-03 9.997854216058762455e-01 -2.709722882579188030e-01
9.995717067008919043e-01 -2.253175729965078977e-02 1.867412852199130252e-02 8.807878865951709102e+00 2.263667972796624961e-02 9.997290309166712019e-01 -5.426368334985612156e-03 5.209716502489537548e-01 -1.854680279616132549e-02 5.846764524340442547e-03 9.998108978455061413e-01 -2.868133141615842874e-01
9.995825700124770785e-01 -2.348292418366634479e-02 1.682967614173322760e-02 9.214678588362643197e+00 2.351938249727953192e-02 9.997214368387452588e-01 -1.971641960751855348e-03 5.804587009175851131e-01 -1.677868809526262064e-02 2.366642528755542353e-03 9.998564270078694749e-01 -3.194937322281655723e-01
9.996279161182630713e-01 -2.477832379840162053e-02 1.140455991260857713e-02 9.628334082781019987e+00 2.477663597373506305e-02 9.996929701793881851e-01 2.892814164197786073e-04 6.374298435766035942e-01 -1.140822628122936319e-02 -6.607150072088409246e-06 9.999349240472911182e-01 -3.419270801904391588e-01
9.996488022582644684e-01 -2.601787909394515791e-02 5.034094861060528676e-03 1.003686330778062263e+01 2.600315095076403960e-02 9.996574508806977954e-01 2.969349985618301851e-03 6.592720603826369707e-01 -5.109626625212813737e-03 -2.837404828036307891e-03 9.999829202789379812e-01 -3.415636133192395119e-01
9.996222725960288713e-01 -2.748012200934770236e-02 3.937312558929311141e-04 1.045993120462423853e+01 2.747878513620323829e-02 9.996176648971677459e-01 3.072522249248082083e-03 6.628659398721308271e-01 -4.780140048984937414e-04 -3.060542416813141157e-03 9.999952022798539453e-01 -3.733212643134698472e-01
9.995875445924217173e-01 -2.871827896166809224e-02 -3.389945583915896947e-05 1.090218704025066820e+01 2.871826893217745841e-02 9.995840954416247426e-01 2.626246311361330431e-03 6.763819144512197568e-01 -4.153591729077748277e-05 -2.626136635558020543e-03 9.999965508346211340e-01 -3.903574702308382771e-01
9.995916027742063337e-01 -2.857476644349608505e-02 3.322438758106251644e-04 1.136710655693842398e+01 2.857320223468487116e-02 9.995836207893351588e-01 4.019597459745408163e-03 7.591552077813615851e-01 -4.469645949769620111e-04 -4.008462595839267645e-03 9.999918661920549345e-01 -4.029677033649735618e-01
9.995489653682808617e-01 -3.001293702085982770e-02 1.043763661534448167e-03 1.181704209757984181e+01 3.000652746588649764e-02 9.995334899205239321e-01 5.693051619015583771e-03 7.942789462502251041e-01 -1.214141934963770429e-03 -5.659164132597514947e-03 9.999832497200551451e-01 -4.220208275898888473e-01
9.995087690471538000e-01 -3.133574498187531587e-02 5.400780261168869074e-04 1.231430719868282786e+01 3.133160465985879162e-02 9.994881349683343297e-01 6.465184216940747172e-03 8.150640760223133441e-01 -7.423929429438470579e-04 -6.445086807137762053e-03 9.999789546329296286e-01 -4.444892161829508415e-01
9.994747346326353643e-01 -3.240347949047768517e-02 -5.189874114769984668e-04 1.280047982182742317e+01 3.240568670868829160e-02 9.994620890709142724e-01 5.040236000633713589e-03 8.374429750944928363e-01 3.553870586026052760e-04 -5.054406682681313392e-03 9.999871632541712518e-01 -4.460156311239069082e-01
9.994550447448498076e-01 -3.290540869124897183e-02 -2.616794400040388813e-03 1.331315758910986879e+01 3.291523682794307570e-02 9.994509005611433849e-01 3.805857601099732219e-03 9.076892248735148883e-01 2.490124219918840327e-03 -3.889915986407024070e-03 9.999893338606107296e-01 -4.668883364469836872e-01
9.994336220412456395e-01 -3.341040972783899249e-02 -4.022394229123679547e-03 1.383415286564927094e+01 3.342659232355447291e-02 9.994330686613672743e-01 4.025443051101577907e-03 9.629455715147359207e-01 3.885622106105467329e-03 -4.157618060944747590e-03 9.999838079453625683e-01 -5.060017124653293230e-01
9.993649722933782842e-01 -3.541133307536789565e-02 -3.961015385054385968e-03 1.436773724041067979e+01 3.543304132032293330e-02 9.993566329904690626e-01 5.551547599118150482e-03 9.640644156097442075e-01 3.761879297315265814e-03 -5.688373034387148551e-03 9.999767450677911063e-01 -5.069169453991806407e-01
9.993249405672528507e-01 -3.648883662102118258e-02 -4.269421775945319089e-03 1.488668399855708024e+01 3.651620307116897751e-02 9.993118057738711313e-01 6.517802868301218744e-03 1.011935810383676859e+00 4.028656540540737421e-03 -6.669306036561075193e-03 9.999696446810117934e-01 -5.321539263116947804e-01
9.992645692321610040e-01 -3.831472055807313287e-02 -1.517519627715968990e-03 1.544150495161533598e+01 3.832350563344822519e-02 9.992457811825184999e-01 6.259209606759933049e-03 1.057009544699665682e+00 1.276555218859434663e-03 -6.312763063434408649e-03 9.999792594995549067e-01 -5.421865328358345115e-01
9.992208253116532379e-01 -3.944385054929739481e-02 1.387413904834491939e-03 1.600081706747953447e+01 3.943832629152347474e-02 9.992147577387726631e-01 3.806092007437482990e-03 1.085386465718310323e+00 -1.536451373120840741e-03 -3.748409114603509697e-03 9.999917943394773800e-01 -5.576335140257074885e-01
9.992106073230073715e-01 -3.965173300844286597e-02 2.429461383492319878e-03 1.656509221106334095e+01 3.964626664462654604e-02 9.992112256237974943e-01 2.258346415336147470e-03 1.129820285122168366e+00 -2.517092435706530604e-03 -2.160244619401008748e-03 9.999944987792954709e-01 -5.862763571331923718e-01
9.991817077362867838e-01 -4.036971157414834949e-02 2.490243485623646821e-03 1.714735513140590584e+01 4.036441286661713451e-02 9.991827277911422556e-01 2.142582037035004484e-03 1.183653618652081629e+00 -2.574703697688611979e-03 -2.040311562537611059e-03 9.999946040002399839e-01 -6.170975713161045428e-01
9.991400511540088347e-01 -4.138148737006663858e-02 2.594355990520776523e-03 1.772950975823133035e+01 4.137145145049685169e-02 9.991365724065044418e-01 3.809551766424781709e-03 1.245469424560738281e+00 -2.749760870279132578e-03 -3.698943473872365502e-03 9.999893782597559788e-01 -6.354437787818765226e-01
9.990627721747687984e-01 -4.323349228645094466e-02 2.107699974737036082e-03 1.830039824392337522e+01 4.322122120779230137e-02 9.990500764405907397e-01 5.556149868099941568e-03 1.283260343033088891e+00 -2.345909583339731742e-03 -5.459845122994635806e-03 9.999823432438493809e-01 -6.523769128439654841e-01
9.990274057857871925e-01 -4.394378225759958123e-02 3.631320671143284124e-03 1.887648185920071242e+01 4.392481309417764490e-02 9.990215751429454283e-01 5.148125246123687326e-03 1.359022163829145757e+00 -3.853995791585211692e-03 -4.983613127530272385e-03 9.999801549614040219e-01 -6.665173766871176353e-01
9.989584306925201052e-01 -4.545631719888409972e-02 3.972024049767782124e-03 1.945583144205737369e+01 4.544684352762971835e-02 9.989637694547820468e-01 2.443712353798882780e-03 1.418007996397677273e+00 -4.078990281018186372e-03 -2.260651102537078027e-03 9.999891255883135432e-01 -6.894754653685709611e-01
9.988896491057053240e-01 -4.699237308917184053e-02 3.344515051383415913e-03 2.006415605403934066e+01 4.698956541321358538e-02 9.988949628362222555e-01 9.132155821607922195e-04 1.433614805784861446e+00 -3.383733405304568433e-03 -7.550442836399978448e-04 9.999939901101263517e-01 -7.049862440654058870e-01
9.988715125809830564e-01 -4.743522411053406607e-02 2.366615254421031850e-03 2.068164297965816445e+01 4.743691901322399929e-02 9.988740141745581225e-01 -6.652227728019948503e-04 1.489288645628320973e+00 -2.332395487878985603e-03 7.767370134314752249e-04 9.999969783008847424e-01 -7.302514127353416651e-01
9.988438558408245793e-01 -4.806726628196769657e-02 6.996865102058222883e-04 2.129143716057815183e+01 4.806769710865355094e-02 9.988438923636014932e-01 -6.125215104271552807e-04 1.570231531363338817e+00 -6.694353627431532403e-04 6.454456665040897911e-04 9.999995676279999079e-01 -7.574845480732086411e-01
9.988130734779823161e-01 -4.870470133488290915e-02 -5.443503894665642278e-04 2.189844484533730906e+01 4.870464130170024802e-02 9.988132171654392488e-01 -1.230093403996287461e-04 1.629632522291090790e+00 5.496954969539236515e-04 9.635094688964270101e-05 9.999998442756656836e-01 -7.742948276540139174e-01
9.987849658213022730e-01 -4.925427638834647959e-02 -1.615025324989240998e-03 2.249449021854611885e+01 4.925468358538953595e-02 9.987862287016263663e-01 2.133093660345525896e-04 1.701924168909805024e+00 1.602558655132733890e-03 -2.925977492289202420e-04 9.999986730952766800e-01 -8.011173228953486491e-01
9.987297264200661884e-01 -5.033468083962748529e-02 -2.313756614815824699e-03 2.310767874597810945e+01 5.033774537696708573e-02 9.987314243274052483e-01 1.285865979045515851e-03 1.733953873106714116e+00 2.246097785804172884e-03 -1.400701868805870852e-03 9.999964965333685285e-01 -8.184476120213296513e-01
9.987299935569230458e-01 -5.030484779712527527e-02 -2.796829972743391721e-03 2.374980363210901757e+01 5.030867256516648872e-02 9.987328520961114009e-01 1.314385292703676347e-03 1.800454599076411366e+00 2.727166023409659246e-03 -1.453420818232447915e-03 9.999952250553029165e-01 -8.369346664165239202e-01
9.987009382508788002e-01 -5.090847899839044677e-02 -2.182361767614845668e-03 2.438667926093303251e+01 5.091052873319359962e-02 9.987028179304021647e-01 8.941599300800878725e-04 1.825213730057676287e+00 2.134010525038835746e-03 -1.004103552593702681e-03 9.999972188837000786e-01 -8.550977294855608424e-01
9.987008938770622901e-01 -5.094494043534120165e-02 -1.066589516291877688e-03 2.501603463419602136e+01 5.094593328628209405e-02 9.987009840860695542e-01 9.253470192402637627e-04 1.862508514525743175e+00 1.018062250759367180e-03 -9.784832936025804426e-04 9.999990030593519652e-01 -8.864866294906581512e-01
9.987312454729551092e-01 -5.033017602942300300e-02 1.665141701825658977e-03 2.566978435472667286e+01 5.032601480973430269e-02 9.987298306425178573e-01 2.453083394008599184e-03 1.923640217499764660e+00 -1.786490808895441467e-03 -2.366171087400848090e-03 9.999956048328286773e-01 -9.125206003122457998e-01
9.987601577936539021e-01 -4.959622815720909211e-02 4.285015352793701028e-03 2.633135925933580168e+01 4.958612623261569180e-02 9.987668892588561498e-01 2.432489554123772827e-03 2.012392903957571644e+00 -4.400373761252555742e-03 -2.216996338715749183e-03 9.999878607453169810e-01 -9.333780466967217526e-01
9.987946639157428974e-01 -4.882049009052390892e-02 5.077310386343581936e-03 2.700085149535325968e+01 4.881159733758464597e-02 9.988062699107451703e-01 1.860954684328565770e-03 2.082344177711919819e+00 -5.162102167888094062e-03 -1.610879978360237833e-03 9.999853787765616842e-01 -9.643469515980758189e-01
9.988106081406221692e-01 -4.852814845268452193e-02 4.731582559224771327e-03 2.767097652835454014e+01 4.852192627595713903e-02 9.988211066190012533e-01 1.421141394908731264e-03 2.121095275860720442e+00 -4.794969888448438571e-03 -1.189865600795293092e-03 9.999877961673436788e-01 -9.827188259555431626e-01
9.988703868080784920e-01 -4.746868455754801180e-02 2.162023185724784840e-03 2.838947308564245020e+01 4.746470641902336002e-02 9.988711920761462748e-01 1.855609046782322191e-03 2.186536715960126553e+00 -2.247665997325025335e-03 -1.750893130542479498e-03 9.999959411771679463e-01 -1.020625569603814231e+00
9.989245018312008506e-01 -4.636596203429368263e-02 -1.928883656573266835e-04 2.907175496171863216e+01 4.636631477080597336e-02 9.989208294015763379e-01 2.709509594260416619e-03 2.261735096489151164e+00 6.705118722529835370e-05 -2.715539044331139774e-03 9.999963106691128756e-01 -1.046691332368254068e+00
9.989566252329228346e-01 -4.558174792499593286e-02 -2.822261389705401583e-03 2.978982426098128755e+01 4.558995323797689070e-02 9.989559854983471876e-01 2.914652772632916628e-03 2.309497096649621994e+00 2.686459939916050355e-03 -3.040278462257176972e-03 9.999917697860634114e-01 -1.070323925588346103e+00
9.990167818525638177e-01 -4.413961589417311759e-02 -4.142932012696954810e-03 3.050003568874223348e+01 4.415049778633044208e-02 9.990215781253484195e-01 2.572933181710675490e-03 2.345930280296627757e+00 4.025310195028455884e-03 -2.753315937769770794e-03 9.999881079938803818e-01 -1.078220023258726679e+00
9.991206232087116446e-01 -4.160007347305443720e-02 -5.235853900944639587e-03 3.123372663589755405e+01 4.161375431842086886e-02 9.991305652006370330e-01 2.531626627620837608e-03 2.417097772285639490e+00 5.125985813643410029e-03 -2.747283911801356310e-03 9.999830882072687777e-01 -1.111253597280154048e+00
9.992570675008949355e-01 -3.846848568638876892e-02 -2.342788617880358151e-03 3.194919868704735322e+01 3.847974850139720265e-02 9.992470268270112754e-01 4.968735517947965932e-03 2.487645467938373045e+00 2.149884829749478671e-03 -5.055193999660196127e-03 9.999849113905892040e-01 -1.139504077344330124e+00
9.993668600565877025e-01 -3.555046474723443095e-02 1.429502323308069582e-03 3.266777627841784692e+01 3.554025241548620928e-02 9.993462703008213488e-01 6.627404777232025201e-03 2.551794819121058655e+00 -1.664175135082918318e-03 -6.572403829147505094e-03 9.999770167503982954e-01 -1.167804186207072936e+00
9.994277471416700420e-01 -3.340790587418059066e-02 5.300006455467619684e-03 3.340474218938935991e+01 3.337907406781036312e-02 9.994279678952298074e-01 5.438235300833055980e-03 2.595269975622770176e+00 -5.478654734671479370e-03 -5.258213947100956118e-03 9.999711673485315311e-01 -1.172036381730365617e+00
9.995099294295334280e-01 -3.090270026266041942e-02 4.992403053164885113e-03 3.414406169680253100e+01 3.089299937907686450e-02 9.995206789508427336e-01 2.008715761567967436e-03 2.618693314110037473e+00 -5.052084830388242631e-03 -1.853501044667266433e-03 9.999855203815423144e-01 -1.212632641549532542e+00
9.996291912633606946e-01 -2.698705652465475252e-02 3.630255403484870715e-03 3.488624101715015513e+01 2.698401501663311164e-02 9.996354741068611549e-01 8.842175824582533625e-04 2.696986930323593601e+00 -3.652794511269487256e-03 -7.859308405317386170e-04 9.999930196781237068e-01 -1.257195423756209518e+00
9.997135999822875929e-01 -2.378725269895045832e-02 2.623855844171901243e-03 3.559011976919021691e+01 2.378039700487475164e-02 9.997137894232092092e-01 2.613800944555687462e-03 2.731244597543283525e+00 -2.685280012450226572e-03 -2.550656018260901575e-03 9.999931416890474045e-01 -1.265746736375867210e+00
9.997895660047992905e-01 -2.050924714153752257e-02 4.410097759536146409e-04 3.632694591546198382e+01 2.050732460460542514e-02 9.997817255457672747e-01 3.993858070761757868e-03 2.788116532240820344e+00 -5.228245370069342212e-04 -3.983973696622376999e-03 9.999919272714595797e-01 -1.297703186481421911e+00
9.998404533571586539e-01 -1.779914981111289582e-02 -1.502696427454257733e-03 3.707150478911857050e+01 1.780808537785589021e-02 9.998224562397372006e-01 6.158578887521386734e-03 2.816398035944449152e+00 1.392812164837443824e-03 -6.184356453212312525e-03 9.999799067028962707e-01 -1.319437702427771697e+00
9.998896702152719751e-01 -1.479115926712322795e-02 -1.367115331374711869e-03 3.778277237808381983e+01 1.480074546358942089e-02 9.998638863680178179e-01 7.290176319238217233e-03 2.818269044912617538e+00 1.259099089318357467e-03 -7.309606321693334040e-03 9.999724917841016358e-01 -1.322784216779502753e+00
9.999380392977558207e-01 -1.081885503470935393e-02 -2.621057248082195833e-03 3.851633440319084656e+01 1.083472996503539836e-02 9.999225731770304826e-01 6.120153397651886817e-03 2.868009670690052637e+00 2.554641255547275905e-03 -6.148172636155396081e-03 9.999778366450385869e-01 -1.332752237513976645e+00
9.999616745091447489e-01 -6.081140556775393655e-03 -6.298352355650296656e-03 3.922577060820496797e+01 6.112633589419932262e-03 9.999688519450821156e-01 4.993080235280799618e-03 2.906762581970470549e+00 6.267792551503230565e-03 -5.031388393197053395e-03 9.999676994320206846e-01 -1.369084200532967088e+00
9.999608674330371372e-01 -2.069018219336385585e-03 -8.601323513038858920e-03 3.993108107407225305e+01 2.128299739525734216e-03 9.999740076778678155e-01 6.888708796443705588e-03 2.893738538643005231e+00 8.586847080659799902e-03 -6.906745418177818487e-03 9.999392796189885413e-01 -1.389925458912066425e+00
9.999596549883008612e-01 3.074319515298888032e-03 -8.440198765198440520e-03 4.067278884112380410e+01 -2.994144137408183155e-03 9.999504341877647473e-01 9.495486748199454680e-03 2.926466234522394405e+00 8.468972580108468165e-03 -9.469832481024131193e-03 9.999192961315521710e-01 -1.424104269257119304e+00
9.999442316750550841e-01 7.974755879080553181e-03 -6.923641271245863787e-03 4.136580679888115952e+01 -7.899201848872957829e-03 9.999096961308077125e-01 1.087208322938128247e-02 2.954264267793875742e+00 7.009718249301532395e-03 -1.081678567158015844e-02 9.999169270483425631e-01 -1.432750706830462795e+00
9.998994951041899615e-01 1.247822614251810867e-02 -6.730049236242944578e-03 4.206585104070325087e+01 -1.240167032025407158e-02 9.998592504431346173e-01 1.129946355189991210e-02 2.936888105367066792e+00 6.870099246285009918e-03 -1.121486404862595716e-02 9.999135105401452117e-01 -1.464177304470101415e+00
9.998116464508850498e-01 1.868563918070289750e-02 -5.245808763102533662e-03 4.276756824756406417e+01 -1.861632511795375741e-02 9.997426383871798050e-01 1.296493076507788597e-02 2.963281651421523666e+00 5.486716711577755909e-03 -1.286483109291372551e-02 9.999021912470628104e-01 -1.463990212816968173e+00
9.996956775367749071e-01 2.453088661437312010e-02 -2.605362969218742979e-03 4.344224389321044555e+01 -2.449370782430599150e-02 9.996094495077109121e-01 1.345387423415962506e-02 2.962617156860182455e+00 2.934380906790728331e-03 -1.338596491866845574e-02 9.999060982671773568e-01 -1.476830133795698163e+00
9.995078266841745940e-01 3.134182560298789250e-02 1.339539081153401324e-03 4.412560001841992374e+01 -3.135656001234036344e-02 9.994244226010590149e-01 1.294564222942990415e-02 3.006219818218028639e+00 -9.330280116598237399e-04 -1.298127406735541910e-02 9.999153044044868377e-01 -1.507655500101378721e+00
9.992760248138781165e-01 3.767496897253609645e-02 5.293670285556850187e-03 4.483799147677520835e+01 -3.773638687462474439e-02 9.992153693158990491e-01 1.202542425613761269e-02 2.968021853514128949e+00 -4.836459223687721541e-03 -1.221648213725605968e-02 9.999136793875598173e-01 -1.516932266916284133e+00
9.990189606687269741e-01 4.371908421080188123e-02 7.053927994050754671e-03 4.553151278419277048e+01 -4.379364275608274570e-02 9.989823695025085160e-01 1.078620773516682750e-02 2.957976299904912398e+00 -6.575186577507939265e-03 -1.108454324374193688e-02 9.999169464623292036e-01 -1.556148050211775047e+00
9.987570824902025635e-01 4.938195619629728861e-02 6.761107741020290843e-03 4.623294476530169561e+01 -4.944680500859288674e-02 9.987288160868476039e-01 9.785979368763426250e-03 2.938197590996673103e+00 -6.269262325098671346e-03 -1.010813137976779297e-02 9.999292585127752542e-01 -1.582060753902079009e+00
9.984797664853949373e-01 5.481360553900461313e-02 5.798669423726390999e-03 4.691322091333902478e+01 -5.487077558526760185e-02 9.984412830305164910e-01 1.020795410683503213e-02 2.918399059697854181e+00 -5.230096169522886231e-03 -1.051061312152871616e-02 9.999310841782382830e-01 -1.598390331469780268e+00
9.981773013837621500e-01 6.023735213884728185e-02 3.679185987507548137e-03 4.761636659709393626e+01 -6.027168589892058920e-02 9.981312198742836594e-01 1.006934909397408026e-02 2.916671763814482343e+00 -3.065759470672580703e-03 -1.027274644751684229e-02 9.999425342484902224e-01 -1.631137042014087157e+00
9.978427778111264024e-01 6.561803667974884513e-02 2.015944560262747636e-03 4.832426720701796086e+01 -6.563559301322278994e-02 9.977890597178450394e-01 1.043844994149687941e-02 2.881997090272899964e+00 -1.326536836087007475e-03 -1.054824960236026149e-02 9.999434857682452105e-01 -1.646097132076811187e+00
9.975225592022121113e-01 7.032247610415573447e-02 1.869020398391413058e-03 4.898975162524491367e+01 -7.033890483717650244e-02 9.974619700155894497e-01 1.104793369485555267e-02 2.860398819361409828e+00 -1.087358715322044294e-03 -1.115202794112985819e-02 9.999372229914358368e-01 -1.681240619129179992e+00
9.971397173748897114e-01 7.544048906183703496e-02 4.595284935232530135e-03 4.967911609093890490e+01 -7.548602701545897853e-02 9.970893629729740137e-01 1.070803303927331425e-02 2.846343532287840983e+00 -3.774090479377219254e-03 -1.102428484118666945e-02 9.999321083877614758e-01 -1.696576585515086055e+00
9.967326343151194923e-01 8.061175158235371618e-02 5.079487972927485689e-03 5.036504730330982937e+01 -8.065389672465396453e-02 9.967039821899863483e-01 8.724725196371175412e-03 2.807967873033782258e+00 -4.359430509948790736e-03 -9.105898827037155197e-03 9.999490376875116437e-01 -1.717518405087064659e+00
9.962897867422364495e-01 8.595729222009475257e-02 4.243200124712083465e-03 5.105869093204092479e+01 -8.597974338281021145e-02 9.962821037815702274e-01 5.427099814333455167e-03 2.782734128240666571e+00 -3.760925542366093041e-03 -5.771793374495762415e-03 9.999762706386121636e-01 -1.743494033721333158e+00
9.959855045181310595e-01 8.950201515145077280e-02 1.504683884894011080e-03 5.175187776581605448e+01 -8.950607546630472144e-02 9.959820794341671668e-01 2.891349271982132652e-03 2.709513218490825270e+00 -1.239856598218737251e-03 -3.014420312747511342e-03 9.999946879987883230e-01 -1.769201161099350106e+00
