1.000000000000000000e+00 0.000000000000000000e+00 0.000000000000000000e+00 0.000000000000000000e+00 0.000000000000000000e+00 1.000000000000000000e+00 0.000000000000000000e+00 0.000000000000000000e+00 0.000000000000000000e+00 0.000000000000000000e+00 1.000000000000000000e+00 0.000000000000000000e+00
9.999999995969379718e-01 2.445824693239743408e-05 -1.441936943031337236e-05 -5.761853747959139876e-03 -2.445783138483991552e-05 9.999999992856635211e-01 2.881817725320425525e-05 2.467926568531917352e-03 1.442007426210849077e-05 -2.881782457508254286e-05 9.999999994807972081e-01 1.373867411082751143e-03
9.999999879963147320e-01 1.249787102051146972e-04 -9.158434537637276081e-05 2.796529006579760029e-03 -1.249760077099542612e-04 9.999999917549784456e-01 2.951339412703453329e-05 3.228408344901225087e-03 9.158803316718964831e-05 -2.950194792691117110e-05 9.999999953706336653e-01 -4.070154608979099226e-03
9.999999983636920220e-01 -1.068107059389328820e-05 -5.620080686382459829e-05 -8.519003696827341307e-03 1.068461820822136797e-05 9.999999979506009051e-01 6.312398224329060850e-05 -3.790949079645515932e-04 5.620013251693621007e-05 -6.312458262416466661e-05 9.999999964284160825e-01 -4.478580889620172034e-04
9.999999991031375268e-01 -1.867901454033311183e-05 -3.801077989813071928e-05 -2.061955182936840020e-03 1.868003502951402257e-05 9.999999994651425084e-01 2.684718442600573637e-05 -2.788004628528466429e-03 3.801027839885210487e-05 -2.684789444462750045e-05 9.999999989172047021e-01 -1.540552754138186514e-04
9.999999974505446865e-01 -4.460851669351747041e-05 -5.575832486498255466e-05 -4.608216335317045879e-03 4.461035594607085759e-05 9.999999984609416748e-01 3.298534310076045941e-05 1.980756780845249754e-04 5.575685335193888227e-05 -3.298783041538498942e-05 9.999999979014881912e-01 -2.112074663336265500e-03
9.999999782130877257e-01 2.087065989932048804e-04 -3.921682486182757807e-06 -7.558892039184325271e-03 -2.087066986865609357e-04 9.999999778972139541e-01 -2.543787753394802101e-05 2.967531414372912100e-03 3.916373346596932894e-06 2.543869546114020387e-05 9.999999996687674031e-01 6.284167529149817938e-05
9.999999851095120462e-01 1.400269071762012829e-04 -1.008634771815645391e-04 -9.605598944669481443e-04 -1.400240700337508388e-04 9.999999898008392618e-01 2.813505343571166348e-05 2.684905122634476810e-03 1.008674158173575650e-04 -2.812092970217426680e-05 9.999999945174888882e-01 -2.642870803503732154e-03
9.999999987149645886e-01 4.305767172884965896e-05 -2.676018925524464230e-05 -6.080853966495027886e-03 -4.305744068573820417e-05 9.999999990357523183e-01 8.634353117898730702e-06 -9.607455377614202915e-04 2.676056100458333174e-05 -8.633200881541683400e-06 9.999999996046701201e-01 -1.137654903533111272e-03
9.999999990225666435e-01 -4.035738057105367477e-05 -1.805958099566062010e-05 -1.948581450514167215e-03 4.035783444567447750e-05 9.999999988698036191e-01 2.513240952761213511e-05 -3.071521020558797520e-03 1.805856669703377373e-05 -2.513313834862686427e-05 9.999999995211067416e-01 -5.865629279844667213e-04
9.999999836720150359e-01 1.696079374858947453e-04 -6.236278657040838559e-05 -2.616784838011841814e-03 -1.696075225249518053e-04 9.999999855944714522e-01 6.659211732799377511e-06 4.035394762784611823e-03 6.236391512720677313e-05 -6.648634426339909570e-06 9.999999980332688887e-01 -1.333778459807039322e-03
9.999999919455994091e-01 1.242324229274263962e-04 -2.598280804931399040e-05 -2.733023761201644475e-03 -1.242324759341222713e-04 9.999999922810682840e-01 -2.038464019369497872e-06 3.446103247399681310e-03 2.598255460543029234e-05 2.041691911526579483e-06 9.999999996603691210e-01 -2.191903489778206527e-03
9.999999917116930703e-01 1.266228262038732015e-04 -2.330823285250417946e-05 2.199175306732170741e-03 -1.266234750991347810e-04 9.999999915957045182e-01 -2.784037499088768756e-05 8.765994439925211754e-04 2.330470742965098420e-05 2.784332612958031932e-05 9.999999993408199561e-01 -6.502883299332770477e-04
9.999999438408961883e-01 -1.180163188281450133e-04 3.136723656897244072e-04 -2.426955885571357302e-02 1.180887920185864286e-04 9.999999663380217951e-01 -2.310389414894463878e-04 1.788379113644964847e-03 -3.136450887655115797e-04 2.310759697052603909e-04 9.999999241153243457e-01 2.095754858118499455e-03
9.999993678003328279e-01 1.423752736434286408e-04 -1.115404956126728967e-03 -9.569431342089677883e-02 -1.434419857617258930e-04 9.999995324347428216e-01 -9.563235291307155056e-04 2.792906459834426647e-02 1.115268277777972054e-03 9.564829204451338841e-04 9.999989206579632528e-01 -9.608370063589891791e-03
9.999984394036056656e-01 8.487804752550448333e-05 -1.764648993479592167e-03 -1.241315476435883858e-01 -8.575820132012481082e-05 9.999998719718063978e-01 -4.987002121755593816e-04 4.040872409822744704e-02 1.764606438854459444e-03 4.988507670294485379e-04 9.999983186546006486e-01 1.887044175444746452e-03
9.999972817107685152e-01 -9.028883298138646338e-05 -2.329896778935433219e-03 -1.334730682919032796e-01 9.025811986704885181e-05 9.999999958384594434e-01 -1.328732094578506305e-05 3.509519879403386750e-02 2.329897968936175262e-03 1.307699272425261464e-05 9.999972856985396286e-01 -1.110393564159256954e-03
9.999963687244474153e-01 9.422692462640274813e-05 -2.693261815275006972e-03 -8.372270399187069223e-02 -9.403110876136488560e-05 9.999999929267979759e-01 7.283237385452182673e-05 3.231732707327574644e-02 2.693268658995623226e-03 -7.257885898542826026e-05 9.999963705115332280e-01 -9.744507672010500540e-03
9.999961995503762191e-01 4.843402392948257498e-04 -2.714092728101737302e-03 -3.726473838134169991e-02 -4.841068497292227925e-04 9.999998790663302550e-01 8.664804036369495865e-05 4.515530452665487277e-02 2.714134367009147890e-03 -8.533380018170823810e-05 9.999963130895935803e-01 -1.808694418843438678e-02
9.999967315961574288e-01 6.068910187961536803e-04 -2.483642545538867867e-03 -4.831875709404308966e-03 -6.063111794098173003e-04 9.999997887662924745e-01 2.342095730844525941e-04 4.659004036440085594e-02 2.483784160596265618e-03 -2.327029473519658586e-04 9.999968883279496401e-01 -1.797065905753998660e-02
9.999970771928624602e-01 1.462189108145462498e-04 -2.413343274859841136e-03 -1.679846000934434244e-02 -1.456238341964550479e-04 9.999999589536794353e-01 2.467515719492750195e-04 3.662130517805249619e-02 2.413379255547072003e-03 -2.463994104411020686e-04 9.999970574396204182e-01 -1.457226613043907139e-02
9.999968727376968847e-01 1.041346750770831585e-04 -2.498733838547820534e-03 -1.263473380161249035e-02 -1.038680982262850318e-04 9.999999889010611209e-01 1.068143047828340865e-04 4.444204956704498471e-02 2.498744933887448502e-03 -1.065544320147016782e-04 9.999968724550634125e-01 -1.162582271027609408e-02
9.999970413125907065e-01 -2.121806749738001574e-05 -2.432471142372083592e-03 -1.096026370192436719e-02 2.130396629834053012e-05 9.999999991504672225e-01 3.528748428455916018e-05 4.384544083045141538e-02 2.432470391573396482e-03 -3.533920116316247750e-05 9.999970409150894524e-01 -8.368840021243008007e-03
9.999972830573872207e-01 -2.328409372617492505e-04 -2.319410041733614009e-03 -9.588811577493161833e-03 2.329764514503493802e-04 9.999999711699182336e-01 5.815613252836922996e-05 5.661831618238565011e-02 2.319396433736427461e-03 -5.869634244247597528e-05 9.999973084738391638e-01 -7.923228652581323223e-04
9.999965341040958355e-01 -5.456287720906244408e-04 -2.575668658621926236e-03 -1.556059521856901530e-02 5.458612692118592095e-04 9.999998470068179879e-01 8.956458727999081740e-05 6.131503731724682882e-02 2.575619395546401968e-03 -9.097023462151918494e-05 9.999966789490581931e-01 3.830953858001308679e-03
9.999920158073531962e-01 4.161538689700209378e-04 -3.974309688943353409e-03 5.008987994490944617e-02 -4.188541028160900855e-04 9.999996820221290772e-01 -6.786139412954510924e-04 8.780461177919234028e-02 3.974026017383613073e-03 6.802731790300866645e-04 9.999918721397764720e-01 -7.370405033035241221e-03
9.999753511286396668e-01 5.391710148451962174e-04 -7.000459254259826410e-03 1.652808329489371952e-01 -5.475045091512227916e-04 9.999991437824968799e-01 -1.188559247796259913e-03 9.674710742351089188e-02 6.999812423648245178e-03 1.192362734160093375e-03 9.999747901308032594e-01 -3.985525682995019747e-02
9.999730847622007035e-01 1.377887676168631831e-04 -7.335582146228871239e-03 2.215832697643392857e-01 -1.444642125890279697e-04 9.999995759818389729e-01 -9.094867967498830152e-04 9.312921968585712029e-02 7.335453718743931151e-03 9.105220467951103021e-04 9.999726806609980923e-01 -3.594956113189613084e-02
9.999728479477797416e-01 -8.720472146740276126e-04 -7.317301474044785210e-03 2.926239263059161044e-01 8.661098494535768126e-04 9.999992931854844169e-01 -8.145442040106998802e-04 7.217115639524253334e-02 7.318006623074225191e-03 8.081845005858454391e-04 9.999728964411374044e-01 -3.084291471695820366e-02
9.999724661274870252e-01 -1.651012459051017997e-03 -7.234718016058628610e-03 3.723575692024672090e-01 1.646910411591716566e-03 9.999984797257124303e-01 -5.729156657694814414e-04 6.391784939935524212e-02 7.235652908205021140e-03 5.609849587570024405e-04 9.999736649646669973e-01 -3.103558785478717497e-02
9.999720583542155428e-01 -1.896057442533955698e-03 -7.231008021565003829e-03 4.648664891548905942e-01 1.892048935365461208e-03 9.999980526287276517e-01 -5.611502282610906448e-04 6.866117253037630486e-02 7.232057913174386871e-03 5.474531277713595104e-04 9.999736984708215148e-01 -3.007254276849012989e-02
9.999703917500559758e-01 -2.171779918529100854e-03 -7.382343477856309621e-03 5.870965891199312336e-01 2.166276376719727861e-03 9.999973698026937141e-01 -7.534151274286857766e-04 5.962542764897685310e-02 7.383960312680445948e-03 7.374006238443700772e-04 9.999724663061582142e-01 -3.331533251520752553e-02
9.999694834580488134e-01 -1.972890120524901404e-03 -7.559091031030644621e-03 7.396852546215710866e-01 1.966783184417971939e-03 9.999977335700973580e-01 -8.152414206978535844e-04 7.510708120276839150e-02 7.560682280625432607e-03 8.003494492195226953e-04 9.999710973444235762e-01 -3.831465916800962795e-02
9.999685409012188941e-01 -2.212953194183114609e-03 -7.617089079666063307e-03 8.805950784885270277e-01 2.209342094135405190e-03 9.999974430163645067e-01 -4.824606139367477791e-04 9.995589310453598109e-02 7.618137265650615740e-03 4.656166806221506216e-04 9.999708731686680618e-01 -4.874210491672442691e-02
9.999695119496641027e-01 -2.353276785532750458e-03 -7.445620156933716038e-03 1.012532488738233205e+00 2.349441520875610728e-03 9.999971028705645359e-01 -5.238081877454671322e-04 1.125036044776723809e-01 7.446831251656687786e-03 5.062991687097043950e-04 9.999721437947465263e-01 -6.064065542268586712e-02
9.999683035180915169e-01 -2.991434886924645986e-03 -7.378568727557457269e-03 1.150487377867221106e+00 2.986681771261821480e-03 9.999953252683271288e-01 -6.551133411670583906e-04 1.136282215488368247e-01 7.380493963632182852e-03 6.330551396622937635e-04 9.999725633986379369e-01 -6.301868547660027797e-02
9.999649372169993056e-01 -3.653459902360457583e-03 -7.535022716919042955e-03 1.327935167760760260e+00 3.648499341780629332e-03 9.999931184275158147e-01 -6.719748249759162351e-04 1.117460299369360949e-01 7.537425897192491682e-03 6.444597382454649807e-04 9.999713855318511646e-01 -7.433515202743279371e-02
9.999711934052242235e-01 -3.961947501242432494e-03 -6.474205104025002391e-03 1.499216762402796999e+00 3.963262429979759645e-03 9.999921281401519257e-01 1.902856826710191322e-04 1.139572840295372397e-01 6.473400238104816060e-03 -2.159391750412323026e-04 9.999790240098188621e-01 -6.846260970086556763e-02
9.999715436867704366e-01 -3.974111662608101857e-03 -6.412351611583860973e-03 1.669914821794534099e+00 3.977017737105036956e-03 9.999919946075240818e-01 4.405119571092421600e-04 1.506341196644792602e-01 6.410549634486250627e-03 -4.660014578588323494e-04 9.999793436346697817e-01 -8.158538012699802222e-02
9.999697407707057728e-01 -3.966962890034645035e-03 -6.691841928539291051e-03 1.866196192338261284e+00 3.975781448941849254e-03 9.999912450043972889e-01 1.305019703189670048e-03 2.065874775782944317e-01 6.686606376759315906e-03 -1.331585515297975661e-03 9.999767578174892924e-01 -8.587169121543888894e-02
9.999669703008186028e-01 -5.063786943415244171e-03 -6.357386978430536704e-03 2.074449126237971175e+00 5.085875784490061571e-03 9.999810699803463043e-01 3.463170291291398778e-03 1.966608494114785999e-01 6.339729876466223928e-03 -3.495388784304695289e-03 9.999737946978111136e-01 -9.737579805372716113e-02
9.999656920416208905e-01 -5.791167213138850162e-03 -5.922594197792162632e-03 2.269150349096333841e+00 5.816600617196975714e-03 9.999738977813238394e-01 4.286130339420010302e-03 2.145469792328544290e-01 5.897617907450393437e-03 -4.320432656105002711e-03 9.999732756252447397e-01 -9.875459515270056110e-02
9.999675718469956953e-01 -5.922228448653828366e-03 -5.457331273191220675e-03 2.506030683750555710e+00 5.951888646118875213e-03 9.999675184098205660e-01 5.434808814426310419e-03 2.311384097913654345e-01 5.424967831019540665e-03 -5.467114001657544242e-03 9.999703397543975303e-01 -9.746529886353547112e-02
9.999667298448630115e-01 -6.569547613307116264e-03 -4.835312557354640335e-03 2.726516798599894820e+00 6.599513463109702056e-03 9.999589549059880733e-01 6.207650551894197330e-03 2.275737182397223890e-01 4.794332635628705160e-03 -6.239354732717904486e-03 9.999690419343482128e-01 -1.028501344270458667e-01
9.999597157193645947e-01 -7.684512412569078840e-03 -4.638448817070138855e-03 2.976260535190266676e+00 7.715233978443930205e-03 9.999481775613463519e-01 6.642089761516477807e-03 2.221576600089502918e-01 4.587167220123096467e-03 -6.677608907629251946e-03 9.999671831796138610e-01 -1.097695053381541608e-01
9.999576304372218560e-01 -8.280232259457537269e-03 -4.021825966628657899e-03 3.241208984062941667e+00 8.305410586552992858e-03 9.999457605418301531e-01 6.284594609813703124e-03 2.232078307926812222e-01 3.969569921941582154e-03 -6.317731250248359402e-03 9.999721640058208960e-01 -1.233634458308646431e-01
9.999471115007616540e-01 -8.781737300640262214e-03 -5.353063727048253118e-03 3.497275825580154596e+00 8.807502707368753889e-03 9.999496504604258318e-01 4.808787802757014639e-03 2.731874786905748587e-01 5.310564691535950288e-03 -4.855680596455666347e-03 9.999741097991499128e-01 -1.310737121796376192e-01
9.999208719312657756e-01 -9.898843081781157419e-03 -7.762910656410114234e-03 3.748328460030144083e+00 9.937883523169098107e-03 9.999380835302313919e-01 5.006753136308656274e-03 2.479309277976673720e-01 7.712868940741604736e-03 -5.083503863506522863e-03 9.999573339103887681e-01 -1.256130345607729404e-01
9.998778833686789991e-01 -1.061729384973086887e-02 -1.146697089378265373e-02 4.035964083963745175e+00 1.063786557385519582e-02 9.999419119848086401e-01 1.734494796112067815e-03 2.748291078679847010e-01 1.144788915927202715e-02 -1.856267080357892636e-03 9.999327477917319129e-01 -1.193457176978878903e-01
9.998260766283064704e-01 -1.083719169120354528e-02 -1.517800284279901234e-02 4.325544371832379831e+00 1.080247723003475296e-02 9.999388493688506907e-01 -2.367278731702686725e-03 2.891346260533568802e-01 1.520272935174756153e-02 2.202906976497191402e-03 9.998820051491628114e-01 -1.280343962694415749e-01
9.997961968667350430e-01 -1.096205784322168419e-02 -1.695281742527175381e-02 4.638401411283808784e+00 1.088104692968777654e-02 9.999289721088108207e-01 -4.863492071634954554e-03 2.882330636577337679e-01 1.700492718380963372e-02 4.678036474717335753e-03 9.998444621170907709e-01 -1.231107519706630404e-01
9.997641837135295972e-01 -1.126467992627049053e-02 -1.856566588567417145e-02 4.952763361366711692e+00 1.111742019415613500e-02 9.999060685493188494e-01 -8.016049305701220332e-03 3.092562347602185735e-01 1.865422021544659373e-02 7.807756681886436970e-03 9.997955085935074093e-01 -1.367011561886483373e-01
9.997530193640968843e-01 -1.136707296421735937e-02 -1.909685640616741800e-02 5.262544548796543431e+00 1.116860279657720841e-02 9.998828397498085163e-01 -1.046752527730209284e-02 3.360981589141427417e-01 1.921360413727488461e-02 1.025165479738901833e-02 9.997628423731156344e-01 -1.441832501350118201e-01
9.997434509855843698e-01 -1.183029050265723033e-02 -1.931518672074131540e-02 5.565819107463164883e+00 1.160250675605091313e-02 9.998623188259053718e-01 -1.186276650108674530e-02 3.407914799900981229e-01 1.945286735702879063e-02 1.163561853561086504e-02 9.997430661589424838e-01 -1.562854472737747469e-01
9.997160253993908618e-01 -1.257328245347710122e-02 -2.024305135076031811e-02 5.913902022385828516e+00 1.235152897786162898e-02 9.998627413285088306e-01 -1.104256469070452433e-02 3.594849685337309086e-01 2.037911410129200976e-02 1.078939624744752572e-02 9.997341049684471681e-01 -1.706477670350046161e-01
9.997601576567454185e-01 -1.309889569653898724e-02 -1.755124194154925044e-02 6.248231906387372803e+00 1.296801551682414365e-02 9.998874060950504461e-01 -7.550212319337692296e-03 3.729330937087558806e-01 1.764816522234006341e-02 7.320796680885408025e-03 9.998174574392277858e-01 -1.865610948457120388e-01
9.998659544629392437e-01 -1.391040954684242929e-02 -8.635601435600137252e-03 6.606217946998721224e+00 1.388233489791547252e-02 9.998981819106574909e-01 -3.302512610691356928e-03 4.065296171840126482e-01 8.680661478109969256e-03 3.182187612440886149e-03 9.999572589857537164e-01 -1.899737081229000979e-01
9.998703688652342825e-01 -1.575818972086402703e-02 3.305286980224562705e-03 6.977053078385965890e+00 1.576071398907764876e-02 9.998755190997814513e-01 -7.390531083627501288e-04 4.404362233783915559e-01 -3.293229396030409369e-03 7.910509868168024913e-04 9.999942644227922672e-01 -2.035661751611630432e-01
9.997282784810711531e-01 -1.683541459790225889e-02 1.612259348214879415e-02 7.326962235321925476e+00 1.684737271703990250e-02 9.998578892054981182e-01 -6.061567940732442809e-04 4.535141976442486622e-01 -1.611009738664005361e-02 8.776154297875286923e-04 9.998698388057069009e-01 -2.187741512328969518e-01
9.995785526351581574e-01 -1.816550668795818835e-02 2.264357477458252624e-02 7.680714876409190595e+00 1.827889454308254807e-02 9.998213540550358047e-01 -4.810612210279462814e-03 4.649345695424175195e-01 -2.255214238349054559e-02 5.222484305823163128e-03 9.997320273611275399e-01 -2.409940306418051070e-01
9.995556064991273360e-01 -1.988308864698026465e-02 2.220928414015146610e-02 8.037506568366774573e+00 2.006738742484620239e-02 9.997657653485779727e-01 -8.106441815824963829e-03 4.681343525780661818e-01 -2.204290085498692917e-02 8.548521675035719927e-03 9.997204775831435297e-01 -2.428351700698804794e-01
9.996051157949882304e-01 -2.068019407021969361e-02 1.902477462957602103e-02 8.435935944426844912e+00 2.083915795687476744e-02 9.997492489624557610e-01 -8.195650959748473907e-03 5.153030723324985019e-01 -1.885051649521922792e-02 8.588874910234359922e-03 9.997854216058762455e-01 -2.709722882579190251e-01
9.995717067008919043e-01 -2.253175729965068222e-02 1.867412852199128864e-02 8.807878865951712655e+00 2.263667972796614206e-02 9.997290309166712019e-01 -5.426368334985620830e-03 5.209716502489553092e-01 -1.854680279616131855e-02 5.846764524340447751e-03 9.998108978455061413e-01 -2.868133141615853421e-01
9.995825700124770785e-01 -2.348292418366623724e-02 1.682967614173322760e-02 9.214678588362648526e+00 2.351938249727942437e-02 9.997214368387452588e-01 -1.971641960751871828e-03 5.804587009175862233e-01 -1.677868809526262064e-02 2.366642528755557098e-03 9.998564270078694749e-01 -3.194937322281655168e-01
9.996279161182630713e-01 -2.477832379840158583e-02 1.140455991260857539e-02 9.628334082781019987e+00 2.477663597373502835e-02 9.996929701793881851e-01 2.892814164197832151e-04 6.374298435766058146e-01 -1.140822628122936146e-02 -6.607150072093423681e-06 9.999349240472911182e-01 -3.419270801904394363e-01
9.996488022582644684e-01 -2.601787909394510934e-02 5.034094861060528676e-03 1.003686330778062441e+01 2.600315095076399102e-02 9.996574508806977954e-01 2.969349985618301418e-03 6.592720603826353054e-01 -5.109626625212813737e-03 -2.837404828036307457e-03 9.999829202789379812e-01 -3.415636133192393453e-01
9.996222725960288713e-01 -2.748012200934767460e-02 3.937312558929307888e-04 1.045993120462423853e+01 2.747878513620321053e-02 9.996176648971677459e-01 3.072522249248085119e-03 6.628659398721321594e-01 -4.780140048984934161e-04 -3.060542416813144193e-03 9.999952022798539453e-01 -3.733212643134697917e-01
9.995875445924217173e-01 -2.871827896166814428e-02 -3.389945583915835960e-05 1.090218704025066820e+01 2.871826893217751045e-02 9.995840954416247426e-01 2.626246311361330431e-03 6.763819144512164261e-01 -4.153591729077822815e-05 -2.626136635558020543e-03 9.999965508346211340e-01 -3.903574702308381661e-01
9.995916027742063337e-01 -2.857476644349606423e-02 3.322438758106329164e-04 1.136710655693843108e+01 2.857320223468485035e-02 9.995836207893351588e-01 4.019597459745399490e-03 7.591552077813603638e-01 -4.469645949769694379e-04 -4.008462595839258971e-03 9.999918661920549345e-01 -4.029677033649730067e-01
9.995489653682808617e-01 -3.001293702085966117e-02 1.043763661534442963e-03 1.181704209757985247e+01 3.000652746588633110e-02 9.995334899205240431e-01 5.693051619015588975e-03 7.942789462502365394e-01 -1.214141934963764357e-03 -5.659164132597520151e-03 9.999832497200551451e-01 -4.220208275898890138e-01
9.995087690471538000e-01 -3.133574498187544077e-02 5.400780261168891842e-04 1.231430719868284029e+01 3.133160465985891652e-02 9.994881349683343297e-01 6.465184216940745437e-03 8.150640760223083481e-01 -7.423929429438502021e-04 -6.445086807137760318e-03 9.999789546329296286e-01 -4.444892161829509525e-01
9.994747346326353643e-01 -3.240347949047766435e-02 -5.189874114769884922e-04 1.280047982182744271e+01 3.240568670868827078e-02 9.994620890709142724e-01 5.040236000633707518e-03 8.374429750944937245e-01 3.553870586025956809e-04 -5.054406682681307321e-03 9.999871632541712518e-01 -4.460156311239061311e-01
9.994550447448498076e-01 -3.290540869124868734e-02 -2.616794400040387512e-03 1.331315758910987235e+01 3.291523682794279121e-02 9.994509005611433849e-01 3.805857601099731785e-03 9.076892248735261015e-01 2.490124219918839893e-03 -3.889915986407022769e-03 9.999893338606107296e-01 -4.668883364469836317e-01
9.994336220412456395e-01 -3.341040972783897167e-02 -4.022394229123689088e-03 1.383415286564926383e+01 3.342659232355445209e-02 9.994330686613672743e-01 4.025443051101587448e-03 9.629455715147372530e-01 3.885622106105476870e-03 -4.157618060944758866e-03 9.999838079453625683e-01 -5.060017124653302112e-01
9.993649722933782842e-01 -3.541133307536786790e-02 -3.961015385054394641e-03 1.436773724041068157e+01 3.543304132032290554e-02 9.993566329904690626e-01 5.551547599118155686e-03 9.640644156097439854e-01 3.761879297315274488e-03 -5.688373034387153755e-03 9.999767450677911063e-01 -5.069169453991813068e-01
9.993249405672528507e-01 -3.648883662102113401e-02 -4.269421775945328630e-03 1.488668399855708735e+01 3.651620307116892894e-02 9.993118057738711313e-01 6.517802868301223948e-03 1.011935810383678191e+00 4.028656540540748697e-03 -6.669306036561082132e-03 9.999696446810117934e-01 -5.321539263116961127e-01
9.992645692321610040e-01 -3.831472055807320226e-02 -1.517519627715973761e-03 1.544150495161534842e+01 3.832350563344829458e-02 9.992457811825184999e-01 6.259209606759934784e-03 1.057009544699662795e+00 1.276555218859438566e-03 -6.312763063434412118e-03 9.999792594995549067e-01 -5.421865328358352887e-01
9.992208253116532379e-01 -3.944385054929738094e-02 1.387413904834497143e-03 1.600081706747952381e+01 3.943832629152346086e-02 9.992147577387726631e-01 3.806092007437482990e-03 1.085386465718311877e+00 -1.536451373120845945e-03 -3.748409114603508830e-03 9.999917943394773800e-01 -5.576335140257070444e-01
9.992106073230073715e-01 -3.965173300844276882e-02 2.429461383492311204e-03 1.656509221106335517e+01 3.964626664462644889e-02 9.992112256237974943e-01 2.258346415336153542e-03 1.129820285122173695e+00 -2.517092435706521931e-03 -2.160244619401015687e-03 9.999944987792954709e-01 -5.862763571331932599e-01
9.991817077362867838e-01 -4.036971157414840500e-02 2.490243485623640316e-03 1.714735513140590584e+01 4.036441286661719002e-02 9.991827277911422556e-01 2.142582037035008387e-03 1.183653618652077411e+00 -2.574703697688605474e-03 -2.040311562537614962e-03 9.999946040002399839e-01 -6.170975713161055420e-01
9.991400511540088347e-01 -4.138148737006661776e-02 2.594355990520776523e-03 1.772950975823133746e+01 4.137145145049683087e-02 9.991365724065044418e-01 3.809551766424784311e-03 1.245469424560739169e+00 -2.749760870279132578e-03 -3.698943473872368104e-03 9.999893782597559788e-01 -6.354437787818768557e-01
9.990627721747686873e-01 -4.323349228645118059e-02 2.107699974737036516e-03 1.830039824392336811e+01 4.322122120779253729e-02 9.990500764405907397e-01 5.556149868099944170e-03 1.283260343033082451e+00 -2.345909583339733043e-03 -5.459845122994638408e-03 9.999823432438493809e-01 -6.523769128439653731e-01
9.990274057857871925e-01 -4.394378225759959511e-02 3.631320671143303206e-03 1.887648185920071953e+01 4.392481309417765878e-02 9.990215751429454283e-01 5.148125246123680387e-03 1.359022163829147978e+00 -3.853995791585230774e-03 -4.983613127530263712e-03 9.999801549614040219e-01 -6.665173766871157479e-01
9.989584306925201052e-01 -4.545631719888424543e-02 3.972024049767782124e-03 1.945583144205736303e+01 4.544684352762986407e-02 9.989637694547820468e-01 2.443712353798893188e-03 1.418007996397671722e+00 -4.078990281018186372e-03 -2.260651102537087568e-03 9.999891255883135432e-01 -6.894754653685706280e-01
9.988896491057053240e-01 -4.699237308917174338e-02 3.344515051383408107e-03 2.006415605403934777e+01 4.698956541321348823e-02 9.988949628362222555e-01 9.132155821607994836e-04 1.433614805784866775e+00 -3.383733405304560626e-03 -7.550442836400057594e-04 9.999939901101263517e-01 -7.049862440654067752e-01
9.988715125809830564e-01 -4.743522411053399668e-02 2.366615254421041391e-03 2.068164297965818221e+01 4.743691901322392990e-02 9.988740141745581225e-01 -6.652227728019984281e-04 1.489288645628321861e+00 -2.332395487878995144e-03 7.767370134314790196e-04 9.999969783008847424e-01 -7.302514127353413320e-01
9.988438558408245793e-01 -4.806726628196764106e-02 6.996865102058296608e-04 2.129143716057814828e+01 4.806769710865349543e-02 9.988438923636014932e-01 -6.125215104271521365e-04 1.570231531363340816e+00 -6.694353627431608297e-04 6.454456665040870806e-04 9.999995676279999079e-01 -7.574845480732081970e-01
9.988130734779823161e-01 -4.870470133488267322e-02 -5.443503894665559879e-04 2.189844484533731617e+01 4.870464130170001210e-02 9.988132171654392488e-01 -1.230093403996241654e-04 1.629632522291104113e+00 5.496954969539151947e-04 9.635094688963866236e-05 9.999998442756656836e-01 -7.742948276540131403e-01
9.987849658213022730e-01 -4.925427638834643101e-02 -1.615025324989245552e-03 2.249449021854612596e+01 4.925468358538948738e-02 9.987862287016263663e-01 2.133093660345520204e-04 1.701924168909803692e+00 1.602558655132738444e-03 -2.925977492289198083e-04 9.999986730952766800e-01 -8.011173228953488712e-01
9.987297264200661884e-01 -5.033468083962746448e-02 -2.313756614815824265e-03 2.310767874597810945e+01 5.033774537696706491e-02 9.987314243274052483e-01 1.285865979045513032e-03 1.733953873106712784e+00 2.246097785804172450e-03 -1.400701868805868033e-03 9.999964965333685285e-01 -8.184476120213297623e-01
9.987299935569230458e-01 -5.030484779712533078e-02 -2.796829972743392154e-03 2.374980363210901757e+01 5.030867256516654423e-02 9.987328520961114009e-01 1.314385292703674395e-03 1.800454599076407369e+00 2.727166023409659679e-03 -1.453420818232445963e-03 9.999952250553029165e-01 -8.369346664165238092e-01
9.987009382508788002e-01 -5.090847899839049534e-02 -2.182361767614842633e-03 2.438667926093303606e+01 5.091052873319364819e-02 9.987028179304021647e-01 8.941599300800866798e-04 1.825213730057672512e+00 2.134010525038832710e-03 -1.004103552593701596e-03 9.999972188837000786e-01 -8.550977294855606203e-01
9.987008938770622901e-01 -5.094494043534106981e-02 -1.066589516291875303e-03 2.501603463419602136e+01 5.094593328628196222e-02 9.987009840860695542e-01 9.253470192402676658e-04 1.862508514525748504e+00 1.018062250759364795e-03 -9.784832936025841289e-04 9.999990030593519652e-01 -8.864866294906581512e-01
9.987312454729551092e-01 -5.033017602942279484e-02 1.665141701825660929e-03 2.566978435472668352e+01 5.032601480973409452e-02 9.987298306425178573e-01 2.453083394008600052e-03 1.923640217499772875e+00 -1.786490808895442985e-03 -2.366171087400848957e-03 9.999956048328286773e-01 -9.125206003122457998e-01
9.987601577936539021e-01 -4.959622815720907130e-02 4.285015352793696691e-03 2.633135925933580879e+01 4.958612623261567098e-02 9.987668892588561498e-01 2.432489554123773694e-03 2.012392903957577417e+00 -4.400373761252551405e-03 -2.216996338715750917e-03 9.999878607453169810e-01 -9.333780466967219747e-01
9.987946639157428974e-01 -4.882049009052384647e-02 5.077310386343581936e-03 2.700085149535325968e+01 4.881159733758458352e-02 9.988062699107451703e-01 1.860954684328570540e-03 2.082344177711924704e+00 -5.162102167888094062e-03 -1.610879978360243037e-03 9.999853787765616842e-01 -9.643469515980758189e-01
9.988106081406221692e-01 -4.852814845268449417e-02 4.731582559224774796e-03 2.767097652835453658e+01 4.852192627595711127e-02 9.988211066190012533e-01 1.421141394908731481e-03 2.121095275860723106e+00 -4.794969888448442040e-03 -1.189865600795293309e-03 9.999877961673436788e-01 -9.827188259555431626e-01
9.988703868080784920e-01 -4.746868455754790772e-02 2.162023185724796116e-03 2.838947308564247152e+01 4.746470641902325593e-02 9.988711920761462748e-01 1.855609046782320890e-03 2.186536715960131882e+00 -2.247665997325036611e-03 -1.750893130542477763e-03 9.999959411771679463e-01 -1.020625569603813787e+00
9.989245018312008506e-01 -4.636596203429351609e-02 -1.928883656573215336e-04 2.907175496171863216e+01 4.636631477080580682e-02 9.989208294015763379e-01 2.709509594260417920e-03 2.261735096489161823e+00 6.705118722529359676e-05 -2.715539044331141075e-03 9.999963106691128756e-01 -1.046691332368253846e+00
9.989566252329228346e-01 -4.558174792499580796e-02 -2.822261389705380333e-03 2.978982426098130531e+01 4.558995323797676580e-02 9.989559854983471876e-01 2.914652772632916194e-03 2.309497096649631764e+00 2.686459939916029105e-03 -3.040278462257174803e-03 9.999917697860634114e-01 -1.070323925588344993e+00
9.990167818525638177e-01 -4.413961589417303433e-02 -4.142932012696944402e-03 3.050003568874223703e+01 4.415049778633035882e-02 9.990215781253484195e-01 2.572933181710672888e-03 2.345930280296631310e+00 4.025310195028445476e-03 -2.753315937769767324e-03 9.999881079938803818e-01 -1.078220023258726235e+00
9.991206232087116446e-01 -4.160007347305436781e-02 -5.235853900944617903e-03 3.123372663589756115e+01 4.161375431842079947e-02 9.991305652006370330e-01 2.531626627620831970e-03 2.417097772285640378e+00 5.125985813643388345e-03 -2.747283911801348937e-03 9.999830882072687777e-01 -1.111253597280152494e+00
9.992570675008949355e-01 -3.846848568638872728e-02 -2.342788617880350345e-03 3.194919868704736388e+01 3.847974850139716102e-02 9.992470268270113865e-01 4.968735517947956391e-03 2.487645467938374821e+00 2.149884829749470865e-03 -5.055193999660186586e-03 9.999849113905892040e-01 -1.139504077344329902e+00
9.993668600565877025e-01 -3.555046474723434075e-02 1.429502323308078906e-03 3.266777627841784692e+01 3.554025241548611908e-02 9.993462703008213488e-01 6.627404777232019997e-03 2.551794819121061320e+00 -1.664175135082926775e-03 -6.572403829147499890e-03 9.999770167503982954e-01 -1.167804186207072714e+00
9.994277471416700420e-01 -3.340790587418072943e-02 5.300006455467614480e-03 3.340474218938935991e+01 3.337907406781050190e-02 9.994279678952298074e-01 5.438235300833053378e-03 2.595269975622763070e+00 -5.478654734671474166e-03 -5.258213947100953516e-03 9.999711673485315311e-01 -1.172036381730365839e+00
9.995099294295334280e-01 -3.090270026266044717e-02 4.992403053164883378e-03 3.414406169680253100e+01 3.089299937907689225e-02 9.995206789508427336e-01 2.008715761567969604e-03 2.618693314110039694e+00 -5.052084830388240896e-03 -1.853501044667268602e-03 9.999855203815423144e-01 -1.212632641549532764e+00
9.996291912633606946e-01 -2.698705652465478375e-02 3.630255403484879823e-03 3.488624101715015513e+01 2.698401501663314286e-02 9.996354741068611549e-01 8.842175824582572657e-04 2.696986930323592269e+00 -3.652794511269497231e-03 -7.859308405317420865e-04 9.999930196781237068e-01 -1.257195423756208852e+00
9.997135999822875929e-01 -2.378725269895062486e-02 2.623855844171896906e-03 3.559011976919019560e+01 2.378039700487491817e-02 9.997137894232092092e-01 2.613800944555683559e-03 2.731244597543276420e+00 -2.685280012450222235e-03 -2.550656018260896805e-03 9.999931416890474045e-01 -1.265746736375866766e+00
9.997895660047992905e-01 -2.050924714153748094e-02 4.410097759536131231e-04 3.632694591546198382e+01 2.050732460460538351e-02 9.997817255457672747e-01 3.993858070761751797e-03 2.788116532240823009e+00 -5.228245370069323781e-04 -3.983973696622370927e-03 9.999919272714595797e-01 -1.297703186481421911e+00
9.998404533571586539e-01 -1.779914981111283337e-02 -1.502696427454241904e-03 3.707150478911857050e+01 1.780808537785582776e-02 9.998224562397372006e-01 6.158578887521382397e-03 2.816398035944450928e+00 1.392812164837428429e-03 -6.184356453212308188e-03 9.999799067028962707e-01 -1.319437702427770587e+00
9.998896702152719751e-01 -1.479115926712329041e-02 -1.367115331374720326e-03 3.778277237808378430e+01 1.480074546358948334e-02 9.998638863680178179e-01 7.290176319238227641e-03 2.818269044912616206e+00 1.259099089318365056e-03 -7.309606321693344448e-03 9.999724917841016358e-01 -1.322784216779503863e+00
9.999380392977558207e-01 -1.081885503470932271e-02 -2.621057248082197567e-03 3.851633440319084656e+01 1.083472996503536713e-02 9.999225731770304826e-01 6.120153397651897226e-03 2.868009670690053081e+00 2.554641255547277640e-03 -6.148172636155406490e-03 9.999778366450385869e-01 -1.332752237513976867e+00
9.999616745091447489e-01 -6.081140556775357225e-03 -6.298352355650314871e-03 3.922577060820494665e+01 6.112633589419895833e-03 9.999688519450821156e-01 4.993080235280792679e-03 2.906762581970470549e+00 6.267792551503248780e-03 -5.031388393197046456e-03 9.999676994320206846e-01 -1.369084200532968199e+00
9.999608674330371372e-01 -2.069018219336318364e-03 -8.601323513038871063e-03 3.993108107407226015e+01 2.128299739525666995e-03 9.999740076778678155e-01 6.888708796443704721e-03 2.893738538643007008e+00 8.586847080659812045e-03 -6.906745418177817619e-03 9.999392796189885413e-01 -1.389925458912066647e+00
9.999596549883008612e-01 3.074319515298903210e-03 -8.440198765198473480e-03 4.067278884112380410e+01 -2.994144137408197466e-03 9.999504341877647473e-01 9.495486748199459884e-03 2.926466234522393961e+00 8.468972580108501125e-03 -9.469832481024136397e-03 9.999192961315521710e-01 -1.424104269257121080e+00
9.999442316750550841e-01 7.974755879080606957e-03 -6.923641271245848175e-03 4.136580679888118084e+01 -7.899201848873011605e-03 9.999096961308077125e-01 1.087208322938128593e-02 2.954264267793877963e+00 7.009718249301516782e-03 -1.081678567158016191e-02 9.999169270483425631e-01 -1.432750706830461684e+00
9.998994951041899615e-01 1.247822614251816592e-02 -6.730049236242925496e-03 4.206585104070327219e+01 -1.240167032025412883e-02 9.998592504431346173e-01 1.129946355189991383e-02 2.936888105367068569e+00 6.870099246284990836e-03 -1.121486404862595890e-02 9.999135105401452117e-01 -1.464177304470100749e+00
9.998116464508850498e-01 1.868563918070290097e-02 -5.245808763102525855e-03 4.276756824756409259e+01 -1.861632511795376088e-02 9.997426383871798050e-01 1.296493076507789464e-02 2.963281651421524554e+00 5.486716711577748103e-03 -1.286483109291373418e-02 9.999021912470628104e-01 -1.463990212816967507e+00
9.996956775367749071e-01 2.453088661437315132e-02 -2.605362969218759893e-03 4.344224389321043134e+01 -2.449370782430602272e-02 9.996094495077109121e-01 1.345387423415962160e-02 2.962617156860182899e+00 2.934380906790746112e-03 -1.338596491866844880e-02 9.999060982671773568e-01 -1.476830133795698607e+00
9.995078266841745940e-01 3.134182560298786474e-02 1.339539081153423008e-03 4.412560001841998059e+01 -3.135656001234033569e-02 9.994244226010590149e-01 1.294564222942990589e-02 3.006219818218029083e+00 -9.330280116598458576e-04 -1.298127406735542083e-02 9.999153044044868377e-01 -1.507655500101377832e+00
9.992760248138781165e-01 3.767496897253604787e-02 5.293670285556852789e-03 4.483799147677521546e+01 -3.773638687462469582e-02 9.992153693158990491e-01 1.202542425613761963e-02 2.968021853514126729e+00 -4.836459223687724143e-03 -1.221648213725606662e-02 9.999136793875598173e-01 -1.516932266916284355e+00
9.990189606687269741e-01 4.371908421080186735e-02 7.053927994050749467e-03 4.553151278419278469e+01 -4.379364275608273183e-02 9.989823695025085160e-01 1.078620773516683617e-02 2.957976299904911510e+00 -6.575186577507932326e-03 -1.108454324374194555e-02 9.999169464623292036e-01 -1.556148050211775491e+00
9.987570824902025635e-01 4.938195619629730249e-02 6.761107741020311659e-03 4.623294476530171693e+01 -4.944680500859290062e-02 9.987288160868476039e-01 9.785979368763429720e-03 2.938197590996670883e+00 -6.269262325098692162e-03 -1.010813137976779644e-02 9.999292585127752542e-01 -1.582060753902078343e+00
9.984797664853949373e-01 5.481360553900453680e-02 5.798669423726384060e-03 4.691322091333903188e+01 -5.487077558526752552e-02 9.984412830305164910e-01 1.020795410683503213e-02 2.918399059697847964e+00 -5.230096169522879292e-03 -1.051061312152871269e-02 9.999310841782382830e-01 -1.598390331469780934e+00
9.981773013837621500e-01 6.023735213884730960e-02 3.679185987507567653e-03 4.761636659709397179e+01 -6.027168589892061695e-02 9.981312198742836594e-01 1.006934909397408894e-02 2.916671763814488560e+00 -3.065759470672599352e-03 -1.027274644751685097e-02 9.999425342484902224e-01 -1.631137042014087823e+00
9.978427778111265134e-01 6.561803667974883125e-02 2.015944560262758044e-03 4.832426720701797507e+01 -6.563559301322277606e-02 9.977890597178451504e-01 1.043844994149687594e-02 2.881997090272899520e+00 -1.326536836087018317e-03 -1.054824960236026149e-02 9.999434857682452105e-01 -1.646097132076810965e+00
9.975225592022121113e-01 7.032247610415569283e-02 1.869020398391413058e-03 4.898975162524489946e+01 -7.033890483717646080e-02 9.974619700155894497e-01 1.104793369485554747e-02 2.860398819361407163e+00 -1.087358715322045161e-03 -1.115202794112985299e-02 9.999372229914358368e-01 -1.681240619129179770e+00
9.971397173748897114e-01 7.544048906183702108e-02 4.595284935232540544e-03 4.967911609093892622e+01 -7.548602701545896465e-02 9.970893629729740137e-01 1.070803303927330384e-02 2.846343532287841427e+00 -3.774090479377231397e-03 -1.102428484118665904e-02 9.999321083877614758e-01 -1.696576585515085167e+00
9.967326343151194923e-01 8.061175158235367455e-02 5.079487972927497832e-03 5.036504730330982227e+01 -8.065389672465392290e-02 9.967039821899863483e-01 8.724725196371170208e-03 2.807967873033773376e+00 -4.359430509948804613e-03 -9.105898827037149992e-03 9.999490376875116437e-01 -1.717518405087064437e+00
9.962897867422364495e-01 8.595729222009478032e-02 4.243200124712093874e-03 5.105869093204093190e+01 -8.597974338281023921e-02 9.962821037815702274e-01 5.427099814333455167e-03 2.782734128240666127e+00 -3.760925542366103016e-03 -5.771793374495762415e-03 9.999762706386121636e-01 -1.743494033721332492e+00
9.959855045181310595e-01 8.950201515145077280e-02 1.504683884894023223e-03 5.175187776581606869e+01 -8.950607546630472144e-02 9.959820794341671668e-01 2.891349271982126146e-03 2.709513218490824826e+00 -1.239856598218749828e-03 -3.014420312747505704e-03 9.999946879987883230e-01 -1.769201161099349218e+00
