1.000000000000000000e+00 0.000000000000000000e+00 0.000000000000000000e+00 0.000000000000000000e+00 0.000000000000000000e+00 1.000000000000000000e+00 0.000000000000000000e+00 0.000000000000000000e+00 0.000000000000000000e+00 0.000000000000000000e+00 1.000000000000000000e+00 0.000000000000000000e+00
9.999999383849531576e-01 2.452305367488838189e-04 2.511813562861943470e-04 -1.882447254466217829e-02 -2.452709845761980923e-04 9.999999569586022208e-01 1.610122287502927787e-04 1.058719617684153805e-02 -2.511418603597180663e-04 -1.610738263280802555e-04 9.999999554914932309e-01 2.959496322724185311e-03
9.999998377728346322e-01 2.088618347712415703e-04 5.299349379602564733e-04 -1.447614236500659873e-02 -2.085438364317482437e-04 9.999997982218050696e-01 -6.000548452772698754e-04 1.529704469333678478e-02 -5.300601595868892259e-04 5.999442332670517665e-04 9.999996795515208037e-01 8.446388933798242710e-03
9.999999351027953898e-01 3.484063485467902232e-04 9.169199175043879838e-05 -8.703864736805445174e-03 -3.483498635557322610e-04 9.999997500128812167e-01 -6.153263748995623731e-04 1.713790302202874635e-02 -9.190635244406524917e-05 6.152943940737852762e-04 9.999998064829968003e-01 -3.530725859118724261e-03
9.999999821238745312e-01 1.791347600226380146e-04 6.052262625854376961e-05 -6.604208832960237543e-03 -1.791382159600506693e-04 9.999999823244885011e-01 5.710098235314371436e-05 1.029912431774054893e-04 -6.051239641800451439e-05 -5.711182324769256658e-05 9.999999965382447842e-01 -5.930946036546242903e-03
9.999999929506835361e-01 -6.680812562821682871e-05 -9.815960070688030880e-05 -7.895549378964540274e-03 6.680358651181650767e-05 9.999999966993516898e-01 -4.624475626563853226e-05 -2.006474078194665431e-03 9.816268990837623656e-05 4.623819852626682352e-05 9.999999941130576220e-01 -6.157254430296590919e-03
9.999999698136836646e-01 -3.573915525743165113e-05 2.430953404449760053e-04 -2.175480575302870048e-03 3.565720288807056889e-05 9.999999425405936559e-01 3.371162607231951384e-04 6.455202122490337480e-03 -2.431073747272438656e-04 -3.371075824470216127e-04 9.999999136286373824e-01 -7.857421082174253363e-05
9.999999373362469246e-01 2.350883184108605540e-04 2.646903563898672586e-04 -3.310762972335543758e-03 -2.350950058088809350e-04 9.999999720467874775e-01 2.523415529693361347e-05 1.504149589018168726e-02 -2.646844167357861812e-04 -2.529638109653976560e-05 9.999999646511257279e-01 2.372759364283433606e-03
9.999999268759864890e-01 3.622901698651578308e-04 -1.224493960499030843e-04 -1.336400730091803421e-02 -3.622971038385988294e-04 9.999999327680660910e-01 -5.660982017925496296e-05 1.817982006482917606e-02 1.224288786360245879e-04 5.665417910127337303e-05 9.999999909007367682e-01 -7.055664716385562536e-03
9.999999799164702718e-01 1.736499401117633701e-04 1.000637659786380419e-04 -2.500701386573610935e-03 -1.736301183160051081e-04 9.999999653111623088e-01 -1.980662925829996548e-04 -1.693495789555604647e-03 -1.000981567073874935e-04 1.980489145216033958e-04 9.999999753784929446e-01 -2.255043359946341808e-03
9.999999208686751739e-01 1.826840928813495990e-04 3.533966122637892718e-04 -1.729131745519093405e-02 -1.826600691941495584e-04 9.999999810049370330e-01 -6.801047436048338285e-05 1.280294370147590927e-02 -3.534090299828133281e-04 6.794591752907535524e-05 9.999999352427028088e-01 1.380730883867170794e-03
9.999998687224304073e-01 7.336130967164552227e-05 5.071225100554691478e-04 -1.720391699486234494e-02 -7.327962825993146587e-05 9.999999843408423628e-01 -1.610851052545665576e-04 6.739032889693692685e-04 -5.071343195286478036e-04 1.610479223586863272e-04 9.999998584391642797e-01 5.252140798973561550e-03
9.999999984105822914e-01 4.444722339280896093e-05 3.468832277948068541e-05 -5.536151095857233181e-03 -4.446661996264108347e-05 9.999998425657299350e-01 5.593668161937587896e-04 -1.209898694994894150e-03 -3.466345501651201417e-05 -5.593683577771574843e-04 9.999998429527302557e-01 -5.951313484921259139e-03
9.999999996088001497e-01 2.576066981126456945e-05 1.089897160839820511e-05 1.568880914202979739e-03 -2.575997485642068073e-05 9.999999976356274134e-01 -6.375867727069146928e-05 3.204051033591055579e-03 -1.090061404886174973e-05 6.375839648851450061e-05 9.999999979080217427e-01 -7.364690356631429374e-03
9.999998509682691550e-01 3.829637908839417780e-04 -3.891043232930161983e-04 -9.192628994452702040e-03 -3.831559710594933271e-04 9.999998046026555842e-01 -4.939495445210265049e-04 9.331704744722857728e-03 3.889150824729895777e-04 4.940985585517057533e-04 9.999998023058169760e-01 7.700184534851597581e-03
9.999972255931607323e-01 1.540273577040377438e-04 -2.350549202688435868e-03 -5.914628688054184708e-03 -1.555763030853279558e-04 9.999997708872359059e-01 -6.588030734236223398e-04 1.323700979196991249e-02 2.350447190450964327e-03 6.591669353910442272e-04 9.999970204440392640e-01 -6.547123646197056113e-03
9.999952351148062579e-01 2.538755851887897100e-04 -3.076571934896929136e-03 5.822231850256136959e-03 -2.552161389546499823e-04 9.999998726697458817e-01 -4.353449373665229413e-04 2.460522992898681385e-03 3.076461019705509746e-03 4.361280538083173760e-04 9.999951725783055023e-01 -4.236734095268260974e-03
9.999934024089948137e-01 2.338589072037161305e-04 -3.624975654208255609e-03 3.943924796362401064e-03 -2.357389391690278238e-04 9.999998379404849702e-01 -5.182143921676712981e-04 1.519243344150444930e-02 3.624853877695009916e-03 5.190655211162954925e-04 9.999932954801997731e-01 -1.143085928069041343e-02
9.999949980889379919e-01 1.651677852855235444e-05 -3.162834851980401377e-03 2.158792011191443955e-02 -1.560806621127527305e-05 9.999999585978054384e-01 2.873339096526667446e-04 3.402470978727981793e-03 3.162839466862646821e-03 -2.872831066982205108e-04 9.999949569447454945e-01 -9.587975796260153616e-03
9.999964083142858229e-01 2.146141733597729773e-04 -2.671572436723454805e-03 4.544690332009571065e-02 -2.129057894402347224e-04 9.999997727047574836e-01 6.397355377480186400e-04 1.176156738732524187e-02 2.671709125801352384e-03 -6.391644467803395124e-04 9.999962267124596904e-01 -4.002180470974352547e-03
9.999962767941320552e-01 1.717741998123370852e-04 -2.723397051076163929e-03 7.133317155422212730e-02 -1.705441290406947816e-04 9.999998833534290421e-01 4.518936029495096885e-04 1.537857013686411839e-02 2.723474357063283488e-03 -4.514274610784877405e-04 9.999961894430767773e-01 -3.694579304695544755e-03
9.999939997615140408e-01 -1.514683005609632779e-04 -3.460852253865339713e-03 9.752144112916333318e-02 1.498253786292811902e-04 9.999998759777635193e-01 -4.749703291759408059e-04 7.653243655230594286e-03 3.460923767591279898e-03 4.744489557413766466e-04 9.999938984338171410e-01 -1.151291931746819576e-02
9.999944407291486703e-01 2.955983915192396611e-04 -3.321314858320969544e-03 1.277781640969683774e-01 -2.972469096753883270e-04 9.999998328823750393e-01 -4.958623768063257419e-04 2.423651411931255703e-02 3.321167727149719646e-03 4.968468707507628411e-04 9.999943614781611201e-01 -2.243370544707336267e-03
9.999934196401020214e-01 -3.538623211284335586e-04 -3.610465060419073592e-03 1.534287292805756875e-01 3.527014709841475937e-04 9.999998859087914083e-01 -3.221553608350648116e-04 6.090068442955939854e-04 3.610578647140500613e-03 3.208798245991007414e-04 9.999934303574053995e-01 -1.929277943292355760e-03
9.999877853011277518e-01 2.760719179139000881e-05 -4.942518223388438735e-03 1.947234595018853542e-01 -2.964046706199316059e-05 9.999999149720607550e-01 -4.113116991630385872e-04 2.358042297011925248e-02 4.942506447975335802e-03 4.114531736630943140e-04 9.999877010925172227e-01 -1.478374227639420342e-02
9.999839276344244521e-01 -1.763079862360098014e-04 -5.666867593666466592e-03 2.469457455907322352e-01 1.727793178521741806e-04 9.999997909046794975e-01 -6.231676376148277902e-04 1.987940623947248575e-02 5.666976278182246120e-03 6.221785043195488278e-04 9.999837490048382183e-01 -9.437905068001340575e-03
9.999798746341136413e-01 -4.251389806029082620e-04 -6.330053995786020030e-03 3.012642046433109400e-01 4.191254124966259506e-04 9.999994596819929971e-01 -9.512989071377808518e-04 1.655480177111365303e-02 6.330455009791489257e-03 9.486266754070975943e-04 9.999795125135313434e-01 -8.531133457722914031e-04
9.999733777637127563e-01 -3.785553130839573429e-04 -7.287006223817559490e-03 3.667186720630638552e-01 3.744274245018941244e-04 9.999997686874770864e-01 -5.678284038405134780e-04 2.419835074589320872e-02 7.287219492700958319e-03 5.650848320058625201e-04 9.999732881988387945e-01 -6.822003041299087508e-03
9.999712225253305498e-01 -6.604035300783201584e-04 -7.557644366691116354e-03 4.477262202553272674e-01 6.568324480654258966e-04 9.999996714801807629e-01 -4.749849109338078954e-04 2.406895881753083610e-02 7.557955565567069621e-03 4.700071360165835634e-04 9.999713277894326513e-01 -9.262564252556960628e-03
9.999683261971352710e-01 -1.032976750761062596e-03 -7.891740082647921012e-03 5.271369474916908215e-01 1.029640196029637687e-03 9.999993788233171310e-01 -4.268419455869695801e-04 2.401737291704263491e-02 7.892176098289037378e-03 4.187027730736181050e-04 9.999687686345115623e-01 -1.553595944383056107e-02
9.999692013315718553e-01 -1.461079200286946860e-03 -7.711137132022811806e-03 6.296990717498021084e-01 1.460736584785973357e-03 9.999989318705861940e-01 -5.006312485827506411e-05 3.141507036620445198e-02 7.711202041720858873e-03 3.879764286164477134e-05 9.999702674868962138e-01 -5.730228918048280162e-03
9.999657909352355212e-01 -1.887035666582123497e-03 -8.053325751626871920e-03 7.334621365176253738e-01 1.885821169575056236e-03 9.999982092927042210e-01 -1.583979211070566306e-04 2.261816736308186818e-02 8.053610233004333818e-03 1.432053702744130004e-04 9.999675589010059706e-01 -1.396410559324550923e-02
9.999648343038310960e-01 -2.084709401323982421e-03 -8.123062379646939224e-03 8.535298895984483325e-01 2.081268868461972309e-03 9.999977408533994305e-01 -4.319814747846061715e-04 3.556960489527524749e-02 8.123944584299859495e-03 4.150600070079794564e-04 9.999669140774517517e-01 -1.563523202074016891e-02
9.999649786510600435e-01 -2.682517781735806010e-03 -7.927519772013502664e-03 9.764968200561281453e-01 2.680664256944790234e-03 9.999963771411295443e-01 -2.444253614918858960e-04 3.494680470849078485e-02 7.928146727106684388e-03 2.231657824869515854e-04 9.999685468486031459e-01 -1.989017967452474597e-02
9.999710137323524206e-01 -2.721649956191762518e-03 -7.110859062554045033e-03 1.116596300785684504e+00 2.722274207780005228e-03 9.999962915540305808e-01 7.811097173635095424e-05 5.507062230977258221e-02 7.110620101594611851e-03 -9.746641581196757232e-05 9.999747144713553304e-01 -1.333290981261832549e-02
9.999699369933818804e-01 -3.136876364569109090e-03 -7.091199907301092183e-03 1.250741379489319849e+00 3.134355215922857412e-03 9.999950206921323081e-01 -3.666174058938115798e-04 6.800201721407793387e-02 7.092314631508990670e-03 3.443800448557109758e-04 9.999747899200021051e-01 -1.304896634555408053e-02
9.999656625488264616e-01 -3.666294204462374612e-03 -7.431824143021297131e-03 1.404109295718503736e+00 3.667677317251237697e-03 9.999932591730645859e-01 1.724863140083705631e-04 6.710993123029383722e-02 7.431141660807536777e-03 -1.997379241031445264e-04 9.999723687374459935e-01 -2.232247481888570070e-02
9.999706183761203349e-01 -3.885341915711798544e-03 -6.608063458943570605e-03 1.561324144428254179e+00 3.886221301513687748e-03 9.999924413843013227e-01 1.202425068450370556e-04 7.007854434388141596e-02 6.607546327879476773e-03 -1.459193709008273275e-04 9.999781592810225161e-01 -1.941764327611601032e-02
9.999720629923141146e-01 -4.515183407917490455e-03 -5.957042360792623274e-03 1.745118140334675827e+00 4.517506835802771736e-03 9.999897250872112897e-01 3.766324363575482476e-04 8.474775971452033763e-02 5.955280588174362809e-03 -4.035328939603263494e-04 9.999821857384858514e-01 -1.391078375730325951e-02
9.999695997103692502e-01 -5.133920715650754085e-03 -5.868774418001850360e-03 1.927384042317067170e+00 5.145769183389969567e-03 9.999847492260933723e-01 2.005585884107532677e-03 9.225511007188189061e-02 5.858388395732655810e-03 -2.035724272260197934e-03 9.999807673710989775e-01 -7.498894357344464655e-03
9.999659617262499633e-01 -5.444558309333968546e-03 -6.199368815631540845e-03 2.142960645149433407e+00 5.464616808748356744e-03 9.999798741325651719e-01 3.223242614619559535e-03 1.175398300332862883e-01 6.181694915596151578e-03 -3.257010076038610591e-03 9.999755889687182986e-01 -1.946983043294474996e-02
9.999660571716301183e-01 -5.990339913033332006e-03 -5.656883625321286642e-03 2.342747410258072538e+00 6.019094147134982156e-03 9.999689826812789839e-01 5.079781591365008404e-03 1.318901189725269762e-01 5.626278545542665911e-03 -5.113658484330491603e-03 9.999710973256344948e-01 -1.452731788984105640e-02
9.999609990231398404e-01 -6.743606447525191463e-03 -5.702999625203743206e-03 2.576520615650102375e+00 6.773297268047193120e-03 9.999635250242903117e-01 5.202986172788533203e-03 1.323221807816986895e-01 5.667704717329739850e-03 -5.241411363026271877e-03 9.999702019211176296e-01 -1.748863637002210508e-02
9.999604291457749872e-01 -7.244753090729397563e-03 -5.162721690346753177e-03 2.804421176519411585e+00 7.275908726210188540e-03 9.999552783861451744e-01 6.041719945072873341e-03 1.434111434172077038e-01 5.118720035855489799e-03 -6.079044360851446407e-03 9.999684214638246971e-01 -1.646311727485005871e-02
9.999576499343237890e-01 -7.767988294755864657e-03 -4.935250315522151342e-03 3.045668898503440580e+00 7.799796175383180534e-03 9.999487221085046063e-01 6.458818250350506669e-03 1.571814683072847163e-01 4.884825221725290663e-03 -6.497038665508982243e-03 9.999669629398423298e-01 -1.798084629442855270e-02
9.999558411898077370e-01 -8.517592328372375343e-03 -3.970678948442821730e-03 3.299841166271110016e+00 8.543565159233341283e-03 9.999419147402895947e-01 6.570741198168861263e-03 1.661463491842948559e-01 3.914481415703631277e-03 -6.604374796377886908e-03 9.999705291001306229e-01 -1.500294511633442490e-02
9.999438908515285718e-01 -9.186416579374918900e-03 -5.274931197324177895e-03 3.576205747654327194e+00 9.212646172528517197e-03 9.999452120233587316e-01 4.969919723683731590e-03 1.708892946730696805e-01 5.228986441569143800e-03 -5.018236940425443819e-03 9.999737371545333042e-01 -2.578267183759069131e-02
9.999196301779289531e-01 -9.868142127850282330e-03 -7.959457002734754774e-03 3.843467077041722302e+00 9.906555998056627843e-03 9.999394020391834115e-01 4.801291261490463029e-03 1.710516751723132334e-01 7.911594851305587747e-03 -4.879756189077781060e-03 9.999567963899460565e-01 -1.801377141184089953e-02
9.998775751835301540e-01 -1.045745807354513980e-02 -1.163942506072112096e-02 4.123809504570605355e+00 1.048595353313372565e-02 9.999421650159355801e-01 2.389853916984999160e-03 1.932864803702759871e-01 1.161376009761944453e-02 -2.511611809896936373e-03 9.999294036993368051e-01 -1.575247630302181040e-02
9.998195744491589210e-01 -1.074093694066942037e-02 -1.566687020241615269e-02 4.421641064645045027e+00 1.071700412225273791e-02 9.999412739029146513e-01 -1.610766295832977276e-03 2.087326288201319935e-01 1.568325128748532249e-02 1.442573759894682931e-03 9.998759696132319963e-01 -2.013149419547252683e-02
9.997792259294003836e-01 -1.072335359082384962e-02 -1.806956246772764563e-02 4.712252827551762557e+00 1.065433492085657644e-02 9.999355903473640117e-01 -3.911560310529817695e-03 2.144522888650702008e-01 1.811034365778745742e-02 3.718177569033156559e-03 9.998290806973769707e-01 -1.962462584278899802e-02
9.997439562616993181e-01 -1.174993001562131371e-02 -1.933807288313335940e-02 5.025467034605498817e+00 1.161688513313965075e-02 9.999081737884190080e-01 -6.977963235239369004e-03 2.101858437392366552e-01 1.941828772082686630e-02 6.751528400067250725e-03 9.997886511489587624e-01 -1.655353047073938877e-02
9.997261042532586961e-01 -1.195441907940916065e-02 -2.011984938006164750e-02 5.338281030140128891e+00 1.176406332515031114e-02 9.998851668161319317e-01 -9.553009743417554406e-03 2.211970524519747405e-01 2.023173963564088226e-02 9.313702032480723064e-03 9.997519350647768865e-01 -1.879655174024861403e-02
9.997302681552294734e-01 -1.196302523211131841e-02 -1.990670644704430753e-02 5.667264135343836884e+00 1.171969044253796943e-02 9.998557200178485038e-01 -1.229585310260753600e-02 2.469034358626570058e-01 2.005092990871026187e-02 1.205923608217730758e-02 9.997262300424603065e-01 -7.601327905695950266e-03
9.997054079764282619e-01 -1.272465214969532507e-02 -2.066834512853627653e-02 5.993737770222825390e+00 1.247411630585970599e-02 9.998476964724420935e-01 -1.220574787300112915e-02 2.619922972717266818e-01 2.082051116257523787e-02 1.194433281605300490e-02 9.997118781071416826e-01 -5.858147968851286705e-03
9.997307452661473581e-01 -1.327195625464222713e-02 -1.903397348870044734e-02 6.335674464211697554e+00 1.310499545429614880e-02 9.998747850331501930e-01 -8.869799831707957105e-03 2.715713070756232139e-01 1.914930974569490144e-02 8.617971460068332701e-03 9.997794929404067998e-01 -1.917587603082784517e-02
9.998396885376770182e-01 -1.415883452420980439e-02 -1.096013821979207638e-02 6.697029547827418661e+00 1.410996470221931483e-02 9.998902177109358913e-01 -4.523430344258796976e-03 3.030055188997671789e-01 1.102298149245599899e-02 4.368058023112882451e-03 9.999297045033334053e-01 -1.023542224553392055e-02
9.998697601244148636e-01 -1.613424518463742185e-02 3.859029245260196307e-04 7.065738672611595383e+00 1.613501666074136642e-02 9.998676432627123800e-01 -2.087389189156719626e-03 3.235189498724712065e-01 -3.521733987004035883e-04 2.093343877965082259e-03 9.999977469401147845e-01 -2.132406070440020021e-02
9.997580312227015709e-01 -1.751566175369178788e-02 1.330716344823392600e-02 7.426785215980684640e+00 1.754029822192612956e-02 9.998446484734967443e-01 -1.736910243959632373e-03 3.637109931539126428e-01 -1.327467302774909541e-02 1.969901581281561977e-03 9.999099472171313341e-01 -3.188481347890342876e-02
9.995781868871702613e-01 -1.946254888376039785e-02 2.155591543647925740e-02 7.796282618793278552e+00 1.956766892006371952e-02 9.997975980401176965e-01 -4.676460867586661706e-03 3.694990915567040179e-01 -2.146053662870945483e-02 5.096287291600995646e-03 9.997567070159866232e-01 -3.731096912482974315e-02
9.995495392656525979e-01 -2.064934050971800605e-02 2.177896439997390257e-02 8.176819113257590033e+00 2.083984818480812823e-02 9.997462077467611508e-01 -8.556916711300882258e-03 3.777646257327643142e-01 -2.159674238064067733e-02 9.006932468033157849e-03 9.997261904571973501e-01 -3.953296159097122175e-02
9.995850747775503198e-01 -2.159859002863666333e-02 1.905726084026796927e-02 8.553239479480851060e+00 2.177396698843341027e-02 9.997220150834492669e-01 -9.043612059032930806e-03 4.082096905677375931e-01 -1.885663393996251172e-02 9.454811804713546264e-03 9.997774921902331524e-01 -3.802562283240921992e-02
9.995535759805579401e-01 -2.344736481355641153e-02 1.851674452432045329e-02 8.945753691241156602e+00 2.357125206877000098e-02 9.997010227727005649e-01 -6.500857107095657506e-03 4.134047746522088729e-01 -1.835878047119308618e-02 6.934417821011862673e-03 9.998074159702428076e-01 -3.472838996102768638e-02
9.995412085619496123e-01 -2.479317551597965547e-02 1.739743758003053919e-02 9.341094603155189802e+00 2.485524992494683727e-02 9.996854110367421331e-01 -3.360879567665206284e-03 4.518595841231561328e-01 -1.730863766116970404e-02 3.791755284000564337e-03 9.998430045032973279e-01 -3.838631454565138296e-02
9.995858729111383179e-01 -2.585253647270948502e-02 1.263839524642592499e-02 9.731761700168860330e+00 2.586596842002066021e-02 9.996650143163726687e-01 -9.004607381487602768e-04 4.831103239280619133e-01 -1.261088237087911595e-02 1.226992165288428660e-03 9.999197268461375021e-01 -5.544797804079773518e-02
9.996246299239046618e-01 -2.696397772328964007e-02 4.852128897157775844e-03 1.015640202444191864e+01 2.695235181454930587e-02 9.996337275630233776e-01 2.445700333221946868e-03 5.017996326794843531e-01 -4.916297505384928379e-03 -2.314006005416021326e-03 9.999852375885582845e-01 -7.625220326425422024e-02
9.996073476153599646e-01 -2.801922689057712371e-02 -2.711417328233333454e-04 1.056570303167085711e+01 2.801993559262227693e-02 9.996025222453488457e-01 3.111387170081859367e-03 5.272618751852400365e-01 1.838552969532241841e-04 -3.117762850380170411e-03 9.999951228641260625e-01 -9.304246118441658608e-02
9.995808554034207871e-01 -2.892661919298600282e-02 -1.167995303751966302e-03 1.101174122674544087e+01 2.892841860145712457e-02 9.995802773434001587e-01 1.554266164462714175e-03 5.743688538994903281e-01 1.122545404196223550e-03 -1.587402959269706548e-03 9.999981100200442397e-01 -9.947884409556152774e-02
9.995449606559854150e-01 -3.015918241213758066e-02 -5.434551094782300636e-04 1.148237009861476032e+01 3.016032157298068755e-02 9.995425941987989837e-01 2.226518571557963965e-03 5.751985108162969151e-01 4.760565502148338016e-04 -2.241896198870068583e-03 9.999973736323483076e-01 -9.346784456121415285e-02
9.995298416801009500e-01 -3.066070581192328892e-02 1.292674241778178916e-04 1.194247231752841465e+01 3.065964853467365026e-02 9.995168742274900264e-01 5.099420186477508256e-03 6.358622148910597627e-01 -2.855567939026215011e-04 -5.093059357857900905e-03 9.999869895172111001e-01 -9.648782274652799307e-02
9.994899797405244479e-01 -3.193347957789786223e-02 1.824289836537106176e-04 1.242173937274075435e+01 3.193193173415361658e-02 9.994739441212948661e-01 5.673337496396024630e-03 6.668866621359473834e-01 -3.635024228940979718e-04 -5.664618669481658216e-03 9.999838898508904839e-01 -9.723555926681684558e-02
9.994538508875133731e-01 -3.302316090158578105e-02 -1.212761389658406803e-03 1.291592166877442516e+01 3.302861420181434776e-02 9.994429194719354204e-01 4.791801469402520372e-03 6.742467656940184240e-01 1.053845352970504690e-03 -4.829240259340677674e-03 9.999877838496276095e-01 -1.003682094555690407e-01
9.994264059962705282e-01 -3.369795775715162672e-02 -3.362534813943917397e-03 1.341795582957404598e+01 3.370858060257155703e-02 9.994267271536243502e-01 3.154147231001544222e-03 7.262726125666185695e-01 3.254318843889963519e-03 -3.265684306867743057e-03 9.999893723009610769e-01 -1.064398743241468381e-01
9.993828418488188703e-01 -3.485361264008465798e-02 -4.377339844436248413e-03 1.392223393347443050e+01 3.486955703525940198e-02 9.993853138702680772e-01 3.620554182789915802e-03 7.446645380366790912e-01 4.248459761319353482e-03 -3.770955629632497495e-03 9.999838651114806298e-01 -1.097597901766860784e-01
9.993658464072725511e-01 -3.526592170558925932e-02 -4.921361694798556327e-03 1.446662655191184221e+01 3.528843900427026947e-02 9.993667377467013724e-01 4.566131640435611844e-03 8.326833361900516373e-01 4.757216341273394836e-03 -4.736903183635813794e-03 9.999774650665439468e-01 -1.178410441417147153e-01
9.993118117433239522e-01 -3.672355623543816644e-02 -5.223344493524896721e-03 1.500737695130082727e+01 3.675079775426678269e-02 9.993108349684929337e-01 5.218618495199132956e-03 8.477176972527233900e-01 5.028098517372701047e-03 -5.406989180317060828e-03 9.999727409751245633e-01 -1.207179127742022129e-01
9.992547993659957051e-01 -3.851580664213517802e-02 -2.525585621053115081e-03 1.557202971221889598e+01 3.852998391252583643e-02 9.992404481292654905e-01 5.828135390083095078e-03 8.641513760683569023e-01 2.299191972001318317e-03 -5.921103033244224691e-03 9.999798269240962600e-01 -1.192902263991739986e-01
9.992180093467956103e-01 -3.953946574656937857e-02 2.110694291155272182e-05 1.613829778356754119e+01 3.953906633127943909e-02 9.992100470988481975e-01 3.992995162559216139e-03 9.124819494668530151e-01 -1.789711648769926110e-04 -3.989038128847973395e-03 9.999920277402859492e-01 -1.193845379374018495e-01
9.991738414016756442e-01 -4.061986736721322905e-02 1.288810959389669964e-03 1.670989849992998799e+01 4.061766310132648022e-02 9.991733283663837284e-01 1.692727216602648785e-03 9.458950171885638358e-01 -1.356503890955720231e-03 -1.638980266108247801e-03 9.999977368178796233e-01 -1.376475599231159475e-01
9.991440740627662853e-01 -4.132784332551715789e-02 1.768793746844051287e-03 1.729313180512992787e+01 4.132647148677413840e-02 9.991453719764907815e-01 8.052405930597159554e-04 9.878579879498343708e-01 -1.800560943209508855e-03 -7.314533624054675789e-04 9.999981114763509815e-01 -1.456189811372223253e-01
9.990957707536233245e-01 -4.248802308601640904e-02 1.552016902469668686e-03 1.787789301576397349e+01 4.248366732139854246e-02 9.990934062993136466e-01 2.739251751736638488e-03 1.032008109961734421e+00 -1.666995245388728109e-03 -2.670839470427820769e-03 9.999950438594058522e-01 -1.488374219521942932e-01
9.990440629899521863e-01 -4.368781419672551625e-02 1.528101842441560330e-03 1.846337123065082153e+01 4.368113564212021405e-02 9.990368608818319673e-01 4.160407238464437080e-03 1.095137309088183963e+00 -1.708389166197306396e-03 -4.089680927353653989e-03 9.999901779099479304e-01 -1.419828886754476438e-01
9.989765243949974005e-01 -4.515527060885585198e-02 2.627783083178012510e-03 1.903692732684250188e+01 4.514184622128028512e-02 9.989682663651628935e-01 4.961503312033786750e-03 1.151280333278738466e+00 -2.849109935667661683e-03 -4.837802354586076201e-03 9.999842389962716460e-01 -1.517233795227106163e-01
9.988914317901407269e-01 -4.699245694656484229e-02 2.759798247676409702e-03 1.963336487863489310e+01 4.698615005025166824e-02 9.988928760951318875e-01 2.307333926999415551e-03 1.178087283005089470e+00 -2.865170099289662646e-03 -2.175103795384668998e-03 9.999935298409592388e-01 -1.665469845230025114e-01
9.988350830790658774e-01 -4.820377805600176840e-02 2.207394745664372371e-03 2.022024652043734960e+01 4.820303965472481217e-02 9.988374830576332020e-01 3.865321944302745386e-04 1.215132860347122090e+00 -2.223460923985862234e-03 -2.796787800776060818e-04 9.999974889974971859e-01 -1.680288415911582178e-01
9.988098811070251770e-01 -4.875172131941938464e-02 1.446053720935246492e-03 2.082340176528786557e+01 4.875392179622494576e-02 9.988096522871261485e-01 -1.527614990031886172e-03 1.279192761786987154e+00 -1.369858553918436132e-03 1.596297736594674789e-03 9.999977876580919967e-01 -1.745227719857989357e-01
9.987656613645782278e-01 -4.967038728449114926e-02 7.941023432718303751e-05 2.142910294468103061e+01 4.967044615820341569e-02 9.987636039690384049e-01 -2.027354242049429420e-03 1.323480359381804528e+00 2.138741853680799140e-05 2.028796142149340287e-03 9.999979417622777422e-01 -1.755158648814470479e-01
9.987363998835716572e-01 -5.023133158423147976e-02 -1.554630141673741302e-03 2.203826067040623471e+01 5.022913207335142488e-02 9.987367068084908039e-01 -1.422942194373414239e-03 1.377415512024414479e+00 1.624142469191214820e-03 1.343056441739590027e-03 9.999977791778510428e-01 -1.808156341173287052e-01
9.987016795602632335e-01 -5.088588869612313548e-02 -2.362535738378975392e-03 2.266100717997212755e+01 5.088394925204696440e-02 9.987041904153478589e-01 -8.739309696434764902e-04 1.428522330876456969e+00 2.403945095974473808e-03 7.525811785848462348e-04 9.999968273297397126e-01 -1.807098664166524593e-01
9.986615128538610664e-01 -5.161196012669959365e-02 -3.374657955624948621e-03 2.327167437376374082e+01 5.161210911434985227e-02 9.986672060027793618e-01 -4.298105013121397287e-05 1.473387276930447243e+00 3.372378568004594408e-03 -1.312496940812378542e-04 9.999943049019388575e-01 -1.849974197830717149e-01
9.986457409562493615e-01 -5.187783814475016575e-02 -3.920966637307141643e-03 2.389426447129621423e+01 5.187919814519724448e-02 9.986533374224271231e-01 2.458756986491707425e-04 1.515334661320772325e+00 3.902930918570519762e-03 -4.489593243582015074e-04 9.999922827531070313e-01 -1.857870959155254187e-01
9.986380783350928825e-01 -5.204743917016062954e-02 -3.612834762538968698e-03 2.453930376075604158e+01 5.204761749618479899e-02 9.986446032068854173e-01 -4.470719538304212653e-05 1.573286492796775571e+00 3.610264832919937630e-03 -1.433931341124751544e-04 9.999934726918197070e-01 -1.951461835581204396e-01
9.986687764155489644e-01 -5.152624012388548613e-02 -2.391984817253524614e-03 2.517818200626161484e+01 5.152608732541504033e-02 9.986716410183830162e-01 -1.255013296219904318e-04 1.633299622768459081e+00 2.395274014383604304e-03 2.084640717245632479e-06 9.999971313249105265e-01 -1.985718904889984815e-01
9.986755428122300327e-01 -5.145009223639251950e-02 2.195394369926833449e-04 2.584658302036500999e+01 5.144983508744233047e-02 9.986750289179342488e-01 1.049326087619545031e-03 1.680690823620899721e+00 -2.732364775813735341e-04 -1.036641032312019418e-03 9.999994253584336690e-01 -2.038629617875249156e-01
9.987062562531442422e-01 -5.076953952127701702e-02 2.875339567153030029e-03 2.650222773099668316e+01 5.076388238181352847e-02 9.987086654005208342e-01 2.007460942548864018e-03 1.730104712916416654e+00 -2.973544409344868172e-03 -1.858900402912653464e-03 9.999938512425652348e-01 -2.115257310718686168e-01
9.987089549372155650e-01 -5.059856618702889691e-02 4.495378519266441004e-03 2.717068189577154769e+01 5.059270546459248424e-02 9.987183764470507485e-01 1.408084067112335205e-03 1.780614984161678960e+00 -4.560864171143410618e-03 -1.178832805752401316e-03 9.999889043740577410e-01 -2.147876916630190591e-01
9.987479464025570408e-01 -4.986066838718445499e-02 4.056267330724077150e-03 2.786528560894457129e+01 4.985954529420868336e-02 9.987561680239082085e-01 3.775940326639884068e-04 1.846651809839401581e+00 -4.070049106562185354e-03 -1.748776199953624359e-04 9.999917020246158472e-01 -2.247540026104335453e-01
9.988125111996656313e-01 -4.867953109389723532e-02 1.967415435587192320e-03 2.853893825906453685e+01 4.867891585992960291e-02 9.988144141751208460e-01 3.594255306916951465e-04 1.915085662126563282e+00 -1.982579562032358092e-03 -2.632270664489688239e-04 9.999980000428959626e-01 -2.329027119566163539e-01
9.988548474727282356e-01 -4.784218975361954201e-02 -3.443251537367184858e-04 2.923743490527118638e+01 4.784267445874203911e-02 9.988536447017223319e-01 1.573202695227756114e-03 1.961319770263652451e+00 2.686649729064101129e-04 -1.587874574423587225e-03 9.999987032358933492e-01 -2.388365811163812302e-01
9.989002470904572162e-01 -4.676348077927027641e-02 -3.387215379976480246e-03 2.995732044057580623e+01 4.676942961088196432e-02 9.989042668966592320e-01 1.698831810567892793e-03 2.010746300282361787e+00 3.304060607235790020e-03 -1.855381646632103896e-03 9.999928203454507836e-01 -2.479889543260438978e-01
9.989514629357540976e-01 -4.547558712051960605e-02 -5.286366858312667276e-03 3.067998195128084760e+01 4.548874341840061786e-02 9.989619787961289132e-01 2.395650629224473343e-03 2.058109786158262455e+00 5.171935878522672912e-03 -2.633608886380068691e-03 9.999831574499152831e-01 -2.555298294445551011e-01
9.990607721201910651e-01 -4.298024716794313776e-02 -5.501996364054823063e-03 3.138977738169073817e+01 4.298521607017868201e-02 9.990753976754964683e-01 7.880094851327246793e-04 2.112876575734301543e+00 5.463040362985518983e-03 -1.023773867180968267e-03 9.999845534192322027e-01 -2.399047320791257154e-01
9.991854788641477692e-01 -4.015749128468727724e-02 -3.969221679886147588e-03 3.215099922431531354e+01 4.017128713288181663e-02 9.991868198063693640e-01 3.459308503378811638e-03 2.156768777962928318e+00 3.827076836356455881e-03 -3.615939567284142276e-03 9.999861391359053941e-01 -2.642800839014441960e-01
9.993058910952204998e-01 -3.724354527012179589e-02 8.089240382105666914e-04 3.287436080978877584e+01 3.723937745236150648e-02 9.992954673384266684e-01 4.668803255232719523e-03 2.207650100922012193e+00 -9.822369101984674243e-04 -4.635438769729388273e-03 9.999887738960194783e-01 -2.553552922811981318e-01
9.993830636796626754e-01 -3.478785765008361730e-02 4.826695595207642492e-03 3.360167571908166906e+01 3.476321459619015342e-02 9.993825696386570145e-01 5.098863929752045672e-03 2.265770460003184716e+00 -5.001093999367560786e-03 -4.927926800634634986e-03 9.999753519943664903e-01 -2.561740457842039964e-01
9.994682380567887492e-01 -3.214544725983521645e-02 5.469125718366453157e-03 3.434476551156842561e+01 3.213909779744428263e-02 9.994826304225655766e-01 1.244940301999269928e-03 2.301311012638123987e+00 -5.506315321924167352e-03 -1.068505523795999822e-03 9.999842692700326996e-01 -2.621619105736027744e-01
9.995749460471976544e-01 -2.881635804695454120e-02 4.420943751251077067e-03 3.507813839641747933e+01 2.881587794493712176e-02 9.995847215227204874e-01 1.722689981497391566e-04 2.326785731778372668e+00 -4.424071993592992511e-03 -4.480239899364680612e-05 9.999902127419750819e-01 -2.720595255620044672e-01
9.996750531027963627e-01 -2.528183633680324699e-02 3.258366977555523028e-03 3.581185548598297430e+01 2.527915939865689465e-02 9.996800609428285744e-01 8.601473360774573298e-04 2.379097848053657316e+00 -3.279070602873052943e-03 -7.774990556645150616e-04 9.999943215794776519e-01 -2.742999622991446618e-01
9.997653437177298485e-01 -2.160167356303864875e-02 1.620246970477618505e-03 3.653899605462239464e+01 2.159781378863939380e-02 9.997639473845025826e-01 2.363038236853016831e-03 2.427811157986356161e+00 -1.670910087551962919e-03 -2.327489942725511664e-03 9.999958954165990566e-01 -2.781248001830833316e-01
9.998225891480836403e-01 -1.883011568104916642e-02 -4.658032423439153742e-04 3.723931009400434533e+01 1.883189146734047179e-02 9.998140175740560798e-01 4.158139750831749137e-03 2.448857054684419499e+00 3.874183586007609527e-04 -4.166174007821122141e-03 9.999912464122633349e-01 -2.786687291481365070e-01
9.998779582810443101e-01 -1.556536389346571507e-02 -1.337157654955239191e-03 3.797224523274154961e+01 1.557334755368780348e-02 9.998596077094461521e-01 6.183503625327197925e-03 2.474946479350976780e+00 1.240721444264446163e-03 -6.203573000810286286e-03 9.999799879459195795e-01 -2.919794179024447489e-01
9.999262086541516048e-01 -1.191255364095309896e-02 -2.380821766862746460e-03 3.870834320647254856e+01 1.192392403542917936e-02 9.999172899124187941e-01 4.820100600722882801e-03 2.494930845508902539e+00 2.323205141924992220e-03 -4.848133656902398926e-03 9.999855490545417336e-01 -2.964343054682689882e-01
9.999563365329507958e-01 -7.692817494306289708e-03 -5.305241427061854233e-03 3.940835340433736178e+01 7.713279508589306055e-03 9.999628510015250438e-01 3.847328439870829116e-03 2.516422517527786784e+00 5.275447547127589711e-03 -3.888081262159742094e-03 9.999785260080720217e-01 -2.917560177393647702e-01
9.999641623675979973e-01 -2.465949144783431170e-03 -8.098955197031035280e-03 4.012847107900944366e+01 2.511898439819706084e-03 9.999807806333508298e-01 5.668221073866121749e-03 2.539452923163863396e+00 8.084821995332086564e-03 -5.688361691166495850e-03 9.999511379035348480e-01 -2.955702329690162444e-01
9.999690983731724936e-01 2.775253148049030595e-03 -7.355288485760567811e-03 4.082972404814132972e+01 -2.712394021325553219e-03 9.999598347498518391e-01 8.542353640656839137e-03 2.556511105635259629e+00 7.378700252591606674e-03 -8.522139227518505528e-03 9.999364619442423496e-01 -2.957640341854576027e-01
9.999560177749140522e-01 7.221017084997427213e-03 -5.984933415990690252e-03 4.153826455999980283e+01 -7.163454328675447624e-03 9.999284113270706653e-01 9.584213217657962247e-03 2.556954521629952737e+00 6.053712729940835362e-03 -9.540918885449337777e-03 9.999361596767089022e-01 -2.951278956749355253e-01
9.999063208408535131e-01 1.266708005133189430e-02 -5.186002842382681291e-03 4.224372486872100296e+01 -1.261393873376496014e-02 9.998688772309418660e-01 1.015464891350328219e-02 2.581707148447980327e+00 5.313952590010160779e-03 -1.008828171240469182e-02 9.999349921269693464e-01 -2.921986063595994887e-01
9.998226814662082296e-01 1.841124467095802547e-02 -3.953693891450226448e-03 4.295142408195194150e+01 -1.836620565186365683e-02 9.997692556728463575e-01 1.114082139324641327e-02 2.595306611765064275e+00 4.157897987519975323e-03 -1.106623156403683389e-02 9.999301227602339637e-01 -2.882886713482439300e-01
9.997010814968487757e-01 2.436163715128969801e-02 -2.063562293686365713e-03 4.365243294432485044e+01 -2.433536005820370954e-02 9.996327452437245853e-01 1.192329179935219807e-02 2.587418626341555061e+00 2.353275349083905170e-03 -1.186951017539551040e-02 9.999267857314991792e-01 -3.025140244067097695e-01
9.995347939306629126e-01 3.042279960793360660e-02 2.156150737470867700e-03 4.435286135692951603e+01 -3.044528156062224766e-02 9.994725559959426464e-01 1.130020538006682243e-02 2.576201193367658071e+00 -1.811229604886278790e-03 -1.136059307222870435e-02 9.999338259966834563e-01 -3.030211167065342548e-01
9.993073004733914466e-01 3.668484434147065154e-02 6.256310112591160523e-03 4.505274568055096296e+01 -3.675001858041675173e-02 9.992678282456209926e-01 1.064159610298293264e-02 2.568238904452059934e+00 -5.861344122457356857e-03 -1.086414418728261048e-02 9.999238046052089102e-01 -3.158271598194449803e-01
9.990391212520974840e-01 4.288174479256302851e-02 9.054842427257550966e-03 4.574387023505256167e+01 -4.296084964649835025e-02 9.990386122890092535e-01 8.730209235846022459e-03 2.544565779358481716e+00 -8.671770608585800330e-03 -9.110824287416701556e-03 9.999208935087394723e-01 -3.180643727307815305e-01
9.987526269849588134e-01 4.904669615698162288e-02 9.360111469873011111e-03 4.643819587028128382e+01 -4.912436109883366875e-02 9.987585466329655937e-01 8.256068933682804770e-03 2.536784637142039500e+00 -8.943558423531483212e-03 -8.705580031855985820e-03 9.999221097860742091e-01 -3.248804399616195271e-01
9.984793635521614918e-01 5.446140700967344594e-02 8.539069445628016952e-03 4.712398611042060281e+01 -5.452986888884005234e-02 9.984800861353544388e-01 8.000686851828831339e-03 2.511057934561141902e+00 -8.090362132592041761e-03 -8.454155053096995207e-03 9.999315343076753404e-01 -3.289756805304680509e-01
9.981848433347962901e-01 5.984858266796590220e-02 6.720542338516587513e-03 4.780116907834101880e+01 -5.989680899942047276e-02 9.981784648523485126e-01 7.219735223389418637e-03 2.487742701610294205e+00 -6.276209714077852012e-03 -7.609169313700324226e-03 9.999513536837580929e-01 -3.389251788025847700e-01
9.978703618163706768e-01 6.503559438398257009e-02 5.011234537275520776e-03 4.849924460924971470e+01 -6.507518028515599240e-02 9.978467634760345151e-01 8.188866298660434431e-03 2.443693761248812102e+00 -4.467876376975358013e-03 -8.497533967274576230e-03 9.999539139366149243e-01 -3.446501815077387954e-01
9.975052431458556468e-01 7.040776959444566829e-02 5.102536355862336524e-03 4.918033602987816266e+01 -7.044834658107368419e-02 9.974811934689272741e-01 8.264329361620656109e-03 2.428165007260515207e+00 -4.507811056418555180e-03 -8.603177118941164256e-03 9.999528313790304601e-01 -3.479738035353590608e-01
9.971145691437158787e-01 7.554078731318117357e-02 7.491692295235817881e-03 4.987701763893723239e+01 -7.560574327680091855e-02 9.970989306841289146e-01 8.803068336046507292e-03 2.397127510954472740e+00 -6.804967663717473650e-03 -9.344082655422088213e-03 9.999331880352928525e-01 -3.594671212079407208e-01
9.967166798680179296e-01 8.053048368267308466e-02 8.408404766058750687e-03 5.057694446036796876e+01 -8.058520510757709310e-02 9.967272720368952621e-01 6.385130825496902751e-03 2.345534915615389071e+00 -7.866688670901357192e-03 -7.041759419612582394e-03 9.999442628635014652e-01 -3.670372780591034667e-01
9.963028298818408235e-01 8.552222550098036169e-02 8.162114603160056450e-03 5.125871826125795394e+01 -8.555058086676471663e-02 9.963287222524956910e-01 3.189879005288548744e-03 2.312562368519778033e+00 -7.859343661833764413e-03 -3.876359125351098653e-03 9.999616015413473891e-01 -3.733350364688312051e-01
9.959572631520536845e-01 8.965371270579257368e-02 5.598372329350128664e-03 5.195751497138873276e+01 -8.965607918371122642e-02 9.959727695315216955e-01 1.726763288262990600e-04 2.248227530775792182e+00 -5.560345319755800354e-03 -6.739063567290978080e-04 9.999843140820496856e-01 -3.816914916973150329e-01
