1.000000000000000000e+00 0.000000000000000000e+00 0.000000000000000000e+00 0.000000000000000000e+00 0.000000000000000000e+00 1.000000000000000000e+00 0.000000000000000000e+00 0.000000000000000000e+00 0.000000000000000000e+00 0.000000000000000000e+00 1.000000000000000000e+00 0.000000000000000000e+00
9.999999999024742348e-01 -1.082566160091140576e-05 8.823634205901211702e-06 -3.360287789428635739e-03 1.082605176476344809e-05 9.999999989637295972e-01 -4.421919647071239810e-05 -2.821175310378455561e-03 -8.823155494700286384e-06 4.421929199152055314e-05 9.999999989834030822e-01 -1.444422461334175182e-03
9.999999996070149111e-01 1.953340860875833412e-05 -2.011009798216933337e-05 1.696177460323643020e-03 -1.953391677971211697e-05 9.999999994899377853e-01 -2.526955567042170190e-05 -3.100197327604258674e-03 2.010960437135565854e-05 2.526994848947155945e-05 9.999999994785168100e-01 -1.605943072959355655e-03
9.999999998486315267e-01 -1.015344306498891223e-05 1.412955988482926554e-05 1.132380293167822155e-03 1.015366307346619599e-05 9.999999998272265378e-01 -1.557081015822936028e-05 -2.683066908330203598e-03 -1.412940178505363391e-05 1.557095362266287632e-05 9.999999997789527084e-01 -8.116337228286200651e-04
9.999999999857311916e-01 4.388028343547493579e-07 -5.324002208814563359e-06 -1.491842620458781309e-03 -4.388959824519071410e-07 9.999999998468506179e-01 -1.749589020520719146e-05 -2.830858413667018073e-03 5.323994530752983952e-06 1.749589254164072834e-05 9.999999998327744333e-01 -1.136470605900967738e-03
9.999999999971279641e-01 1.095445296763160712e-06 2.131660216416136653e-06 -1.410192681191760333e-03 -1.095404584565746680e-06 9.999999998170193694e-01 -1.909872868164254475e-05 -2.868640971960715897e-03 -2.131681137638592892e-06 1.909872634655732169e-05 9.999999998153472625e-01 -1.352747244566826490e-03
9.999999998699053982e-01 -8.300677890747203385e-06 -1.383068501515994010e-05 6.446996830311243782e-04 8.300218504397543855e-06 9.999999994139437964e-01 -3.321473696395453346e-05 -1.602730269946794645e-03 1.383096071188714388e-05 3.321462216192578313e-05 9.999999993527467490e-01 -1.003039035239083844e-03
9.999999999743826029e-01 -3.747741403137300310e-06 6.098293055248971385e-06 7.948512571724043133e-04 3.747868990515789806e-06 9.999999997741129132e-01 -2.092194125295667172e-05 -1.876819477008488755e-05 -6.098214643845978581e-06 2.092196410802414679e-05 9.999999997625416137e-01 -1.212199765044626783e-03
9.999999997788107109e-01 -1.125931404617013530e-05 1.776531696207154240e-05 -1.012660910005501154e-04 1.125952062698342263e-05 9.999999998690033420e-01 -1.162826411580150627e-05 -2.555449315605886479e-03 -1.776518603346685345e-05 1.162846414218223943e-05 9.999999997745885327e-01 -8.393931610170360944e-04
9.999999999969420017e-01 6.226250488374742802e-07 -2.393402284718119672e-06 -4.016958809570468766e-04 -6.226825657017202646e-07 9.999999997110496919e-01 -2.403149801303001260e-05 -3.250037092402108425e-03 2.393387321413921168e-06 2.403149950328639688e-05 9.999999997083793835e-01 -1.288319570229812814e-03
9.999999999349974411e-01 -1.115886974644212426e-05 -2.341967047522985440e-06 1.743633386648829782e-03 1.115882757708885564e-05 9.999999997756467973e-01 -1.800519573434792046e-05 -3.633964322848392062e-04 2.342167964631516042e-06 1.800516959957106235e-05 9.999999998351640773e-01 -7.284110994339276605e-04
9.999999998951066837e-01 -1.354353732213262808e-05 5.134129383829413889e-06 1.730218292094654400e-03 1.354358212332792358e-05 9.999999998702122639e-01 -8.726218040160700566e-06 3.885009202036137851e-05 -5.134011199303358035e-06 8.726287573748318371e-06 9.999999999487468871e-01 -8.389045509430154016e-04
9.999999996331456753e-01 -7.762948642677523745e-06 2.595082396716637846e-05 -1.464477485390313066e-03 7.763067430160435728e-06 9.999999999593914835e-01 -4.577309390551759553e-06 -2.999552645393347219e-03 -2.595078843269483401e-05 4.577510846868879162e-06 9.999999996528015078e-01 -1.109624201106849733e-03
9.999999954457143847e-01 -4.308801151054176507e-05 8.515864347100556464e-05 -6.149454432913132804e-03 4.308830748548327419e-05 9.999999990656653903e-01 -3.473739735715044588e-06 -6.358718554069074658e-03 -8.515849371490118321e-05 3.477409061709567219e-06 9.999999963679693238e-01 -7.927758584647706360e-04
9.999999856259087494e-01 6.785170538055203509e-05 1.553844536171823383e-04 -2.367962490249642810e-02 -6.778966940166910292e-05 9.999999180170325852e-01 -3.992123354019991147e-04 8.227724734314340732e-04 -1.554115281160697490e-04 3.992017962029436521e-04 9.999999082425872210e-01 -9.387067382058009168e-03
9.999979656178410448e-01 -1.792065164810945756e-06 -2.017116002522894441e-03 1.246018453647590452e-02 1.005836992152596698e-06 9.999999240355361696e-01 -3.897793095679868958e-04 -4.960149601712838044e-03 2.017116547803681111e-03 3.897764877180207445e-04 9.999978896553343155e-01 -2.643383091487943107e-03
9.999960699625835003e-01 -3.087622980929062983e-05 -2.803409717868722562e-03 -5.579342655902992665e-03 3.039333220427576466e-05 9.999999846951483917e-01 -1.722961065279951434e-04 -3.842206692926269235e-03 2.803414994817132917e-03 1.722102244349899133e-04 9.999960555962235098e-01 -7.878655212792615159e-04
9.999949067919871037e-01 8.692441670727478898e-05 -3.190428534044928866e-03 -3.729327789166087675e-03 -8.725669994944240681e-05 9.999999907839912661e-01 -1.040109888685443701e-04 -5.342309247465979946e-05 3.190419463547372689e-03 1.042888453842477278e-04 9.999949051607629480e-01 -6.629885376495045501e-04
9.999950017540428782e-01 -3.822373655579292299e-05 -3.161487921500398708e-03 1.314488338198636745e-02 3.831425689141543375e-05 9.999999988578397447e-01 2.857163381401353242e-05 7.891299211054750989e-03 3.161486825774869301e-03 -2.869262106634380593e-05 9.999950020764023506e-01 3.640898210689117028e-04
9.999956835064672811e-01 8.850397736357975016e-06 -2.938178024518237324e-03 1.575296447192374091e-02 -8.669485125162869932e-06 9.999999980660152499e-01 6.158579035887895754e-05 7.492098781913116706e-03 2.938178563894585597e-03 -6.156005203353453147e-05 9.999956816492192591e-01 -1.097672880704941758e-03
9.999961400987775750e-01 1.120963240840512742e-05 -2.778427953016207597e-03 1.734845659968458492e-02 -1.097300284941888011e-05 9.999999963118154644e-01 8.518193609923885128e-05 4.000781358988080710e-03 2.778428897627044196e-03 -8.515111960753421602e-05 9.999961365336106356e-01 -1.411602274552238231e-03
9.999957590546664221e-01 6.100666222894006391e-06 -2.912359089024332392e-03 1.739598533504037661e-02 -6.044453662155070709e-06 9.999999997952906394e-01 1.931018530632702847e-05 9.438031355641241654e-07 2.912359206233140155e-03 -1.929249979332559939e-05 9.999957588868331193e-01 -1.579609673167210607e-03
9.999954821729771792e-01 6.939009298323256178e-05 -3.005132051978585701e-03 1.698309371762373246e-02 -6.952616512419308487e-05 9.999999965626443776e-01 -4.517547646599824802e-05 -3.885003506055957276e-04 3.005128906918365633e-03 4.538420767827576517e-05 9.999954835600641800e-01 -2.955686964969524329e-03
9.999953799444764035e-01 1.501279687180140227e-05 -3.039714512620165718e-03 2.591020273842447111e-02 -1.544195289885624670e-05 9.999999899177589580e-01 -1.411595838873151200e-04 6.245724659795864019e-04 3.039712362772871608e-03 1.412058708505297235e-04 9.999953700941087709e-01 -5.378655620001124640e-03
9.999946816850319165e-01 1.293315196547309949e-06 -3.261380072774721934e-03 4.079591670416354149e-02 -1.609923721230978266e-06 9.999999952868816600e-01 -9.707545935559550065e-05 -3.588245459360343489e-03 3.261379931854285156e-03 9.708019365087007795e-05 9.999946769740207797e-01 -6.996323697997734736e-03
9.999871317451574093e-01 -2.745613375078904194e-05 -5.073025749374889502e-03 7.690409596711766937e-02 2.484037805618383434e-05 9.999998667271380315e-01 -5.156827142234107200e-04 -6.081612778473816788e-03 5.073039231931804165e-03 5.155500624093230797e-04 9.999869991560312865e-01 -6.382998778105919077e-03
9.999831494023438960e-01 -1.422332016301338319e-04 -5.803505930548764381e-03 1.070388993792232013e-01 1.385875631005805612e-04 9.999997928428495664e-01 -6.285759662951774778e-04 -1.205248713335066273e-02 5.803594132683166130e-03 6.277610806701187061e-04 9.999829619604369002e-01 -1.184192839563791635e-02
9.999796649984027397e-01 -2.295707137876418257e-04 -6.373137921739157295e-03 1.616582938769281219e-01 2.260086587004979635e-04 9.999998178662812265e-01 -5.596315668684579856e-04 -1.405182235017980903e-02 6.373265235994111759e-03 5.581798024062463838e-04 9.999795347533567691e-01 -1.292577131777167786e-02
9.999767518499043106e-01 -1.461089054340933497e-03 -6.660403778318390276e-03 2.887455900969081446e-01 1.458593876104011386e-03 9.999988642522822380e-01 -3.794707500994232456e-04 -6.600372021224407831e-03 6.660950654339412198e-03 3.697471039430328061e-04 9.999777472641376841e-01 -1.316555011610886367e-02
9.999765750031179845e-01 -1.616460901351508307e-03 -6.651052487238282886e-03 3.437185811729661644e-01 1.614187937165370047e-03 9.999986369588876878e-01 -3.470989343863800669e-04 -8.426066075071439801e-03 6.651604493436639835e-03 3.363547549005705740e-04 9.999778212656227350e-01 -1.408198970573604908e-02
9.999760327765396806e-01 -1.757116856246893890e-03 -6.696746437370262352e-03 4.263126114036303038e-01 1.755265978933063945e-03 9.999984196863568320e-01 -2.822518946650290372e-04 -1.245493086610389814e-02 6.697231803972326751e-03 2.704905586797402947e-04 9.999775367082109900e-01 -1.592580704982543907e-02
9.999753982624073334e-01 -1.320056952963612976e-03 -6.889145054420362478e-03 5.484339248562255520e-01 1.317816938669834001e-03 9.999990773342104511e-01 -3.296805178243635221e-04 -1.030158445649615763e-02 6.889573895101711899e-03 3.205937750651059390e-04 9.999762152127296133e-01 -1.746300628695280840e-02
9.999722270227159315e-01 -2.367014113526624917e-03 -7.066995642863525828e-03 7.060552287044803421e-01 2.363071092110556170e-03 9.999970476255130025e-01 -5.662466521813748358e-04 -3.775156464201854037e-03 7.068315092263341426e-03 5.495311127142445346e-04 9.999748681528514149e-01 -2.078452039202298776e-02
9.999713602778638188e-01 -2.591833400272952788e-03 -7.110627515481453102e-03 8.148520014044958737e-01 2.588743133616605747e-03 9.999965507336097126e-01 -4.437678122878393355e-04 -3.497696394745104451e-04 7.111753161270803307e-03 4.253475147445945153e-04 9.999746207011780408e-01 -2.125924412332994701e-02
9.999726603017535798e-01 -2.906213299039007904e-03 -6.799453896756782988e-03 9.333633510343368744e-01 2.905565649953135727e-03 9.999957733094051449e-01 -1.051264881581774510e-04 1.023456867829644276e-02 6.799730677566913524e-03 8.536735435085700426e-05 9.999768779202483637e-01 -2.356034844773730735e-02
9.999702861796816444e-01 -3.843245446347930312e-03 -6.682531119621191659e-03 1.091120304221437243e+00 3.842939236963309295e-03 9.999926141611064079e-01 -5.866223320029844259e-05 8.626083471981831757e-03 6.682707216883560994e-03 3.297992907942103307e-05 9.999776699189726337e-01 -2.742923710231894713e-02
9.999696798814784460e-01 -3.751469082158385895e-03 -6.823913646815336562e-03 1.240863379235482400e+00 3.750991571974549282e-03 9.999929615806533167e-01 -8.277306975737534723e-05 4.512784241460230869e-03 6.824176137861534194e-03 5.717411749100347659e-05 9.999767134044470485e-01 -2.626171845958836029e-02
9.999695266134956961e-01 -3.839396114075802752e-03 -6.797417293402820311e-03 1.410792294869045449e+00 3.837848397457610701e-03 9.999926064591702080e-01 -2.407211523426756666e-04 1.559854623228217052e-02 6.798291260277404373e-03 2.146263596876238843e-04 9.999768683181957662e-01 -2.890394024551926760e-02
9.999688988475774476e-01 -4.741150971358891290e-03 -6.302604622717023625e-03 1.597780780918820698e+00 4.741294584309256425e-03 9.999887599688912498e-01 7.844996185931117367e-06 2.827196560865428282e-02 6.302496586933711148e-03 -3.772725736223969396e-05 9.999801383594705273e-01 -3.341888129658138890e-02
9.999693071658628529e-01 -5.031541881304357235e-03 -6.005690012056527811e-03 1.788401003107343623e+00 5.038711901477275178e-03 9.999866101823261522e-01 1.179338134078047971e-03 3.019445029614788167e-02 5.999675707748427893e-03 -1.209562878588639739e-03 9.999812702491205352e-01 -3.807309301594619111e-02
9.999640388071150410e-01 -5.982136927699373795e-03 -6.011250314264870304e-03 1.991135033846251456e+00 5.997971594799543331e-03 9.999785807719469011e-01 2.619605709058758433e-03 3.103789280948297813e-02 5.995450717875331487e-03 -2.655566813546762772e-03 9.999785010366913918e-01 -3.765953563835783280e-02
9.999641605900402297e-01 -6.470694956103080313e-03 -5.459637555844845669e-03 2.200522399129216211e+00 6.494881987190516924e-03 9.999691213804168255e-01 4.424115013163846047e-03 4.059164562307641250e-02 5.430841871072797714e-03 -4.459416157110226639e-03 9.999753094772435569e-01 -4.395461094337457797e-02
9.999608551057102002e-01 -6.959691140909180646e-03 -5.463602793032982727e-03 2.411306116303212566e+00 6.987590007408468057e-03 9.999625609892787148e-01 5.103940208447604182e-03 4.790819907885827955e-02 5.427876393696974208e-03 -5.141917831528728874e-03 9.999720490288058761e-01 -4.721071623231413300e-02
9.999585222515912086e-01 -7.512517323642343633e-03 -5.149355287402988986e-03 2.647621835414103231e+00 7.541960511199026149e-03 9.999551850737675718e-01 5.722471121356782937e-03 6.036849406117715533e-02 5.106134355992403111e-03 -5.761070000375062040e-03 9.999703682931756488e-01 -4.987836300575103354e-02
9.999547424695155451e-01 -8.194572565710742801e-03 -4.833424582034950845e-03 2.893916116988338505e+00 8.224329060664798546e-03 9.999471505742351107e-01 6.168992621958083004e-03 6.555381954287713142e-02 4.782616880623343295e-03 -6.208465102838998419e-03 9.999692902968770891e-01 -5.067503115576724171e-02
9.999545047501575690e-01 -8.571969138596592999e-03 -4.184468300036498466e-03 3.147343705210552844e+00 8.599365077799599535e-03 9.999414178676609977e-01 6.573564715629735648e-03 7.200164383932057544e-02 4.127874771087831733e-03 -6.609249420229136411e-03 9.999696387750857118e-01 -5.416749877231646221e-02
9.999495252870496120e-01 -9.249926408006980960e-03 -3.922466016497073125e-03 3.404483961071864240e+00 9.271326184092643780e-03 9.999420423541399705e-01 5.473065267244565935e-03 7.537843719785169982e-02 3.871613228652559437e-03 -5.509155477731205244e-03 9.999773296514925525e-01 -7.342613666398491168e-02
9.999288987055208189e-01 -9.943525245579065697e-03 -6.582084719504012124e-03 3.673069065578861814e+00 9.978914301697644484e-03 9.999358129652984317e-01 5.365744942415091694e-03 7.749190260518583340e-02 6.528307814707470444e-03 -5.431045490346285941e-03 9.999639418208829955e-01 -8.000977407588982793e-02
9.998924634623451713e-01 -1.060042164913492339e-02 -1.013373435922171502e-02 3.950061566378890276e+00 1.064106680503539536e-02 9.999355195468484503e-01 3.965406136215919933e-03 8.415448894109028855e-02 1.009104595438416012e-02 -4.072813454470596353e-03 9.999407897381282773e-01 -8.626042039164917574e-02
9.998361562730144758e-01 -1.147909409519216363e-02 -1.399610688576664180e-02 4.236498708388046097e+00 1.149036854021197492e-02 9.999337204228756493e-01 7.253909818645649325e-04 9.197699281861179688e-02 1.398685239838423633e-02 -8.860925573482318022e-04 9.999017865770445379e-01 -8.931692480292373337e-02
9.997846584287499727e-01 -1.166242124499926314e-02 -1.716463519017717362e-02 4.531857338467046858e+00 1.161610951673644476e-02 9.999286235310940185e-01 -2.795325188038903005e-03 9.045991323507711346e-02 1.719601029898690583e-02 2.595336956136830037e-03 9.998487692925771553e-01 -8.498901097824369810e-02
9.997534120029387683e-01 -1.208991110460914085e-02 -1.862657343594674442e-02 4.844387512970914855e+00 1.199398004059548488e-02 9.999142696319545109e-01 -5.253363606382874078e-03 9.364940713731322031e-02 1.868848927195201209e-02 5.028661439957911490e-03 9.998127089274543300e-01 -8.531200851209022606e-02
9.997299695476107306e-01 -1.257662823086606874e-02 -1.954012309776500048e-02 5.148224111360427457e+00 1.241979441972244219e-02 9.998898444015715814e-01 -8.126977862209457115e-03 9.648321363484067825e-02 1.964018062302528775e-02 7.882099018890455222e-03 9.997760428316690984e-01 -8.191602026772282219e-02
9.997201185657998979e-01 -1.262145291679631423e-02 -2.000958422986384364e-02 5.479798771538558988e+00 1.240302031255472934e-02 9.998625381359729225e-01 -1.100317769630647022e-02 1.085112405591504431e-01 2.014570976434627500e-02 1.075191883150329250e-02 9.997392393116975029e-01 -8.641720379707053257e-02
9.997002979102581621e-01 -1.335548520475717850e-02 -2.051695330907349346e-02 5.813236569973982526e+00 1.311482198921550164e-02 9.998441314145573022e-01 -1.182008122055934127e-02 1.189614221221262369e-01 2.067161828044382366e-02 1.154746252710707466e-02 9.997196308499961548e-01 -8.904601334969555748e-02
9.997025375551321646e-01 -1.367321508892823181e-02 -2.019602918797284985e-02 6.153113854679977734e+00 1.348213218831730703e-02 9.998633385599419166e-01 -9.567461284146136502e-03 1.275911578157352122e-01 2.032408712553369218e-02 9.292329788530010598e-03 9.997502608599884155e-01 -7.548840627896125088e-02
9.997943674216236420e-01 -1.425547297786919181e-02 -1.442235633218870265e-02 6.502236323679502661e+00 1.418005468801256629e-02 9.998853154446839531e-01 -5.318083031492516419e-03 1.508580472342546108e-01 1.449651409961564240e-02 5.112479658846291394e-03 9.998818498356181195e-01 -6.235087118176831783e-02
9.998694364596795170e-01 -1.569601668066172503e-02 -3.839934135269479788e-03 6.860564193001057021e+00 1.568768307121650926e-02 9.998745405660616203e-01 -2.190828077311552692e-03 1.619509972406806830e-01 3.873839653352452016e-03 2.130302365313091993e-03 9.999902275413357078e-01 -6.267238768091562551e-02
9.998079127688355161e-01 -1.747277876601459334e-02 8.879164770320559230e-03 7.228692979008104480e+00 1.747623730164006572e-02 9.998472302029527414e-01 -3.120661152978298266e-04 1.691563096851784187e-01 -8.872355639927678728e-03 4.671805619482864973e-04 9.999605307449495051e-01 -7.094053017822825324e-02
9.996300571592550144e-01 -1.888540000344526501e-02 1.957269757837415067e-02 7.607099541269489507e+00 1.894789917137884236e-02 9.998159335869127862e-01 -3.012650447911185969e-03 1.818080354055206238e-01 -1.951219979335709967e-02 3.382397439673238450e-03 9.998038974952959679e-01 -1.122211573534563356e-01
9.995420861627756226e-01 -2.041601034072652171e-02 2.233393183328459888e-02 7.980481851411747485e+00 2.058009075034979152e-02 9.997627001646762768e-01 -7.141654160126976666e-03 1.896822118328971851e-01 -2.218282790975538779e-02 7.598018241807506096e-03 9.997250583359023057e-01 -1.371053440847228577e-01
9.995791202311514745e-01 -2.154438788698382831e-02 1.942734537944914783e-02 8.357766009353158054e+00 2.173974734156683755e-02 9.997146322207471902e-01 -9.901389259142861707e-03 1.957267472654234397e-01 -1.920848207022244833e-02 1.031956754478677470e-02 9.997622421067153820e-01 -1.326429267913663002e-01
9.995773266122159884e-01 -2.271863398576235912e-02 1.813923351733280273e-02 8.733773795082846902e+00 2.287867685750528610e-02 9.997006991221387695e-01 -8.664774662783333511e-03 2.104893129639500149e-01 -1.793695258468445616e-02 9.076113955208115966e-03 9.997979245264749792e-01 -1.319026141737032753e-01
9.995489624264722872e-01 -2.425963675013271398e-02 1.770146143442025144e-02 9.134675272691563208e+00 2.436485531060202797e-02 9.996865805830942309e-01 -5.752775658241916605e-03 2.307204933536239899e-01 -1.755635320492514306e-02 6.181474486903824721e-03 9.998267669128045876e-01 -1.503854302809489174e-01
9.995621541692680800e-01 -2.565151512488157010e-02 1.474787185631950930e-02 9.542245316007353040e+00 2.568786506061242203e-02 9.996674109139721542e-01 -2.280601934431760857e-03 2.573519030688765641e-01 -1.468446598008304842e-02 2.658444724559550203e-03 9.998886433651130723e-01 -1.863244411371812737e-01
9.996115860244038087e-01 -2.688239206775470264e-02 7.349427358058490366e-03 9.946241492725995670e+00 2.687821556440227189e-02 9.996384933256585725e-01 6.664755665081099857e-04 2.888268647359899521e-01 -7.364686948498414855e-03 -4.686772052788732985e-04 9.999727704931908878e-01 -2.101360534502233479e-01
9.996089014808998696e-01 -2.794228868438466615e-02 1.128088306398794538e-03 1.036559016429794688e+01 2.793940570263761178e-02 9.996065042326732764e-01 2.495256443309746934e-03 3.035235334077815428e-01 -1.197367584305587818e-03 -2.462762435349116416e-03 9.999962505489983222e-01 -2.236334907925725812e-01
9.995728794851893584e-01 -2.920938955280355173e-02 -9.328234772290310830e-04 1.079472265273728482e+01 2.921145152788015911e-02 9.995706561380744981e-01 2.279141797607590805e-03 3.183648704401700891e-01 8.658506345824256009e-04 -2.305417457178814914e-03 9.999969676719158151e-01 -2.281064075013307380e-01
9.995534134428419870e-01 -2.987079795899823947e-02 -8.420831644022474388e-04 1.125199286001927845e+01 2.987250284267969902e-02 9.995515312003703245e-01 2.090466194220447476e-03 3.493195776025395105e-01 7.792616230486446374e-04 -2.114687751842294228e-03 9.999974604202928052e-01 -2.314117934964201873e-01
9.995223380061623031e-01 -3.090451009440248545e-02 -8.415770923616862885e-05 1.170850836152798458e+01 3.090458956041198038e-02 9.995133907231762427e-01 4.229433669147531112e-03 3.635007351696732947e-01 -4.659181820763752242e-05 -4.230014288890610909e-03 9.999910523641289961e-01 -2.400893273077884804e-01
9.994798917921773329e-01 -3.224619839786128234e-02 3.585972439101171427e-04 1.219291421007430998e+01 3.224357117523023869e-02 9.994631254425513367e-01 5.814894536864768058e-03 3.926697770098315776e-01 -5.459129650718715521e-04 -5.800307706731263994e-03 9.999830290607645278e-01 -2.599218613173843173e-01
9.994493466442482266e-01 -3.316944411097638018e-02 -8.896458587900686783e-04 1.267622117535411874e+01 3.317384856114936192e-02 9.994344422917607051e-01 5.503756226351953079e-03 4.187027350715617491e-01 7.065861781666074853e-04 -5.530238541509227904e-03 9.999844584780539503e-01 -2.746503567289610981e-01
9.994189213164824670e-01 -3.394121518529005094e-02 -3.132670800530468029e-03 1.317275603702825038e+01 3.395255927588467643e-02 9.994168097438791420e-01 3.641993957222452397e-03 4.428585139369969892e-01 3.007230156838350960e-03 -3.746239863215254217e-03 9.999884610602619572e-01 -2.835181790816242997e-01
9.993825517439148820e-01 -3.487523998614911608e-02 -4.270000670935658951e-03 1.369235323797351356e+01 3.488950293533828878e-02 9.993856859163381401e-01 3.312607802833912596e-03 4.611824177327409346e-01 4.151849557282434600e-03 -3.459540639865464964e-03 9.999853967552799761e-01 -2.928576342171644309e-01
9.993394985359962401e-01 -3.602037180593228166e-02 -4.806191921460318227e-03 1.421216324834792566e+01 3.603754505336660002e-02 9.993441820750461613e-01 3.535689364676881854e-03 4.964680485021183420e-01 4.675683089141514405e-03 -3.706557394580002867e-03 9.999821995515373318e-01 -3.021824450585792188e-01
9.992979532907549922e-01 -3.704998231169419343e-02 -5.558719241986606260e-03 1.473768527068912348e+01 3.707896458527897010e-02 9.992987852301210561e-01 5.204634750691518146e-03 5.235515395828952423e-01 5.361989760500564597e-03 -5.407092407905103419e-03 9.999710057884181325e-01 -3.091373228030398490e-01
9.992520240526335806e-01 -3.844469207348649026e-02 -4.171100345222517741e-03 1.529537396837628727e+01 3.847135492496007309e-02 9.992384823544493422e-01 6.512313890972542749e-03 5.576575909834285971e-01 3.917560076483939460e-03 -6.667910718629073766e-03 9.999700953977050943e-01 -3.100345151580530256e-01
9.992110259150528417e-01 -3.969134327099637510e-02 -1.386708019605236005e-03 1.586680642769124638e+01 3.969744054971444808e-02 9.992007504717869137e-01 4.687586843953271513e-03 5.784262003468347846e-01 1.199543075338841682e-03 -4.738937218580543780e-03 9.999880517138436398e-01 -3.239045102710342294e-01
9.991675425869988025e-01 -4.078565518670435736e-02 8.672782997544390164e-04 1.643329253610816565e+01 4.078344566693068579e-02 9.991650575174131355e-01 2.428661309661672534e-03 6.199096966274405540e-01 -9.656087149988991326e-04 -2.391268955134632189e-03 9.999966747107681408e-01 -3.434489436365480430e-01
9.991256162610782088e-01 -4.176914245353387928e-02 1.828023418093555671e-03 1.700555288241871210e+01 4.176692646032444806e-02 9.991266190438308215e-01 1.234087558350557444e-03 6.458773464069562653e-01 -1.877973636277639746e-03 -1.156657572585865395e-03 9.999975676761825305e-01 -3.546345176138816502e-01
9.990976783642135928e-01 -4.244340430362137512e-02 1.544836029428779244e-03 1.758773972317924006e+01 4.244105078250517277e-02 9.990978078124437278e-01 1.525658168150179159e-03 6.815787051772557170e-01 -1.608196416891893507e-03 -1.458717069400612427e-03 9.999976429216201890e-01 -3.637364062747180382e-01
9.990275605321407015e-01 -4.406972105499596531e-02 1.339023276456677595e-03 1.817612397443031824e+01 4.406437126468685378e-02 9.990214977217928283e-01 3.791869559176640116e-03 7.150431145716982240e-01 -1.504819672879937438e-03 -3.729178976774478235e-03 9.999919143382667297e-01 -3.769353213533193081e-01
9.989574106013249244e-01 -4.561773683973988774e-02 1.764621862102885679e-03 1.875455355940669477e+01 4.560781563565022984e-02 9.989453392898778317e-01 5.304362730379270918e-03 7.549177685286513340e-01 -2.004733807893668927e-03 -5.218351909476424272e-03 9.999843748007807287e-01 -3.858571645323415900e-01
9.988806238805008064e-01 -4.723201817527744595e-02 2.575984315103705628e-03 1.934335160124867414e+01 4.722274715305012360e-02 9.988780812523567754e-01 3.548372152010139877e-03 7.902944827885670653e-01 -2.740691047983346857e-03 -3.422755132977718662e-03 9.999903866337311875e-01 -4.156138134062827283e-01
9.988133948995541189e-01 -4.866322084339484016e-02 1.921745658053342814e-03 1.994555373867770598e+01 4.866178189265048942e-02 9.988150024439330643e-01 7.885911222633035927e-04 8.249914448026021141e-01 -1.957843778083007222e-03 -6.941398079501198692e-04 9.999978425065064735e-01 -4.237649594320970214e-01
9.987749449821644587e-01 -4.946369823986499631e-02 1.397079922563201036e-03 2.054841286335275186e+01 4.946521943824454953e-02 9.987752670468619254e-01 -1.076104732845383589e-03 8.652453568960578600e-01 -1.342140752963915523e-03 1.143893310285049167e-03 9.999984450819380255e-01 -4.411673256255274067e-01
9.987452333958152240e-01 -5.007947512771433046e-02 7.028564024354651545e-05 2.114014274470362764e+01 5.007952012007398784e-02 9.987435797775949808e-01 -1.817558136023030881e-03 9.026487959100109038e-01 2.082502552234033585e-05 1.818797395907513839e-03 9.999983457698072842e-01 -4.487365733869524420e-01
9.987153079738192440e-01 -5.065092177708823556e-02 -1.489208477872038493e-03 2.175601018560746525e+01 5.064826139222129014e-02 9.987149794525311819e-01 -1.772973512365200784e-03 9.391643622552153792e-01 1.577097557066167027e-03 1.695269967176460564e-03 9.999973194079241345e-01 -4.572858295135741047e-01
9.986636376958026862e-01 -5.162415307989628999e-02 -2.426017924506381103e-03 2.237385717223900983e+01 5.162187454029770750e-02 9.986662088411946137e-01 -9.926669638898998754e-04 9.854401223323338010e-01 2.474027714548778824e-03 8.661048082473535130e-04 9.999965645187631758e-01 -4.714889313012046168e-01
9.986373591055242027e-01 -5.205831165787830339e-02 -3.654748428488644070e-03 2.298715155835749258e+01 5.205609178325139308e-02 9.986439171875217680e-01 -6.999804395644720640e-04 1.034260710242495440e+00 3.686232086838104639e-03 5.087746979540897375e-04 9.999930763966862202e-01 -4.861808754468139315e-01
9.986003715101888778e-01 -5.270965601902168757e-02 -4.357772604118680636e-03 2.361230018603482961e+01 5.271159614873949933e-02 9.986097224392005423e-01 3.314835666172011135e-04 1.062788470737539237e+00 4.334241705879757385e-03 -5.607247623898041402e-04 9.999904499226859311e-01 -4.990484316199065851e-01
9.985957166189857181e-01 -5.277043161539970995e-02 -4.677210422751366253e-03 2.425300504409200286e+01 5.277244429391464431e-02 9.986065162727203459e-01 3.078650787388242114e-04 1.108652592259355085e+00 4.654446633053843305e-03 -5.542605754107201525e-04 9.999890144005355586e-01 -5.047686456472104677e-01
9.986152172314646247e-01 -5.246980650167866467e-02 -3.816715791244362169e-03 2.488566084708332582e+01 5.246859081687434145e-02 9.986224873479960795e-01 -4.180198473951144702e-04 1.149007916185365463e+00 3.833391637459502514e-03 2.171832815984326933e-04 9.999926289428218151e-01 -5.106258747910379370e-01
9.986368660068241088e-01 -5.217043085056671803e-02 -1.629722962555128817e-03 2.554512185364274046e+01 5.217111176267662243e-02 9.986380886679289137e-01 3.780993414214912441e-04 1.188606228961018418e+00 1.607777818838014008e-03 -4.626084001780662348e-04 9.999986005209974271e-01 -5.183150205930214804e-01
9.986668730101397884e-01 -5.160537621020918481e-02 1.167004006930574302e-03 2.620443419591896017e+01 5.160403720075607686e-02 9.986669621538996067e-01 1.149802976476309866e-03 1.239718882079766438e+00 -1.224784361591463398e-03 -1.088048024908270855e-03 9.999986580264811353e-01 -5.365924188611504997e-01
9.986777922321637968e-01 -5.130563694518718715e-02 3.224735638722166578e-03 2.687963012278896713e+01 5.130152017908323064e-02 9.986823020695575481e-01 1.346684953547661306e-03 1.278507826556946503e+00 -3.289578940551061113e-03 -1.179470515799138381e-03 9.999938937412049533e-01 -5.585250917359323442e-01
9.986943476330406577e-01 -5.098484510430580097e-02 3.185212003199654283e-03 2.755902103295985839e+01 5.098239333613695246e-02 9.986991936259204117e-01 8.462982073355087816e-04 1.324264977911323582e+00 -3.224217042136149746e-03 -6.828035048718382937e-04 9.999945690871721027e-01 -5.791457317531525373e-01
9.987477745017081521e-01 -4.999578066525910136e-02 1.817922868692727371e-03 2.824679008470648967e+01 4.999594922693970100e-02 9.987494194327171115e-01 -4.736779261240822475e-05 1.360988881331403721e+00 -1.813281219910273722e-03 1.381972568963553221e-04 9.999983464550007417e-01 -5.981551780654552619e-01
9.987871889192004859e-01 -4.923097967653993629e-02 -6.796256097965894163e-04 2.894429768517127854e+01 4.923164926545402914e-02 9.987868800971295702e-01 1.006407693404187112e-03 1.416266773224301057e+00 6.292547057425497848e-04 -1.038646200655150538e-03 9.999992626260206796e-01 -6.186729212965138558e-01
9.988231310125484930e-01 -4.837897178640333112e-02 -3.439192227803440378e-03 2.965247878160576533e+01 4.838428003798935645e-02 9.988277023178699920e-01 1.477338014754795825e-03 1.455702014788927245e+00 3.363688376591583967e-03 -1.642002221315765672e-03 9.999929946900679711e-01 -6.329477156266370974e-01
9.988764654298996071e-01 -4.705852718573284854e-02 -5.594803783896007757e-03 3.036432185930808458e+01 4.707237822723592258e-02 9.988886689847082945e-01 2.370270446579435166e-03 1.493056038561510590e+00 5.477044668678595490e-03 -2.630968085614939205e-03 9.999815398239257913e-01 -6.486368813815499568e-01
9.989628040319518121e-01 -4.494767614398065270e-02 -7.281659829743305536e-03 3.109176970705279430e+01 4.495916716175221706e-02 9.989878132487022278e-01 1.422064941409495074e-03 1.531268742719987364e+00 7.210370915693999593e-03 -1.747967342886407862e-03 9.999724772019609187e-01 -6.530872748949008155e-01
9.990800468186586958e-01 -4.236180101281798727e-02 -6.673669438715778245e-03 3.181859161084809884e+01 4.237827594003504283e-02 9.990988810683334442e-01 2.346822608194392996e-03 1.572756646459753105e+00 6.568240036500153957e-03 -2.627482246276416789e-03 9.999749769668581090e-01 -6.500097320294919712e-01
9.992199764814901908e-01 -3.941565615635166109e-02 -2.417571114673187915e-03 3.255896818938921911e+01 3.942652559694394265e-02 9.992117619120276517e-01 4.626438804842163480e-03 1.618554559986317365e+00 2.233311371880159456e-03 -4.718146503202534647e-03 9.999863756141332827e-01 -6.632891224182972945e-01
9.993187350174806971e-01 -3.687045822696259634e-02 1.623315494913089851e-03 3.331166319096101347e+01 3.686012623737551508e-02 9.993024755900258294e-01 5.991107861709189103e-03 1.656714166454927417e+00 -1.843078084878674566e-03 -5.927190715650926256e-03 9.999807355511372009e-01 -6.806145510495902329e-01
9.994076862887896207e-01 -3.426710422228153308e-02 3.168935958269284130e-03 3.405092813968229137e+01 3.425864894088094526e-02 9.994093933173840982e-01 2.685055255229627357e-03 1.688719131187850886e+00 -3.259073431789087042e-03 -2.574901395676115669e-03 9.999913741243815490e-01 -7.005790967716729600e-01
9.995105474638557030e-01 -3.118225187026956238e-02 2.516481035609155047e-03 3.477218285295919031e+01 3.118236977638344162e-02 9.995137116403276512e-01 -7.622651015888606764e-06 1.718425316757696164e+00 -2.515019608750305221e-03 8.608876227763777355e-05 9.999968336275333325e-01 -7.124057404982496733e-01
9.996197397828967546e-01 -2.753351304846370085e-02 1.510462043138676835e-03 3.551035176500977997e+01 2.753314611773911846e-02 9.996208564234119187e-01 2.631884948198544446e-04 1.746997556781353600e+00 -1.517135865013668518e-03 -2.215006425666392375e-04 9.999988246174255080e-01 -7.308240574719677696e-01
9.997045304519577291e-01 -2.430607732014454167e-02 -2.576803018384698401e-04 3.623889511988719647e+01 2.430656452174270385e-02 9.997023561053431928e-01 2.095260980394621653e-03 1.772645222066827841e+00 2.066760294745007595e-04 -2.100905217462332563e-03 9.999977717386604459e-01 -7.505514289932444516e-01
9.997763136582021870e-01 -2.100298208556753560e-02 -2.489456070999672855e-03 3.696772913616575096e+01 2.101057910135138013e-02 9.997745526465772192e-01 3.065851621040522040e-03 1.793715266736956915e+00 2.424502803043281866e-03 -3.117470745605994704e-03 9.999922015507463069e-01 -7.556275988741150140e-01
9.998320178667751135e-01 -1.794411333773108380e-02 -3.734279713049827153e-03 3.769363461678864979e+01 1.796660737991465084e-02 9.998201016675553054e-01 6.079911244032540178e-03 1.820770358838368574e+00 3.624509305910302449e-03 -6.145982265023095838e-03 9.999745445931558230e-01 -7.690681183648387931e-01
9.998839071876065576e-01 -1.463870995458290206e-02 -4.228512517591947843e-03 3.841227378286736638e+01 1.466464905551604844e-02 9.998734322947557818e-01 6.169883239005328687e-03 1.834941456571151264e+00 4.137658193276557740e-03 -6.231176612005315946e-03 9.999720257200725992e-01 -7.898898936184356456e-01
9.999219155275617110e-01 -1.055499861531178710e-02 -6.689906720011888457e-03 3.912163616122717258e+01 1.058492274543593875e-02 9.999340606319587765e-01 4.453515303138639095e-03 1.858566357079681097e+00 6.642458743932618155e-03 -4.523979698551196943e-03 9.999677051532825933e-01 -8.019059265047423501e-01
9.999309288783122529e-01 -5.971267418093055557e-03 -1.012331161118904498e-02 3.983746810762321644e+01 6.015776015340593835e-03 9.999723480425931621e-01 4.371909092843477909e-03 1.865882768309845119e+00 1.009692584348659446e-02 -4.432506695364928084e-03 9.999392006381720988e-01 -7.951974209475303201e-01
9.999435610318132550e-01 -7.066090824640299320e-04 -1.060072896648448122e-02 4.054760745158139201e+01 7.871710585950610160e-04 9.999708293808780013e-01 7.597417261373399892e-03 1.882932324528078905e+00 1.059505133261722833e-02 -7.605333058024711483e-03 9.999149482812704770e-01 -7.991410667227205611e-01
9.999453639907113223e-01 4.366277168036180462e-03 -9.497613235738949430e-03 4.127274768518873316e+01 -4.272728105243614113e-03 9.999423803142599709e-01 9.847834583828332655e-03 1.893153285864698443e+00 9.540064361546992874e-03 -9.806715818441461008e-03 9.999064033682522057e-01 -8.086534608264862589e-01
9.999201536025239534e-01 9.228289459104368000e-03 -8.632791736383808867e-03 4.197399858458863520e+01 -9.141109430962692309e-03 9.999073698775093888e-01 1.008423437910511630e-02 1.889686423255688918e+00 8.725052313651664171e-03 -1.000451589536164795e-02 9.999118876800212607e-01 -8.168967631844226140e-01
9.998662822565376196e-01 1.428511668146901885e-02 -7.959462788819987242e-03 4.268625697332716840e+01 -1.419797622965159219e-02 9.998398013488463132e-01 1.089904168639298579e-02 1.886169882525745356e+00 8.113881775823629169e-03 -1.078457602765631532e-02 9.999089247738673913e-01 -8.184737368053247586e-01
9.997720754978585145e-01 2.028960095245601475e-02 -6.642977336578235331e-03 4.338775249581448179e+01 -2.020631518629924239e-02 9.997192642651908656e-01 1.237325679266764421e-02 1.884828610805090010e+00 6.892160858259823927e-03 -1.223620653043496452e-02 9.999013818214516069e-01 -8.173922808904797721e-01
9.996475113182623495e-01 2.637038388934265579e-02 -3.075055891082190823e-03 4.409237858598380910e+01 -2.633022840039124166e-02 9.995758963441637723e-01 1.243971543664667591e-02 1.870869772623382055e+00 3.401791820175436611e-03 -1.235436365379505817e-02 9.999178953849771068e-01 -8.281299773839040368e-01
9.994601860138606630e-01 3.283411711885317330e-02 1.121305562503080964e-03 4.479137441538494357e+01 -3.284484548888096100e-02 9.993944405689961785e-01 1.148774497430669200e-02 1.855844475974041119e+00 -7.434365814267672890e-04 -1.151837283684659444e-02 9.999333849758397230e-01 -8.365715368231593230e-01
9.992165616473741574e-01 3.932836159676951493e-02 4.420735652919419341e-03 4.549171789300874735e+01 -3.937273019079985670e-02 9.991700255702757882e-01 1.044261074716460076e-02 1.835087346360720462e+00 -4.006375783888124938e-03 -1.060848603751097553e-02 9.999357024214458045e-01 -8.605587700550332286e-01
9.989670615743446724e-01 4.512288061346321488e-02 5.360553578002003570e-03 4.617701918457594701e+01 -4.517135256579690727e-02 9.989360161577789388e-01 9.294327851009717353e-03 1.806052403418294094e+00 -4.935463189606152136e-03 -9.526870838251542614e-03 9.999424383108935777e-01 -8.750204974844310035e-01
9.986931974888537678e-01 5.089714742057129676e-02 4.623599673187118834e-03 4.687575824332925833e+01 -5.093781265275413445e-02 9.986599096377941631e-01 9.150088763812021242e-03 1.771896498548153565e+00 -4.151690215103329661e-03 -9.373647458772400853e-03 9.999474477199671307e-01 -8.917147391225139774e-01
9.984054765866873238e-01 5.637739398445361372e-02 2.844955049099915246e-03 4.757487881352935233e+01 -5.640097587955096581e-02 9.983673494994406150e-01 9.031355008861173539e-03 1.739218217233974517e+00 -2.331145972266898247e-03 -9.177412542948296809e-03 9.999551694238459909e-01 -9.124024597441163786e-01
9.981084649833880107e-01 6.147399467289518804e-02 6.634059555199176873e-04 4.826001501158690132e+01 -6.147749044862096945e-02 9.980668020336503909e-01 9.120134125212083984e-03 1.705013496529302230e+00 -1.014723838464651586e-04 -9.143667605452080252e-03 9.999581906490272454e-01 -9.237162050498658461e-01
9.977746715182315151e-01 6.667428401385139258e-02 -4.946998337287550080e-04 4.895268656437216492e+01 -6.666631657258867416e-02 9.977277409630592730e-01 9.744595804539318840e-03 1.669319801950376769e+00 1.143289695833030759e-03 -9.689931062228387959e-03 9.999523979293617471e-01 -9.307808625226013932e-01
9.974214491334142396e-01 7.175591902600240990e-02 1.241327246840558379e-03 4.964799658324192677e+01 -7.176480784963791548e-02 9.973706710102775430e-01 1.007754746023034088e-02 1.628428243340135140e+00 -5.149397095877237141e-04 -1.014064560284173681e-02 9.999484497432120644e-01 -9.397034026498033432e-01
9.970307211214201049e-01 7.694641826030697296e-02 2.998309025268627252e-03 5.033678801881721654e+01 -7.697020782070716771e-02 9.969941122303277448e-01 8.850270396871116191e-03 1.576085649422864110e+00 -2.308299837165417052e-03 -9.054771944697594110e-03 9.999563404753686324e-01 -9.622945172088929189e-01
9.966391329841711721e-01 8.186532637772839238e-02 2.916666183764877931e-03 5.103245470170487863e+01 -8.188355024305499219e-02 9.966187009284785958e-01 6.800673439071185794e-03 1.522831867190796551e+00 -2.350064712427864331e-03 -7.016644262024919823e-03 9.999726215747847258e-01 -9.755141264486367758e-01
9.962296149479592522e-01 8.675130885772772138e-02 8.744781940851845950e-04 5.172610142112333165e+01 -8.675338423691897338e-02 9.962261326586088206e-01 2.709784403507210088e-03 1.470152963899017173e+00 -6.361006856612604196e-04 -2.775431415676252178e-03 9.999959461699705621e-01 -9.939459579005829326e-01
