1.000000000000000000e+00 0.000000000000000000e+00 0.000000000000000000e+00 0.000000000000000000e+00 0.000000000000000000e+00 1.000000000000000000e+00 0.000000000000000000e+00 0.000000000000000000e+00 0.000000000000000000e+00 0.000000000000000000e+00 1.000000000000000000e+00 0.000000000000000000e+00
9.999999383849531576e-01 2.452305367488845237e-04 2.511813562861945639e-04 -1.882447254466179665e-02 -2.452709845761987971e-04 9.999999569586022208e-01 1.610122287502925077e-04 1.058719617684150682e-02 -2.511418603597182831e-04 -1.610738263280799844e-04 9.999999554914932309e-01 2.959496322724184444e-03
9.999998377728346322e-01 2.088618347712416787e-04 5.299349379602577743e-04 -1.447614236500629342e-02 -2.085438364317483521e-04 9.999997982218050696e-01 -6.000548452772682491e-04 1.529704469333678651e-02 -5.300601595868905270e-04 5.999442332670501402e-04 9.999996795515208037e-01 8.446388933798055360e-03
9.999999351027953898e-01 3.484063485467906568e-04 9.169199175044898988e-05 -8.703864736805228333e-03 -3.483498635557326947e-04 9.999997500128812167e-01 -6.153263748995656257e-04 1.713790302202875676e-02 -9.190635244407544067e-05 6.152943940737885288e-04 9.999998064829968003e-01 -3.530725859118189966e-03
9.999999821238745312e-01 1.791347600226865869e-04 6.052262625855812174e-05 -6.604208832960782247e-03 -1.791382159600992416e-04 9.999999823244885011e-01 5.710098235314372113e-05 1.029912431786267346e-04 -6.051239641801885296e-05 -5.711182324769257336e-05 9.999999965382447842e-01 -5.930946036545569830e-03
9.999999929506835361e-01 -6.680812562825346119e-05 -9.815960070687498266e-05 -7.895549378964319964e-03 6.680358651185314015e-05 9.999999966993516898e-01 -4.624475626563788851e-05 -2.006474078196171171e-03 9.816268990837091041e-05 4.623819852626617977e-05 9.999999941130576220e-01 -6.157254430295962949e-03
9.999999698136836646e-01 -3.573915525741105129e-05 2.430953404449804505e-04 -2.175480575303236942e-03 3.565720288804996905e-05 9.999999425405936559e-01 3.371162607231885790e-04 6.455202122490373041e-03 -2.431073747272483108e-04 -3.371075824470150533e-04 9.999999136286373824e-01 -7.857421082115879918e-05
9.999999373362469246e-01 2.350883184108452668e-04 2.646903563898711617e-04 -3.310762972334896272e-03 -2.350950058088656478e-04 9.999999720467874775e-01 2.523415529693839751e-05 1.504149589018179307e-02 -2.646844167357900843e-04 -2.529638109654454964e-05 9.999999646511257279e-01 2.372759364283383299e-03
9.999999268759864890e-01 3.622901698651963742e-04 -1.224493960498966875e-04 -1.336400730091396108e-02 -3.622971038386373728e-04 9.999999327680660910e-01 -5.660982017926149528e-05 1.817982006483020996e-02 1.224288786360181911e-04 5.665417910127990535e-05 9.999999909007367682e-01 -7.055664716385383860e-03
9.999999799164702718e-01 1.736499401117814220e-04 1.000637659786511607e-04 -2.500701386569631479e-03 -1.736301183160231601e-04 9.999999653111623088e-01 -1.980662925829924177e-04 -1.693495789554418096e-03 -1.000981567074006124e-04 1.980489145215961046e-04 9.999999753784929446e-01 -2.255043359945745063e-03
9.999999208686751739e-01 1.826840928813580286e-04 3.533966122637966986e-04 -1.729131745518727725e-02 -1.826600691941579881e-04 9.999999810049370330e-01 -6.801047436048690651e-05 1.280294370147598559e-02 -3.534090299828207549e-04 6.794591752907887890e-05 9.999999352427028088e-01 1.380730883867649795e-03
9.999998687224304073e-01 7.336130967161651987e-05 5.071225100554716415e-04 -1.720391699485898651e-02 -7.327962825990246346e-05 9.999999843408423628e-01 -1.610851052545705421e-04 6.739032889681410843e-04 -5.071343195286502972e-04 1.610479223586903116e-04 9.999998584391642797e-01 5.252140798973794003e-03
9.999999984105822914e-01 4.444722339274650411e-05 3.468832277947169330e-05 -5.536151095856249593e-03 -4.446661996257862665e-05 9.999998425657299350e-01 5.593668161937661622e-04 -1.209898694997305416e-03 -3.466345501650306272e-05 -5.593683577771648568e-04 9.999998429527302557e-01 -5.951313484921533226e-03
9.999999996088001497e-01 2.576066981129434435e-05 1.089897160840966038e-05 1.568880914205830757e-03 -2.575997485645045563e-05 9.999999976356274134e-01 -6.375867727069255348e-05 3.204051033592699230e-03 -1.090061404887320500e-05 6.375839648851558481e-05 9.999999979080217427e-01 -7.364690356630980081e-03
9.999998509682691550e-01 3.829637908838924468e-04 -3.891043232930202099e-04 -9.192628994452459179e-03 -3.831559710594439959e-04 9.999998046026555842e-01 -4.939495445210197828e-04 9.331704744721709341e-03 3.889150824729935892e-04 4.940985585516990313e-04 9.999998023058169760e-01 7.700184534851581969e-03
9.999972255931607323e-01 1.540273577041088133e-04 -2.350549202688428062e-03 -5.914628688042534305e-03 -1.555763030853990253e-04 9.999997708872359059e-01 -6.588030734236289534e-04 1.323700979197164375e-02 2.350447190450956521e-03 6.591669353910508409e-04 9.999970204440392640e-01 -6.547123646196809782e-03
9.999952351148062579e-01 2.538755851887703027e-04 -3.076571934896925667e-03 5.822231850256966157e-03 -2.552161389546305750e-04 9.999998726697458817e-01 -4.353449373665229955e-04 2.460522992898072497e-03 3.076461019705506277e-03 4.361280538083173218e-04 9.999951725783055023e-01 -4.236734095268090972e-03
9.999934024089948137e-01 2.338589072037206029e-04 -3.624975654208248670e-03 3.943924796362918012e-03 -2.357389391690322962e-04 9.999998379404849702e-01 -5.182143921676716234e-04 1.519243344150463838e-02 3.624853877695002977e-03 5.190655211162958178e-04 9.999932954801997731e-01 -1.143085928069037874e-02
9.999949980889379919e-01 1.651677852846601807e-05 -3.162834851980408750e-03 2.158792011191189297e-02 -1.560806621118889602e-05 9.999999585978054384e-01 2.873339096526791045e-04 3.402470978725490730e-03 3.162839466862654193e-03 -2.872831066982331960e-04 9.999949569447454945e-01 -9.587975796260490152e-03
9.999964083142858229e-01 2.146141733597976972e-04 -2.671572436723450902e-03 4.544690332009928418e-02 -2.129057894402594422e-04 9.999997727047574836e-01 6.397355377480169053e-04 1.176156738732579352e-02 2.671709125801348481e-03 -6.391644467803377777e-04 9.999962267124596904e-01 -4.002180470974109686e-03
9.999962767941320552e-01 1.717741998123670905e-04 -2.723397051076154821e-03 7.133317155422283506e-02 -1.705441290407247869e-04 9.999998833534290421e-01 4.518936029495103390e-04 1.537857013686498228e-02 2.723474357063274381e-03 -4.514274610784882826e-04 9.999961894430767773e-01 -3.694579304695109340e-03
9.999939997615140408e-01 -1.514683005609650940e-04 -3.460852253865337978e-03 9.752144112916648344e-02 1.498253786292830605e-04 9.999998759777635193e-01 -4.749703291759332707e-04 7.653243655230542244e-03 3.460923767591278163e-03 4.744489557413690030e-04 9.999938984338171410e-01 -1.151291931746777596e-02
9.999944407291486703e-01 2.955983915191959677e-04 -3.321314858320959136e-03 1.277781640969666010e-01 -2.972469096753446336e-04 9.999998328823750393e-01 -4.958623768063345240e-04 2.423651411931107558e-02 3.321167727149709238e-03 4.968468707507716232e-04 9.999943614781611201e-01 -2.243370544706486253e-03
9.999934196401020214e-01 -3.538623211284192471e-04 -3.610465060419066653e-03 1.534287292805762148e-01 3.527014709841332822e-04 9.999998859087914083e-01 -3.221553608350700699e-04 6.090068442957674577e-04 3.610578647140493674e-03 3.208798245991061082e-04 9.999934303574053995e-01 -1.929277943292206574e-03
9.999877853011277518e-01 2.760719179134815522e-05 -4.942518223388438735e-03 1.947234595018840775e-01 -2.964046706195132055e-05 9.999999149720607550e-01 -4.113116991630412977e-04 2.358042297011754551e-02 4.942506447975335802e-03 4.114531736630968077e-04 9.999877010925172227e-01 -1.478374227639378015e-02
9.999839276344244521e-01 -1.763079862360373402e-04 -5.666867593666466592e-03 2.469457455907345944e-01 1.727793178522017193e-04 9.999997909046794975e-01 -6.231676376148282239e-04 1.987940623947136859e-02 5.666976278182246120e-03 6.221785043195492615e-04 9.999837490048382183e-01 -9.437905068001163633e-03
9.999798746341136413e-01 -4.251389806029104304e-04 -6.330053995786016560e-03 3.012642046433122167e-01 4.191254124966281190e-04 9.999994596819929971e-01 -9.512989071377794424e-04 1.655480177111372589e-02 6.330455009791485788e-03 9.486266754070961848e-04 9.999795125135313434e-01 -8.531133457721461200e-04
9.999733777637127563e-01 -3.785553130839490487e-04 -7.287006223817545612e-03 3.667186720630663532e-01 3.744274245018858302e-04 9.999997686874770864e-01 -5.678284038405158633e-04 2.419835074589289647e-02 7.287219492700944441e-03 5.650848320058649054e-04 9.999732881988387945e-01 -6.822003041298409232e-03
9.999712225253305498e-01 -6.604035300783265552e-04 -7.557644366691106813e-03 4.477262202553285442e-01 6.568324480654325103e-04 9.999996714801807629e-01 -4.749849109338049138e-04 2.406895881753026711e-02 7.557955565567060080e-03 4.700071360165804734e-04 9.999713277894326513e-01 -9.262564252556535621e-03
9.999683261971352710e-01 -1.032976750761062379e-03 -7.891740082647915808e-03 5.271369474916913767e-01 1.029640196029637470e-03 9.999993788233171310e-01 -4.268419455869695259e-04 2.401737291704244062e-02 7.892176098289032174e-03 4.187027730736180508e-04 9.999687686345115623e-01 -1.553595944383028525e-02
9.999692013315718553e-01 -1.461079200286960087e-03 -7.711137132022810939e-03 6.296990717498041068e-01 1.460736584785986584e-03 9.999989318705861940e-01 -5.006312485827340392e-05 3.141507036620427157e-02 7.711202041720858005e-03 3.879764286164301629e-05 9.999702674868962138e-01 -5.730228918048151793e-03
9.999657909352355212e-01 -1.887035666582097260e-03 -8.053325751626868451e-03 7.334621365176270391e-01 1.885821169575029998e-03 9.999982092927042210e-01 -1.583979211070597748e-04 2.261816736308278411e-02 8.053610233004330349e-03 1.432053702744163614e-04 9.999675589010059706e-01 -1.396410559324531148e-02
9.999648343038310960e-01 -2.084709401323995865e-03 -8.123062379646937489e-03 8.535298895984471113e-01 2.081268868461985753e-03 9.999977408533994305e-01 -4.319814747846090447e-04 3.556960489527483810e-02 8.123944584299857760e-03 4.150600070079822211e-04 9.999669140774517517e-01 -1.563523202074006829e-02
9.999649786510600435e-01 -2.682517781735807745e-03 -7.927519772013497459e-03 9.764968200561295886e-01 2.680664256944791969e-03 9.999963771411295443e-01 -2.444253614918850829e-04 3.494680470849127751e-02 7.928146727106679184e-03 2.231657824869508265e-04 9.999685468486031459e-01 -1.989017967452423249e-02
9.999710137323524206e-01 -2.721649956191730859e-03 -7.110859062554032023e-03 1.116596300785685614e+00 2.722274207779973570e-03 9.999962915540305808e-01 7.811097173634108800e-05 5.507062230977284589e-02 7.110620101594598841e-03 -9.746641581195743503e-05 9.999747144713553304e-01 -1.333290981261766803e-02
9.999699369933818804e-01 -3.136876364569105187e-03 -7.091199907301092183e-03 1.250741379489327398e+00 3.134355215922853509e-03 9.999950206921323081e-01 -3.666174058938144529e-04 6.800201721407782285e-02 7.092314631508990670e-03 3.443800448557139573e-04 9.999747899200021051e-01 -1.304896634555442227e-02
9.999656625488264616e-01 -3.666294204462359433e-03 -7.431824143021290192e-03 1.404109295718504402e+00 3.667677317251222518e-03 9.999932591730645859e-01 1.724863140083667955e-04 6.710993123029423968e-02 7.431141660807529838e-03 -1.997379241031406504e-04 9.999723687374459935e-01 -2.232247481888520110e-02
9.999706183761203349e-01 -3.885341915711877474e-03 -6.608063458943573207e-03 1.561324144428257288e+00 3.886221301513766678e-03 9.999924413843013227e-01 1.202425068450498898e-04 7.007854434387993103e-02 6.607546327879479375e-03 -1.459193709008406903e-04 9.999781592810225161e-01 -1.941764327611577787e-02
9.999720629923141146e-01 -4.515183407917446219e-03 -5.957042360792612866e-03 1.745118140334680046e+00 4.517506835802727501e-03 9.999897250872112897e-01 3.766324363575465671e-04 8.474775971452208623e-02 5.955280588174352401e-03 -4.035328939603243436e-04 9.999821857384858514e-01 -1.391078375730317451e-02
9.999695997103692502e-01 -5.133920715650785310e-03 -5.868774418001852962e-03 1.927384042317064727e+00 5.145769183390000792e-03 9.999847492260933723e-01 2.005585884107529641e-03 9.225511007188094692e-02 5.858388395732658412e-03 -2.035724272260194898e-03 9.999807673710989775e-01 -7.498894357344468992e-03
9.999659617262499633e-01 -5.444558309333965077e-03 -6.199368815631540845e-03 2.142960645149434296e+00 5.464616808748353274e-03 9.999798741325651719e-01 3.223242614619559968e-03 1.175398300332868157e-01 6.181694915596151578e-03 -3.257010076038611025e-03 9.999755889687182986e-01 -1.946983043294531895e-02
9.999660571716301183e-01 -5.990339913033358027e-03 -5.656883625321289244e-03 2.342747410258077867e+00 6.019094147135008177e-03 9.999689826812789839e-01 5.079781591365013609e-03 1.318901189725271705e-01 5.626278545542668513e-03 -5.113658484330496808e-03 9.999710973256344948e-01 -1.452731788984130620e-02
9.999609990231398404e-01 -6.743606447525222689e-03 -5.702999625203738869e-03 2.576520615650107704e+00 6.773297268047224345e-03 9.999635250242903117e-01 5.202986172788523662e-03 1.323221807816967743e-01 5.667704717329735513e-03 -5.241411363026262336e-03 9.999702019211176296e-01 -1.748863637002173732e-02
9.999604291457749872e-01 -7.244753090729329041e-03 -5.162721690346735830e-03 2.804421176519409808e+00 7.275908726210120019e-03 9.999552783861451744e-01 6.041719945072862065e-03 1.434111434172092303e-01 5.118720035855472451e-03 -6.079044360851435132e-03 9.999684214638246971e-01 -1.646311727484894155e-02
9.999576499343237890e-01 -7.767988294755907158e-03 -4.935250315522147005e-03 3.045668898503441024e+00 7.799796175383223035e-03 9.999487221085046063e-01 6.458818250350511006e-03 1.571814683072840224e-01 4.884825221725286326e-03 -6.497038665508986580e-03 9.999669629398423298e-01 -1.798084629442827515e-02
9.999558411898077370e-01 -8.517592328372387486e-03 -3.970678948442820863e-03 3.299841166271112680e+00 8.543565159233353426e-03 9.999419147402895947e-01 6.570741198168865600e-03 1.661463491842953277e-01 3.914481415703630410e-03 -6.604374796377891245e-03 9.999705291001306229e-01 -1.500294511633423061e-02
9.999438908515285718e-01 -9.186416579374891145e-03 -5.274931197324178762e-03 3.576205747654326306e+00 9.212646172528489441e-03 9.999452120233587316e-01 4.969919723683734192e-03 1.708892946730718732e-01 5.228986441569144668e-03 -5.018236940425446421e-03 9.999737371545333042e-01 -2.578267183759076070e-02
9.999196301779289531e-01 -9.868142127850278861e-03 -7.959457002734749570e-03 3.843467077041724966e+00 9.906555998056624374e-03 9.999394020391834115e-01 4.801291261490465631e-03 1.710516751723138162e-01 7.911594851305582543e-03 -4.879756189077783662e-03 9.999567963899460565e-01 -1.801377141184022299e-02
9.998775751835301540e-01 -1.045745807354511378e-02 -1.163942506072112443e-02 4.123809504570605355e+00 1.048595353313369963e-02 9.999421650159355801e-01 2.389853916985006533e-03 1.932864803702764311e-01 1.161376009761944800e-02 -2.511611809896943746e-03 9.999294036993368051e-01 -1.575247630302223367e-02
9.998195744491589210e-01 -1.074093694066939608e-02 -1.566687020241614922e-02 4.421641064645040586e+00 1.071700412225271362e-02 9.999412739029146513e-01 -1.610766295832977060e-03 2.087326288201320768e-01 1.568325128748531902e-02 1.442573759894683148e-03 9.998759696132319963e-01 -2.013149419547245050e-02
9.997792259294003836e-01 -1.072335359082381319e-02 -1.806956246772763522e-02 4.712252827551766110e+00 1.065433492085654001e-02 9.999355903473640117e-01 -3.911560310529819430e-03 2.144522888650711168e-01 1.811034365778744701e-02 3.718177569033158728e-03 9.998290806973769707e-01 -1.962462584278867883e-02
9.997439562616993181e-01 -1.174993001562131718e-02 -1.933807288313335593e-02 5.025467034605505035e+00 1.161688513313965422e-02 9.999081737884190080e-01 -6.977963235239368137e-03 2.101858437392359891e-01 1.941828772082686283e-02 6.751528400067249858e-03 9.997886511489587624e-01 -1.655353047073928816e-02
9.997261042532586961e-01 -1.195441907940923525e-02 -2.011984938006166138e-02 5.338281030140124450e+00 1.176406332515038573e-02 9.998851668161319317e-01 -9.553009743417557875e-03 2.211970524519725756e-01 2.023173963564089614e-02 9.313702032480723064e-03 9.997519350647768865e-01 -1.879655174024912750e-02
9.997302681552294734e-01 -1.196302523211124035e-02 -1.990670644704429365e-02 5.667264135343846654e+00 1.171969044253789137e-02 9.998557200178485038e-01 -1.229585310260752906e-02 2.469034358626596148e-01 2.005092990871024800e-02 1.205923608217730411e-02 9.997262300424603065e-01 -7.601327905695162701e-03
9.997054079764282619e-01 -1.272465214969534936e-02 -2.066834512853626959e-02 5.993737770222833383e+00 1.247411630585973027e-02 9.998476964724420935e-01 -1.220574787300112915e-02 2.619922972717245724e-01 2.082051116257523093e-02 1.194433281605300490e-02 9.997118781071416826e-01 -5.858147968851073334e-03
9.997307452661473581e-01 -1.327195625464223407e-02 -1.903397348870044734e-02 6.335674464211697554e+00 1.310499545429615574e-02 9.998747850331501930e-01 -8.869799831707957105e-03 2.715713070756222702e-01 1.914930974569490144e-02 8.617971460068332701e-03 9.997794929404067998e-01 -1.917587603082796660e-02
9.998396885376770182e-01 -1.415883452420980959e-02 -1.096013821979207811e-02 6.697029547827415996e+00 1.410996470221932003e-02 9.998902177109358913e-01 -4.523430344258803915e-03 3.030055188997660132e-01 1.102298149245600073e-02 4.368058023112889390e-03 9.999297045033334053e-01 -1.023542224553347646e-02
9.998697601244148636e-01 -1.613424518463745308e-02 3.859029245260149686e-04 7.065738672611594495e+00 1.613501666074139765e-02 9.998676432627123800e-01 -2.087389189156714422e-03 3.235189498724701518e-01 -3.521733987003989263e-04 2.093343877965077055e-03 9.999977469401147845e-01 -2.132406070439998858e-02
9.997580312227015709e-01 -1.751566175369173237e-02 1.330716344823393120e-02 7.426785215980683752e+00 1.754029822192607405e-02 9.998446484734967443e-01 -1.736910243959646468e-03 3.637109931539126984e-01 -1.327467302774910062e-02 1.969901581281575421e-03 9.999099472171313341e-01 -3.188481347890315815e-02
9.995781868871702613e-01 -1.946254888376037356e-02 2.155591543647928168e-02 7.796282618793287433e+00 1.956766892006369524e-02 9.997975980401176965e-01 -4.676460867586670379e-03 3.694990915567060163e-01 -2.146053662870947912e-02 5.096287291601004320e-03 9.997567070159866232e-01 -3.731096912482859129e-02
9.995495392656525979e-01 -2.064934050971801646e-02 2.177896439997389910e-02 8.176819113257593585e+00 2.083984818480813864e-02 9.997462077467611508e-01 -8.556916711300883993e-03 3.777646257327635926e-01 -2.159674238064067386e-02 9.006932468033159583e-03 9.997261904571973501e-01 -3.953296159097079154e-02
9.995850747775503198e-01 -2.159859002863673272e-02 1.905726084026794845e-02 8.553239479480849283e+00 2.177396698843347966e-02 9.997220150834492669e-01 -9.043612059032920397e-03 4.082096905677352616e-01 -1.885663393996249090e-02 9.454811804713539325e-03 9.997774921902331524e-01 -3.802562283240920604e-02
9.995535759805579401e-01 -2.344736481355635255e-02 1.851674452432044982e-02 8.945753691241154826e+00 2.357125206876994200e-02 9.997010227727005649e-01 -6.500857107095638424e-03 4.134047746522116484e-01 -1.835878047119308271e-02 6.934417821011843591e-03 9.998074159702428076e-01 -3.472838996102781822e-02
9.995412085619496123e-01 -2.479317551597968669e-02 1.739743758003053919e-02 9.341094603155195131e+00 2.485524992494686849e-02 9.996854110367421331e-01 -3.360879567665202381e-03 4.518595841231553001e-01 -1.730863766116970404e-02 3.791755284000560434e-03 9.998430045032973279e-01 -3.838631454565148704e-02
9.995858729111383179e-01 -2.585253647270940175e-02 1.263839524642594234e-02 9.731761700168862106e+00 2.586596842002057695e-02 9.996650143163726687e-01 -9.004607381487684083e-04 4.831103239280652994e-01 -1.261088237087913330e-02 1.226992165288436250e-03 9.999197268461375021e-01 -5.544797804079693027e-02
9.996246299239046618e-01 -2.696397772328966089e-02 4.852128897157768905e-03 1.015640202444191864e+01 2.695235181454932669e-02 9.996337275630233776e-01 2.445700333221959011e-03 5.017996326794835760e-01 -4.916297505384921440e-03 -2.314006005416033469e-03 9.999852375885582845e-01 -7.625220326425467821e-02
9.996073476153599646e-01 -2.801922689057711677e-02 -2.711417328233343754e-04 1.056570303167085711e+01 2.801993559262226999e-02 9.996025222453488457e-01 3.111387170081859367e-03 5.272618751852400365e-01 1.838552969532252683e-04 -3.117762850380170411e-03 9.999951228641260625e-01 -9.304246118441673874e-02
9.995808554034207871e-01 -2.892661919298600975e-02 -1.167995303751965868e-03 1.101174122674544265e+01 2.892841860145713151e-02 9.995802773434001587e-01 1.554266164462717427e-03 5.743688538994902171e-01 1.122545404196223116e-03 -1.587402959269709800e-03 9.999981100200442397e-01 -9.947884409556217999e-02
9.995449606559854150e-01 -3.015918241213754597e-02 -5.434551094782261605e-04 1.148237009861476210e+01 3.016032157298065286e-02 9.995425941987989837e-01 2.226518571557968736e-03 5.751985108162984695e-01 4.760565502148297358e-04 -2.241896198870073353e-03 9.999973736323483076e-01 -9.346784456121373652e-02
9.995298416801009500e-01 -3.066070581192330974e-02 1.292674241778169700e-04 1.194247231752841465e+01 3.065964853467367107e-02 9.995168742274900264e-01 5.099420186477507388e-03 6.358622148910587635e-01 -2.855567939026206338e-04 -5.093059357857900038e-03 9.999869895172111001e-01 -9.648782274652782653e-02
9.994899797405244479e-01 -3.193347957789786223e-02 1.824289836537134907e-04 1.242173937274075435e+01 3.193193173415361658e-02 9.994739441212948661e-01 5.673337496396031569e-03 6.668866621359481606e-01 -3.635024228941010618e-04 -5.664618669481665154e-03 9.999838898508904839e-01 -9.723555926681670680e-02
9.994538508875133731e-01 -3.302316090158580186e-02 -1.212761389658403768e-03 1.291592166877442871e+01 3.302861420181436858e-02 9.994429194719354204e-01 4.791801469402529913e-03 6.742467656940183129e-01 1.053845352970501654e-03 -4.829240259340687215e-03 9.999877838496276095e-01 -1.003682094555689019e-01
9.994264059962705282e-01 -3.369795775715160591e-02 -3.362534813943934310e-03 1.341795582957404065e+01 3.370858060257153621e-02 9.994267271536243502e-01 3.154147231001544222e-03 7.262726125666177923e-01 3.254318843889980432e-03 -3.265684306867743924e-03 9.999893723009610769e-01 -1.064398743241474765e-01
9.993828418488188703e-01 -3.485361264008477594e-02 -4.377339844436254485e-03 1.392223393347443228e+01 3.486955703525951994e-02 9.993853138702680772e-01 3.620554182789909731e-03 7.446645380366748723e-01 4.248459761319357819e-03 -3.770955629632491424e-03 9.999838651114806298e-01 -1.097597901766860506e-01
9.993658464072725511e-01 -3.526592170558925932e-02 -4.921361694798553725e-03 1.446662655191184044e+01 3.528843900427026947e-02 9.993667377467013724e-01 4.566131640435611844e-03 8.326833361900511932e-01 4.757216341273392234e-03 -4.736903183635813794e-03 9.999774650665439468e-01 -1.178410441417145765e-01
9.993118117433239522e-01 -3.672355623543817338e-02 -5.223344493524896721e-03 1.500737695130082550e+01 3.675079775426678963e-02 9.993108349684929337e-01 5.218618495199131221e-03 8.477176972527236121e-01 5.028098517372701047e-03 -5.406989180317059093e-03 9.999727409751245633e-01 -1.207179127742018521e-01
9.992547993659957051e-01 -3.851580664213527516e-02 -2.525585621053124622e-03 1.557202971221889953e+01 3.852998391252593358e-02 9.992404481292654905e-01 5.828135390083102885e-03 8.641513760683541268e-01 2.299191972001326991e-03 -5.921103033244234232e-03 9.999798269240962600e-01 -1.192902263991740680e-01
9.992180093467956103e-01 -3.953946574656930918e-02 2.110694291156168005e-05 1.613829778356755540e+01 3.953906633127936970e-02 9.992100470988481975e-01 3.992995162559211803e-03 9.124819494668552355e-01 -1.789711648770011491e-04 -3.989038128847969059e-03 9.999920277402859492e-01 -1.193845379374017940e-01
9.991738414016756442e-01 -4.061986736721324293e-02 1.288810959389674301e-03 1.670989849992999154e+01 4.061766310132649410e-02 9.991733283663837284e-01 1.692727216602643364e-03 9.458950171885618374e-01 -1.356503890955724568e-03 -1.638980266108242380e-03 9.999977368178796233e-01 -1.376475599231153368e-01
9.991440740627662853e-01 -4.132784332551710238e-02 1.768793746844057576e-03 1.729313180512993142e+01 4.132647148677408289e-02 9.991453719764907815e-01 8.052405930597147628e-04 9.878579879498360361e-01 -1.800560943209515144e-03 -7.314533624054663863e-04 9.999981114763509815e-01 -1.456189811372221032e-01
9.990957707536233245e-01 -4.248802308601633965e-02 1.552016902469687985e-03 1.787789301576397705e+01 4.248366732139847307e-02 9.990934062993136466e-01 2.739251751736643259e-03 1.032008109961736864e+00 -1.666995245388747408e-03 -2.670839470427824672e-03 9.999950438594058522e-01 -1.488374219521932385e-01
9.990440629899521863e-01 -4.368781419672552319e-02 1.528101842441564450e-03 1.846337123065082153e+01 4.368113564212022099e-02 9.990368608818319673e-01 4.160407238464431876e-03 1.095137309088183519e+00 -1.708389166197310516e-03 -4.089680927353648784e-03 9.999901779099479304e-01 -1.419828886754475050e-01
9.989765243949974005e-01 -4.515527060885580340e-02 2.627783083178019882e-03 1.903692732684250188e+01 4.514184622128023655e-02 9.989682663651628935e-01 4.961503312033786750e-03 1.151280333278739354e+00 -2.849109935667669055e-03 -4.837802354586076201e-03 9.999842389962716460e-01 -1.517233795227102555e-01
9.988914317901407269e-01 -4.699245694656475208e-02 2.759798247676436590e-03 1.963336487863490021e+01 4.698615005025157804e-02 9.988928760951318875e-01 2.307333926999409913e-03 1.178087283005091246e+00 -2.865170099289688667e-03 -2.175103795384662492e-03 9.999935298409592388e-01 -1.665469845230012069e-01
9.988350830790658774e-01 -4.820377805600174065e-02 2.207394745664377576e-03 2.022024652043736026e+01 4.820303965472478441e-02 9.988374830576332020e-01 3.865321944302670576e-04 1.215132860347122756e+00 -2.223460923985867439e-03 -2.796787800775983840e-04 9.999974889974971859e-01 -1.680288415911578292e-01
9.988098811070251770e-01 -4.875172131941937770e-02 1.446053720935248877e-03 2.082340176528787623e+01 4.875392179622493882e-02 9.988096522871261485e-01 -1.527614990031885955e-03 1.279192761786987376e+00 -1.369858553918438951e-03 1.596297736594674572e-03 9.999977876580919967e-01 -1.745227719857987692e-01
9.987656613645782278e-01 -4.967038728449107293e-02 7.941023432719810792e-05 2.142910294468103061e+01 4.967044615820333936e-02 9.987636039690384049e-01 -2.027354242049423782e-03 1.323480359381806970e+00 2.138741853679251441e-05 2.028796142149335516e-03 9.999979417622777422e-01 -1.755158648814465483e-01
9.987363998835716572e-01 -5.023133158423143119e-02 -1.554630141673735665e-03 2.203826067040624181e+01 5.022913207335137631e-02 9.987367068084908039e-01 -1.422942194373417275e-03 1.377415512024415811e+00 1.624142469191209182e-03 1.343056441739593062e-03 9.999977791778510428e-01 -1.808156341173283443e-01
9.987016795602632335e-01 -5.088588869612301752e-02 -2.362535738378947203e-03 2.266100717997214531e+01 5.088394925204684643e-02 9.987041904153478589e-01 -8.739309696434609861e-04 1.428522330876460966e+00 2.403945095974444751e-03 7.525811785848324654e-04 9.999968273297397126e-01 -1.807098664166512936e-01
9.986615128538610664e-01 -5.161196012669966998e-02 -3.374657955624961198e-03 2.327167437376375148e+01 5.161210911434992860e-02 9.986672060027793618e-01 -4.298105013120040002e-05 1.473387276930444356e+00 3.372378568004606985e-03 -1.312496940812523554e-04 9.999943049019388575e-01 -1.849974197830722977e-01
9.986457409562493615e-01 -5.187783814475008248e-02 -3.920966637307116490e-03 2.389426447129623199e+01 5.187919814519716122e-02 9.986533374224271231e-01 2.458756986491896076e-04 1.515334661320776322e+00 3.902930918570493308e-03 -4.489593243582187462e-04 9.999922827531070313e-01 -1.857870959155246138e-01
9.986380783350928825e-01 -5.204743917016071281e-02 -3.612834762538974769e-03 2.453930376075605935e+01 5.204761749618488226e-02 9.986446032068854173e-01 -4.470719538300542629e-05 1.573286492796773128e+00 3.610264832919941966e-03 -1.433931341125124239e-04 9.999934726918197070e-01 -1.951461835581203008e-01
9.986687764155489644e-01 -5.152624012388531960e-02 -2.391984817253484715e-03 2.517818200626162550e+01 5.152608732541487380e-02 9.986716410183830162e-01 -1.255013296219912450e-04 1.633299622768465298e+00 2.395274014383564406e-03 2.084640717248925743e-06 9.999971313249105265e-01 -1.985718904889971492e-01
9.986755428122300327e-01 -5.145009223639249868e-02 2.195394369926984696e-04 2.584658302036500999e+01 5.144983508744230966e-02 9.986750289179342488e-01 1.049326087619581894e-03 1.680690823620901053e+00 -2.732364775813905019e-04 -1.036641032312055413e-03 9.999994253584336690e-01 -2.038629617875239997e-01
9.987062562531442422e-01 -5.076953952127682274e-02 2.875339567153083371e-03 2.650222773099670448e+01 5.076388238181333418e-02 9.987086654005208342e-01 2.007460942548872692e-03 1.730104712916425314e+00 -2.973544409344921514e-03 -1.858900402912659752e-03 9.999938512425652348e-01 -2.115257310718661465e-01
9.987089549372155650e-01 -5.059856618702888997e-02 4.495378519266445341e-03 2.717068189577154413e+01 5.059270546459247730e-02 9.987183764470507485e-01 1.408084067112330652e-03 1.780614984161679626e+00 -4.560864171143414955e-03 -1.178832805752396762e-03 9.999889043740577410e-01 -2.147876916630187538e-01
9.987479464025570408e-01 -4.986066838718450356e-02 4.056267330724061537e-03 2.786528560894458550e+01 4.985954529420873194e-02 9.987561680239082085e-01 3.775940326640059709e-04 1.846651809839399583e+00 -4.070049106562169741e-03 -1.748776199953805421e-04 9.999917020246158472e-01 -2.247540026104343780e-01
9.988125111996656313e-01 -4.867953109389715899e-02 1.967415435587214004e-03 2.853893825906454040e+01 4.867891585992952658e-02 9.988144141751208460e-01 3.594255306917017601e-04 1.915085662126566612e+00 -1.982579562032380643e-03 -2.632270664489744618e-04 9.999980000428959626e-01 -2.329027119566154380e-01
9.988548474727282356e-01 -4.784218975361944487e-02 -3.443251537366804845e-04 2.923743490527120414e+01 4.784267445874194197e-02 9.988536447017223319e-01 1.573202695227768257e-03 1.961319770263656892e+00 2.686649729063717864e-04 -1.587874574423597633e-03 9.999987032358933492e-01 -2.388365811163794816e-01
9.989002470904572162e-01 -4.676348077927017233e-02 -3.387215379976439913e-03 2.995732044057582755e+01 4.676942961088186024e-02 9.989042668966592320e-01 1.698831810567883252e-03 2.010746300282367560e+00 3.304060607235750555e-03 -1.855381646632091753e-03 9.999928203454507836e-01 -2.479889543260423712e-01
9.989514629357540976e-01 -4.547558712051947422e-02 -5.286366858312629112e-03 3.067998195128085470e+01 4.548874341840048602e-02 9.989619787961289132e-01 2.395650629224472042e-03 2.058109786158266896e+00 5.171935878522634748e-03 -2.633608886380065656e-03 9.999831574499152831e-01 -2.555298294445535467e-01
9.990607721201910651e-01 -4.298024716794317246e-02 -5.501996364054843880e-03 3.138977738169073106e+01 4.298521607017871671e-02 9.990753976754964683e-01 7.880094851327195836e-04 2.112876575734297546e+00 5.463040362985541534e-03 -1.023773867180964147e-03 9.999845534192322027e-01 -2.399047320791273807e-01
9.991854788641477692e-01 -4.015749128468738827e-02 -3.969221679886192691e-03 3.215099922431531354e+01 4.017128713288192765e-02 9.991868198063693640e-01 3.459308503378818143e-03 2.156768777962922101e+00 3.827076836356500117e-03 -3.615939567284150516e-03 9.999861391359053941e-01 -2.642800839014458614e-01
9.993058910952204998e-01 -3.724354527012177507e-02 8.089240382105564999e-04 3.287436080978877584e+01 3.723937745236148567e-02 9.992954673384266684e-01 4.668803255232707380e-03 2.207650100922011305e+00 -9.822369101984565823e-04 -4.635438769729376129e-03 9.999887738960194783e-01 -2.553552922811994641e-01
9.993830636796626754e-01 -3.478785765008365199e-02 4.826695595207613002e-03 3.360167571908166906e+01 3.476321459619018811e-02 9.993825696386570145e-01 5.098863929752025723e-03 2.265770460003184272e+00 -5.001093999367531295e-03 -4.927926800634615037e-03 9.999753519943664903e-01 -2.561740457842054952e-01
9.994682380567887492e-01 -3.214544725983545931e-02 5.469125718366374227e-03 3.434476551156839719e+01 3.213909779744452549e-02 9.994826304225655766e-01 1.244940301999320235e-03 2.301311012638113773e+00 -5.506315321924090157e-03 -1.068505523796051430e-03 9.999842692700326996e-01 -2.621619105736069377e-01
9.995749460471976544e-01 -2.881635804695449610e-02 4.420943751251117833e-03 3.507813839641747222e+01 2.881587794493707666e-02 9.995847215227204874e-01 1.722689981497699209e-04 2.326785731778373556e+00 -4.424071993593033277e-03 -4.480239899367659457e-05 9.999902127419750819e-01 -2.720595255620019692e-01
9.996750531027963627e-01 -2.528183633680323311e-02 3.258366977555525630e-03 3.581185548598298141e+01 2.527915939865688078e-02 9.996800609428285744e-01 8.601473360774634013e-04 2.379097848053658648e+00 -3.279070602873055545e-03 -7.774990556645211331e-04 9.999943215794776519e-01 -2.742999622991446063e-01
9.997653437177298485e-01 -2.160167356303871813e-02 1.620246970477579040e-03 3.653899605462240174e+01 2.159781378863946319e-02 9.997639473845025826e-01 2.363038236853033311e-03 2.427811157986354829e+00 -1.670910087551923887e-03 -2.327489942725529011e-03 9.999958954165990566e-01 -2.781248001830851635e-01
9.998225891480836403e-01 -1.883011568104911437e-02 -4.658032423439257825e-04 3.723931009400435954e+01 1.883189146734041974e-02 9.998140175740560798e-01 4.158139750831734392e-03 2.448857054684420387e+00 3.874183586007717947e-04 -4.166174007821109131e-03 9.999912464122633349e-01 -2.786687291481372841e-01
9.998779582810443101e-01 -1.556536389346572201e-02 -1.337157654955230734e-03 3.797224523274154961e+01 1.557334755368781042e-02 9.998596077094461521e-01 6.183503625327233487e-03 2.474946479350976780e+00 1.240721444264437272e-03 -6.203573000810321848e-03 9.999799879459195795e-01 -2.919794179024446934e-01
9.999262086541516048e-01 -1.191255364095312498e-02 -2.380821766862723475e-03 3.870834320647254856e+01 1.192392403542920538e-02 9.999172899124187941e-01 4.820100600722927037e-03 2.494930845508902095e+00 2.323205141924969235e-03 -4.848133656902441427e-03 9.999855490545417336e-01 -2.964343054682679890e-01
9.999563365329507958e-01 -7.692817494306312259e-03 -5.305241427061829079e-03 3.940835340433739020e+01 7.713279508589328606e-03 9.999628510015250438e-01 3.847328439870880724e-03 2.516422517527786784e+00 5.275447547127564557e-03 -3.888081262159793702e-03 9.999785260080720217e-01 -2.917560177393632714e-01
9.999641623675979973e-01 -2.465949144783488416e-03 -8.098955197031042219e-03 4.012847107900943655e+01 2.511898439819763330e-03 9.999807806333508298e-01 5.668221073866154709e-03 2.539452923163862064e+00 8.084821995332090033e-03 -5.688361691166528809e-03 9.999511379035348480e-01 -2.955702329690162999e-01
9.999690983731724936e-01 2.775253148049095647e-03 -7.355288485760542658e-03 4.082972404814131551e+01 -2.712394021325618271e-03 9.999598347498518391e-01 8.542353640656854749e-03 2.556511105635261405e+00 7.378700252591581521e-03 -8.522139227518521140e-03 9.999364619442423496e-01 -2.957640341854558819e-01
9.999560177749140522e-01 7.221017084997403794e-03 -5.984933415990705864e-03 4.153826455999980283e+01 -7.163454328675424206e-03 9.999284113270706653e-01 9.584213217657991737e-03 2.556954521629952293e+00 6.053712729940850974e-03 -9.540918885449367268e-03 9.999361596767089022e-01 -2.951278956749362470e-01
9.999063208408535131e-01 1.266708005133194807e-02 -5.186002842382670883e-03 4.224372486872101007e+01 -1.261393873376501391e-02 9.998688772309418660e-01 1.015464891350325964e-02 2.581707148447982103e+00 5.313952590010150370e-03 -1.008828171240466927e-02 9.999349921269693464e-01 -2.921986063595982119e-01
9.998226814662082296e-01 1.841124467095803935e-02 -3.953693891450255071e-03 4.295142408195196282e+01 -1.836620565186367071e-02 9.997692556728463575e-01 1.114082139324639939e-02 2.595306611765064719e+00 4.157897987520003946e-03 -1.106623156403682001e-02 9.999301227602339637e-01 -2.882886713482451513e-01
9.997010814968487757e-01 2.436163715128966331e-02 -2.063562293686386530e-03 4.365243294432485754e+01 -2.433536005820367484e-02 9.996327452437245853e-01 1.192329179935222409e-02 2.587418626341553729e+00 2.353275349083925987e-03 -1.186951017539553642e-02 9.999267857314991792e-01 -3.025140244067101580e-01
9.995347939306629126e-01 3.042279960793358579e-02 2.156150737470867700e-03 4.435286135692951603e+01 -3.044528156062222685e-02 9.994725559959426464e-01 1.130020538006685539e-02 2.576201193367658071e+00 -1.811229604886277923e-03 -1.136059307222873731e-02 9.999338259966834563e-01 -3.030211167065340883e-01
9.993073004733914466e-01 3.668484434147065848e-02 6.256310112591177003e-03 4.505274568055097717e+01 -3.675001858041675867e-02 9.992678282456209926e-01 1.064159610298293611e-02 2.568238904452059934e+00 -5.861344122457373337e-03 -1.086414418728261742e-02 9.999238046052089102e-01 -3.158271598194440921e-01
9.990391212520974840e-01 4.288174479256302157e-02 9.054842427257556170e-03 4.574387023505257588e+01 -4.296084964649834331e-02 9.990386122890092535e-01 8.730209235846069296e-03 2.544565779358482605e+00 -8.671770608585805534e-03 -9.110824287416748393e-03 9.999208935087394723e-01 -3.180643727307813085e-01
9.987526269849588134e-01 4.904669615698161594e-02 9.360111469873016316e-03 4.643819587028129092e+01 -4.912436109883366181e-02 9.987585466329655937e-01 8.256068933682818647e-03 2.536784637142039500e+00 -8.943558423531488416e-03 -8.705580031855999698e-03 9.999221097860742091e-01 -3.248804399616201932e-01
9.984793635521614918e-01 5.446140700967344594e-02 8.539069445628003074e-03 4.712398611042060281e+01 -5.452986888884005234e-02 9.984800861353544388e-01 8.000686851828833074e-03 2.511057934561141902e+00 -8.090362132592027883e-03 -8.454155053096993472e-03 9.999315343076753404e-01 -3.289756805304686615e-01
9.981848433347962901e-01 5.984858266796591608e-02 6.720542338516618738e-03 4.780116907834105433e+01 -5.989680899942048664e-02 9.981784648523485126e-01 7.219735223389423841e-03 2.487742701610295981e+00 -6.276209714077883237e-03 -7.609169313700331165e-03 9.999513536837580929e-01 -3.389251788025835488e-01
9.978703618163706768e-01 6.503559438398259784e-02 5.011234537275557205e-03 4.849924460924973602e+01 -6.507518028515602015e-02 9.978467634760345151e-01 8.188866298660427492e-03 2.443693761248812990e+00 -4.467876376975394442e-03 -8.497533967274572761e-03 9.999539139366149243e-01 -3.446501815077372965e-01
9.975052431458556468e-01 7.040776959444568217e-02 5.102536355862364280e-03 4.918033602987816977e+01 -7.044834658107369807e-02 9.974811934689272741e-01 8.264329361620661313e-03 2.428165007260517871e+00 -4.507811056418582936e-03 -8.603177118941172929e-03 9.999528313790304601e-01 -3.479738035353575620e-01
9.971145691437158787e-01 7.554078731318117357e-02 7.491692295235830891e-03 4.987701763893725371e+01 -7.560574327680091855e-02 9.970989306841289146e-01 8.803068336046519435e-03 2.397127510954473628e+00 -6.804967663717484926e-03 -9.344082655422100356e-03 9.999331880352928525e-01 -3.594671212079406097e-01
9.967166798680179296e-01 8.053048368267309853e-02 8.408404766058761096e-03 5.057694446036798297e+01 -8.058520510757710698e-02 9.967272720368952621e-01 6.385130825496880200e-03 2.345534915615389071e+00 -7.866688670901367600e-03 -7.041759419612561577e-03 9.999442628635014652e-01 -3.670372780591026340e-01
9.963028298818408235e-01 8.552222550098037557e-02 8.162114603160075532e-03 5.125871826125796105e+01 -8.555058086676473050e-02 9.963287222524956910e-01 3.189879005288554382e-03 2.312562368519778477e+00 -7.859343661833783495e-03 -3.876359125351106025e-03 9.999616015413473891e-01 -3.733350364688306500e-01
9.959572631520536845e-01 8.965371270579261531e-02 5.598372329350173766e-03 5.195751497138873276e+01 -8.965607918371126805e-02 9.959727695315216955e-01 1.726763288262389410e-04 2.248227530775793959e+00 -5.560345319755850661e-03 -6.739063567290422968e-04 9.999843140820496856e-01 -3.816914916973122018e-01
