1.000000000000000000e+00 0.000000000000000000e+00 0.000000000000000000e+00 0.000000000000000000e+00 0.000000000000000000e+00 1.000000000000000000e+00 0.000000000000000000e+00 0.000000000000000000e+00 0.000000000000000000e+00 0.000000000000000000e+00 1.000000000000000000e+00 0.000000000000000000e+00
9.999999210722472220e-01 3.972360751776795413e-04 7.681133442547862609e-06 2.754426811501883843e-03 -3.972358552484902064e-04 9.999999206924898854e-01 -2.861274579415460593e-05 -3.539028643478334742e-05 -7.692498848215619534e-06 2.860969231420255155e-05 9.999999995611554837e-01 -6.484240410728262221e-04
9.999999928729048637e-01 -1.193790609143710509e-04 -1.682297430842699703e-06 1.011724873002420658e-03 1.193790326695007140e-04 9.999999927335462280e-01 -1.677957364187437838e-05 -1.261327372063376061e-04 1.684300548362273441e-06 1.677937269124480179e-05 9.999999998578078531e-01 -5.801395531451859289e-04
9.999999009760657254e-01 4.449679548882301701e-04 7.167842084309881911e-06 1.294312583527581009e-03 -4.449679818035301286e-04 9.999999009946969331e-01 3.753850404045548188e-06 -2.064660176723734884e-03 -7.166171031518259379e-06 -3.757039492550653884e-06 9.999999999672652962e-01 -4.060287365746137033e-04
9.999999866508708646e-01 -1.621017632183307914e-04 -2.052502186152779342e-05 1.560491179579923202e-03 1.621014828577636727e-04 9.999999867682515253e-01 -1.366037965281642371e-05 1.026944633852784616e-04 2.052723596157381914e-05 1.365705233398280964e-05 9.999999996960587945e-01 -4.139155963023398595e-04
9.999999942648837292e-01 -1.065466072426328112e-04 -1.086521579984898874e-05 -2.098155724793159503e-03 1.065465192040047199e-04 9.999999942910898776e-01 -8.103053024172304533e-06 -1.917327544987233647e-03 1.086607909062848171e-05 8.101895326776480688e-06 9.999999999081438107e-01 -7.465007805995900513e-04
9.999999981963404450e-01 -5.715810484559217988e-05 -1.844641415394839917e-05 -1.703804372061966908e-03 5.715765046029743586e-05 9.999999980631263385e-01 -2.463230391875205309e-05 -1.173312021701167912e-03 1.844782205402999890e-05 2.463124952063130448e-05 9.999999995264896580e-01 -1.434147028369592248e-04
9.999999889892509097e-01 1.472137789055650886e-04 -1.869762947310257654e-05 -2.432556871982688960e-03 -1.472136160500081407e-04 9.999999891261345253e-01 8.711035081610564852e-06 -1.360966239064806491e-03 1.869891165417961328e-05 -8.708282440049245601e-06 9.999999997872582869e-01 -4.535954885547213060e-04
9.999999299982668122e-01 3.741662737568411386e-04 -1.749608508176395983e-06 -3.441513120988441699e-04 -3.741662884271922270e-04 9.999999299645778716e-01 -8.392137608370365715e-06 -3.036789707289186228e-04 1.746468330784046967e-06 8.392791665427893171e-06 9.999999999632555037e-01 -1.276382030497859831e-04
9.999998781891374922e-01 4.932829383878089159e-04 1.713629976670092987e-05 1.683564532774924679e-03 -4.932824197651317771e-04 9.999998778785184061e-01 -3.025562098384663065e-05 2.156845631513812714e-04 -1.715122225561227623e-05 3.024716426296860422e-05 9.999999993954723498e-01 -2.112219474453470196e-04
9.999999993080525007e-01 3.562743826971612171e-05 -1.070423933287768018e-05 9.919428687944582476e-04 -3.562751343693819133e-05 9.999999993406852861e-01 -7.022083219049742302e-06 -1.771722692895758445e-04 1.070398914698380732e-05 7.022464579621493953e-06 9.999999999180547716e-01 -5.428933678651436416e-04
9.999999542606943237e-01 -3.022922663871450478e-04 -9.899241780422224284e-06 -1.270252311521484533e-03 3.022921432937996354e-04 9.999999542324298218e-01 -1.243375991521259154e-05 -1.561271483104079453e-04 9.902999956822463210e-06 1.243076688348625694e-05 9.999999998737033602e-01 -6.164031110894036946e-04
9.999998632181628100e-01 5.230030102268668456e-04 5.613110618236200080e-06 6.793049296514377944e-04 -5.230030036722252505e-04 9.999998632332363080e-01 -1.169142151530813386e-06 -4.203689996481018288e-04 -5.613721315413860785e-06 1.166206317900119988e-06 9.999999999835630371e-01 -1.660367383395956742e-04
9.999999388754829965e-01 -3.145865362265845653e-04 1.525920755028662259e-04 -2.454977996166520481e-03 3.145997299454953659e-04 9.999999467769019601e-01 -8.644768990057524727e-05 3.194113067088115822e-04 -1.525648721021126376e-04 8.649569004224699331e-05 9.999999846212276333e-01 8.542496943015640085e-04
9.999997461380661923e-01 4.319494712038420524e-04 5.666952068569603611e-04 -1.054051320304454781e-02 -4.316995017327668934e-04 9.999998095117201835e-01 -4.411485730050206957e-04 -4.463599649714169136e-04 -5.668856528009970060e-04 4.409038189757563827e-04 9.999997421222063254e-01 4.561988611250377898e-03
9.999998233539373338e-01 -2.907070515301564645e-04 5.184414184468624657e-04 -1.378392262514666414e-02 2.908681909091371935e-04 9.999999094098699359e-01 -3.107667090570784859e-04 -1.750526937039012000e-03 -5.183510294074832958e-04 3.109174522788389649e-04 9.999998173212574226e-01 3.026326447490838845e-03
9.999999662189297256e-01 1.557917799384132373e-04 2.080650398774174295e-04 -6.995382903672704017e-03 -1.557774197287288879e-04 9.999999854839676239e-01 -6.903231096508722958e-05 -3.199159993715491868e-03 -2.080757915237370999e-04 6.899989679805402490e-05 9.999999759717392855e-01 -8.999652211647789484e-04
9.999999646082498028e-01 6.440322439586221596e-05 -2.581389623464444365e-04 6.254886776062154076e-03 -6.442029121859632623e-05 9.999999957399389183e-01 -6.610709593700892959e-05 -1.273283170176647133e-03 2.581347037366228821e-04 6.612372298449231895e-05 9.999999644970634094e-01 -1.261614510325413316e-03
9.999999162537823727e-01 -2.768191192287251801e-04 -3.014359026400985873e-04 1.825621881538141630e-02 2.768171170531120518e-04 9.999999616638043376e-01 -6.683828270237161305e-06 -3.470083639024362831e-04 3.014377412956476899e-04 6.600385092946689836e-06 9.999999545458604366e-01 -1.420967764743671143e-03
9.999999939129843307e-01 1.311301347810187905e-05 -1.095540055070757135e-04 3.929708410506107391e-02 -1.312025794374283518e-05 9.999999977275768615e-01 -6.612643273538082347e-05 2.512504704785707265e-03 1.095531381413189401e-04 6.612786970967921897e-05 9.999999918126073473e-01 -2.794795112565405873e-04
9.999999917581305908e-01 1.252134800001940740e-04 2.837821816436651441e-05 5.726478624673089074e-02 -1.252118345435602250e-04 9.999999904803060780e-01 -5.797744628982529682e-05 1.549643921329459627e-03 -2.838547745202603558e-05 5.797389252322531834e-05 9.999999979166461772e-01 5.829294651679932512e-04
9.999999884410946116e-01 3.358984487481735776e-05 -1.482886808704922301e-04 8.037865316765954726e-02 -3.360028487810388475e-05 9.999999969573383218e-01 -7.040130807874573412e-05 5.142635718606497009e-04 1.482863156502826007e-04 7.040628980690512089e-05 9.999999865270613464e-01 7.480363667211990808e-04
9.999999546845667053e-01 -1.804504993720019697e-04 -2.409740274497703218e-04 1.046634341953861375e-01 1.804168480956934472e-04 9.999999739722353898e-01 -1.396613386480046479e-04 -1.189197248352342074e-03 2.409992231360570637e-04 1.396178565446851703e-04 9.999999612131135196e-01 1.247391408889201832e-03
9.999998975908760412e-01 -3.786197417912919266e-04 -2.479220209217378960e-04 1.396071296257871408e-01 3.785525821726818513e-04 9.999998916607056865e-01 -2.708810060639102761e-04 -2.697845088424945248e-04 2.480245549586131441e-04 2.707871268020263251e-04 9.999999325790738247e-01 2.342439729906561387e-03
9.999997463217386029e-01 -6.910096813873765594e-04 -1.728064774233855055e-04 1.717631387418310507e-01 6.909776811943269198e-04 9.999997441308224877e-01 -1.851705530068703759e-04 -1.957315484323588883e-03 1.729343878523698715e-04 1.850511006140610423e-04 9.999999679248933182e-01 2.437334138140435057e-03
9.999995564429352557e-01 -8.918968672917308238e-04 -3.027109361873198123e-04 2.123166718560908217e-01 8.918326266817846537e-04 9.999995797844475343e-01 -2.122863497531467258e-04 -5.255834099308122516e-03 3.029001465137901852e-04 2.120162881026912917e-04 9.999999316502951041e-01 3.055738068607820063e-03
9.999994793348054856e-01 -8.197991465322427901e-04 -6.076672422360604149e-04 2.572553560178024723e-01 8.196419375415406805e-04 9.999996305755306514e-01 -2.589129130729011727e-04 -4.319923254213322954e-03 6.078792743340752846e-04 2.584147087101520837e-04 9.999997818522893267e-01 3.322164379291060645e-03
9.999989155247394068e-01 -1.022068433313570463e-03 -1.060342144231615075e-03 3.158907281696656799e-01 1.021819950451086090e-03 9.999994503628364395e-01 -2.348574330480886988e-04 -5.901270989383366160e-03 1.060581601796813881e-03 2.337736995937328248e-04 9.999994102580878064e-01 3.145987884630315444e-03
9.999978554419387544e-01 -1.455009663980173741e-03 -1.473790487529979491e-03 3.940588610215088883e-01 1.454746274853680648e-03 9.999989256971322238e-01 -1.797716809350315159e-04 -3.011164287504564628e-03 1.474050473765702637e-03 1.776273041825749332e-04 9.999988978112633875e-01 3.023239562064851307e-03
9.999971312956036362e-01 -1.699124173807222077e-03 -1.688306134953041241e-03 4.742414515424928645e-01 1.698706062338488669e-03 9.999985261836815686e-01 -2.490545693362216317e-04 -3.373657637551976014e-03 1.688726821339265249e-03 2.461859190057556659e-04 9.999985437960478007e-01 3.840497832076281582e-03
9.999963003190095456e-01 -1.922178865441673485e-03 -1.924727695668172582e-03 5.703235268458958229e-01 1.921876883974057244e-03 9.999981405948192847e-01 -1.587329419829050059e-04 -7.377729112003322820e-03 1.925029229925852639e-03 1.550332650554076940e-04 9.999981351118364392e-01 2.792223665935200140e-03
9.999943872620357110e-01 -2.263331200085329752e-03 -2.470379789519177010e-03 6.783387584343976151e-01 2.263063506711740329e-03 9.999974330911970410e-01 -1.111511648665027268e-04 -1.096219244700743708e-02 2.470625020178916862e-03 1.055599146547608360e-04 9.999969424298826848e-01 1.627301674894349875e-03
9.999922923688157050e-01 -2.504549180459936502e-03 -3.023646203459330606e-03 7.914553093208995804e-01 2.503422332490957015e-03 9.999967955925326279e-01 -3.764057539598848800e-04 -9.259587341671884908e-03 3.024579241187458356e-03 3.688333893318661684e-04 9.999953579303979545e-01 2.721041765926828903e-03
9.999895406137162546e-01 -3.048388938786167259e-03 -3.409690315345306234e-03 9.119571940686015399e-01 3.046646092592714388e-03 9.999952257196343952e-01 -5.162223590882115227e-04 -1.013811623217239846e-03 3.411247683057179458e-03 5.058288400429515911e-04 9.999940537455357381e-01 2.798193054679898231e-03
9.999880639497537027e-01 -3.511352222026073878e-03 -3.397405421233032439e-03 1.044766685476034906e+00 3.510457482989214843e-03 9.999938020671949035e-01 -2.692869396506608116e-04 -2.552002566723167790e-04 3.398329925636424994e-03 2.573572781445028685e-04 9.999941925436106605e-01 7.114009330796669701e-04
9.999866200142387695e-01 -3.837964746808740415e-03 -3.468402961120282957e-03 1.183795777743068545e+00 3.837308288362635631e-03 9.999926183162907156e-01 -1.959031122200281490e-04 -6.243390478009718317e-03 3.469129227705138215e-03 1.825911596090877065e-04 9.999939658832296407e-01 1.208625650911161406e-03
9.999831653284999566e-01 -4.041544793258570155e-03 -4.163529185428583093e-03 1.334539469690371627e+00 4.040815105584257168e-03 9.999918190087441205e-01 -1.836542011692038540e-04 -7.299407743925180082e-03 4.164237370313218778e-03 1.668270577860368406e-04 9.999913156102189227e-01 -1.424911387614525606e-03
9.999774404570140884e-01 -4.603893466082457746e-03 -4.891088017184326044e-03 1.502477922882176298e+00 4.601670940542398718e-03 9.999893038821686675e-01 -4.655596747496643919e-04 -4.947181826843302307e-03 4.893179088675221784e-03 4.430419943398571179e-04 9.999879301832584888e-01 6.106060750696775535e-04
9.999730431811206799e-01 -5.286332379529808979e-03 -5.095841545975809093e-03 1.672799627686053947e+00 5.282726673474455632e-03 9.999857865374075505e-01 -7.207787841937055668e-04 -1.779860002065392424e-03 5.099579392647979152e-03 6.938394162318422013e-04 9.999867563507441881e-01 6.000631473825444352e-03
9.999654332133781631e-01 -5.978327939168233060e-03 -5.778578841960543312e-03 1.865105524419751637e+00 5.972537288689346718e-03 9.999816452266845346e-01 -1.018826809812745527e-03 3.114512418060050823e-03 5.784563658238091148e-03 9.842788146345654229e-04 9.999827848610689518e-01 1.018864761009977138e-02
9.999557988314896617e-01 -6.957778345521254369e-03 -6.323741279643315359e-03 2.062862238746356880e+00 6.952608582855654244e-03 9.999754782443045498e-01 -8.391328667203419014e-04 1.179524513780019074e-02 6.329424710893657470e-03 7.951292781704907614e-04 9.999796528691271558e-01 1.094022451016016771e-02
9.999502654687686398e-01 -7.558836271401367726e-03 -6.506195751844396843e-03 2.272599031906093803e+00 7.554868770145904688e-03 9.999712604833116414e-01 -6.341650279926296010e-04 1.615642564815253715e-02 6.510802316538654225e-03 5.849800329941739346e-04 9.999786333975121400e-01 1.232850775309612609e-02
9.999398525797318360e-01 -8.176155463526854975e-03 -7.310383345653832105e-03 2.490273181578431583e+00 8.172256451245094380e-03 9.999664480278758205e-01 -5.630657231298325611e-04 1.487975048106079598e-02 7.314741780764095341e-03 5.032895287215506707e-04 9.999731202649054795e-01 1.427286284792471036e-02
9.999329191986408016e-01 -8.838636656873779737e-03 -7.485693350137320908e-03 2.726361357391169360e+00 8.835264291575684395e-03 9.999608514200986065e-01 -4.834584672838129131e-04 2.009603834485493984e-02 7.489673409604096811e-03 4.172879573482497924e-04 9.999718649356981182e-01 1.558651753299733836e-02
9.999204853631219470e-01 -9.673044993479184769e-03 -8.090435818463616313e-03 2.965887975528176401e+00 9.669551605220495435e-03 9.999531379624998495e-01 -4.707979435958307155e-04 1.731192877996475671e-02 8.094610733848140588e-03 3.925296216129444630e-04 9.999671610595838311e-01 1.443008716378247312e-02
9.999119033235954745e-01 -1.011244667472392320e-02 -8.597907538210203954e-03 3.226823282968382056e+00 1.011056790851424733e-02 9.999488525905521064e-01 -2.619530599015901348e-04 1.881456628639894060e-02 8.600116763862488550e-03 1.750002546714379619e-04 9.999630029988904045e-01 1.597616284082722243e-02
9.999105395308632849e-01 -1.063469555910600065e-02 -8.112717514062704055e-03 3.485425668432804880e+00 1.062509659160574063e-02 9.999428012411782918e-01 -1.225384986264961128e-03 1.953995067867974819e-02 8.125285072961854760e-03 1.139076955541888821e-03 9.999663405566071583e-01 2.743409115191375314e-02
9.999028150968743978e-01 -1.124123556471020094e-02 -8.245907125628667428e-03 3.756076155607618094e+00 1.123240209902872169e-02 9.999362909361801943e-01 -1.116786407733429088e-03 2.492895920832517709e-02 8.257935845690147353e-03 1.024056528448274257e-03 9.999653783025664877e-01 1.745192952333166070e-02
9.998882695213721084e-01 -1.197226700369993270e-02 -8.950603127611029067e-03 4.033995342395865435e+00 1.196767357314703316e-02 9.999282243101476064e-01 -5.665837992928058307e-04 1.573313475859303839e-02 8.956743984422055674e-03 4.594025980996903021e-04 9.999597820344827692e-01 6.964265219392418160e-03
9.998580330886043255e-01 -1.258674755280988176e-02 -1.120211829205808654e-02 4.325925434406709513e+00 1.258177104349317461e-02 9.999207139625057028e-01 -5.146125940595381188e-04 -2.378048177010872767e-03 1.120770741929609168e-02 3.735970485461926000e-04 9.999371218829955499e-01 -1.711733320225349280e-03
9.998371441266874493e-01 -1.259660193255942098e-02 -1.292326755671158178e-02 4.611770432897287719e+00 1.258267595465948144e-02 9.999201640754902254e-01 -1.158335471620213939e-03 -1.293770612213450411e-02 1.293682690653886677e-02 9.955375419439286503e-04 9.999158201641740185e-01 -5.965385044228405792e-03
9.998188456229872845e-01 -1.297573125916182644e-02 -1.392502550830928588e-02 4.913993609510144189e+00 1.296052869017318317e-02 9.999153108667715451e-01 -1.181435685421590356e-03 -2.728756346352106954e-02 1.393917620192281805e-02 1.000745970564181474e-03 9.999023441688263958e-01 -8.237241136141711800e-03
9.997987169030700949e-01 -1.306683397838214432e-02 -1.522443853664563577e-02 5.236947508540803931e+00 1.304480096243597516e-02 9.999137183819764019e-01 -1.545625886168622547e-03 -2.999993130440513009e-02 1.524332138430244989e-02 1.346715007328177192e-03 9.998829069005349401e-01 -1.024865484378646024e-02
9.997722546212245431e-01 -1.324252095599744335e-02 -1.673542734211609997e-02 5.538509363498784310e+00 1.319638278755342654e-02 9.999088213288270799e-01 -2.864351605533943090e-03 -3.187082043937942977e-02 1.677183266425116490e-02 2.642852157372743097e-03 9.998558500911801650e-01 -2.145383415279924003e-03
9.997330573509132234e-01 -1.396137472141993803e-02 -1.840907536200163397e-02 5.879206566491403052e+00 1.389427282109191759e-02 9.998963705822411230e-01 -3.767927710899518848e-03 -3.084529410682702519e-02 1.845977309093548013e-02 3.511141174831111135e-03 9.998234387456025329e-01 9.079798008413113991e-04
9.996758483228066483e-01 -1.456663182300155582e-02 -2.088088880795059554e-02 6.226485976978317183e+00 1.450350583301096216e-02 9.998897891554395789e-01 -3.171413130207315079e-03 -1.865351945930038280e-02 2.092478431498626112e-02 2.867539018697520641e-03 9.997769404328885612e-01 -4.179760722043228405e-04
9.996877593292605724e-01 -1.511093525308507268e-02 -1.990084126411522866e-02 6.606328813117564813e+00 1.508899234808411954e-02 9.998853704372928641e-01 -1.252316013257291812e-03 -6.098828552221738537e-03 1.991748370557635053e-02 9.516413477106632456e-04 9.998011743449711775e-01 -6.831403521699853237e-03
9.997129822117878373e-01 -1.731646820321316310e-02 -1.655575809743373844e-02 6.988268264728835000e+00 1.732006536690937348e-02 9.998499936858181725e-01 7.390639592107475417e-05 6.670464375020328240e-03 1.655199483142807265e-02 -3.606319959170742155e-04 9.998629413132901211e-01 2.904869826096215246e-02
9.997205595733187344e-01 -1.870219292552120771e-02 -1.445789563480941869e-02 7.375714026569666792e+00 1.872121276710253523e-02 9.998240448803059621e-01 1.181300856213875336e-03 -2.636006139188299541e-04 1.443325877753647707e-02 -1.451640093342406205e-03 9.998947813555684183e-01 4.817122636257682722e-02
9.997274031542627837e-01 -1.982552065024556151e-02 -1.233159005889873303e-02 7.760642206519682951e+00 1.982601889001997172e-02 9.998034418198075146e-01 -8.185498977293317489e-05 -4.539331866223019277e-03 1.233078900178794651e-02 -1.626536610907955665e-04 9.999239597021265524e-01 7.017428559238314545e-02
9.997084130357372089e-01 -2.128337002997773147e-02 -1.140644842774577762e-02 8.147634156647226789e+00 2.126752718412476539e-02 9.997726825908944681e-01 -1.508453671509006047e-03 -1.119675875620811632e-02 1.143596052110589130e-02 1.265426874070799080e-03 9.999338065601073300e-01 8.874312818686186377e-02
9.996547434823342959e-01 -2.223365981396947799e-02 -1.400207857945076281e-02 8.521839094226004718e+00 2.219353807137195572e-02 9.997491488819274519e-01 -3.014328737269538969e-03 -6.105040442506074264e-03 1.406558570209568912e-02 2.702532356595226982e-03 9.998974225477924582e-01 1.006393275032664292e-01
9.995828419780022900e-01 -2.409399085462857540e-02 -1.592550243719467046e-02 8.894885625931820528e+00 2.403216993333780541e-02 9.997029335551603779e-01 -4.061951440113408668e-03 4.440091330011650128e-03 1.601864012565340500e-02 3.677532583640752330e-03 9.998649303394039345e-01 1.134801451017134200e-01
9.995450904381891766e-01 -2.544473923921160632e-02 -1.619189383490127199e-02 9.291323277721190266e+00 2.536917879944972434e-02 9.996663611763074719e-01 -4.855007678883113513e-03 2.227744592351446618e-02 1.631002599488239058e-02 4.442024039668006873e-03 9.998571155292526047e-01 1.410287324378741991e-01
9.995137179301356589e-01 -2.689525146557806071e-02 -1.577888202885667501e-02 9.676520367907118114e+00 2.681257291159892461e-02 9.996257401552356425e-01 -5.428218212033755416e-03 4.436932921528171508e-02 1.591896992074067624e-02 5.002506141983694213e-03 9.998607709721198944e-01 1.633236577892045738e-01
9.994782212551144296e-01 -2.772096936072008730e-02 -1.657809079522251997e-02 1.009273425375645594e+01 2.766521200972506603e-02 9.996108223131099368e-01 -3.583288847556155045e-03 5.199596155340921455e-02 1.667097121254749667e-02 3.122782767032412574e-03 9.998561531273487679e-01 1.407598036527487051e-01
9.993990000941095353e-01 -2.871856534695238494e-02 -1.941346479397520336e-02 1.051222852143162001e+01 2.868896963747152862e-02 9.995867637180009257e-01 -1.801338644897647421e-03 6.207990929667568658e-02 1.945717430754850819e-02 1.243303738509110058e-03 9.998099182163474596e-01 1.160978353554603520e-01
9.993097357719161744e-01 -2.984960299674688580e-02 -2.211454707652123208e-02 1.094873459245719438e+01 2.981478731119585959e-02 9.995536299495899613e-01 -1.902448997029719795e-03 6.509283629930823212e-02 2.216146315231078828e-02 1.241795286971407539e-03 9.997536333994561097e-01 1.159687592918772631e-01
9.992478820174822696e-01 -3.055849140547004655e-02 -2.387150784088953523e-02 1.140387248217658289e+01 3.050157614782519205e-02 9.995309499512862184e-01 -2.744802721099093377e-03 8.001263736871287724e-02 2.394418793933631232e-02 2.014619691441792756e-03 9.997112669023114906e-01 1.292319882612990023e-01
9.992048112826663608e-01 -3.137015959478712396e-02 -2.461012386333708349e-02 1.187190575378257762e+01 3.131317451285172554e-02 9.995059820808203099e-01 -2.697570496321721831e-03 1.060287868072499612e-01 2.468258923814316622e-02 1.924804315383263787e-03 9.996934854828496420e-01 1.434067379750628701e-01
9.991813997641960654e-01 -3.237813453144354481e-02 -2.425256212290747074e-02 1.235097513497156285e+01 3.233465653658716688e-02 9.994747146420774886e-01 -2.182837098504255505e-03 1.263605656851402581e-01 2.431049880036779617e-02 1.396851961164242116e-03 9.997034802643611773e-01 1.499518057378752822e-01
9.991406943297322929e-01 -3.321675338404956462e-02 -2.478951852948669751e-02 1.284503740654667325e+01 3.318710920769166878e-02 9.994478652017618758e-01 -1.606401592861489208e-03 1.327715438162704598e-01 2.482919081922082064e-02 7.823287442198453585e-04 9.996914020061384853e-01 1.553363676174087105e-01
9.990503359321820653e-01 -3.409474360047937136e-02 -2.712885424436127166e-02 1.334213386646170107e+01 3.404613986012015869e-02 9.994177257810384907e-01 -2.251611707645405965e-03 1.410549486557841348e-01 2.718982593580482679e-02 1.325840667063638489e-03 9.996294090872407390e-01 1.635437578072900799e-01
9.989622737303421873e-01 -3.516437914418744926e-02 -2.894550229152416040e-02 1.385369287609423594e+01 3.510588631860403486e-02 9.993804044191074709e-01 -2.526659630111183392e-03 1.515786461298135046e-01 2.901641620341915626e-02 1.507880136157394024e-03 9.995777978167607047e-01 1.720871823553151991e-01
9.988978122800377113e-01 -3.621983146693548428e-02 -2.985438712587054275e-02 1.438056138281636009e+01 3.614844813748564756e-02 9.993421433788407526e-01 -2.927484284516787029e-03 1.769926778943167189e-01 2.994078020703643331e-02 1.845067882592059698e-03 9.995499714396987034e-01 1.835272455072536057e-01
9.988106086794216187e-01 -3.733727208125439678e-02 -3.135755256670665764e-02 1.492691450292144850e+01 3.728520588128289570e-02 9.993021461163850150e-01 -2.243699974910666559e-03 1.955228533048377904e-01 3.141944321329926543e-02 1.071858534251717270e-03 9.995057126937538783e-01 1.839645987651188086e-01
9.987443152726022122e-01 -3.878665292792340263e-02 -3.170785810031433866e-02 1.547872581944887393e+01 3.878879734264787521e-02 9.992472813156236811e-01 -5.477079932237536013e-04 1.987643634708211871e-01 3.170523476291969150e-02 -6.828894373609396742e-04 9.994970293856028087e-01 1.888373042747443498e-01
9.987128421288995472e-01 -3.930254498685940845e-02 -3.206195446899215429e-02 1.603949688967781739e+01 3.929543124281373312e-02 9.992272728702826790e-01 -8.521946132850605595e-04 2.099633737035471737e-01 3.207067274406839863e-02 -4.087906230656443473e-04 9.994855200751882052e-01 2.132262693582486213e-01
9.986280136577081468e-01 -4.076719961597913972e-02 -3.286526697793826918e-02 1.662867715700150129e+01 4.072869542907852497e-02 9.991685473700933073e-01 -1.840465968970902543e-03 2.150353987140145584e-01 3.291297170882032802e-02 4.993814258582219721e-04 9.994580966261096266e-01 2.393100429615135916e-01
9.985666088127158613e-01 -4.116147425774518975e-02 -3.421199791303287246e-02 1.720839173644823106e+01 4.109649531756057184e-02 9.991517976526670397e-01 -2.600638394230707709e-03 2.371152180597289050e-01 3.429002532641391848e-02 1.190917450037757381e-03 9.994112146052499535e-01 2.667410488129690060e-01
9.984927195468866756e-01 -4.203181961335978462e-02 -3.529327346467509702e-02 1.779147674166510740e+01 4.194052094804919667e-02 9.991145813686265198e-01 -3.323552196147895686e-03 2.740547571757941392e-01 3.540171908917138371e-02 1.838324395817305269e-03 9.993714719006877578e-01 2.925713146686642063e-01
9.984005003804230505e-01 -4.357489090939486998e-02 -3.602318312358465668e-02 1.837645766996597274e+01 4.350785569077519899e-02 9.990495886850043750e-01 -2.643074254405661065e-03 2.955318804942623778e-01 3.610411795504299415e-02 1.071555205277935786e-03 9.993474593133913064e-01 3.072534538722357933e-01
9.983127369547023511e-01 -4.517138449558078667e-02 -3.648595972101765367e-02 1.895840067975812815e+01 4.515261004028570807e-02 9.989792036759895799e-01 -1.338816430888787375e-03 3.174791826205766720e-01 3.650919117922512419e-02 -3.108788158281697777e-04 9.993332688917149209e-01 3.194289674633168929e-01
9.982313277784568006e-01 -4.678193890409382272e-02 -3.668332637633708870e-02 1.956007435742528600e+01 4.675782840789781403e-02 9.989051051851431939e-01 -1.515360562872957763e-03 3.306810883035045112e-01 3.671405349776593607e-02 -2.025522933958989876e-04 9.993257913455109165e-01 3.479203533708065121e-01
9.981044206569932298e-01 -4.815771331961240381e-02 -3.831970919506092615e-02 2.016267774089154230e+01 4.810123537840940017e-02 9.988395943279894107e-01 -2.394985964144967505e-03 3.438330817069129020e-01 3.839057983462696583e-02 5.472207266007186746e-04 9.992626601296765720e-01 3.655054458801307304e-01
9.980067870503512850e-01 -4.882261508164577324e-02 -3.998506293635580022e-02 2.077075505441502656e+01 4.873134914916656124e-02 9.988066196339357994e-01 -3.254563800636639265e-03 3.638428084922354921e-01 4.009624186300884963e-02 1.299550699220798893e-03 9.991949772474055802e-01 3.943577490252526685e-01
9.979078247260390055e-01 -4.959102305776084268e-02 -4.148136669192110937e-02 2.137974114433366424e+01 4.947337678411353051e-02 9.987679894904122335e-01 -3.858517702050405333e-03 3.960913404889037093e-01 4.162160905253575738e-02 1.798221722850644813e-03 9.991318271672229301e-01 4.187918407067287019e-01
9.977773110239620546e-01 -5.052088082855553386e-02 -4.345202188734731408e-02 2.199374734183457392e+01 5.040193710883865419e-02 9.987216736672731576e-01 -3.829266629187685900e-03 4.159507159641926965e-01 4.358993394659245457e-02 1.630689286046721302e-03 9.990481762712867253e-01 4.365233378708263667e-01
9.976885883175796721e-01 -5.117800474667636573e-02 -4.470226583769896372e-02 2.261363499906903485e+01 5.106689931194671045e-02 9.986886570370020477e-01 -3.624651747804651970e-03 4.435350371042940387e-01 4.482914828031683147e-02 1.333467576860422133e-03 9.989937784234108609e-01 4.606637245992272756e-01
9.975981360604720960e-01 -5.164853663834688413e-02 -4.615612193186450357e-02 2.323177333094180597e+01 5.153679768121360860e-02 9.986645772158219136e-01 -3.608420583776061116e-03 4.737978847548058314e-01 4.628085363773510458e-02 1.221014930745312286e-03 9.989277209633845578e-01 4.805462053619878882e-01
9.975257457724369115e-01 -5.182782974997408171e-02 -4.750013246877563683e-02 2.386509405790288341e+01 5.174301333708148515e-02 9.986558839898582729e-01 -3.014289838980958348e-03 5.012619438787457860e-01 4.759251088083227971e-02 5.490317317587642149e-04 9.988666835330004545e-01 4.987515148029847967e-01
9.974759469245538801e-01 -5.182163030151385602e-02 -4.854126017995100129e-02 2.448903388223992295e+01 5.176224929143723869e-02 9.986563558869816504e-01 -2.480402149937694679e-03 5.276388550197197436e-01 4.860457648468487213e-02 -3.846332709233788935e-05 9.988180983869470175e-01 5.206882908543312150e-01
9.974136067269954165e-01 -5.181523769122935857e-02 -4.981243076630556543e-02 2.515194450472873200e+01 5.173882126759068306e-02 9.986566598227335501e-01 -2.823148161407294798e-03 5.544995632202056601e-01 4.989179781975076888e-02 2.386099376718178820e-04 9.987546002775710141e-01 5.533999988842512874e-01
9.973987271387250164e-01 -5.146772646426650555e-02 -5.046634754616886875e-02 2.581191376018460559e+01 5.140296015201731294e-02 9.986746581092924568e-01 -2.581266723534655395e-03 5.901915755896627314e-01 5.053231431135311869e-02 -1.956750747456200389e-05 9.987224263164672378e-01 5.895089010641009208e-01
9.974244264536413773e-01 -5.090504037407315302e-02 -5.052910426811987182e-02 2.647413007174864674e+01 5.084865859065548083e-02 9.987034828165559652e-01 -2.401526517050320275e-03 6.315505076235322646e-01 5.058584222048207596e-02 -1.739959629391333012e-04 9.987197015640821851e-01 6.310208023343459871e-01
9.974315596341463142e-01 -5.049960646334426123e-02 -5.079442482046390289e-02 2.715472327208500047e+01 5.043496867674430312e-02 9.987240807893719152e-01 -2.554287767657882277e-03 6.595568768450746910e-01 5.085860576510353032e-02 -1.408799292391678219e-05 9.987058636160890401e-01 6.656346999814811705e-01
9.974175006080064909e-01 -4.992353087823966223e-02 -5.163303734554913760e-02 2.783518510623390085e+01 4.984891208061976303e-02 9.987530315381933921e-01 -2.732756419269906367e-03 6.892479519477848759e-01 5.170508142587208755e-02 1.518483383850396072e-04 9.986623861429978488e-01 7.034928709190249041e-01
9.973642903760464584e-01 -4.945222250488690713e-02 -5.309378468344902458e-02 2.850735964473572892e+01 4.932128862244230388e-02 9.987758332223355406e-01 -3.774315785834064796e-03 7.154714673684471338e-01 5.321543734018384375e-02 1.145713906963307001e-03 9.985823974857239715e-01 7.390161665603972585e-01
9.973111552107667421e-01 -4.851906286783247424e-02 -5.492140047916898443e-02 2.923780573572682684e+01 4.840734199569526885e-02 9.988220143632632331e-01 -3.363460156606656870e-03 7.443808819878093841e-01 5.501989579304689820e-02 6.958173184130960701e-04 9.984850158641248585e-01 7.674223590115639704e-01
9.972332402480779123e-01 -4.728077208695609379e-02 -5.736194849532701839e-02 2.995825806370240940e+01 4.717347837842546243e-02 9.988815092431682086e-01 -3.223884267567396836e-03 7.757773859764492963e-01 5.745021742343071197e-02 5.090019172423732290e-04 9.983482425662143500e-01 7.933691434292271527e-01
9.972411982577554790e-01 -4.575063847585451871e-02 -5.845401249262333065e-02 3.067650123092841241e+01 4.571557571889736660e-02 9.989526172821281413e-01 -1.937669186375141819e-03 7.993693117793412295e-01 5.848143837257993582e-02 -7.399352929320172348e-04 9.982882218385812356e-01 8.139935675443190632e-01
9.972031585508277507e-01 -4.350938715856051547e-02 -6.076836187803017625e-02 3.140282268042659908e+01 4.346492490210777243e-02 9.990528421975019002e-01 -2.053971846822150518e-03 8.209870224814812545e-01 6.080017170622854100e-02 -5.930650722271648290e-04 9.981497820439141355e-01 8.440280862153896058e-01
9.972046847597049180e-01 -4.099841891447474768e-02 -6.246556123025603924e-02 3.214475824772743096e+01 4.096354524539860126e-02 9.991589486370423545e-01 -1.839380180488082214e-03 8.552608917087950458e-01 6.248843616402804946e-02 -7.245723106979427841e-04 9.980454249886328011e-01 8.785527685780480933e-01
9.974223609881495145e-01 -3.829901865103481351e-02 -6.067799412631517258e-02 3.289306082306271861e+01 3.827432645504912079e-02 9.992660368111251357e-01 -1.569589181711824330e-03 8.918519601711756284e-01 6.069357243759653658e-02 -7.568660084236740037e-04 9.981561588341814062e-01 9.335652065037327585e-01
9.976402311097796183e-01 -3.550402709807887192e-02 -5.876591980939714632e-02 3.362905059943921060e+01 3.553381193303041530e-02 9.993683296606783450e-01 -5.384057334125414655e-04 9.047709168698012672e-01 5.874791469263943022e-02 -1.551041922266146447e-03 9.982716447882418187e-01 9.693920492502887676e-01
9.977354330586124531e-01 -3.267372996584881617e-02 -5.879143636161601738e-02 3.436859205943144246e+01 3.262706231650409905e-02 9.994660569628760483e-01 -1.753791229303059817e-03 9.125010688739499942e-01 5.881734798457094460e-02 -1.683722061841460031e-04 9.982687469949472758e-01 1.014982797798395842e+00
9.976854709387146247e-01 -2.955754681593112526e-02 -6.123767226160056060e-02 3.510266462602130844e+01 2.940826818874658910e-02 9.995619106307053192e-01 -3.337750504849597462e-03 9.221625470324756879e-01 6.130950040518939187e-02 1.529131295183086504e-03 9.981176318037610073e-01 1.061964110349940871e+00
9.977083079808787280e-01 -2.612620697387975019e-02 -6.241436929978546461e-02 3.583624536236059299e+01 2.595578634506108887e-02 9.996568244286175853e-01 -3.539848655173385983e-03 9.490492657782158004e-01 6.248543303155981027e-02 1.911722377854457172e-03 9.980440451084353626e-01 1.105989419015446007e+00
9.976992264458094395e-01 -2.258831073785499965e-02 -6.392199752388537382e-02 3.655632184246722005e+01 2.244842973342074666e-02 9.997437794477711526e-01 -2.905762892929580638e-03 9.664755932792138404e-01 6.397125566953625053e-02 1.464128920675944207e-03 9.979506675054465870e-01 1.139098246149796489e+00
9.976013312243766640e-01 -2.014940014571697455e-02 -6.622375414546731454e-02 3.729111067846258010e+01 1.999272934307047903e-02 9.997955409395685722e-01 -3.027720391669742883e-03 9.820156199058432955e-01 6.627122084861759854e-02 1.696464300592556880e-03 9.978002040970479491e-01 1.187115371631099814e+00
9.976294598819901438e-01 -1.669371075423878650e-02 -6.675912519515460330e-02 3.800934946937052672e+01 1.662386824225116702e-02 9.998605312058767014e-01 -1.601605871129730069e-03 9.978480210988660559e-01 6.677655112562182194e-02 4.880142989467769945e-04 9.977678357522912211e-01 1.217881625582472260e+00
9.976560648342335247e-01 -1.296667385574686547e-02 -6.718810660072532803e-02 3.872545196583428861e+01 1.288916102903935566e-02 9.999156718481921891e-01 -1.587047682308127816e-03 9.964017053874913987e-01 6.720301948156223726e-02 7.173294202228066956e-04 9.977390638894838570e-01 1.256300748654305854e+00
9.975351563737895333e-01 -8.702765733907271220e-03 -6.962667353033677453e-02 3.944807349006273967e+01 8.572829346483562887e-03 9.999609093844187280e-01 -2.164786382642677667e-03 9.939395445450540656e-01 6.964279140955967340e-02 1.562552932586412429e-03 9.975707694359420286e-01 1.294751626745041628e+00
9.972844980881685473e-01 -3.971815013711456517e-03 -7.353811636509786920e-02 4.016454532167978186e+01 3.787672823022004889e-03 9.999893331227338589e-01 -2.643326566231483672e-03 1.003537456016504681e+00 7.354783074717811953e-02 2.357610283074975787e-03 9.972889041126135057e-01 1.344190575418818145e+00
9.972236681796970981e-01 7.689120872089253702e-04 -7.446048882750914977e-02 4.086996688899738217e+01 -8.471507180684460315e-04 9.999991218213898359e-01 -1.019162455168659597e-03 1.015242078783567203e+00 7.445963979156995649e-02 1.079412178592268441e-03 9.972234438236289300e-01 1.387866158131295435e+00
9.971686032262881971e-01 5.765886162074598982e-03 -7.497687174388803499e-02 4.159432605995006327e+01 -5.779847968819304578e-03 9.999832960658687764e-01 3.076846380006771544e-05 1.008494032364552595e+00 7.497579674262072613e-02 4.026735737864047134e-04 9.971852725330444533e-01 1.428392031432970777e+00
9.970718532445160820e-01 1.124576827253886448e-02 -7.563895929682375174e-02 4.230169621656731493e+01 -1.127442482906185726e-02 9.999364404933831496e-01 4.814765447727100117e-05 9.863697920931424612e-01 7.563469317925496094e-02 8.047790896614796709e-04 9.971352694184960619e-01 1.486722938941734684e+00
9.969561677227442020e-01 1.708812596200255662e-02 -7.606836129880910347e-02 4.301355322125383651e+01 -1.710443917135461706e-02 9.998536128439946546e-01 4.370851685685868578e-04 9.759978935048021498e-01 7.606469483415322086e-02 8.653519040755181056e-04 9.971025089557589149e-01 1.539420353439086897e+00
9.967976128635435140e-01 2.301120484493231894e-02 -7.658331046073785231e-02 4.372940686182129610e+01 -2.297656346934576904e-02 9.997351145366166758e-01 1.333526751559762583e-03 9.645473865014604353e-01 7.659371071230536288e-02 4.303650108493072826e-04 9.970622940745864637e-01 1.590267412706299011e+00
9.966500190139584436e-01 2.903144442927726304e-02 -7.645858247329699597e-02 4.443136229821632099e+01 -2.897867222306206580e-02 9.995784097529790690e-01 1.799808849227998650e-03 9.356683617713642542e-01 7.647859933121488318e-02 4.218886763290562733e-04 9.970711337985270761e-01 1.649349702682295193e+00
9.965061442678443404e-01 3.558561199323964641e-02 -7.555904085879372456e-02 4.513126653404057720e+01 -3.559801736891589352e-02 9.993654894837556979e-01 1.183041967034362220e-03 9.057512670304731506e-01 7.555319712518210329e-02 1.510843459793505998e-03 9.971406278736231199e-01 1.705545677424908924e+00
9.962972218307160066e-01 4.199924788391540265e-02 -7.501939049060982190e-02 4.582896639025995711e+01 -4.205496132734903858e-02 9.991149476796254980e-01 8.375863503393989572e-04 8.653369355490811987e-01 7.498817240173510923e-02 2.320452611997419513e-03 9.971817234082878123e-01 1.766263672899623272e+00
9.960137459019375861e-01 4.780982297715800217e-02 -7.530497195592952830e-02 4.651889200231643429e+01 -4.794944487683521633e-02 9.988497627799269862e-01 -4.615719679939688652e-05 8.298060081855211934e-01 7.521614660692116372e-02 3.656804804236965262e-03 9.971605482911113372e-01 1.821791363400738550e+00
9.956511539265026078e-01 5.360477596732599742e-02 -7.619256970542928609e-02 4.723865205179988180e+01 -5.376791145975378522e-02 9.985534555632809006e-01 -8.988819092816194289e-05 7.947799253015278564e-01 7.607753533126576651e-02 4.186212622834630144e-03 9.970931171369084023e-01 1.861329927413610585e+00
9.952924629377253307e-01 5.839490370038364492e-02 -7.734952127311146841e-02 4.789945693453628195e+01 -5.859609532914116653e-02 9.982817174154748896e-01 -3.320936435236578575e-04 7.565422634097653809e-01 7.719722036145344746e-02 4.862910222571296265e-03 9.970039825761141117e-01 1.905610560806663800e+00
9.948219492923939811e-01 6.377685953156277121e-02 -7.913154487543344606e-02 4.859037171989717052e+01 -6.398544814522204305e-02 9.979508265994669891e-01 -1.005738324526459469e-04 7.050483490204109138e-01 7.896297633534674065e-02 5.163320417326705200e-03 9.968641775540595384e-01 1.943715804833679783e+00
9.943646376136676679e-01 6.879935278585393166e-02 -8.065740213822343574e-02 4.928609403292641389e+01 -6.897975207490562866e-02 9.976179079337655908e-01 5.509750822419497845e-04 6.588713232304775902e-01 8.050317550956627433e-02 5.015857464512937965e-03 9.967417317975462154e-01 1.996215011267442163e+00
9.940652005995935792e-01 7.384855333741932593e-02 -7.987971035788783702e-02 4.999325620632028944e+01 -7.399804874998525128e-02 9.972577892385382503e-01 1.091138972787545139e-03 5.960525330477501882e-01 7.974124239115241985e-02 4.826279419331600852e-03 9.968039131588930513e-01 2.045481815114996493e+00
9.936823453837776432e-01 7.928683657859533773e-02 -7.942917611277389156e-02 5.068404943377372973e+01 -7.948427808473731981e-02 9.968358892357862544e-01 6.778413144046015193e-04 5.210282328843474087e-01 7.923159729516424110e-02 5.639811775093706882e-03 9.968402813456117562e-01 2.097422969325402065e+00
9.932664047051602552e-01 8.412208223985268019e-02 -7.965754555417940697e-02 5.137630083927491143e+01 -8.433182106696282543e-02 9.964374571089585908e-01 7.335023940536625556e-04 4.487974586330953919e-01 7.943546588026327571e-02 5.989102592524187321e-03 9.968220189233992778e-01 2.138986180780737545e+00
9.927331694024335018e-01 8.826158059080541074e-02 -8.179699114155777884e-02 5.206130982703726318e+01 -8.862441929746317504e-02 9.960647862100807659e-01 -8.086881064112605606e-04 3.755907731206378219e-01 8.140372640356677292e-02 8.052022347135999458e-03 9.966486834706271836e-01 2.192049492463965077e+00
