1.000000000000000000e+00 0.000000000000000000e+00 0.000000000000000000e+00 0.000000000000000000e+00 0.000000000000000000e+00 1.000000000000000000e+00 0.000000000000000000e+00 0.000000000000000000e+00 0.000000000000000000e+00 0.000000000000000000e+00 1.000000000000000000e+00 0.000000000000000000e+00
9.999999999024742348e-01 -1.082566160091141084e-05 8.823634205901191373e-06 -3.360287789428634438e-03 1.082605176476345317e-05 9.999999989637295972e-01 -4.421919647071240487e-05 -2.821175310378455561e-03 -8.823155494700266055e-06 4.421929199152055992e-05 9.999999989834030822e-01 -1.444422461334175399e-03
9.999999996070149111e-01 1.953340860875834767e-05 -2.011009798216934692e-05 1.696177460323643887e-03 -1.953391677971213052e-05 9.999999994899377853e-01 -2.526955567042170190e-05 -3.100197327604255638e-03 2.010960437135567210e-05 2.526994848947155945e-05 9.999999994785168100e-01 -1.605943072959355872e-03
9.999999998486315267e-01 -1.015344306498891901e-05 1.412955988482925199e-05 1.132380293167782256e-03 1.015366307346620277e-05 9.999999998272265378e-01 -1.557081015822934673e-05 -2.683066908330197960e-03 -1.412940178505362036e-05 1.557095362266286277e-05 9.999999997789527084e-01 -8.116337228286189809e-04
9.999999999857311916e-01 4.388028343443883450e-07 -5.324002208815362958e-06 -1.491842620458408777e-03 -4.388959824415462340e-07 9.999999998468506179e-01 -1.749589020520861109e-05 -2.830858413667578823e-03 5.323994530753783552e-06 1.749589254164214797e-05 9.999999998327744333e-01 -1.136470605900968822e-03
9.999999999971279641e-01 1.095445296764568693e-06 2.131660216416234909e-06 -1.410192681191013968e-03 -1.095404584567154660e-06 9.999999998170193694e-01 -1.909872868164251425e-05 -2.868640971960905416e-03 -2.131681137638691148e-06 1.909872634655729120e-05 9.999999998153472625e-01 -1.352747244566761004e-03
9.999999998699053982e-01 -8.300677890746664672e-06 -1.383068501515988419e-05 6.446996830315237983e-04 8.300218504397005142e-06 9.999999994139437964e-01 -3.321473696395466898e-05 -1.602730269947493305e-03 1.383096071188708797e-05 3.321462216192591865e-05 9.999999993527467490e-01 -1.003039035239049583e-03
9.999999999743826029e-01 -3.747741403128023605e-06 6.098293055246606469e-06 7.948512571726196359e-04 3.747868990506513101e-06 9.999999997741129132e-01 -2.092194125295300237e-05 -1.876819476877771920e-05 -6.098214643843613665e-06 2.092196410802047067e-05 9.999999997625416137e-01 -1.212199765044721326e-03
9.999999997788107109e-01 -1.125931404617644231e-05 1.776531696206824236e-05 -1.012660910002093507e-04 1.125952062698973302e-05 9.999999998690033420e-01 -1.162826411580529081e-05 -2.555449315608701068e-03 -1.776518603346355341e-05 1.162846414218602397e-05 9.999999997745885327e-01 -8.393931610169549961e-04
9.999999999969420017e-01 6.226250488357566033e-07 -2.393402284717475927e-06 -4.016958809565946559e-04 -6.226825657000025876e-07 9.999999997110496919e-01 -2.403149801302962297e-05 -3.250037092402431084e-03 2.393387321413277423e-06 2.403149950328600725e-05 9.999999997083793835e-01 -1.288319570229998212e-03
9.999999999349974411e-01 -1.115886974644732504e-05 -2.341967047523398792e-06 1.743633386648740661e-03 1.115882757709405642e-05 9.999999997756467973e-01 -1.800519573434881493e-05 -3.633964322850131122e-04 2.342167964631929395e-06 1.800516959957195682e-05 9.999999998351640773e-01 -7.284110994338966524e-04
9.999999998951066837e-01 -1.354353732213269584e-05 5.134129383833514375e-06 1.730218292094611032e-03 1.354358212332799135e-05 9.999999998702122639e-01 -8.726218040160614169e-06 3.885009202031540834e-05 -5.134011199307458521e-06 8.726287573748235362e-06 9.999999999487468871e-01 -8.389045509430322067e-04
9.999999996331456753e-01 -7.762948642678040435e-06 2.595082396716633102e-05 -1.464477485390162795e-03 7.763067430160952418e-06 9.999999999593914835e-01 -4.577309390551690096e-06 -2.999552645393387118e-03 -2.595078843269478657e-05 4.577510846868809705e-06 9.999999996528015078e-01 -1.109624201106866864e-03
9.999999954457143847e-01 -4.308801151054232072e-05 8.515864347100529359e-05 -6.149454432912687847e-03 4.308830748548382985e-05 9.999999990656653903e-01 -3.473739735715112774e-06 -6.358718554069137975e-03 -8.515849371490091216e-05 3.477409061709635405e-06 9.999999963679693238e-01 -7.927758584647891758e-04
9.999999856259087494e-01 6.785170538054901288e-05 1.553844536171812541e-04 -2.367962490249745505e-02 -6.778966940166608070e-05 9.999999180170325852e-01 -3.992123354019988437e-04 8.227724734313091731e-04 -1.554115281160686648e-04 3.992017962029433811e-04 9.999999082425872210e-01 -9.387067382058035189e-03
9.999979656178410448e-01 -1.792065164812189624e-06 -2.017116002522890972e-03 1.246018453647749352e-02 1.005836992153841836e-06 9.999999240355361696e-01 -3.897793095679869500e-04 -4.960149601711956804e-03 2.017116547803677641e-03 3.897764877180207987e-04 9.999978896553343155e-01 -2.643383091487979536e-03
9.999960699625835003e-01 -3.087622980929341488e-05 -2.803409717868721694e-03 -5.579342655901264880e-03 3.039333220427854971e-05 9.999999846951483917e-01 -1.722961065279953331e-04 -3.842206692926301327e-03 2.803414994817132050e-03 1.722102244349900488e-04 9.999960555962235098e-01 -7.878655212792034027e-04
9.999949067919871037e-01 8.692441670727214624e-05 -3.190428534044925397e-03 -3.729327789166906465e-03 -8.725669994943976407e-05 9.999999907839912661e-01 -1.040109888685452510e-04 -5.342309247598816396e-05 3.190419463547369220e-03 1.042888453842486088e-04 9.999949051607629480e-01 -6.629885376494028520e-04
9.999950017540428782e-01 -3.822373655578527259e-05 -3.161487921500399142e-03 1.314488338198611592e-02 3.831425689140779690e-05 9.999999988578397447e-01 2.857163381401575165e-05 7.891299211054806501e-03 3.161486825774869735e-03 -2.869262106634599805e-05 9.999950020764023506e-01 3.640898210690633827e-04
9.999956835064672811e-01 8.850397736368119083e-06 -2.938178024518239926e-03 1.575296447192144067e-02 -8.669485125173003834e-06 9.999999980660152499e-01 6.158579035888192554e-05 7.492098781913899067e-03 2.938178563894588199e-03 -6.156005203353747237e-05 9.999956816492192591e-01 -1.097672880704992282e-03
9.999961400987775750e-01 1.120963240841059587e-05 -2.778427953016207163e-03 1.734845659968410961e-02 -1.097300284942434516e-05 9.999999963118154644e-01 8.518193609923979995e-05 4.000781358987833512e-03 2.778428897627043762e-03 -8.515111960753516470e-05 9.999961365336106356e-01 -1.411602274552189009e-03
9.999957590546664221e-01 6.100666222899729792e-06 -2.912359089024331524e-03 1.739598533503947803e-02 -6.044453662160789029e-06 9.999999997952906394e-01 1.931018530632841083e-05 9.438031361492680779e-07 2.912359206233139288e-03 -1.929249979332696820e-05 9.999957588868331193e-01 -1.579609673167262649e-03
9.999954821729771792e-01 6.939009298323013588e-05 -3.005132051978585701e-03 1.698309371762448533e-02 -6.952616512419065896e-05 9.999999965626443776e-01 -4.517547646599771269e-05 -3.885003506052695996e-04 3.005128906918365633e-03 4.538420767827522985e-05 9.999954835600641800e-01 -2.955686964969463180e-03
9.999953799444764035e-01 1.501279687180240347e-05 -3.039714512620165284e-03 2.591020273842459948e-02 -1.544195289885724620e-05 9.999999899177589580e-01 -1.411595838873148218e-04 6.245724659796395278e-04 3.039712362772871174e-03 1.412058708505294254e-04 9.999953700941087709e-01 -5.378655620001011883e-03
9.999946816850319165e-01 1.293315196548001128e-06 -3.261380072774721934e-03 4.079591670416278515e-02 -1.609923721231665209e-06 9.999999952868816600e-01 -9.707545935559424026e-05 -3.588245459360182160e-03 3.261379931854285156e-03 9.708019365086881756e-05 9.999946769740207797e-01 -6.996323697997920352e-03
9.999871317451574093e-01 -2.745613375078473223e-05 -5.073025749374891237e-03 7.690409596711730855e-02 2.484037805617952464e-05 9.999998667271380315e-01 -5.156827142234103947e-04 -6.081612778473591274e-03 5.073039231931805899e-03 5.155500624093227544e-04 9.999869991560312865e-01 -6.382998778105825402e-03
9.999831494023438960e-01 -1.422332016301337777e-04 -5.803505930548766983e-03 1.070388993792242283e-01 1.385875631005805070e-04 9.999997928428495664e-01 -6.285759662951765020e-04 -1.205248713335071997e-02 5.803594132683168733e-03 6.277610806701177304e-04 9.999829619604369002e-01 -1.184192839563800483e-02
9.999796649984027397e-01 -2.295707137876381665e-04 -6.373137921739157295e-03 1.616582938769290934e-01 2.260086587004943044e-04 9.999998178662812265e-01 -5.596315668684575520e-04 -1.405182235017914810e-02 6.373265235994111759e-03 5.581798024062459502e-04 9.999795347533567691e-01 -1.292577131777174898e-02
9.999767518499043106e-01 -1.461089054340930244e-03 -6.660403778318391144e-03 2.887455900969065348e-01 1.458593876104008133e-03 9.999988642522822380e-01 -3.794707500994220530e-04 -6.600372021223776392e-03 6.660950654339413066e-03 3.697471039430316134e-04 9.999777472641376841e-01 -1.316555011610898857e-02
9.999765750031179845e-01 -1.616460901351504404e-03 -6.651052487238279416e-03 3.437185811729694396e-01 1.614187937165366144e-03 9.999986369588876878e-01 -3.470989343863791453e-04 -8.426066075072366143e-03 6.651604493436636366e-03 3.363547549005696524e-04 9.999778212656227350e-01 -1.408198970573603347e-02
9.999760327765396806e-01 -1.757116856246901697e-03 -6.696746437370271893e-03 4.263126114036294156e-01 1.755265978933071751e-03 9.999984196863568320e-01 -2.822518946650306635e-04 -1.245493086610188413e-02 6.697231803972336292e-03 2.704905586797418126e-04 9.999775367082109900e-01 -1.592580704982528295e-02
9.999753982624073334e-01 -1.320056952963613844e-03 -6.889145054420356407e-03 5.484339248562253299e-01 1.317816938669834868e-03 9.999990773342104511e-01 -3.296805178243648773e-04 -1.030158445649697468e-02 6.889573895101705828e-03 3.205937750651072942e-04 9.999762152127296133e-01 -1.746300628695272167e-02
9.999722270227159315e-01 -2.367014113526624049e-03 -7.066995642863525828e-03 7.060552287044795650e-01 2.363071092110555303e-03 9.999970476255130025e-01 -5.662466521813758116e-04 -3.775156464200722130e-03 7.068315092263341426e-03 5.495311127142455104e-04 9.999748681528514149e-01 -2.078452039202294266e-02
9.999713602778638188e-01 -2.591833400272954523e-03 -7.110627515481453102e-03 8.148520014044987603e-01 2.588743133616607482e-03 9.999965507336097126e-01 -4.437678122878386307e-04 -3.497696394727314861e-04 7.111753161270803307e-03 4.253475147445938105e-04 9.999746207011780408e-01 -2.125924412332999905e-02
9.999726603017535798e-01 -2.906213299039018313e-03 -6.799453896756782988e-03 9.333633510343336548e-01 2.905565649953146135e-03 9.999957733094051449e-01 -1.051264881581799989e-04 1.023456867829869617e-02 6.799730677566913524e-03 8.536735435085949792e-05 9.999768779202483637e-01 -2.356034844773719633e-02
9.999702861796816444e-01 -3.843245446347938986e-03 -6.682531119621190792e-03 1.091120304221439019e+00 3.842939236963317969e-03 9.999926141611064079e-01 -5.866223320029881528e-05 8.626083471981401546e-03 6.682707216883560127e-03 3.297992907942135155e-05 9.999776699189726337e-01 -2.742923710231896794e-02
9.999696798814784460e-01 -3.751469082158390232e-03 -6.823913646815337429e-03 1.240863379235481068e+00 3.750991571974553618e-03 9.999929615806533167e-01 -8.277306975737510329e-05 4.512784241461488544e-03 6.824176137861535062e-03 5.717411749100320554e-05 9.999767134044470485e-01 -2.626171845958836376e-02
9.999695266134956961e-01 -3.839396114075791042e-03 -6.797417293402821178e-03 1.410792294869044339e+00 3.837848397457598992e-03 9.999926064591702080e-01 -2.407211523426736337e-04 1.559854623228263022e-02 6.798291260277405240e-03 2.146263596876219599e-04 9.999768683181957662e-01 -2.890394024551920862e-02
9.999688988475774476e-01 -4.741150971358893892e-03 -6.302604622717024492e-03 1.597780780918823806e+00 4.741294584309259028e-03 9.999887599688912498e-01 7.844996185927978263e-06 2.827196560865164257e-02 6.302496586933712015e-03 -3.772725736223657688e-05 9.999801383594705273e-01 -3.341888129658136808e-02
9.999693071658628529e-01 -5.031541881304354633e-03 -6.005690012056527811e-03 1.788401003107345177e+00 5.038711901477272576e-03 9.999866101823261522e-01 1.179338134078047971e-03 3.019445029614790943e-02 5.999675707748427893e-03 -1.209562878588639305e-03 9.999812702491205352e-01 -3.807309301594620499e-02
9.999640388071150410e-01 -5.982136927699372060e-03 -6.011250314264871171e-03 1.991135033846249458e+00 5.997971594799541596e-03 9.999785807719469011e-01 2.619605709058762770e-03 3.103789280948740167e-02 5.995450717875332354e-03 -2.655566813546767109e-03 9.999785010366913918e-01 -3.765953563835822138e-02
9.999641605900402297e-01 -6.470694956103083782e-03 -5.459637555844842199e-03 2.200522399129217987e+00 6.494881987190520393e-03 9.999691213804168255e-01 4.424115013163845180e-03 4.059164562307789048e-02 5.430841871072794244e-03 -4.459416157110225772e-03 9.999753094772435569e-01 -4.395461094337471675e-02
9.999608551057102002e-01 -6.959691140909182380e-03 -5.463602793032982727e-03 2.411306116303213454e+00 6.987590007408469792e-03 9.999625609892787148e-01 5.103940208447604182e-03 4.790819907885815465e-02 5.427876393696974208e-03 -5.141917831528728874e-03 9.999720490288058761e-01 -4.721071623231414688e-02
9.999585222515912086e-01 -7.512517323642346236e-03 -5.149355287402988118e-03 2.647621835414103231e+00 7.541960511199028751e-03 9.999551850737675718e-01 5.722471121356783805e-03 6.036849406117729411e-02 5.106134355992402243e-03 -5.761070000375062908e-03 9.999703682931756488e-01 -4.987836300575122783e-02
9.999547424695155451e-01 -8.194572565710742801e-03 -4.833424582034949978e-03 2.893916116988338505e+00 8.224329060664798546e-03 9.999471505742351107e-01 6.168992621958084739e-03 6.555381954287889390e-02 4.782616880623342427e-03 -6.208465102839000153e-03 9.999692902968770891e-01 -5.067503115576711681e-02
9.999545047501575690e-01 -8.571969138596591264e-03 -4.184468300036498466e-03 3.147343705210552400e+00 8.599365077799597801e-03 9.999414178676609977e-01 6.573564715629736516e-03 7.200164383932126932e-02 4.127874771087831733e-03 -6.609249420229137278e-03 9.999696387750857118e-01 -5.416749877231640670e-02
9.999495252870496120e-01 -9.249926408006979225e-03 -3.922466016497073125e-03 3.404483961071863352e+00 9.271326184092642045e-03 9.999420423541399705e-01 5.473065267244564200e-03 7.537843719784863283e-02 3.871613228652559871e-03 -5.509155477731203510e-03 9.999773296514925525e-01 -7.342613666398487005e-02
9.999288987055208189e-01 -9.943525245579065697e-03 -6.582084719504011257e-03 3.673069065578862702e+00 9.978914301697644484e-03 9.999358129652984317e-01 5.365744942415093428e-03 7.749190260518684648e-02 6.528307814707469577e-03 -5.431045490346287676e-03 9.999639418208829955e-01 -8.000977407588991119e-02
9.998924634623451713e-01 -1.060042164913492166e-02 -1.013373435922171502e-02 3.950061566378892497e+00 1.064106680503539362e-02 9.999355195468484503e-01 3.965406136215920800e-03 8.415448894109067712e-02 1.009104595438416012e-02 -4.072813454470597221e-03 9.999407897381282773e-01 -8.626042039164903696e-02
9.998361562730144758e-01 -1.147909409519214455e-02 -1.399610688576664354e-02 4.236498708388045209e+00 1.149036854021195583e-02 9.999337204228756493e-01 7.253909818645681851e-04 9.197699281860992337e-02 1.398685239838423806e-02 -8.860925573482348380e-04 9.999017865770445379e-01 -8.931692480292370562e-02
9.997846584287499727e-01 -1.166242124499927008e-02 -1.716463519017717015e-02 4.531857338467047747e+00 1.161610951673645170e-02 9.999286235310940185e-01 -2.795325188038904306e-03 9.045991323507557302e-02 1.719601029898690236e-02 2.595336956136831338e-03 9.998487692925771553e-01 -8.498901097824379525e-02
9.997534120029387683e-01 -1.208991110460913565e-02 -1.862657343594674095e-02 4.844387512970913079e+00 1.199398004059547967e-02 9.999142696319545109e-01 -5.253363606382874078e-03 9.364940713731352562e-02 1.868848927195200862e-02 5.028661439957911490e-03 9.998127089274543300e-01 -8.531200851209039260e-02
9.997299695476107306e-01 -1.257662823086606353e-02 -1.954012309776500048e-02 5.148224111360427457e+00 1.241979441972243699e-02 9.998898444015715814e-01 -8.126977862209458850e-03 9.648321363483988722e-02 1.964018062302528775e-02 7.882099018890456957e-03 9.997760428316690984e-01 -8.191602026772276668e-02
9.997201185657998979e-01 -1.262145291679631423e-02 -2.000958422986384364e-02 5.479798771538558100e+00 1.240302031255472934e-02 9.998625381359729225e-01 -1.100317769630646848e-02 1.085112405591519003e-01 2.014570976434627500e-02 1.075191883150329077e-02 9.997392393116975029e-01 -8.641720379707042154e-02
9.997002979102581621e-01 -1.335548520475719411e-02 -2.051695330907348999e-02 5.813236569973983414e+00 1.311482198921551726e-02 9.998441314145573022e-01 -1.182008122055934300e-02 1.189614221221236556e-01 2.067161828044382019e-02 1.154746252710707639e-02 9.997196308499961548e-01 -8.904601334969569626e-02
9.997025375551321646e-01 -1.367321508892822834e-02 -2.019602918797285332e-02 6.153113854679980399e+00 1.348213218831730356e-02 9.998633385599419166e-01 -9.567461284146133033e-03 1.275911578157373216e-01 2.032408712553369565e-02 9.292329788530007129e-03 9.997502608599884155e-01 -7.548840627896147293e-02
9.997943674216236420e-01 -1.425547297786920048e-02 -1.442235633218870265e-02 6.502236323679501773e+00 1.418005468801257496e-02 9.998853154446839531e-01 -5.318083031492516419e-03 1.508580472342515855e-01 1.449651409961564240e-02 5.112479658846291394e-03 9.998818498356181195e-01 -6.235087118176860926e-02
9.998694364596795170e-01 -1.569601668066172157e-02 -3.839934135269480655e-03 6.860564193001057021e+00 1.568768307121650579e-02 9.998745405660616203e-01 -2.190828077311553559e-03 1.619509972406812659e-01 3.873839653352452884e-03 2.130302365313092861e-03 9.999902275413357078e-01 -6.267238768091555612e-02
9.998079127688355161e-01 -1.747277876601458640e-02 8.879164770320562700e-03 7.228692979008104480e+00 1.747623730164005879e-02 9.998472302029527414e-01 -3.120661152978291761e-04 1.691563096851778913e-01 -8.872355639927682197e-03 4.671805619482858468e-04 9.999605307449495051e-01 -7.094053017822840590e-02
9.996300571592550144e-01 -1.888540000344526501e-02 1.957269757837415761e-02 7.607099541269489507e+00 1.894789917137884236e-02 9.998159335869127862e-01 -3.012650447911185102e-03 1.818080354055201242e-01 -1.951219979335710661e-02 3.382397439673237582e-03 9.998038974952959679e-01 -1.122211573534567242e-01
9.995420861627756226e-01 -2.041601034072652171e-02 2.233393183328460582e-02 7.980481851411748373e+00 2.058009075034979152e-02 9.997627001646762768e-01 -7.141654160126976666e-03 1.896822118328967688e-01 -2.218282790975539473e-02 7.598018241807506096e-03 9.997250583359023057e-01 -1.371053440847227467e-01
9.995791202311514745e-01 -2.154438788698382831e-02 1.942734537944914436e-02 8.357766009353158054e+00 2.173974734156683755e-02 9.997146322207471902e-01 -9.901389259142861707e-03 1.957267472654243834e-01 -1.920848207022244486e-02 1.031956754478677470e-02 9.997622421067153820e-01 -1.326429267913663279e-01
9.995773266122159884e-01 -2.271863398576235565e-02 1.813923351733280273e-02 8.733773795082846902e+00 2.287867685750528263e-02 9.997006991221387695e-01 -8.664774662783333511e-03 2.104893129639476557e-01 -1.793695258468445616e-02 9.076113955208115966e-03 9.997979245264749792e-01 -1.319026141737031366e-01
9.995489624264722872e-01 -2.425963675013272092e-02 1.770146143442025144e-02 9.134675272691564984e+00 2.436485531060203491e-02 9.996865805830942309e-01 -5.752775658241915738e-03 2.307204933536254332e-01 -1.755635320492514306e-02 6.181474486903823853e-03 9.998267669128045876e-01 -1.503854302809491950e-01
9.995621541692680800e-01 -2.565151512488158397e-02 1.474787185631951276e-02 9.542245316007354816e+00 2.568786506061243591e-02 9.996674109139721542e-01 -2.280601934431759122e-03 2.573519030688790621e-01 -1.468446598008305189e-02 2.658444724559548469e-03 9.998886433651130723e-01 -1.863244411371816900e-01
9.996115860244038087e-01 -2.688239206775470264e-02 7.349427358058491233e-03 9.946241492725993893e+00 2.687821556440227189e-02 9.996384933256585725e-01 6.664755665081106362e-04 2.888268647359918950e-01 -7.364686948498415722e-03 -4.686772052788738948e-04 9.999727704931908878e-01 -2.101360534502236532e-01
9.996089014808998696e-01 -2.794228868438466268e-02 1.128088306398790635e-03 1.036559016429794156e+01 2.793940570263760831e-02 9.996065042326732764e-01 2.495256443309748235e-03 3.035235334077838187e-01 -1.197367584305583915e-03 -2.462762435349117717e-03 9.999962505489983222e-01 -2.236334907925726367e-01
9.995728794851893584e-01 -2.920938955280354479e-02 -9.328234772290328177e-04 1.079472265273728304e+01 2.921145152788015217e-02 9.995706561380744981e-01 2.279141797607590805e-03 3.183648704401710883e-01 8.658506345824273356e-04 -2.305417457178814914e-03 9.999969676719158151e-01 -2.281064075013307102e-01
9.995534134428419870e-01 -2.987079795899824641e-02 -8.420831644022494988e-04 1.125199286001927845e+01 2.987250284267970596e-02 9.995515312003703245e-01 2.090466194220447476e-03 3.493195776025382338e-01 7.792616230486466974e-04 -2.114687751842294228e-03 9.999974604202928052e-01 -2.314117934964202150e-01
9.995223380061623031e-01 -3.090451009440248198e-02 -8.415770923616815451e-05 1.170850836152798635e+01 3.090458956041197691e-02 9.995133907231762427e-01 4.229433669147530245e-03 3.635007351696711853e-01 -4.659181820763796966e-05 -4.230014288890610041e-03 9.999910523641289961e-01 -2.400893273077885082e-01
9.994798917921773329e-01 -3.224619839786128234e-02 3.585972439101189858e-04 1.219291421007431353e+01 3.224357117523023869e-02 9.994631254425513367e-01 5.814894536864768926e-03 3.926697770098322438e-01 -5.459129650718735037e-04 -5.800307706731264862e-03 9.999830290607645278e-01 -2.599218613173843728e-01
9.994493466442482266e-01 -3.316944411097638712e-02 -8.896458587900696541e-04 1.267622117535411874e+01 3.317384856114936886e-02 9.994344422917607051e-01 5.503756226351951344e-03 4.187027350715606389e-01 7.065861781666084611e-04 -5.530238541509226169e-03 9.999844584780539503e-01 -2.746503567289612091e-01
9.994189213164824670e-01 -3.394121518529005094e-02 -3.132670800530469764e-03 1.317275603702825215e+01 3.395255927588467643e-02 9.994168097438791420e-01 3.641993957222451096e-03 4.428585139369972667e-01 3.007230156838352694e-03 -3.746239863215252916e-03 9.999884610602619572e-01 -2.835181790816240222e-01
9.993825517439148820e-01 -3.487523998614911608e-02 -4.270000670935659819e-03 1.369235323797351178e+01 3.488950293533828878e-02 9.993856859163381401e-01 3.312607802833914331e-03 4.611824177327430996e-01 4.151849557282435467e-03 -3.459540639865466699e-03 9.999853967552799761e-01 -2.928576342171643199e-01
9.993394985359962401e-01 -3.602037180593228860e-02 -4.806191921460315625e-03 1.421216324834792388e+01 3.603754505336660696e-02 9.993441820750461613e-01 3.535689364676881854e-03 4.964680485021190637e-01 4.675683089141511803e-03 -3.706557394580002867e-03 9.999821995515373318e-01 -3.021824450585792743e-01
9.992979532907549922e-01 -3.704998231169420037e-02 -5.558719241986607995e-03 1.473768527068912526e+01 3.707896458527897704e-02 9.992987852301210561e-01 5.204634750691514676e-03 5.235515395828925778e-01 5.361989760500566332e-03 -5.407092407905099950e-03 9.999710057884181325e-01 -3.091373228030398490e-01
9.992520240526335806e-01 -3.844469207348649026e-02 -4.171100345222509935e-03 1.529537396837628904e+01 3.847135492496007309e-02 9.992384823544493422e-01 6.512313890972545351e-03 5.576575909834308176e-01 3.917560076483931654e-03 -6.667910718629076368e-03 9.999700953977050943e-01 -3.100345151580534697e-01
9.992110259150528417e-01 -3.969134327099638204e-02 -1.386708019605234054e-03 1.586680642769124638e+01 3.969744054971445502e-02 9.992007504717869137e-01 4.687586843953274116e-03 5.784262003468350066e-01 1.199543075338839297e-03 -4.738937218580546382e-03 9.999880517138436398e-01 -3.239045102710345070e-01
9.991675425869988025e-01 -4.078565518670436429e-02 8.672782997544373901e-04 1.643329253610816565e+01 4.078344566693069273e-02 9.991650575174131355e-01 2.428661309661671666e-03 6.199096966274407761e-01 -9.656087149988975063e-04 -2.391268955134631322e-03 9.999966747107681408e-01 -3.434489436365480430e-01
9.991256162610782088e-01 -4.176914245353388622e-02 1.828023418093554803e-03 1.700555288241871210e+01 4.176692646032445499e-02 9.991266190438308215e-01 1.234087558350554625e-03 6.458773464069537118e-01 -1.877973636277638445e-03 -1.156657572585862576e-03 9.999975676761825305e-01 -3.546345176138814281e-01
9.990976783642135928e-01 -4.244340430362136818e-02 1.544836029428782714e-03 1.758773972317924006e+01 4.244105078250516583e-02 9.990978078124437278e-01 1.525658168150179376e-03 6.815787051772549399e-01 -1.608196416891896977e-03 -1.458717069400612644e-03 9.999976429216201890e-01 -3.637364062747179827e-01
9.990275605321407015e-01 -4.406972105499595838e-02 1.339023276456678246e-03 1.817612397443031824e+01 4.406437126468684684e-02 9.990214977217928283e-01 3.791869559176639683e-03 7.150431145716984460e-01 -1.504819672879937655e-03 -3.729178976774477801e-03 9.999919143382667297e-01 -3.769353213533194191e-01
9.989574106013249244e-01 -4.561773683973988081e-02 1.764621862102884161e-03 1.875455355940669477e+01 4.560781563565022290e-02 9.989453392898778317e-01 5.304362730379273520e-03 7.549177685286534434e-01 -2.004733807893667192e-03 -5.218351909476426874e-03 9.999843748007807287e-01 -3.858571645323414789e-01
9.988806238805008064e-01 -4.723201817527743901e-02 2.575984315103705194e-03 1.934335160124867414e+01 4.722274715305011666e-02 9.988780812523567754e-01 3.548372152010141611e-03 7.902944827885683976e-01 -2.740691047983346423e-03 -3.422755132977720396e-03 9.999903866337311875e-01 -4.156138134062825062e-01
9.988133948995541189e-01 -4.866322084339484016e-02 1.921745658053343681e-03 1.994555373867770953e+01 4.866178189265048942e-02 9.988150024439330643e-01 7.885911222633039180e-04 8.249914448026030023e-01 -1.957843778083008090e-03 -6.941398079501201945e-04 9.999978425065064735e-01 -4.237649594320970770e-01
9.987749449821644587e-01 -4.946369823986498937e-02 1.397079922563202120e-03 2.054841286335275186e+01 4.946521943824454259e-02 9.987752670468619254e-01 -1.076104732845382288e-03 8.652453568960585262e-01 -1.342140752963916607e-03 1.143893310285047865e-03 9.999984450819380255e-01 -4.411673256255275177e-01
9.987452333958152240e-01 -5.007947512771433046e-02 7.028564024355243790e-05 2.114014274470363119e+01 5.007952012007398784e-02 9.987435797775949808e-01 -1.817558136023029363e-03 9.026487959100110148e-01 2.082502552233435919e-05 1.818797395907512755e-03 9.999983457698072842e-01 -4.487365733869526085e-01
9.987153079738192440e-01 -5.065092177708822863e-02 -1.489208477872038276e-03 2.175601018560746525e+01 5.064826139222128321e-02 9.987149794525311819e-01 -1.772973512365198399e-03 9.391643622552166004e-01 1.577097557066166810e-03 1.695269967176458179e-03 9.999973194079241345e-01 -4.572858295135739937e-01
9.986636376958026862e-01 -5.162415307989626917e-02 -2.426017924506378935e-03 2.237385717223900983e+01 5.162187454029768668e-02 9.986662088411946137e-01 -9.926669638898977070e-04 9.854401223323357994e-01 2.474027714548776655e-03 8.661048082473516698e-04 9.999965645187631758e-01 -4.714889313012048389e-01
9.986373591055242027e-01 -5.205831165787831727e-02 -3.654748428488641902e-03 2.298715155835748902e+01 5.205609178325140696e-02 9.986439171875217680e-01 -6.999804395644742324e-04 1.034260710242493220e+00 3.686232086838102471e-03 5.087746979540919059e-04 9.999930763966862202e-01 -4.861808754468140981e-01
9.986003715101888778e-01 -5.270965601902168757e-02 -4.357772604118679768e-03 2.361230018603482961e+01 5.271159614873949933e-02 9.986097224392005423e-01 3.314835666172014929e-04 1.062788470737539015e+00 4.334241705879756518e-03 -5.607247623898045739e-04 9.999904499226859311e-01 -4.990484316199066961e-01
9.985957166189857181e-01 -5.277043161539970301e-02 -4.677210422751364519e-03 2.425300504409199931e+01 5.277244429391463737e-02 9.986065162727203459e-01 3.078650787388287650e-04 1.108652592259358638e+00 4.654446633053841570e-03 -5.542605754107244893e-04 9.999890144005355586e-01 -5.047686456472106897e-01
9.986152172314646247e-01 -5.246980650167867161e-02 -3.816715791244361302e-03 2.488566084708332582e+01 5.246859081687434839e-02 9.986224873479960795e-01 -4.180198473951145244e-04 1.149007916185364575e+00 3.833391637459501646e-03 2.171832815984327475e-04 9.999926289428218151e-01 -5.106258747910380480e-01
9.986368660068241088e-01 -5.217043085056673191e-02 -1.629722962555127082e-03 2.554512185364274046e+01 5.217111176267663630e-02 9.986380886679289137e-01 3.780993414214920572e-04 1.188606228961017752e+00 1.607777818838012273e-03 -4.626084001780670480e-04 9.999986005209974271e-01 -5.183150205930214804e-01
9.986668730101397884e-01 -5.160537621020918481e-02 1.167004006930574302e-03 2.620443419591896017e+01 5.160403720075607686e-02 9.986669621538996067e-01 1.149802976476308131e-03 1.239718882079764883e+00 -1.224784361591462964e-03 -1.088048024908269120e-03 9.999986580264811353e-01 -5.365924188611503887e-01
9.986777922321637968e-01 -5.130563694518719409e-02 3.224735638722168313e-03 2.687963012278896713e+01 5.130152017908323758e-02 9.986823020695575481e-01 1.346684953547663908e-03 1.278507826556948279e+00 -3.289578940551062848e-03 -1.179470515799140983e-03 9.999938937412049533e-01 -5.585250917359325662e-01
9.986943476330406577e-01 -5.098484510430580097e-02 3.185212003199654283e-03 2.755902103295985839e+01 5.098239333613695246e-02 9.986991936259204117e-01 8.462982073355122510e-04 1.324264977911326469e+00 -3.224217042136149746e-03 -6.828035048718417632e-04 9.999945690871721027e-01 -5.791457317531525373e-01
9.987477745017081521e-01 -4.999578066525910136e-02 1.817922868692729756e-03 2.824679008470648967e+01 4.999594922693970100e-02 9.987494194327171115e-01 -4.736779261240403025e-05 1.360988881331403944e+00 -1.813281219910276108e-03 1.381972568963512563e-04 9.999983464550007417e-01 -5.981551780654555950e-01
9.987871889192004859e-01 -4.923097967653988077e-02 -6.796256097965897415e-04 2.894429768517128210e+01 4.923164926545397363e-02 9.987868800971295702e-01 1.006407693404186461e-03 1.416266773224301723e+00 6.292547057425501101e-04 -1.038646200655149888e-03 9.999992626260206796e-01 -6.186729212965138558e-01
9.988231310125484930e-01 -4.837897178640331725e-02 -3.439192227803439510e-03 2.965247878160576889e+01 4.838428003798934257e-02 9.988277023178699920e-01 1.477338014754793439e-03 1.455702014788927023e+00 3.363688376591583099e-03 -1.642002221315763287e-03 9.999929946900679711e-01 -6.329477156266370974e-01
9.988764654298996071e-01 -4.705852718573282772e-02 -5.594803783896009491e-03 3.036432185930808458e+01 4.707237822723590176e-02 9.988886689847082945e-01 2.370270446579436467e-03 1.493056038561510146e+00 5.477044668678597225e-03 -2.630968085614940506e-03 9.999815398239257913e-01 -6.486368813815501788e-01
9.989628040319518121e-01 -4.494767614398064576e-02 -7.281659829743310740e-03 3.109176970705279075e+01 4.495916716175221012e-02 9.989878132487022278e-01 1.422064941409489653e-03 1.531268742719983589e+00 7.210370915694004797e-03 -1.747967342886402875e-03 9.999724772019609187e-01 -6.530872748949003714e-01
9.990800468186586958e-01 -4.236180101281800114e-02 -6.673669438715773908e-03 3.181859161084809884e+01 4.237827594003505671e-02 9.990988810683334442e-01 2.346822608194393863e-03 1.572756646459753105e+00 6.568240036500149620e-03 -2.627482246276417657e-03 9.999749769668581090e-01 -6.500097320294919712e-01
9.992199764814901908e-01 -3.941565615635172354e-02 -2.417571114673195288e-03 3.255896818938921200e+01 3.942652559694400510e-02 9.992117619120276517e-01 4.626438804842164347e-03 1.618554559986316255e+00 2.233311371880166828e-03 -4.718146503202535515e-03 9.999863756141332827e-01 -6.632891224182979606e-01
9.993187350174806971e-01 -3.687045822696261715e-02 1.623315494913087900e-03 3.331166319096101347e+01 3.686012623737553590e-02 9.993024755900258294e-01 5.991107861709192572e-03 1.656714166454927417e+00 -1.843078084878672614e-03 -5.927190715650929725e-03 9.999807355511372009e-01 -6.806145510495898998e-01
9.994076862887896207e-01 -3.426710422228156777e-02 3.168935958269280227e-03 3.405092813968229137e+01 3.425864894088097995e-02 9.994093933173840982e-01 2.685055255229626490e-03 1.688719131187850220e+00 -3.259073431789083139e-03 -2.574901395676114802e-03 9.999913741243815490e-01 -7.005790967716729600e-01
9.995105474638557030e-01 -3.118225187026957626e-02 2.516481035609156348e-03 3.477218285295919031e+01 3.118236977638345550e-02 9.995137116403276512e-01 -7.622651015882968913e-06 1.718425316757696386e+00 -2.515019608750307389e-03 8.608876227763221701e-05 9.999968336275333325e-01 -7.124057404982497843e-01
9.996197397828967546e-01 -2.753351304846372513e-02 1.510462043138677485e-03 3.551035176500977286e+01 2.753314611773914275e-02 9.996208564234119187e-01 2.631884948198572093e-04 1.746997556781351824e+00 -1.517135865013669168e-03 -2.215006425666419209e-04 9.999988246174255080e-01 -7.308240574719679916e-01
9.997045304519577291e-01 -2.430607732014457290e-02 -2.576803018384699485e-04 3.623889511988720358e+01 2.430656452174273507e-02 9.997023561053431928e-01 2.095260980394628159e-03 1.772645222066834725e+00 2.066760294745006239e-04 -2.100905217462339068e-03 9.999977717386604459e-01 -7.505514289932447847e-01
9.997763136582021870e-01 -2.100298208556753213e-02 -2.489456070999673722e-03 3.696772913616575096e+01 2.101057910135137666e-02 9.997745526465772192e-01 3.065851621040524208e-03 1.793715266736958025e+00 2.424502803043281866e-03 -3.117470745605996872e-03 9.999922015507463069e-01 -7.556275988741149030e-01
9.998320178667751135e-01 -1.794411333773110809e-02 -3.734279713049828888e-03 3.769363461678864979e+01 1.796660737991467513e-02 9.998201016675553054e-01 6.079911244032544515e-03 1.820770358838369685e+00 3.624509305910303316e-03 -6.145982265023100174e-03 9.999745445931558230e-01 -7.690681183648389041e-01
9.998839071876065576e-01 -1.463870995458291420e-02 -4.228512517591946109e-03 3.841227378286736638e+01 1.466464905551606059e-02 9.998734322947557818e-01 6.169883239005332157e-03 1.834941456571152596e+00 4.137658193276556005e-03 -6.231176612005319415e-03 9.999720257200725992e-01 -7.898898936184358677e-01
9.999219155275617110e-01 -1.055499861531177495e-02 -6.689906720011886722e-03 3.912163616122717258e+01 1.058492274543592661e-02 9.999340606319587765e-01 4.453515303138637360e-03 1.858566357079677989e+00 6.642458743932616420e-03 -4.523979698551195208e-03 9.999677051532825933e-01 -8.019059265047423501e-01
9.999309288783122529e-01 -5.971267418093078108e-03 -1.012331161118904151e-02 3.983746810762321644e+01 6.015776015340614652e-03 9.999723480425931621e-01 4.371909092843478777e-03 1.865882768309843787e+00 1.009692584348659099e-02 -4.432506695364928952e-03 9.999392006381720988e-01 -7.951974209475305422e-01
9.999435610318132550e-01 -7.066090824640015259e-04 -1.060072896648448469e-02 4.054760745158139201e+01 7.871710585950326099e-04 9.999708293808780013e-01 7.597417261373400760e-03 1.882932324528077350e+00 1.059505133261723180e-02 -7.605333058024712350e-03 9.999149482812704770e-01 -7.991410667227208942e-01
9.999453639907113223e-01 4.366277168036123216e-03 -9.497613235738952900e-03 4.127274768518872605e+01 -4.272728105243556868e-03 9.999423803142599709e-01 9.847834583828334390e-03 1.893153285864702218e+00 9.540064361546996344e-03 -9.806715818441462743e-03 9.999064033682522057e-01 -8.086534608264863699e-01
9.999201536025239534e-01 9.228289459104354123e-03 -8.632791736383812337e-03 4.197399858458863520e+01 -9.141109430962678431e-03 9.999073698775093888e-01 1.008423437910511283e-02 1.889686423255689141e+00 8.725052313651667640e-03 -1.000451589536164448e-02 9.999118876800212607e-01 -8.168967631844223920e-01
9.998662822565376196e-01 1.428511668146903620e-02 -7.959462788819987242e-03 4.268625697332716840e+01 -1.419797622965160953e-02 9.998398013488463132e-01 1.089904168639298579e-02 1.886169882525742914e+00 8.113881775823629169e-03 -1.078457602765631532e-02 9.999089247738673913e-01 -8.184737368053252027e-01
9.997720754978585145e-01 2.028960095245606332e-02 -6.642977336578233596e-03 4.338775249581448890e+01 -2.020631518629929096e-02 9.997192642651908656e-01 1.237325679266764421e-02 1.884828610805089788e+00 6.892160858259822193e-03 -1.223620653043496452e-02 9.999013818214516069e-01 -8.173922808904799941e-01
9.996475113182623495e-01 2.637038388934265579e-02 -3.075055891082189956e-03 4.409237858598380910e+01 -2.633022840039124166e-02 9.995758963441637723e-01 1.243971543664667591e-02 1.870869772623383831e+00 3.401791820175435743e-03 -1.235436365379505817e-02 9.999178953849771068e-01 -8.281299773839041478e-01
9.994601860138606630e-01 3.283411711885321493e-02 1.121305562503079663e-03 4.479137441538495068e+01 -3.284484548888100264e-02 9.993944405689961785e-01 1.148774497430669027e-02 1.855844475974036900e+00 -7.434365814267655543e-04 -1.151837283684659270e-02 9.999333849758397230e-01 -8.365715368231594340e-01
9.992165616473741574e-01 3.932836159676952187e-02 4.420735652919417606e-03 4.549171789300874025e+01 -3.937273019079986364e-02 9.991700255702757882e-01 1.044261074716460423e-02 1.835087346360721572e+00 -4.006375783888123203e-03 -1.060848603751097900e-02 9.999357024214458045e-01 -8.605587700550333397e-01
9.989670615743446724e-01 4.512288061346322182e-02 5.360553578002009642e-03 4.617701918457594701e+01 -4.517135256579691421e-02 9.989360161577789388e-01 9.294327851009717353e-03 1.806052403418294539e+00 -4.935463189606158207e-03 -9.526870838251542614e-03 9.999424383108935777e-01 -8.750204974844312256e-01
9.986931974888537678e-01 5.089714742057128288e-02 4.623599673187106691e-03 4.687575824332926544e+01 -5.093781265275412057e-02 9.986599096377941631e-01 9.150088763812021242e-03 1.771896498548153787e+00 -4.151690215103317518e-03 -9.373647458772400853e-03 9.999474477199671307e-01 -8.917147391225141995e-01
9.984054765866873238e-01 5.637739398445365535e-02 2.844955049099916113e-03 4.757487881352935233e+01 -5.640097587955100744e-02 9.983673494994406150e-01 9.031355008861173539e-03 1.739218217233975183e+00 -2.331145972266899114e-03 -9.177412542948296809e-03 9.999551694238459909e-01 -9.124024597441167117e-01
9.981084649833880107e-01 6.147399467289512559e-02 6.634059555199041348e-04 4.826001501158689422e+01 -6.147749044862090700e-02 9.980668020336503909e-01 9.120134125212080514e-03 1.705013496529305117e+00 -1.014723838464523650e-04 -9.143667605452076783e-03 9.999581906490272454e-01 -9.237162050498662902e-01
9.977746715182315151e-01 6.667428401385140646e-02 -4.946998337287417807e-04 4.895268656437217203e+01 -6.666631657258868804e-02 9.977277409630592730e-01 9.744595804539329248e-03 1.669319801950380766e+00 1.143289695833018616e-03 -9.689931062228398367e-03 9.999523979293617471e-01 -9.307808625226016153e-01
9.974214491334142396e-01 7.175591902600240990e-02 1.241327246840551873e-03 4.964799658324191967e+01 -7.176480784963791548e-02 9.973706710102775430e-01 1.007754746023033915e-02 1.628428243340136472e+00 -5.149397095877174257e-04 -1.014064560284173508e-02 9.999484497432120644e-01 -9.397034026498032322e-01
9.970307211214201049e-01 7.694641826030697296e-02 2.998309025268628553e-03 5.033678801881722364e+01 -7.697020782070716771e-02 9.969941122303277448e-01 8.850270396871117926e-03 1.576085649422864332e+00 -2.308299837165418353e-03 -9.054771944697595845e-03 9.999563404753686324e-01 -9.622945172088931409e-01
9.966391329841711721e-01 8.186532637772840626e-02 2.916666183764883569e-03 5.103245470170487863e+01 -8.188355024305500607e-02 9.966187009284785958e-01 6.800673439071194468e-03 1.522831867190800770e+00 -2.350064712427869101e-03 -7.016644262024928497e-03 9.999726215747847258e-01 -9.755141264486368868e-01
9.962296149479592522e-01 8.675130885772766587e-02 8.744781940851882812e-04 5.172610142112333165e+01 -8.675338423691891787e-02 9.962261326586088206e-01 2.709784403507217027e-03 1.470152963899021614e+00 -6.361006856612634553e-04 -2.775431415676259984e-03 9.999959461699705621e-01 -9.939459579005828216e-01
