1.000000000000000000e+00 0.000000000000000000e+00 0.000000000000000000e+00 0.000000000000000000e+00 0.000000000000000000e+00 1.000000000000000000e+00 0.000000000000000000e+00 0.000000000000000000e+00 0.000000000000000000e+00 0.000000000000000000e+00 1.000000000000000000e+00 0.000000000000000000e+00
9.999999995969379718e-01 2.445824693239741714e-05 -1.441936943031335711e-05 -5.761853747959143346e-03 -2.445783138483989858e-05 9.999999992856635211e-01 2.881817725320425525e-05 2.467926568531932097e-03 1.442007426210847552e-05 -2.881782457508254286e-05 9.999999994807972081e-01 1.373867411082750926e-03
9.999999879963147320e-01 1.249787102051148598e-04 -9.158434537637272015e-05 2.796529006579753091e-03 -1.249760077099544239e-04 9.999999917549784456e-01 2.951339412703462477e-05 3.228408344901845251e-03 9.158803316718960765e-05 -2.950194792691126258e-05 9.999999953706336653e-01 -4.070154608979081011e-03
9.999999983636920220e-01 -1.068107059387379967e-05 -5.620080686382757985e-05 -8.519003696829325831e-03 1.068461820820187943e-05 9.999999979506009051e-01 6.312398224329369848e-05 -3.790949079643269465e-04 5.620013251693919162e-05 -6.312458262416775659e-05 9.999999964284160825e-01 -4.478580889623554745e-04
9.999999991031375268e-01 -1.867901454025757004e-05 -3.801077989812952666e-05 -2.061955182940663350e-03 1.868003502943848079e-05 9.999999994651425084e-01 2.684718442599655114e-05 -2.788004628525604135e-03 3.801027839885091225e-05 -2.684789444461831522e-05 9.999999989172047021e-01 -1.540552754132253760e-04
9.999999974505446865e-01 -4.460851669351688766e-05 -5.575832486498262243e-05 -4.608216335319825774e-03 4.461035594607027483e-05 9.999999984609416748e-01 3.298534310076077112e-05 1.980756780856933116e-04 5.575685335193895003e-05 -3.298783041538530113e-05 9.999999979014881912e-01 -2.112074663336214759e-03
9.999999782130877257e-01 2.087065989931552240e-04 -3.921682486181225525e-06 -7.558892039186419949e-03 -2.087066986865112792e-04 9.999999778972139541e-01 -2.543787753394773641e-05 2.967531414370164732e-03 3.916373346595402306e-06 2.543869546113991927e-05 9.999999996687674031e-01 6.284167529159792598e-05
9.999999851095120462e-01 1.400269071761925551e-04 -1.008634771815616660e-04 -9.605598944635220654e-04 -1.400240700337421109e-04 9.999999898008392618e-01 2.813505343571102990e-05 2.684905122631823550e-03 1.008674158173546918e-04 -2.812092970217364000e-05 9.999999945174888882e-01 -2.642870803503481053e-03
9.999999987149645886e-01 4.305767172889761457e-05 -2.676018925524561469e-05 -6.080853966502338878e-03 -4.305744068578615979e-05 9.999999990357523183e-01 8.634353117896065936e-06 -9.607455377595229377e-04 2.676056100458430414e-05 -8.633200881539018634e-06 9.999999996046701201e-01 -1.137654903532988107e-03
9.999999990225666435e-01 -4.035738057101764537e-05 -1.805958099565924113e-05 -1.948581450522696851e-03 4.035783444563844811e-05 9.999999988698036191e-01 2.513240952760854030e-05 -3.071521020557604464e-03 1.805856669703239476e-05 -2.513313834862326946e-05 9.999999995211067416e-01 -5.865629279843184024e-04
9.999999836720150359e-01 1.696079374859673868e-04 -6.236278657041292568e-05 -2.616784838007182781e-03 -1.696075225250244468e-04 9.999999855944714522e-01 6.659211732797285340e-06 4.035394762786469712e-03 6.236391512721131322e-05 -6.648634426337812317e-06 9.999999980332688887e-01 -1.333778459807235996e-03
9.999999919455994091e-01 1.242324229274691138e-04 -2.598280804931633160e-05 -2.733023761197657213e-03 -1.242324759341649888e-04 9.999999922810682840e-01 -2.038464019370765456e-06 3.446103247402878406e-03 2.598255460543263354e-05 2.041691911527847915e-06 9.999999996603691210e-01 -2.191903489778192216e-03
9.999999917116930703e-01 1.266228262038642026e-04 -2.330823285250485031e-05 2.199175306737038375e-03 -1.266234750991257821e-04 9.999999915957045182e-01 -2.784037499088940873e-05 8.765994439912782460e-04 2.330470742965165505e-05 2.784332612958204049e-05 9.999999993408199561e-01 -6.502883299332753129e-04
9.999999438408961883e-01 -1.180163188281199141e-04 3.136723656897242446e-04 -2.426955885571207769e-02 1.180887920185613293e-04 9.999999663380217951e-01 -2.310389414894487730e-04 1.788379113645340197e-03 -3.136450887655114171e-04 2.310759697052627761e-04 9.999999241153243457e-01 2.095754858118532415e-03
9.999993678003328279e-01 1.423752736434979213e-04 -1.115404956126729834e-03 -9.569431342089924908e-02 -1.434419857617951735e-04 9.999995324347428216e-01 -9.563235291307148550e-04 2.792906459834341645e-02 1.115268277777972921e-03 9.564829204451334504e-04 9.999989206579632528e-01 -9.608370063589968119e-03
9.999984394036056656e-01 8.487804752557716553e-05 -1.764648993479598455e-03 -1.241315476435851523e-01 -8.575820132019749303e-05 9.999998719718063978e-01 -4.987002121755555869e-04 4.040872409823013239e-02 1.764606438854465298e-03 4.988507670294449600e-04 9.999983186546006486e-01 1.887044175444354405e-03
9.999972817107685152e-01 -9.028883298131283250e-05 -2.329896778935440591e-03 -1.334730682918999212e-01 9.025811986697522093e-05 9.999999958384594434e-01 -1.328732094578597785e-05 3.509519879403576181e-02 2.329897968936182635e-03 1.307699272425370223e-05 9.999972856985396286e-01 -1.110393564159650737e-03
9.999963687244474153e-01 9.422692462648818326e-05 -2.693261815275013044e-03 -8.372270399187105305e-02 -9.403110876145032073e-05 9.999999929267979759e-01 7.283237385451926530e-05 3.231732707327482357e-02 2.693268658995629297e-03 -7.257885898542545489e-05 9.999963705115332280e-01 -9.744507672010932486e-03
9.999961995503762191e-01 4.843402392949045713e-04 -2.714092728101743374e-03 -3.726473838134427424e-02 -4.841068497293016140e-04 9.999998790663302550e-01 8.664804036369937678e-05 4.515530452665687811e-02 2.714134367009153961e-03 -8.533380018171243938e-05 9.999963130895935803e-01 -1.808694418843472332e-02
9.999967315961574288e-01 6.068910187960866766e-04 -2.483642545538868301e-03 -4.831875709402454547e-03 -6.063111794097502966e-04 9.999997887662924745e-01 2.342095730844546812e-04 4.659004036440026614e-02 2.483784160596266052e-03 -2.327029473519681626e-04 9.999968883279496401e-01 -1.797065905753982354e-02
9.999970771928624602e-01 1.462189108145873411e-04 -2.413343274859845473e-03 -1.679846000934228506e-02 -1.456238341964961392e-04 9.999999589536794353e-01 2.467515719492790853e-04 3.662130517805138596e-02 2.413379255547076340e-03 -2.463994104411060260e-04 9.999970574396204182e-01 -1.457226613043907312e-02
9.999968727376968847e-01 1.041346750771296302e-04 -2.498733838547829208e-03 -1.263473380161388160e-02 -1.038680982263314763e-04 9.999999889010611209e-01 1.068143047828383284e-04 4.444204956704347204e-02 2.498744933887457175e-03 -1.065544320147058117e-04 9.999968724550634125e-01 -1.162582271027658501e-02
9.999970413125907065e-01 -2.121806749729383183e-05 -2.432471142372100506e-03 -1.096026370191908322e-02 2.130396629825437332e-05 9.999999991504672225e-01 3.528748428457080858e-05 4.384544083045306684e-02 2.432470391573413396e-03 -3.533920116317392261e-05 9.999970409150894524e-01 -8.368840021244054045e-03
9.999972830573872207e-01 -2.328409372617276207e-04 -2.319410041733616611e-03 -9.588811577488852780e-03 2.329764514503277503e-04 9.999999711699182336e-01 5.815613252836850490e-05 5.661831618238450520e-02 2.319396433736430063e-03 -5.869634244247519601e-05 9.999973084738391638e-01 -7.923228652581557410e-04
9.999965341040958355e-01 -5.456287720906081778e-04 -2.575668658621928838e-03 -1.556059521856836651e-02 5.458612692118429465e-04 9.999998470068179879e-01 8.956458727998929952e-05 6.131503731724635697e-02 2.575619395546404570e-03 -9.097023462151761285e-05 9.999966789490581931e-01 3.830953858001282658e-03
9.999920158073531962e-01 4.161538689699659688e-04 -3.974309688943355144e-03 5.008987994491037599e-02 -4.188541028160351165e-04 9.999996820221290772e-01 -6.786139412954520682e-04 8.780461177918910676e-02 3.974026017383614807e-03 6.802731790300874234e-04 9.999918721397764720e-01 -7.370405033035116321e-03
9.999753511286396668e-01 5.391710148453030113e-04 -7.000459254259825542e-03 1.652808329489346417e-01 -5.475045091513295855e-04 9.999991437824968799e-01 -1.188559247796262949e-03 9.674710742351450010e-02 6.999812423648244311e-03 1.192362734160097278e-03 9.999747901308032594e-01 -3.985525682995003094e-02
9.999730847622007035e-01 1.377887676169061446e-04 -7.335582146228870372e-03 2.215832697643412841e-01 -1.444642125890709854e-04 9.999995759818389729e-01 -9.094867967498907130e-04 9.312921968585356758e-02 7.335453718743930283e-03 9.105220467951182168e-04 9.999726806609980923e-01 -3.594956113189593655e-02
9.999728479477797416e-01 -8.720472146740662102e-04 -7.317301474044780873e-03 2.926239263059179918e-01 8.661098494536154102e-04 9.999992931854844169e-01 -8.145442040107031328e-04 7.217115639523616344e-02 7.318006623074220854e-03 8.081845005858484749e-04 9.999728964411374044e-01 -3.084291471695803019e-02
9.999724661274870252e-01 -1.651012459051032742e-03 -7.234718016058629478e-03 3.723575692024702066e-01 1.646910411591731311e-03 9.999984797257124303e-01 -5.729156657694810077e-04 6.391784939935178655e-02 7.235652908205022008e-03 5.609849587570017899e-04 9.999736649646669973e-01 -3.103558785478715762e-02
9.999720583542155428e-01 -1.896057442533999283e-03 -7.231008021565002095e-03 4.648664891548848210e-01 1.892048935365504793e-03 9.999980526287276517e-01 -5.611502282610930301e-04 6.866117253037339052e-02 7.232057913174385136e-03 5.474531277713616789e-04 9.999736984708215148e-01 -3.007254276849004662e-02
9.999703917500559758e-01 -2.171779918528983326e-03 -7.382343477856309621e-03 5.870965891199266817e-01 2.166276376719610333e-03 9.999973698026937141e-01 -7.534151274286866439e-04 5.962542764897987846e-02 7.383960312680445948e-03 7.374006238443718119e-04 9.999724663061582142e-01 -3.331533251520747696e-02
9.999694834580488134e-01 -1.972890120524884924e-03 -7.559091031030648958e-03 7.396852546215700874e-01 1.966783184417955459e-03 9.999977335700973580e-01 -8.152414206978497897e-04 7.510708120276611555e-02 7.560682280625436943e-03 8.003494492195191174e-04 9.999710973444235762e-01 -3.831465916801005817e-02
9.999685409012188941e-01 -2.212953194183244279e-03 -7.617089079666054634e-03 8.805950784885260285e-01 2.209342094135534861e-03 9.999974430163645067e-01 -4.824606139367542301e-04 9.995589310452818177e-02 7.618137265650607066e-03 4.656166806221560968e-04 9.999708731686680618e-01 -4.874210491672366363e-02
9.999695119496641027e-01 -2.353276785532721401e-03 -7.445620156933715171e-03 1.012532488738232539e+00 2.349441520875581672e-03 9.999971028705645359e-01 -5.238081877454682164e-04 1.125036044776718952e-01 7.446831251656686919e-03 5.062991687097056961e-04 9.999721437947465263e-01 -6.064065542268577691e-02
9.999683035180915169e-01 -2.991434886924649022e-03 -7.378568727557456401e-03 1.150487377867222660e+00 2.986681771261824516e-03 9.999953252683271288e-01 -6.551133411670577401e-04 1.136282215488381153e-01 7.380493963632181985e-03 6.330551396622931129e-04 9.999725633986379369e-01 -6.301868547660002817e-02
9.999649372169993056e-01 -3.653459902360388627e-03 -7.535022716919047292e-03 1.327935167760768476e+00 3.648499341780560377e-03 9.999931184275158147e-01 -6.719748249759098383e-04 1.117460299369407301e-01 7.537425897192496019e-03 6.444597382454590176e-04 9.999713855318511646e-01 -7.433515202743322392e-02
9.999711934052242235e-01 -3.961947501242418616e-03 -6.474205104025004993e-03 1.499216762402793002e+00 3.963262429979745767e-03 9.999921281401519257e-01 1.902856826710193220e-04 1.139572840295364209e-01 6.473400238104818662e-03 -2.159391750412323840e-04 9.999790240098188621e-01 -6.846260970086573416e-02
9.999715436867704366e-01 -3.974111662608142623e-03 -6.412351611583873116e-03 1.669914821794536763e+00 3.977017737105077722e-03 9.999919946075240818e-01 4.405119571092549536e-04 1.506341196644807867e-01 6.410549634486262770e-03 -4.660014578588454683e-04 9.999793436346697817e-01 -8.158538012699911857e-02
9.999697407707057728e-01 -3.966962890034645903e-03 -6.691841928539288449e-03 1.866196192338261950e+00 3.975781448941848387e-03 9.999912450043972889e-01 1.305019703189663760e-03 2.065874775782935435e-01 6.686606376759313304e-03 -1.331585515297969372e-03 9.999767578174892924e-01 -8.587169121543875017e-02
9.999669703008186028e-01 -5.063786943415241569e-03 -6.357386978430535837e-03 2.074449126237977392e+00 5.085875784490058969e-03 9.999810699803463043e-01 3.463170291291401814e-03 1.966608494114798211e-01 6.339729876466223060e-03 -3.495388784304698324e-03 9.999737946978111136e-01 -9.737579805372717501e-02
9.999656920416208905e-01 -5.791167213138864907e-03 -5.922594197792163499e-03 2.269150349096334285e+00 5.816600617196990460e-03 9.999738977813238394e-01 4.286130339420013771e-03 2.145469792328511260e-01 5.897617907450394305e-03 -4.320432656105006181e-03 9.999732756252447397e-01 -9.875459515270089417e-02
9.999675718469956953e-01 -5.922228448653783263e-03 -5.457331273191220675e-03 2.506030683750554822e+00 5.951888646118830110e-03 9.999675184098205660e-01 5.434808814426311287e-03 2.311384097913658231e-01 5.424967831019542400e-03 -5.467114001657545110e-03 9.999703397543975303e-01 -9.746529886353570704e-02
9.999667298448630115e-01 -6.569547613307170041e-03 -4.835312557354636866e-03 2.726516798599885938e+00 6.599513463109755833e-03 9.999589549059880733e-01 6.207650551894199065e-03 2.275737182397182534e-01 4.794332635628701690e-03 -6.239354732717906221e-03 9.999690419343482128e-01 -1.028501344270453671e-01
9.999597157193645947e-01 -7.684512412569132617e-03 -4.638448817070137120e-03 2.976260535190260015e+00 7.715233978443983981e-03 9.999481775613463519e-01 6.642089761516476072e-03 2.221576600089440190e-01 4.587167220123094732e-03 -6.677608907629250211e-03 9.999671831796138610e-01 -1.097695053381541053e-01
9.999576304372218560e-01 -8.280232259457518187e-03 -4.021825966628656164e-03 3.241208984062945664e+00 8.305410586552973776e-03 9.999457605418301531e-01 6.284594609813703991e-03 2.232078307926779470e-01 3.969569921941580419e-03 -6.317731250248360270e-03 9.999721640058208960e-01 -1.233634458308646015e-01
9.999471115007616540e-01 -8.781737300640251806e-03 -5.353063727048258322e-03 3.497275825580159481e+00 8.807502707368743480e-03 9.999496504604258318e-01 4.808787802757019843e-03 2.731874786905748032e-01 5.310564691535955492e-03 -4.855680596455671551e-03 9.999741097991499128e-01 -1.310737121796380911e-01
9.999208719312657756e-01 -9.898843081781082825e-03 -7.762910656410115101e-03 3.748328460030135645e+00 9.937883523169023514e-03 9.999380835302313919e-01 5.006753136308651070e-03 2.479309277976729509e-01 7.712868940741605603e-03 -5.083503863506517659e-03 9.999573339103887681e-01 -1.256130345607725518e-01
9.998778833686789991e-01 -1.061729384973087581e-02 -1.146697089378265547e-02 4.035964083963744287e+00 1.063786557385520276e-02 9.999419119848086401e-01 1.734494796112065213e-03 2.748291078679839239e-01 1.144788915927202888e-02 -1.856267080357890467e-03 9.999327477917319129e-01 -1.193457176978877515e-01
9.998260766283064704e-01 -1.083719169120363549e-02 -1.517800284279901407e-02 4.325544371832380719e+00 1.080247723003484317e-02 9.999388493688506907e-01 -2.367278731702686725e-03 2.891346260533516621e-01 1.520272935174756326e-02 2.202906976497189667e-03 9.998820051491628114e-01 -1.280343962694417137e-01
9.997961968667350430e-01 -1.096205784322176573e-02 -1.695281742527175728e-02 4.638401411283807896e+00 1.088104692968785807e-02 9.999289721088108207e-01 -4.863492071634950217e-03 2.882330636577317140e-01 1.700492718380963719e-02 4.678036474717329682e-03 9.998444621170907709e-01 -1.231107519706631237e-01
9.997641837135295972e-01 -1.126467992627041420e-02 -1.856566588567417492e-02 4.952763361366712580e+00 1.111742019415605867e-02 9.999060685493188494e-01 -8.016049305701215127e-03 3.092562347602212380e-01 1.865422021544659720e-02 7.807756681886432633e-03 9.997955085935074093e-01 -1.367011561886488091e-01
9.997530193640968843e-01 -1.136707296421731427e-02 -1.909685640616742147e-02 5.262544548796541655e+00 1.116860279657716330e-02 9.998828397498085163e-01 -1.046752527730209284e-02 3.360981589141427417e-01 1.921360413727488808e-02 1.025165479738901833e-02 9.997628423731156344e-01 -1.441832501350120144e-01
9.997434509855843698e-01 -1.183029050265721645e-02 -1.931518672074131887e-02 5.565819107463170212e+00 1.160250675605089925e-02 9.998623188259053718e-01 -1.186276650108674530e-02 3.407914799900941816e-01 1.945286735702879410e-02 1.163561853561086504e-02 9.997430661589424838e-01 -1.562854472737749967e-01
9.997160253993908618e-01 -1.257328245347691560e-02 -2.024305135076033199e-02 5.913902022385835622e+00 1.235152897786144337e-02 9.998627413285088306e-01 -1.104256469070452260e-02 3.594849685337352940e-01 2.037911410129201670e-02 1.078939624744752745e-02 9.997341049684471681e-01 -1.706477670350048104e-01
9.997601576567454185e-01 -1.309889569653896295e-02 -1.755124194154924350e-02 6.248231906387378132e+00 1.296801551682411936e-02 9.998874060950504461e-01 -7.550212319337690561e-03 3.729330937087569908e-01 1.764816522234005647e-02 7.320796680885406291e-03 9.998174574392277858e-01 -1.865610948457114837e-01
9.998659544629392437e-01 -1.391040954684245358e-02 -8.635601435600138986e-03 6.606217946998722113e+00 1.388233489791549681e-02 9.998981819106574909e-01 -3.302512610691356494e-03 4.065296171840137585e-01 8.680661478109970991e-03 3.182187612440885716e-03 9.999572589857537164e-01 -1.899737081228997093e-01
9.998703688652342825e-01 -1.575818972086413805e-02 3.305286980224562271e-03 6.977053078385963225e+00 1.576071398907775978e-02 9.998755190997814513e-01 -7.390531083627513214e-04 4.404362233783855607e-01 -3.293229396030408936e-03 7.910509868168039008e-04 9.999942644227922672e-01 -2.035661751611634318e-01
9.997282784810711531e-01 -1.683541459790241154e-02 1.612259348214879762e-02 7.326962235321929917e+00 1.684737271704005515e-02 9.998578892054981182e-01 -6.061567940732480756e-04 4.535141976442378375e-01 -1.611009738664005708e-02 8.776154297875348722e-04 9.998698388057069009e-01 -2.187741512328964244e-01
9.995785526351581574e-01 -1.816550668795809814e-02 2.264357477458251583e-02 7.680714876409182601e+00 1.827889454308245787e-02 9.998213540550358047e-01 -4.810612210279463681e-03 4.649345695424177416e-01 -2.255214238349053518e-02 5.222484305823160526e-03 9.997320273611275399e-01 -2.409940306418060785e-01
9.995556064991273360e-01 -1.988308864698032710e-02 2.220928414015146610e-02 8.037506568366772797e+00 2.006738742484626484e-02 9.997657653485779727e-01 -8.106441815824958624e-03 4.681343525780612969e-01 -2.204290085498692917e-02 8.548521675035718193e-03 9.997204775831435297e-01 -2.428351700698803683e-01
9.996051157949882304e-01 -2.068019407021975606e-02 1.902477462957602450e-02 8.435935944426830702e+00 2.083915795687482989e-02 9.997492489624557610e-01 -8.195650959748468703e-03 5.153030723324897311e-01 -1.885051649521923139e-02 8.588874910234354718e-03 9.997854216058762455e-01 -2.709722882579194136e-01
9.995717067008919043e-01 -2.253175729965070304e-02 1.867412852199129558e-02 8.807878865951716207e+00 2.263667972796616287e-02 9.997290309166712019e-01 -5.426368334985613891e-03 5.209716502489553092e-01 -1.854680279616132549e-02 5.846764524340442547e-03 9.998108978455061413e-01 -2.868133141615847315e-01
9.995825700124770785e-01 -2.348292418366636561e-02 1.682967614173321719e-02 9.214678588362641420e+00 2.351938249727955274e-02 9.997214368387452588e-01 -1.971641960751838868e-03 5.804587009175852241e-01 -1.677868809526261024e-02 2.366642528755525873e-03 9.998564270078694749e-01 -3.194937322281666825e-01
9.996279161182630713e-01 -2.477832379840159624e-02 1.140455991260858060e-02 9.628334082781021763e+00 2.477663597373503876e-02 9.996929701793881851e-01 2.892814164197777399e-04 6.374298435766044824e-01 -1.140822628122936666e-02 -6.607150072087704515e-06 9.999349240472911182e-01 -3.419270801904387147e-01
9.996488022582644684e-01 -2.601787909394514056e-02 5.034094861060529544e-03 1.003686330778062086e+01 2.600315095076402225e-02 9.996574508806977954e-01 2.969349985618300984e-03 6.592720603826340842e-01 -5.109626625212814605e-03 -2.837404828036307024e-03 9.999829202789379812e-01 -3.415636133192393453e-01
9.996222725960288713e-01 -2.748012200934768154e-02 3.937312558929237957e-04 1.045993120462423320e+01 2.747878513620321747e-02 9.996176648971677459e-01 3.072522249248092491e-03 6.628659398721328255e-01 -4.780140048984866399e-04 -3.060542416813151565e-03 9.999952022798539453e-01 -3.733212643134699027e-01
9.995875445924217173e-01 -2.871827896166818245e-02 -3.389945583916303523e-05 1.090218704025067353e+01 2.871826893217754861e-02 9.995840954416247426e-01 2.626246311361335635e-03 6.763819144512145387e-01 -4.153591729077381003e-05 -2.626136635558025748e-03 9.999965508346211340e-01 -3.903574702308385547e-01
9.995916027742063337e-01 -2.857476644349611974e-02 3.322438758106187134e-04 1.136710655693842575e+01 2.857320223468490586e-02 9.995836207893351588e-01 4.019597459745413368e-03 7.591552077813578103e-01 -4.469645949769558853e-04 -4.008462595839272849e-03 9.999918661920549345e-01 -4.029677033649742834e-01
9.995489653682808617e-01 -3.001293702085982423e-02 1.043763661534447083e-03 1.181704209757984536e+01 3.000652746588649417e-02 9.995334899205239321e-01 5.693051619015588975e-03 7.942789462502272135e-01 -1.214141934963769345e-03 -5.659164132597520151e-03 9.999832497200551451e-01 -4.220208275898887362e-01
9.995087690471538000e-01 -3.133574498187535057e-02 5.400780261168825706e-04 1.231430719868282253e+01 3.133160465985882631e-02 9.994881349683343297e-01 6.465184216940749774e-03 8.150640760223119008e-01 -7.423929429438431548e-04 -6.445086807137764655e-03 9.999789546329296286e-01 -4.444892161829510635e-01
9.994747346326353643e-01 -3.240347949047759496e-02 -5.189874114769971658e-04 1.280047982182743205e+01 3.240568670868820139e-02 9.994620890709142724e-01 5.040236000633718794e-03 8.374429750944990536e-01 3.553870586026043003e-04 -5.054406682681318597e-03 9.999871632541712518e-01 -4.460156311239067417e-01
9.994550447448498076e-01 -3.290540869124871509e-02 -2.616794400040395752e-03 1.331315758910986702e+01 3.291523682794281896e-02 9.994509005611433849e-01 3.805857601099741760e-03 9.076892248735274338e-01 2.490124219918848133e-03 -3.889915986407033611e-03 9.999893338606107296e-01 -4.668883364469839647e-01
9.994336220412456395e-01 -3.341040972783894392e-02 -4.022394229123691690e-03 1.383415286564927271e+01 3.342659232355442434e-02 9.994330686613672743e-01 4.025443051101588315e-03 9.629455715147364758e-01 3.885622106105479472e-03 -4.157618060944759733e-03 9.999838079453625683e-01 -5.060017124653303222e-01
9.993649722933782842e-01 -3.541133307536774993e-02 -3.961015385054401580e-03 1.436773724041067624e+01 3.543304132032278758e-02 9.993566329904690626e-01 5.551547599118162625e-03 9.640644156097474271e-01 3.761879297315281426e-03 -5.688373034387160694e-03 9.999767450677911063e-01 -5.069169453991819729e-01
9.993249405672528507e-01 -3.648883662102126585e-02 -4.269421775945331232e-03 1.488668399855708913e+01 3.651620307116906078e-02 9.993118057738711313e-01 6.517802868301226550e-03 1.011935810383670420e+00 4.028656540540749564e-03 -6.669306036561084734e-03 9.999696446810117934e-01 -5.321539263116961127e-01
9.992645692321610040e-01 -3.831472055807318144e-02 -1.517519627715972676e-03 1.544150495161534664e+01 3.832350563344827377e-02 9.992457811825184999e-01 6.259209606759935651e-03 1.057009544699660353e+00 1.276555218859437915e-03 -6.312763063434412986e-03 9.999792594995549067e-01 -5.421865328358349556e-01
9.992208253116532379e-01 -3.944385054929758910e-02 1.387413904834494107e-03 1.600081706747953092e+01 3.943832629152366903e-02 9.992147577387726631e-01 3.806092007437482990e-03 1.085386465718300331e+00 -1.536451373120843776e-03 -3.748409114603508830e-03 9.999917943394773800e-01 -5.576335140257069334e-01
9.992106073230073715e-01 -3.965173300844278270e-02 2.429461383492314674e-03 1.656509221106335517e+01 3.964626664462646277e-02 9.992112256237974943e-01 2.258346415336151373e-03 1.129820285122171253e+00 -2.517092435706525400e-03 -2.160244619401013519e-03 9.999944987792954709e-01 -5.862763571331922607e-01
9.991817077362867838e-01 -4.036971157414843275e-02 2.490243485623632510e-03 1.714735513140589873e+01 4.036441286661721778e-02 9.991827277911422556e-01 2.142582037035012724e-03 1.183653618652076300e+00 -2.574703697688598535e-03 -2.040311562537620166e-03 9.999946040002399839e-01 -6.170975713161057641e-01
9.991400511540088347e-01 -4.138148737006652061e-02 2.594355990520766115e-03 1.772950975823134456e+01 4.137145145049673373e-02 9.991365724065044418e-01 3.809551766424786479e-03 1.245469424560741833e+00 -2.749760870279122169e-03 -3.698943473872371140e-03 9.999893782597559788e-01 -6.354437787818774108e-01
9.990627721747686873e-01 -4.323349228645106263e-02 2.107699974737034781e-03 1.830039824392338232e+01 4.322122120779241933e-02 9.990500764405907397e-01 5.556149868099944170e-03 1.283260343033084894e+00 -2.345909583339731309e-03 -5.459845122994638408e-03 9.999823432438493809e-01 -6.523769128439654841e-01
9.990274057857871925e-01 -4.394378225759951878e-02 3.631320671143296701e-03 1.887648185920071953e+01 4.392481309417758245e-02 9.990215751429454283e-01 5.148125246123689061e-03 1.359022163829151086e+00 -3.853995791585224269e-03 -4.983613127530274120e-03 9.999801549614040219e-01 -6.665173766871163030e-01
9.989584306925201052e-01 -4.545631719888421768e-02 3.972024049767789930e-03 1.945583144205737369e+01 4.544684352762983631e-02 9.989637694547820468e-01 2.443712353798885815e-03 1.418007996397670833e+00 -4.078990281018194178e-03 -2.260651102537080195e-03 9.999891255883135432e-01 -6.894754653685697399e-01
9.988896491057053240e-01 -4.699237308917190298e-02 3.344515051383406806e-03 2.006415605403935487e+01 4.698956541321364783e-02 9.988949628362222555e-01 9.132155821607976405e-04 1.433614805784859225e+00 -3.383733405304559325e-03 -7.550442836400034826e-04 9.999939901101263517e-01 -7.049862440654062201e-01
9.988715125809830564e-01 -4.743522411053403831e-02 2.366615254421033151e-03 2.068164297965816445e+01 4.743691901322397153e-02 9.988740141745581225e-01 -6.652227728019879114e-04 1.489288645628326080e+00 -2.332395487878987771e-03 7.767370134314682860e-04 9.999969783008847424e-01 -7.302514127353414430e-01
9.988438558408245793e-01 -4.806726628196763412e-02 6.996865102058228304e-04 2.129143716057814828e+01 4.806769710865348849e-02 9.988438923636014932e-01 -6.125215104271481250e-04 1.570231531363339039e+00 -6.694353627431542161e-04 6.454456665040826354e-04 9.999995676279999079e-01 -7.574845480732084191e-01
9.988130734779823161e-01 -4.870470133488298548e-02 -5.443503894665749614e-04 2.189844484533730906e+01 4.870464130170032435e-02 9.988132171654392488e-01 -1.230093403996177957e-04 1.629632522291087238e+00 5.496954969539339514e-04 9.635094688963118136e-05 9.999998442756656836e-01 -7.742948276540143615e-01
9.987849658213022730e-01 -4.925427638834654898e-02 -1.615025324989266368e-03 2.249449021854612241e+01 4.925468358538960534e-02 9.987862287016263663e-01 2.133093660345601519e-04 1.701924168909800805e+00 1.602558655132758827e-03 -2.925977492289291325e-04 9.999986730952766800e-01 -8.011173228953505365e-01
9.987297264200661884e-01 -5.033468083962749917e-02 -2.313756614815822097e-03 2.310767874597811300e+01 5.033774537696709961e-02 9.987314243274052483e-01 1.285865979045513249e-03 1.733953873106710342e+00 2.246097785804170282e-03 -1.400701868805868250e-03 9.999964965333685285e-01 -8.184476120213289851e-01
9.987299935569230458e-01 -5.030484779712530996e-02 -2.796829972743413838e-03 2.374980363210902112e+01 5.030867256516652342e-02 9.987328520961114009e-01 1.314385292703685454e-03 1.800454599076409368e+00 2.727166023409680496e-03 -1.453420818232458323e-03 9.999952250553029165e-01 -8.369346664165249194e-01
9.987009382508788002e-01 -5.090847899839046065e-02 -2.182361767614858679e-03 2.438667926093302896e+01 5.091052873319361349e-02 9.987028179304021647e-01 8.941599300800965461e-04 1.825213730057675177e+00 2.134010525038847889e-03 -1.004103552593712005e-03 9.999972188837000786e-01 -8.550977294855617306e-01
9.987008938770622901e-01 -5.094494043534118777e-02 -1.066589516291877905e-03 2.501603463419601781e+01 5.094593328628208018e-02 9.987009840860695542e-01 9.253470192402672321e-04 1.862508514525742731e+00 1.018062250759367397e-03 -9.784832936025839121e-04 9.999990030593519652e-01 -8.864866294906578181e-01
9.987312454729551092e-01 -5.033017602942319035e-02 1.665141701825641630e-03 2.566978435472666575e+01 5.032601480973449004e-02 9.987298306425178573e-01 2.453083394008603955e-03 1.923640217499751559e+00 -1.786490808895424987e-03 -2.366171087400852861e-03 9.999956048328286773e-01 -9.125206003122466880e-01
9.987601577936539021e-01 -4.959622815720918232e-02 4.285015352793692354e-03 2.633135925933578747e+01 4.958612623261578201e-02 9.987668892588561498e-01 2.432489554123779332e-03 2.012392903957570311e+00 -4.400373761252547068e-03 -2.216996338715755688e-03 9.999878607453169810e-01 -9.333780466967218636e-01
9.987946639157428974e-01 -4.882049009052365912e-02 5.077310386343572395e-03 2.700085149535327389e+01 4.881159733758439617e-02 9.988062699107451703e-01 1.860954684328571408e-03 2.082344177711929145e+00 -5.162102167888084521e-03 -1.610879978360245639e-03 9.999853787765616842e-01 -9.643469515980762630e-01
9.988106081406221692e-01 -4.852814845268447336e-02 4.731582559224777398e-03 2.767097652835453658e+01 4.852192627595709046e-02 9.988211066190012533e-01 1.421141394908729313e-03 2.121095275860718221e+00 -4.794969888448444642e-03 -1.189865600795291141e-03 9.999877961673436788e-01 -9.827188259555423855e-01
9.988703868080784920e-01 -4.746868455754784527e-02 2.162023185724780937e-03 2.838947308564247152e+01 4.746470641902319348e-02 9.988711920761462748e-01 1.855609046782328696e-03 2.186536715960130994e+00 -2.247665997325021432e-03 -1.750893130542486437e-03 9.999959411771679463e-01 -1.020625569603814675e+00
9.989245018312008506e-01 -4.636596203429360630e-02 -1.928883656573425129e-04 2.907175496171863216e+01 4.636631477080589703e-02 9.989208294015763379e-01 2.709509594260427028e-03 2.261735096489158270e+00 6.705118722531387134e-05 -2.715539044331151050e-03 9.999963106691128756e-01 -1.046691332368254956e+00
9.989566252329228346e-01 -4.558174792499577327e-02 -2.822261389705393343e-03 2.978982426098129466e+01 4.558995323797673110e-02 9.989559854983471876e-01 2.914652772632919230e-03 2.309497096649626435e+00 2.686459939916042115e-03 -3.040278462257178706e-03 9.999917697860634114e-01 -1.070323925588345437e+00
9.990167818525638177e-01 -4.413961589417308290e-02 -4.142932012696953943e-03 3.050003568874223348e+01 4.415049778633040739e-02 9.990215781253484195e-01 2.572933181710678526e-03 2.345930280296629533e+00 4.025310195028455017e-03 -2.753315937769773829e-03 9.999881079938803818e-01 -1.078220023258726235e+00
9.991206232087116446e-01 -4.160007347305429842e-02 -5.235853900944630913e-03 3.123372663589756115e+01 4.161375431842073008e-02 9.991305652006370330e-01 2.531626627620845414e-03 2.417097772285639490e+00 5.125985813643401355e-03 -2.747283911801362381e-03 9.999830882072687777e-01 -1.111253597280153382e+00
9.992570675008949355e-01 -3.846848568638874810e-02 -2.342788617880361621e-03 3.194919868704734256e+01 3.847974850139718184e-02 9.992470268270113865e-01 4.968735517947967667e-03 2.487645467938374821e+00 2.149884829749482140e-03 -5.055193999660197862e-03 9.999849113905892040e-01 -1.139504077344330346e+00
9.993668600565877025e-01 -3.555046474723429217e-02 1.429502323308073268e-03 3.266777627841785403e+01 3.554025241548607050e-02 9.993462703008213488e-01 6.627404777232031273e-03 2.551794819121063540e+00 -1.664175135082921570e-03 -6.572403829147511166e-03 9.999770167503982954e-01 -1.167804186207072936e+00
9.994277471416700420e-01 -3.340790587418068086e-02 5.300006455467606674e-03 3.340474218938934570e+01 3.337907406781045333e-02 9.994279678952298074e-01 5.438235300833053378e-03 2.595269975622766179e+00 -5.478654734671466360e-03 -5.258213947100953516e-03 9.999711673485315311e-01 -1.172036381730365617e+00
9.995099294295334280e-01 -3.090270026266045064e-02 4.992403053164869500e-03 3.414406169680251679e+01 3.089299937907689572e-02 9.995206789508427336e-01 2.008715761567971339e-03 2.618693314110035697e+00 -5.052084830388227019e-03 -1.853501044667270770e-03 9.999855203815423144e-01 -1.212632641549532764e+00
9.996291912633606946e-01 -2.698705652465482538e-02 3.630255403484865511e-03 3.488624101715014092e+01 2.698401501663318450e-02 9.996354741068611549e-01 8.842175824582620362e-04 2.696986930323591825e+00 -3.652794511269482920e-03 -7.859308405317470738e-04 9.999930196781237068e-01 -1.257195423756209074e+00
9.997135999822875929e-01 -2.378725269895056588e-02 2.623855844171904279e-03 3.559011976919018849e+01 2.378039700487485919e-02 9.997137894232092092e-01 2.613800944555688330e-03 2.731244597543276420e+00 -2.685280012450229608e-03 -2.550656018260901575e-03 9.999931416890474045e-01 -1.265746736375865433e+00
9.997895660047992905e-01 -2.050924714153749134e-02 4.410097759536023353e-04 3.632694591546197671e+01 2.050732460460539391e-02 9.997817255457672747e-01 3.993858070761757001e-03 2.788116532240819012e+00 -5.228245370069217529e-04 -3.983973696622377866e-03 9.999919272714595797e-01 -1.297703186481422355e+00
9.998404533571586539e-01 -1.779914981111290623e-02 -1.502696427454275731e-03 3.707150478911856339e+01 1.780808537785590062e-02 9.998224562397372006e-01 6.158578887521396275e-03 2.816398035944448264e+00 1.392812164837461822e-03 -6.184356453212323801e-03 9.999799067028962707e-01 -1.319437702427772141e+00
9.998896702152719751e-01 -1.479115926712324183e-02 -1.367115331374730517e-03 3.778277237808379141e+01 1.480074546358943477e-02 9.998638863680178179e-01 7.290176319238223304e-03 2.818269044912613985e+00 1.259099089318375681e-03 -7.309606321693340111e-03 9.999724917841016358e-01 -1.322784216779504307e+00
9.999380392977558207e-01 -1.081885503470933658e-02 -2.621057248082223155e-03 3.851633440319081103e+01 1.083472996503538101e-02 9.999225731770304826e-01 6.120153397651893756e-03 2.868009670690052193e+00 2.554641255547303227e-03 -6.148172636155403020e-03 9.999778366450385869e-01 -1.332752237513977311e+00
9.999616745091447489e-01 -6.081140556775339011e-03 -6.298352355650322677e-03 3.922577060820496087e+01 6.112633589419877618e-03 9.999688519450821156e-01 4.993080235280801353e-03 2.906762581970471437e+00 6.267792551503256586e-03 -5.031388393197055130e-03 9.999676994320206846e-01 -1.369084200532967754e+00
9.999608674330371372e-01 -2.069018219336315328e-03 -8.601323513038865859e-03 3.993108107407225305e+01 2.128299739525663960e-03 9.999740076778678155e-01 6.888708796443712527e-03 2.893738538643006564e+00 8.586847080659806841e-03 -6.906745418177825425e-03 9.999392796189885413e-01 -1.389925458912065981e+00
9.999596549883008612e-01 3.074319515298937471e-03 -8.440198765198463071e-03 4.067278884112381121e+01 -2.994144137408231727e-03 9.999504341877647473e-01 9.495486748199465088e-03 2.926466234522395293e+00 8.468972580108490716e-03 -9.469832481024141602e-03 9.999192961315521710e-01 -1.424104269257120414e+00
9.999442316750550841e-01 7.974755879080636448e-03 -6.923641271245844706e-03 4.136580679888117373e+01 -7.899201848873041096e-03 9.999096961308077125e-01 1.087208322938128767e-02 2.954264267793879739e+00 7.009718249301513313e-03 -1.081678567158016364e-02 9.999169270483425631e-01 -1.432750706830461462e+00
9.998994951041899615e-01 1.247822614251816072e-02 -6.730049236242948915e-03 4.206585104070321535e+01 -1.240167032025412362e-02 9.998592504431346173e-01 1.129946355189992077e-02 2.936888105367069013e+00 6.870099246285014255e-03 -1.121486404862596584e-02 9.999135105401452117e-01 -1.464177304470100971e+00
9.998116464508850498e-01 1.868563918070297383e-02 -5.245808763102550142e-03 4.276756824756404995e+01 -1.861632511795383374e-02 9.997426383871798050e-01 1.296493076507789291e-02 2.963281651421524998e+00 5.486716711577772389e-03 -1.286483109291373245e-02 9.999021912470628104e-01 -1.463990212816968395e+00
9.996956775367749071e-01 2.453088661437325541e-02 -2.605362969218728668e-03 4.344224389321043134e+01 -2.449370782430612681e-02 9.996094495077109121e-01 1.345387423415963374e-02 2.962617156860190004e+00 2.934380906790716621e-03 -1.338596491866846441e-02 9.999060982671773568e-01 -1.476830133795697719e+00
9.995078266841745940e-01 3.134182560298789944e-02 1.339539081153387446e-03 4.412560001841994506e+01 -3.135656001234037038e-02 9.994244226010590149e-01 1.294564222942990762e-02 3.006219818218029971e+00 -9.330280116598098621e-04 -1.298127406735542257e-02 9.999153044044868377e-01 -1.507655500101379387e+00
9.992760248138781165e-01 3.767496897253606869e-02 5.293670285556838911e-03 4.483799147677520835e+01 -3.773638687462471664e-02 9.992153693158990491e-01 1.202542425613761963e-02 2.968021853514125841e+00 -4.836459223687710265e-03 -1.221648213725606662e-02 9.999136793875598173e-01 -1.516932266916283689e+00
9.990189606687269741e-01 4.371908421080188817e-02 7.053927994050733855e-03 4.553151278419277759e+01 -4.379364275608275264e-02 9.989823695025085160e-01 1.078620773516684138e-02 2.957976299904914175e+00 -6.575186577507916713e-03 -1.108454324374195075e-02 9.999169464623292036e-01 -1.556148050211776379e+00
9.987570824902025635e-01 4.938195619629733024e-02 6.761107741020304721e-03 4.623294476530171693e+01 -4.944680500859292838e-02 9.987288160868476039e-01 9.785979368763438394e-03 2.938197590996673103e+00 -6.269262325098685223e-03 -1.010813137976780511e-02 9.999292585127752542e-01 -1.582060753902078565e+00
9.984797664853949373e-01 5.481360553900464783e-02 5.798669423726366713e-03 4.691322091333898214e+01 -5.487077558526763654e-02 9.984412830305164910e-01 1.020795410683505121e-02 2.918399059697857290e+00 -5.230096169522860210e-03 -1.051061312152873177e-02 9.999310841782382830e-01 -1.598390331469781378e+00
9.981773013837621500e-01 6.023735213884737205e-02 3.679185987507553775e-03 4.761636659709391495e+01 -6.027168589892067940e-02 9.981312198742836594e-01 1.006934909397408200e-02 2.916671763814489005e+00 -3.065759470672584606e-03 -1.027274644751684403e-02 9.999425342484902224e-01 -1.631137042014086269e+00
9.978427778111264024e-01 6.561803667974891452e-02 2.015944560262731590e-03 4.832426720701796086e+01 -6.563559301322285933e-02 9.977890597178450394e-01 1.043844994149688808e-02 2.881997090272899964e+00 -1.326536836086990344e-03 -1.054824960236027016e-02 9.999434857682452105e-01 -1.646097132076812741e+00
9.975225592022121113e-01 7.032247610415576222e-02 1.869020398391401565e-03 4.898975162524489235e+01 -7.033890483717653019e-02 9.974619700155894497e-01 1.104793369485555787e-02 2.860398819361408052e+00 -1.087358715322032368e-03 -1.115202794112986340e-02 9.999372229914358368e-01 -1.681240619129180436e+00
9.971397173748897114e-01 7.544048906183713210e-02 4.595284935232537074e-03 4.967911609093891911e+01 -7.548602701545907567e-02 9.970893629729740137e-01 1.070803303927332466e-02 2.846343532287841871e+00 -3.774090479377224458e-03 -1.102428484118667985e-02 9.999321083877614758e-01 -1.696576585515085611e+00
9.967326343151194923e-01 8.061175158235379945e-02 5.079487972927491761e-03 5.036504730330981516e+01 -8.065389672465404780e-02 9.967039821899863483e-01 8.724725196371185820e-03 2.807967873033780926e+00 -4.359430509948795072e-03 -9.105898827037165605e-03 9.999490376875116437e-01 -1.717518405087064437e+00
9.962897867422363385e-01 8.595729222009486359e-02 4.243200124712081731e-03 5.105869093204093190e+01 -8.597974338281032247e-02 9.962821037815701164e-01 5.427099814333462974e-03 2.782734128240674565e+00 -3.760925542366089572e-03 -5.771793374495770221e-03 9.999762706386121636e-01 -1.743494033721332492e+00
9.959855045181310595e-01 8.950201515145074505e-02 1.504683884893982674e-03 5.175187776581608290e+01 -8.950607546630469369e-02 9.959820794341671668e-01 2.891349271982134820e-03 2.709513218490822162e+00 -1.239856598218708845e-03 -3.014420312747510908e-03 9.999946879987883230e-01 -1.769201161099350994e+00
