1.000000000000000000e+00 0.000000000000000000e+00 0.000000000000000000e+00 0.000000000000000000e+00 0.000000000000000000e+00 1.000000000000000000e+00 0.000000000000000000e+00 0.000000000000000000e+00 0.000000000000000000e+00 0.000000000000000000e+00 1.000000000000000000e+00 0.000000000000000000e+00
9.999999210722472220e-01 3.972360751776793787e-04 7.681133442547865997e-06 2.754426811501896420e-03 -3.972358552484900438e-04 9.999999206924898854e-01 -2.861274579415460593e-05 -3.539028643478697950e-05 -7.692498848215622922e-06 2.860969231420255155e-05 9.999999995611554837e-01 -6.484240410728247042e-04
9.999999928729048637e-01 -1.193790609143709425e-04 -1.682297430842757089e-06 1.011724873002424994e-03 1.193790326695006056e-04 9.999999927335462280e-01 -1.677957364187441903e-05 -1.261327372063528391e-04 1.684300548362331251e-06 1.677937269124484245e-05 9.999999998578078531e-01 -5.801395531451861457e-04
9.999999009760657254e-01 4.449679548882299533e-04 7.167842084309787044e-06 1.294312583527602043e-03 -4.449679818035299117e-04 9.999999009946969331e-01 3.753850404045436379e-06 -2.064660176723783890e-03 -7.166171031518164511e-06 -3.757039492550542075e-06 9.999999999672652962e-01 -4.060287365746138117e-04
9.999999866508708646e-01 -1.621017632183310083e-04 -2.052502186152778326e-05 1.560491179579968088e-03 1.621014828577638895e-04 9.999999867682515253e-01 -1.366037965281657956e-05 1.026944633852116748e-04 2.052723596157380898e-05 1.365705233398296549e-05 9.999999996960587945e-01 -4.139155963023395885e-04
9.999999942648837292e-01 -1.065466072426354133e-04 -1.086521579984702362e-05 -2.098155724792833375e-03 1.065465192040073220e-04 9.999999942910898776e-01 -8.103053024172253711e-06 -1.917327544987291327e-03 1.086607909062651659e-05 8.101895326776429866e-06 9.999999999081438107e-01 -7.465007805995939544e-04
9.999999981963404450e-01 -5.715810484559165133e-05 -1.844641415394777237e-05 -1.703804372062598348e-03 5.715765046029690731e-05 9.999999980631263385e-01 -2.463230391875208020e-05 -1.173312021701241638e-03 1.844782205402937210e-05 2.463124952063133158e-05 9.999999995264896580e-01 -1.434147028369364566e-04
9.999999889892509097e-01 1.472137789055701573e-04 -1.869762947310126195e-05 -2.432556871982047980e-03 -1.472136160500132093e-04 9.999999891261345253e-01 8.711035081610110843e-06 -1.360966239064501830e-03 1.869891165417829869e-05 -8.708282440048791592e-06 9.999999997872582869e-01 -4.535954885546838468e-04
9.999999299982668122e-01 3.741662737568383196e-04 -1.749608508180126528e-06 -3.441513120997843900e-04 -3.741662884271894081e-04 9.999999299645778716e-01 -8.392137608372976271e-06 -3.036789707291118277e-04 1.746468330787776664e-06 8.392791665430503727e-06 9.999999999632555037e-01 -1.276382030498685993e-04
9.999998781891374922e-01 4.932829383878067474e-04 1.713629976670088243e-05 1.683564532775918676e-03 -4.932824197651296087e-04 9.999998778785184061e-01 -3.025562098384729134e-05 2.156845631511117387e-04 -1.715122225561222880e-05 3.024716426296926490e-05 9.999999993954723498e-01 -2.112219474454390684e-04
9.999999993080525007e-01 3.562743826970918282e-05 -1.070423933287742268e-05 9.919428687942661270e-04 -3.562751343693125244e-05 9.999999993406852861e-01 -7.022083219049714350e-06 -1.771722692884604173e-04 1.070398914698354982e-05 7.022464579621466001e-06 9.999999999180547716e-01 -5.428933678651124166e-04
9.999999542606943237e-01 -3.022922663871370247e-04 -9.899241780417723151e-06 -1.270252311520077022e-03 3.022921432937916123e-04 9.999999542324298218e-01 -1.243375991521146160e-05 -1.561271483106720028e-04 9.902999956817962077e-06 1.243076688348513039e-05 9.999999998737033602e-01 -6.164031110894169219e-04
9.999998632181628100e-01 5.230030102268692308e-04 5.613110618235314084e-06 6.793049296515804754e-04 -5.230030036722276357e-04 9.999998632332363080e-01 -1.169142151531909658e-06 -4.203689996489263104e-04 -5.613721315412974788e-06 1.166206317901216684e-06 9.999999999835630371e-01 -1.660367383396288508e-04
9.999999388754829965e-01 -3.145865362265849990e-04 1.525920755028644911e-04 -2.454977996166451525e-03 3.145997299454957995e-04 9.999999467769019601e-01 -8.644768990057547767e-05 3.194113067094561404e-04 -1.525648721021109029e-04 8.649569004224719659e-05 9.999999846212276333e-01 8.542496943015800547e-04
9.999997461380661923e-01 4.319494712038468229e-04 5.666952068569604695e-04 -1.054051320304449924e-02 -4.316995017327716639e-04 9.999998095117201835e-01 -4.411485730050215630e-04 -4.463599649729174494e-04 -5.668856528009971144e-04 4.409038189757572500e-04 9.999997421222063254e-01 4.561988611250414327e-03
9.999998233539373338e-01 -2.907070515301538624e-04 5.184414184468611646e-04 -1.378392262514658261e-02 2.908681909091345914e-04 9.999999094098699359e-01 -3.107667090570752333e-04 -1.750526937038781716e-03 -5.183510294074819948e-04 3.109174522788357123e-04 9.999998173212574226e-01 3.026326447490857059e-03
9.999999662189297256e-01 1.557917799384151618e-04 2.080650398774168874e-04 -6.995382903672298092e-03 -1.557774197287308123e-04 9.999999854839676239e-01 -6.903231096508809694e-05 -3.199159993715374340e-03 -2.080757915237365578e-04 6.899989679805489226e-05 9.999999759717392855e-01 -8.999652211647353635e-04
9.999999646082498028e-01 6.440322439586395069e-05 -2.581389623464444907e-04 6.254886776062270302e-03 -6.442029121859806095e-05 9.999999957399389183e-01 -6.610709593701079984e-05 -1.273283170176348327e-03 2.581347037366229363e-04 6.612372298449418920e-05 9.999999644970634094e-01 -1.261614510325562068e-03
9.999999162537823727e-01 -2.768191192287233369e-04 -3.014359026400936542e-04 1.825621881538296715e-02 2.768171170531102086e-04 9.999999616638043376e-01 -6.683828270233745221e-06 -3.470083639024111296e-04 3.014377412956427567e-04 6.600385092943275446e-06 9.999999545458604366e-01 -1.420967764743443244e-03
9.999999939129843307e-01 1.311301347810372388e-05 -1.095540055070787629e-04 3.929708410506024818e-02 -1.312025794374468002e-05 9.999999977275768615e-01 -6.612643273538246333e-05 2.512504704784199357e-03 1.095531381413219894e-04 6.612786970968085882e-05 9.999999918126073473e-01 -2.794795112563022797e-04
9.999999917581305908e-01 1.252134800001972182e-04 2.837821816436364805e-05 5.726478624672969725e-02 -1.252118345435633692e-04 9.999999904803060780e-01 -5.797744628982938291e-05 1.549643921327508497e-03 -2.838547745202316922e-05 5.797389252322940442e-05 9.999999979166461772e-01 5.829294651680189468e-04
9.999999884410946116e-01 3.358984487482134221e-05 -1.482886808704946696e-04 8.037865316765832602e-02 -3.360028487810786920e-05 9.999999969573383218e-01 -7.040130807874570701e-05 5.142635718594089399e-04 1.482863156502850401e-04 7.040628980690509379e-05 9.999999865270613464e-01 7.480363667210519546e-04
9.999999546845667053e-01 -1.804504993719976871e-04 -2.409740274497693189e-04 1.046634341953865399e-01 1.804168480956891646e-04 9.999999739722353898e-01 -1.396613386480061387e-04 -1.189197248352800475e-03 2.409992231360560608e-04 1.396178565446866610e-04 9.999999612131135196e-01 1.247391408889307867e-03
9.999998975908760412e-01 -3.786197417912885114e-04 -2.479220209217345892e-04 1.396071296257879735e-01 3.785525821726784361e-04 9.999998916607056865e-01 -2.708810060639097882e-04 -2.697845088428995827e-04 2.480245549586098373e-04 2.707871268020258372e-04 9.999999325790738247e-01 2.342439729906495034e-03
9.999997463217386029e-01 -6.910096813873733068e-04 -1.728064774233858578e-04 1.717631387418310784e-01 6.909776811943236672e-04 9.999997441308224877e-01 -1.851705530068706469e-04 -1.957315484323790544e-03 1.729343878523702238e-04 1.850511006140613134e-04 9.999999679248933182e-01 2.437334138140332274e-03
9.999995564429352557e-01 -8.918968672917349438e-04 -3.027109361873192160e-04 2.123166718560907107e-01 8.918326266817887737e-04 9.999995797844475343e-01 -2.122863497531449098e-04 -5.255834099305178690e-03 3.029001465137895889e-04 2.120162881026894756e-04 9.999999316502951041e-01 3.055738068607826569e-03
9.999994793348054856e-01 -8.197991465322410553e-04 -6.076672422360676791e-04 2.572553560178018062e-01 8.196419375415389457e-04 9.999996305755306514e-01 -2.589129130729044795e-04 -4.319923254215263242e-03 6.078792743340825488e-04 2.584147087101553906e-04 9.999997818522893267e-01 3.322164379290921433e-03
9.999989155247394068e-01 -1.022068433313571114e-03 -1.060342144231616159e-03 3.158907281696643476e-01 1.021819950451086740e-03 9.999994503628364395e-01 -2.348574330480884820e-04 -5.901270989382793701e-03 1.060581601796814965e-03 2.337736995937326080e-04 9.999994102580878064e-01 3.145987884630145007e-03
9.999978554419387544e-01 -1.455009663980174174e-03 -1.473790487529983394e-03 3.940588610215087773e-01 1.454746274853681081e-03 9.999989256971322238e-01 -1.797716809350340095e-04 -3.011164287504634884e-03 1.474050473765706540e-03 1.776273041825774269e-04 9.999988978112633875e-01 3.023239562064819214e-03
9.999971312956036362e-01 -1.699124173807225980e-03 -1.688306134953043844e-03 4.742414515424930310e-01 1.698706062338492572e-03 9.999985261836815686e-01 -2.490545693362196801e-04 -3.373657637549168364e-03 1.688726821339267851e-03 2.461859190057537144e-04 9.999985437960478007e-01 3.840497832076182269e-03
9.999963003190095456e-01 -1.922178865441674569e-03 -1.924727695668175835e-03 5.703235268458952678e-01 1.921876883974058328e-03 9.999981405948192847e-01 -1.587329419829067677e-04 -7.377729112003274248e-03 1.925029229925855892e-03 1.550332650554094558e-04 9.999981351118364392e-01 2.792223665935168048e-03
9.999943872620357110e-01 -2.263331200085327583e-03 -2.470379789519176576e-03 6.783387584343978371e-01 2.263063506711738160e-03 9.999974330911970410e-01 -1.111511648665045157e-04 -1.096219244700814832e-02 2.470625020178916428e-03 1.055599146547626249e-04 9.999969424298826848e-01 1.627301674894436395e-03
9.999922923688157050e-01 -2.504549180459938237e-03 -3.023646203459331907e-03 7.914553093208999135e-01 2.503422332490958750e-03 9.999967955925326279e-01 -3.764057539598848800e-04 -9.259587341671603883e-03 3.024579241187459657e-03 3.688333893318660600e-04 9.999953579303979545e-01 2.721041765926657599e-03
9.999895406137162546e-01 -3.048388938786167693e-03 -3.409690315345305801e-03 9.119571940686020950e-01 3.046646092592714822e-03 9.999952257196343952e-01 -5.162223590882116311e-04 -1.013811623215784413e-03 3.411247683057179025e-03 5.058288400429516996e-04 9.999940537455357381e-01 2.798193054679734299e-03
9.999880639497537027e-01 -3.511352222026075179e-03 -3.397405421233037209e-03 1.044766685476034240e+00 3.510457482989216144e-03 9.999938020671949035e-01 -2.692869396506579385e-04 -2.552002566711441059e-04 3.398329925636429764e-03 2.573572781444999954e-04 9.999941925436106605e-01 7.114009330796073390e-04
9.999866200142387695e-01 -3.837964746808731308e-03 -3.468402961120283824e-03 1.183795777743068323e+00 3.837308288362626524e-03 9.999926183162907156e-01 -1.959031122200275527e-04 -6.243390478012233666e-03 3.469129227705139082e-03 1.825911596090871102e-04 9.999939658832296407e-01 1.208625650911100040e-03
9.999831653284999566e-01 -4.041544793258573624e-03 -4.163529185428584828e-03 1.334539469690371183e+00 4.040815105584260637e-03 9.999918190087441205e-01 -1.836542011692022820e-04 -7.299407743926390919e-03 4.164237370313220513e-03 1.668270577860352685e-04 9.999913156102189227e-01 -1.424911387614467059e-03
9.999774404570140884e-01 -4.603893466082458613e-03 -4.891088017184326911e-03 1.502477922882175854e+00 4.601670940542399585e-03 9.999893038821686675e-01 -4.655596747496651509e-04 -4.947181826843448024e-03 4.893179088675222652e-03 4.430419943398578768e-04 9.999879301832584888e-01 6.106060750697339320e-04
9.999730431811206799e-01 -5.286332379529803775e-03 -5.095841545975816032e-03 1.672799627686053947e+00 5.282726673474450428e-03 9.999857865374075505e-01 -7.207787841937061089e-04 -1.779860002067333580e-03 5.099579392647986091e-03 6.938394162318427434e-04 9.999867563507441881e-01 6.000631473825149449e-03
9.999654332133781631e-01 -5.978327939168235662e-03 -5.778578841960540710e-03 1.865105524419750971e+00 5.972537288689349320e-03 9.999816452266845346e-01 -1.018826809812745527e-03 3.114512418059204278e-03 5.784563658238088546e-03 9.842788146345654229e-04 9.999827848610689518e-01 1.018864761009987199e-02
9.999557988314896617e-01 -6.957778345521248298e-03 -6.323741279643308420e-03 2.062862238746355992e+00 6.952608582855648173e-03 9.999754782443045498e-01 -8.391328667203464551e-04 1.179524513779745855e-02 6.329424710893650531e-03 7.951292781704953150e-04 9.999796528691271558e-01 1.094022451016051986e-02
9.999502654687686398e-01 -7.558836271401361655e-03 -6.506195751844400313e-03 2.272599031906092915e+00 7.554868770145898617e-03 9.999712604833116414e-01 -6.341650279926328536e-04 1.615642564815027854e-02 6.510802316538657694e-03 5.849800329941771872e-04 9.999786333975121400e-01 1.232850775309578609e-02
9.999398525797318360e-01 -8.176155463526856709e-03 -7.310383345653832105e-03 2.490273181578430695e+00 8.172256451245096115e-03 9.999664480278758205e-01 -5.630657231298323443e-04 1.487975048106048720e-02 7.314741780764095341e-03 5.032895287215504538e-04 9.999731202649054795e-01 1.427286284792464791e-02
9.999329191986408016e-01 -8.838636656873783207e-03 -7.485693350137326979e-03 2.726361357391168916e+00 8.835264291575687864e-03 9.999608514200986065e-01 -4.834584672838136178e-04 2.009603834485589394e-02 7.489673409604102883e-03 4.172879573482503887e-04 9.999718649356981182e-01 1.558651753299686304e-02
9.999204853631219470e-01 -9.673044993479183035e-03 -8.090435818463619783e-03 2.965887975528175513e+00 9.669551605220493701e-03 9.999531379624998495e-01 -4.707979435958292518e-04 1.731192877996560325e-02 8.094610733848144057e-03 3.925296216129429993e-04 9.999671610595838311e-01 1.443008716378236383e-02
9.999119033235954745e-01 -1.011244667472392667e-02 -8.597907538210200484e-03 3.226823282968380724e+00 1.011056790851425080e-02 9.999488525905521064e-01 -2.619530599015951222e-04 1.881456628639834039e-02 8.600116763862485081e-03 1.750002546714429764e-04 9.999630029988904045e-01 1.597616284082700039e-02
9.999105395308632849e-01 -1.063469555910600932e-02 -8.112717514062707524e-03 3.485425668432803104e+00 1.062509659160574930e-02 9.999428012411782918e-01 -1.225384986264961562e-03 1.953995067867980717e-02 8.125285072961858229e-03 1.139076955541889254e-03 9.999663405566071583e-01 2.743409115191366987e-02
9.999028150968743978e-01 -1.124123556471019400e-02 -8.245907125628669163e-03 3.756076155607617206e+00 1.123240209902871475e-02 9.999362909361801943e-01 -1.116786407733431257e-03 2.492895920832222806e-02 8.257935845690149088e-03 1.024056528448276425e-03 9.999653783025664877e-01 1.745192952333166417e-02
9.998882695213721084e-01 -1.197226700369993443e-02 -8.950603127611030801e-03 4.033995342395863659e+00 1.196767357314703489e-02 9.999282243101476064e-01 -5.665837992928072402e-04 1.573313475859123775e-02 8.956743984422057409e-03 4.594025980996917116e-04 9.999597820344827692e-01 6.964265219392460661e-03
9.998580330886043255e-01 -1.258674755280987656e-02 -1.120211829205808654e-02 4.325925434406709513e+00 1.258177104349316941e-02 9.999207139625057028e-01 -5.146125940595359504e-04 -2.378048177009754738e-03 1.120770741929609168e-02 3.735970485461904858e-04 9.999371218829955499e-01 -1.711733320225396985e-03
9.998371441266874493e-01 -1.259660193255940537e-02 -1.292326755671158872e-02 4.611770432897286831e+00 1.258267595465946583e-02 9.999201640754902254e-01 -1.158335471620215674e-03 -1.293770612213742364e-02 1.293682690653887371e-02 9.955375419439303850e-04 9.999158201641740185e-01 -5.965385044228286096e-03
9.998188456229872845e-01 -1.297573125916182644e-02 -1.392502550830928935e-02 4.913993609510142413e+00 1.296052869017318317e-02 9.999153108667715451e-01 -1.181435685421593608e-03 -2.728756346352275569e-02 1.393917620192282152e-02 1.000745970564184727e-03 9.999023441688263958e-01 -8.237241136141855782e-03
9.997987169030700949e-01 -1.306683397838213911e-02 -1.522443853664563924e-02 5.236947508540803042e+00 1.304480096243596995e-02 9.999137183819764019e-01 -1.545625886168627318e-03 -2.999993130440783279e-02 1.524332138430245336e-02 1.346715007328181963e-03 9.998829069005349401e-01 -1.024865484378654351e-02
9.997722546212245431e-01 -1.324252095599744335e-02 -1.673542734211610344e-02 5.538509363498783422e+00 1.319638278755342654e-02 9.999088213288270799e-01 -2.864351605533950029e-03 -3.187082043938165715e-02 1.677183266425116837e-02 2.642852157372750036e-03 9.998558500911801650e-01 -2.145383415279922268e-03
9.997330573509132234e-01 -1.396137472141993456e-02 -1.840907536200163050e-02 5.879206566491402164e+00 1.389427282109191412e-02 9.998963705822411230e-01 -3.767927710899526654e-03 -3.084529410682857256e-02 1.845977309093547666e-02 3.511141174831119809e-03 9.998234387456025329e-01 9.079798008414050742e-04
9.996758483228066483e-01 -1.456663182300154714e-02 -2.088088880795059901e-02 6.226485976978317183e+00 1.450350583301095349e-02 9.998897891554395789e-01 -3.171413130207319415e-03 -1.865351945930356081e-02 2.092478431498626459e-02 2.867539018697524977e-03 9.997769404328885612e-01 -4.179760722042395737e-04
9.996877593292605724e-01 -1.511093525308506748e-02 -1.990084126411522866e-02 6.606328813117563037e+00 1.508899234808411434e-02 9.998853704372928641e-01 -1.252316013257292462e-03 -6.098828552221506084e-03 1.991748370557635053e-02 9.516413477106638961e-04 9.998011743449711775e-01 -6.831403521699495884e-03
9.997129822117878373e-01 -1.731646820321317351e-02 -1.655575809743373844e-02 6.988268264728835000e+00 1.732006536690938389e-02 9.998499936858181725e-01 7.390639592107673284e-05 6.670464375021953676e-03 1.655199483142807265e-02 -3.606319959170763297e-04 9.998629413132901211e-01 2.904869826096213858e-02
9.997205595733187344e-01 -1.870219292552121118e-02 -1.445789563480941869e-02 7.375714026569666792e+00 1.872121276710253870e-02 9.998240448803059621e-01 1.181300856213878805e-03 -2.636006139191352654e-04 1.443325877753647707e-02 -1.451640093342409675e-03 9.998947813555684183e-01 4.817122636257670232e-02
9.997274031542627837e-01 -1.982552065024557539e-02 -1.233159005889873996e-02 7.760642206519682063e+00 1.982601889001998560e-02 9.998034418198075146e-01 -8.185498977292730665e-05 -4.539331866221279349e-03 1.233078900178795345e-02 -1.626536610908016923e-04 9.999239597021265524e-01 7.017428559238311769e-02
9.997084130357372089e-01 -2.128337002997773494e-02 -1.140644842774578283e-02 8.147634156647226789e+00 2.126752718412476886e-02 9.997726825908944681e-01 -1.508453671509001276e-03 -1.119675875620831235e-02 1.143596052110589650e-02 1.265426874070794310e-03 9.999338065601073300e-01 8.874312818686183602e-02
9.996547434823342959e-01 -2.223365981396948493e-02 -1.400207857945077669e-02 8.521839094226002942e+00 2.219353807137196266e-02 9.997491488819274519e-01 -3.014328737269530729e-03 -6.105040442504637913e-03 1.406558570209570300e-02 2.702532356595218743e-03 9.998974225477924582e-01 1.006393275032664569e-01
9.995828419780022900e-01 -2.409399085462857540e-02 -1.592550243719467740e-02 8.894885625931820528e+00 2.403216993333780541e-02 9.997029335551603779e-01 -4.061951440113402596e-03 4.440091330011822733e-03 1.601864012565341194e-02 3.677532583640746693e-03 9.998649303394039345e-01 1.134801451017135726e-01
9.995450904381891766e-01 -2.544473923921161673e-02 -1.619189383490127893e-02 9.291323277721190266e+00 2.536917879944973475e-02 9.996663611763074719e-01 -4.855007678883108309e-03 2.227744592351591987e-02 1.631002599488239752e-02 4.442024039668001668e-03 9.998571155292526047e-01 1.410287324378743101e-01
9.995137179301356589e-01 -2.689525146557805724e-02 -1.577888202885667848e-02 9.676520367907116338e+00 2.681257291159892114e-02 9.996257401552356425e-01 -5.428218212033752814e-03 4.436932921528118773e-02 1.591896992074067971e-02 5.002506141983691611e-03 9.998607709721198944e-01 1.633236577892046570e-01
9.994782212551144296e-01 -2.772096936072009077e-02 -1.657809079522252690e-02 1.009273425375645594e+01 2.766521200972506950e-02 9.996108223131099368e-01 -3.583288847556152443e-03 5.199596155340924925e-02 1.667097121254750361e-02 3.122782767032409104e-03 9.998561531273487679e-01 1.407598036527486773e-01
9.993990000941095353e-01 -2.871856534695238494e-02 -1.941346479397520683e-02 1.051222852143162001e+01 2.868896963747152862e-02 9.995867637180009257e-01 -1.801338644897644168e-03 6.207990929667604740e-02 1.945717430754851165e-02 1.243303738509106806e-03 9.998099182163474596e-01 1.160978353554603937e-01
9.993097357719161744e-01 -2.984960299674689274e-02 -2.211454707652123902e-02 1.094873459245719260e+01 2.981478731119586653e-02 9.995536299495899613e-01 -1.902448997029713507e-03 6.509283629930927295e-02 2.216146315231079522e-02 1.241795286971400817e-03 9.997536333994561097e-01 1.159687592918774157e-01
9.992478820174822696e-01 -3.055849140547004308e-02 -2.387150784088954217e-02 1.140387248217658112e+01 3.050157614782518858e-02 9.995309499512862184e-01 -2.744802721099091642e-03 8.001263736871122578e-02 2.394418793933631925e-02 2.014619691441791021e-03 9.997112669023114906e-01 1.292319882612989468e-01
9.992048112826663608e-01 -3.137015959478713090e-02 -2.461012386333709043e-02 1.187190575378257762e+01 3.131317451285173248e-02 9.995059820808203099e-01 -2.697570496321716194e-03 1.060287868072525147e-01 2.468258923814317315e-02 1.924804315383257499e-03 9.996934854828496420e-01 1.434067379750627036e-01
9.991813997641960654e-01 -3.237813453144355869e-02 -2.425256212290747768e-02 1.235097513497156108e+01 3.233465653658718075e-02 9.994747146420774886e-01 -2.182837098504247265e-03 1.263605656851433390e-01 2.431049880036780311e-02 1.396851961164233226e-03 9.997034802643611773e-01 1.499518057378750324e-01
9.991406943297322929e-01 -3.321675338404957156e-02 -2.478951852948669751e-02 1.284503740654667325e+01 3.318710920769167572e-02 9.994478652017618758e-01 -1.606401592861481185e-03 1.327715438162719586e-01 2.482919081922082064e-02 7.823287442198372270e-04 9.996914020061384853e-01 1.553363676174085439e-01
9.990503359321820653e-01 -3.409474360047938524e-02 -2.712885424436127860e-02 1.334213386646170107e+01 3.404613986012017257e-02 9.994177257810384907e-01 -2.251611707645399026e-03 1.410549486557850229e-01 2.718982593580483373e-02 1.325840667063631333e-03 9.996294090872407390e-01 1.635437578072899689e-01
9.989622737303421873e-01 -3.516437914418748395e-02 -2.894550229152416387e-02 1.385369287609423594e+01 3.510588631860406955e-02 9.993804044191074709e-01 -2.526659630111176454e-03 1.515786461298157806e-01 2.901641620341915973e-02 1.507880136157386001e-03 9.995777978167607047e-01 1.720871823553154212e-01
9.988978122800377113e-01 -3.621983146693549122e-02 -2.985438712587054622e-02 1.438056138281635832e+01 3.614844813748565450e-02 9.993421433788407526e-01 -2.927484284516781391e-03 1.769926778943155254e-01 2.994078020703643678e-02 1.845067882592053409e-03 9.995499714396987034e-01 1.835272455072532449e-01
9.988106086794216187e-01 -3.733727208125441066e-02 -3.135755256670665764e-02 1.492691450292145028e+01 3.728520588128292346e-02 9.993021461163850150e-01 -2.243699974910658319e-03 1.955228533048386508e-01 3.141944321329926543e-02 1.071858534251708163e-03 9.995057126937538783e-01 1.839645987651189474e-01
9.987443152726022122e-01 -3.878665292792340957e-02 -3.170785810031434560e-02 1.547872581944887216e+01 3.878879734264788215e-02 9.992472813156236811e-01 -5.477079932237496982e-04 1.987643634708201323e-01 3.170523476291969844e-02 -6.828894373609440110e-04 9.994970293856028087e-01 1.888373042747444330e-01
9.987128421288995472e-01 -3.930254498685939457e-02 -3.206195446899215429e-02 1.603949688967781739e+01 3.929543124281371924e-02 9.992272728702826790e-01 -8.521946132850608847e-04 2.099633737035447312e-01 3.207067274406839863e-02 -4.087906230656435341e-04 9.994855200751882052e-01 2.132262693582483715e-01
9.986280136577081468e-01 -4.076719961597915359e-02 -3.286526697793827612e-02 1.662867715700150129e+01 4.072869542907853885e-02 9.991685473700933073e-01 -1.840465968970900158e-03 2.150353987140151690e-01 3.291297170882033496e-02 4.993814258582188279e-04 9.994580966261096266e-01 2.393100429615137026e-01
9.985666088127158613e-01 -4.116147425774518975e-02 -3.421199791303287940e-02 1.720839173644823106e+01 4.109649531756057184e-02 9.991517976526670397e-01 -2.600638394230701637e-03 2.371152180597294323e-01 3.429002532641392542e-02 1.190917450037751310e-03 9.994112146052499535e-01 2.667410488129691171e-01
9.984927195468866756e-01 -4.203181961335978462e-02 -3.529327346467509702e-02 1.779147674166510740e+01 4.194052094804919667e-02 9.991145813686265198e-01 -3.323552196147892650e-03 2.740547571757935841e-01 3.540171908917138371e-02 1.838324395817302233e-03 9.993714719006877578e-01 2.925713146686641508e-01
9.984005003804230505e-01 -4.357489090939488385e-02 -3.602318312358465668e-02 1.837645766996597274e+01 4.350785569077521286e-02 9.990495886850043750e-01 -2.643074254405654126e-03 2.955318804942644872e-01 3.610411795504299415e-02 1.071555205277927979e-03 9.993474593133913064e-01 3.072534538722356268e-01
9.983127369547023511e-01 -4.517138449558078667e-02 -3.648595972101766061e-02 1.895840067975812460e+01 4.515261004028570807e-02 9.989792036759895799e-01 -1.338816430888786725e-03 3.174791826205743961e-01 3.650919117922513113e-02 -3.108788158281709704e-04 9.993332688917149209e-01 3.194289674633168374e-01
9.982313277784568006e-01 -4.678193890409382966e-02 -3.668332637633709564e-02 1.956007435742528600e+01 4.675782840789782097e-02 9.989051051851431939e-01 -1.515360562872954293e-03 3.306810883035066206e-01 3.671405349776594301e-02 -2.025522933959031076e-04 9.993257913455109165e-01 3.479203533708066232e-01
9.981044206569932298e-01 -4.815771331961239687e-02 -3.831970919506094003e-02 2.016267774089153875e+01 4.810123537840939323e-02 9.988395943279894107e-01 -2.394985964144962735e-03 3.438330817069110146e-01 3.839057983462697971e-02 5.472207266007136873e-04 9.992626601296765720e-01 3.655054458801310635e-01
9.980067870503512850e-01 -4.882261508164579406e-02 -3.998506293635582104e-02 2.077075505441502301e+01 4.873134914916658206e-02 9.988066196339357994e-01 -3.254563800636635362e-03 3.638428084922352701e-01 4.009624186300887044e-02 1.299550699220793255e-03 9.991949772474055802e-01 3.943577490252531681e-01
9.979078247260390055e-01 -4.959102305776084268e-02 -4.148136669192112325e-02 2.137974114433366069e+01 4.947337678411353051e-02 9.987679894904122335e-01 -3.858517702050400996e-03 3.960913404889023215e-01 4.162160905253577126e-02 1.798221722850640259e-03 9.991318271672229301e-01 4.187918407067288684e-01
9.977773110239620546e-01 -5.052088082855556855e-02 -4.345202188734732102e-02 2.199374734183457747e+01 5.040193710883868888e-02 9.987216736672731576e-01 -3.829266629187679828e-03 4.159507159641940288e-01 4.358993394659246151e-02 1.630689286046712845e-03 9.990481762712867253e-01 4.365233378708265888e-01
9.976885883175795611e-01 -5.117800474667637267e-02 -4.470226583769897066e-02 2.261363499906903485e+01 5.106689931194671739e-02 9.986886570370020477e-01 -3.624651747804645899e-03 4.435350371042948159e-01 4.482914828031683840e-02 1.333467576860415844e-03 9.989937784234108609e-01 4.606637245992275531e-01
9.975981360604720960e-01 -5.164853663834689801e-02 -4.615612193186451051e-02 2.323177333094180597e+01 5.153679768121362248e-02 9.986645772158219136e-01 -3.608420583776051141e-03 4.737978847548090511e-01 4.628085363773511152e-02 1.221014930745301444e-03 9.989277209633845578e-01 4.805462053619877771e-01
9.975257457724369115e-01 -5.182782974997408171e-02 -4.750013246877565071e-02 2.386509405790288341e+01 5.174301333708148515e-02 9.986558839898582729e-01 -3.014289838980949241e-03 5.012619438787456749e-01 4.759251088083229358e-02 5.490317317587548908e-04 9.988666835330004545e-01 4.987515148029851297e-01
9.974759469245538801e-01 -5.182163030151386990e-02 -4.854126017995101516e-02 2.448903388223992295e+01 5.176224929143725256e-02 9.986563558869816504e-01 -2.480402149937687740e-03 5.276388550197199656e-01 4.860457648468488601e-02 -3.846332709234656297e-05 9.988180983869470175e-01 5.206882908543314370e-01
9.974136067269954165e-01 -5.181523769122936551e-02 -4.981243076630558625e-02 2.515194450472873200e+01 5.173882126759069000e-02 9.986566598227335501e-01 -2.823148161407288727e-03 5.544995632202067704e-01 4.989179781975077582e-02 2.386099376718107262e-04 9.987546002775710141e-01 5.533999988842512874e-01
9.973987271387250164e-01 -5.146772646426653330e-02 -5.046634754616888957e-02 2.581191376018460559e+01 5.140296015201734070e-02 9.986746581092924568e-01 -2.581266723534641951e-03 5.901915755896670612e-01 5.053231431135313950e-02 -1.956750747457783324e-05 9.987224263164672378e-01 5.895089010641012539e-01
9.974244264536413773e-01 -5.090504037407318078e-02 -5.052910426811988570e-02 2.647413007174865029e+01 5.084865859065550858e-02 9.987034828165559652e-01 -2.401526517050311602e-03 6.315505076235332638e-01 5.058584222048208984e-02 -1.739959629391441432e-04 9.987197015640821851e-01 6.310208023343462092e-01
9.974315596341463142e-01 -5.049960646334427511e-02 -5.079442482046390983e-02 2.715472327208500047e+01 5.043496867674431700e-02 9.987240807893719152e-01 -2.554287767657875338e-03 6.595568768450735808e-01 5.085860576510353726e-02 -1.408799292392502213e-05 9.987058636160890401e-01 6.656346999814817256e-01
9.974175006080064909e-01 -4.992353087823966223e-02 -5.163303734554915148e-02 2.783518510623390085e+01 4.984891208061976303e-02 9.987530315381933921e-01 -2.732756419269902898e-03 6.892479519477811012e-01 5.170508142587210143e-02 1.518483383850352704e-04 9.986623861429978488e-01 7.034928709190253482e-01
9.973642903760464584e-01 -4.945222250488690713e-02 -5.309378468344903151e-02 2.850735964473572892e+01 4.932128862244230388e-02 9.987758332223355406e-01 -3.774315785834063929e-03 7.154714673684456905e-01 5.321543734018385069e-02 1.145713906963305483e-03 9.985823974857239715e-01 7.390161665603975916e-01
9.973111552107667421e-01 -4.851906286783246730e-02 -5.492140047916901913e-02 2.923780573572682684e+01 4.840734199569526192e-02 9.988220143632632331e-01 -3.363460156606651666e-03 7.443808819878060534e-01 5.501989579304693290e-02 6.958173184130897818e-04 9.984850158641248585e-01 7.674223590115649696e-01
9.972332402480779123e-01 -4.728077208695608685e-02 -5.736194849532704615e-02 2.995825806370240940e+01 4.717347837842545549e-02 9.988815092431682086e-01 -3.223884267567391632e-03 7.757773859764495183e-01 5.745021742343073973e-02 5.090019172423667238e-04 9.983482425662143500e-01 7.933691434292277078e-01
9.972411982577554790e-01 -4.575063847585451871e-02 -5.845401249262335147e-02 3.067650123092841241e+01 4.571557571889736660e-02 9.989526172821281413e-01 -1.937669186375139867e-03 7.993693117793405634e-01 5.848143837257995664e-02 -7.399352929320201621e-04 9.982882218385812356e-01 8.139935675443192853e-01
9.972031585508277507e-01 -4.350938715856052241e-02 -6.076836187803021094e-02 3.140282268042659908e+01 4.346492490210777937e-02 9.990528421975019002e-01 -2.053971846822146615e-03 8.209870224814809214e-01 6.080017170622857570e-02 -5.930650722271705753e-04 9.981497820439141355e-01 8.440280862153900499e-01
9.972046847597049180e-01 -4.099841891447474074e-02 -6.246556123025606699e-02 3.214475824772743096e+01 4.096354524539859432e-02 9.991589486370423545e-01 -1.839380180488077443e-03 8.552608917087943796e-01 6.248843616402807721e-02 -7.245723106979484220e-04 9.980454249886328011e-01 8.785527685780487595e-01
9.974223609881495145e-01 -3.829901865103481351e-02 -6.067799412631518646e-02 3.289306082306271861e+01 3.827432645504912079e-02 9.992660368111251357e-01 -1.569589181711821511e-03 8.918519601711754063e-01 6.069357243759655046e-02 -7.568660084236772563e-04 9.981561588341814062e-01 9.335652065037332026e-01
9.976402311097796183e-01 -3.550402709807887192e-02 -5.876591980939716714e-02 3.362905059943921771e+01 3.553381193303041530e-02 9.993683296606783450e-01 -5.384057334125386465e-04 9.047709168698013782e-01 5.874791469263945104e-02 -1.551041922266149699e-03 9.982716447882418187e-01 9.693920492502892117e-01
9.977354330586124531e-01 -3.267372996584882311e-02 -5.879143636161602432e-02 3.436859205943144957e+01 3.262706231650410599e-02 9.994660569628760483e-01 -1.753791229303060251e-03 9.125010688739501052e-01 5.881734798457095154e-02 -1.683722061841462199e-04 9.982687469949472758e-01 1.014982797798396064e+00
9.976854709387146247e-01 -2.955754681593113220e-02 -6.123767226160056060e-02 3.510266462602130844e+01 2.940826818874659604e-02 9.995619106307053192e-01 -3.337750504849600931e-03 9.221625470324756879e-01 6.130950040518939187e-02 1.529131295183089323e-03 9.981176318037610073e-01 1.061964110349941315e+00
9.977083079808787280e-01 -2.612620697387976407e-02 -6.241436929978546461e-02 3.583624536236058589e+01 2.595578634506110274e-02 9.996568244286175853e-01 -3.539848655173390320e-03 9.490492657782139130e-01 6.248543303155981027e-02 1.911722377854460642e-03 9.980440451084353626e-01 1.105989419015446673e+00
9.976992264458094395e-01 -2.258831073785501006e-02 -6.392199752388538769e-02 3.655632184246722005e+01 2.244842973342075707e-02 9.997437794477711526e-01 -2.905762892929581072e-03 9.664755932792140625e-01 6.397125566953626441e-02 1.464128920675943774e-03 9.979506675054465870e-01 1.139098246149796934e+00
9.976013312243766640e-01 -2.014940014571696414e-02 -6.622375414546735617e-02 3.729111067846258010e+01 1.999272934307046862e-02 9.997955409395685722e-01 -3.027720391669740715e-03 9.820156199058432955e-01 6.627122084861764018e-02 1.696464300592554712e-03 9.978002040970479491e-01 1.187115371631100258e+00
9.976294598819901438e-01 -1.669371075423878997e-02 -6.675912519515463106e-02 3.800934946937052672e+01 1.662386824225117049e-02 9.998605312058767014e-01 -1.601605871129729852e-03 9.978480210988653898e-01 6.677655112562184969e-02 4.880142989467759103e-04 9.977678357522912211e-01 1.217881625582472704e+00
9.976560648342335247e-01 -1.296667385574687414e-02 -6.718810660072535579e-02 3.872545196583429572e+01 1.288916102903936434e-02 9.999156718481921891e-01 -1.587047682308123913e-03 9.964017053874926200e-01 6.720301948156226501e-02 7.173294202228019251e-04 9.977390638894838570e-01 1.256300748654306298e+00
9.975351563737895333e-01 -8.702765733907260812e-03 -6.962667353033677453e-02 3.944807349006274677e+01 8.572829346483552479e-03 9.999609093844187280e-01 -2.164786382642676799e-03 9.939395445450531774e-01 6.964279140955967340e-02 1.562552932586412213e-03 9.975707694359420286e-01 1.294751626745041850e+00
9.972844980881685473e-01 -3.971815013711456517e-03 -7.353811636509788308e-02 4.016454532167978897e+01 3.787672823022004021e-03 9.999893331227338589e-01 -2.643326566231489309e-03 1.003537456016503127e+00 7.354783074717813340e-02 2.357610283074981425e-03 9.972889041126135057e-01 1.344190575418817923e+00
9.972236681796970981e-01 7.689120872089319839e-04 -7.446048882750917752e-02 4.086996688899738928e+01 -8.471507180684528619e-04 9.999991218213898359e-01 -1.019162455168663283e-03 1.015242078783564761e+00 7.445963979156998425e-02 1.079412178592272994e-03 9.972234438236289300e-01 1.387866158131295435e+00
9.971686032262881971e-01 5.765886162074635411e-03 -7.497687174388806275e-02 4.159432605995006327e+01 -5.779847968819341007e-03 9.999832960658687764e-01 3.076846380007039884e-05 1.008494032364549930e+00 7.497579674262075389e-02 4.026735737864048760e-04 9.971852725330444533e-01 1.428392031432970777e+00
9.970718532445160820e-01 1.124576827253889050e-02 -7.563895929682377950e-02 4.230169621656732204e+01 -1.127442482906188329e-02 9.999364404933831496e-01 4.814765447727289852e-05 9.863697920931411289e-01 7.563469317925498869e-02 8.047790896614801046e-04 9.971352694184960619e-01 1.486722938941734684e+00
9.969561677227442020e-01 1.708812596200259132e-02 -7.606836129880911734e-02 4.301355322125383651e+01 -1.710443917135465175e-02 9.998536128439946546e-01 4.370851685685898393e-04 9.759978935048004844e-01 7.606469483415323474e-02 8.653519040755178887e-04 9.971025089557589149e-01 1.539420353439087341e+00
9.967976128635435140e-01 2.301120484493233975e-02 -7.658331046073786619e-02 4.372940686182130321e+01 -2.297656346934578986e-02 9.997351145366166758e-01 1.333526751559769522e-03 9.645473865014602133e-01 7.659371071230537675e-02 4.303650108493025121e-04 9.970622940745864637e-01 1.590267412706299677e+00
9.966500190139584436e-01 2.903144442927726304e-02 -7.645858247329702373e-02 4.443136229821633520e+01 -2.897867222306206580e-02 9.995784097529790690e-01 1.799808849228001903e-03 9.356683617713629220e-01 7.647859933121491094e-02 4.218886763290537797e-04 9.970711337985270761e-01 1.649349702682295415e+00
9.965061442678443404e-01 3.558561199323965335e-02 -7.555904085879373844e-02 4.513126653404058430e+01 -3.559801736891590046e-02 9.993654894837556979e-01 1.183041967034364171e-03 9.057512670304738167e-01 7.555319712518211717e-02 1.510843459793505348e-03 9.971406278736231199e-01 1.705545677424908924e+00
9.962972218307158956e-01 4.199924788391538877e-02 -7.501939049060984965e-02 4.582896639025996421e+01 -4.205496132734902470e-02 9.991149476796254980e-01 8.375863503393984151e-04 8.653369355490788672e-01 7.498817240173513698e-02 2.320452611997420381e-03 9.971817234082878123e-01 1.766263672899623494e+00
9.960137459019375861e-01 4.780982297715802298e-02 -7.530497195592956994e-02 4.651889200231644139e+01 -4.794944487683523715e-02 9.988497627799269862e-01 -4.615719679939016447e-05 8.298060081855187509e-01 7.521614660692120535e-02 3.656804804236962227e-03 9.971605482911113372e-01 1.821791363400738550e+00
9.956511539265026078e-01 5.360477596732598354e-02 -7.619256970542931384e-02 4.723865205179987470e+01 -5.376791145975377134e-02 9.985534555632809006e-01 -8.988819092816671338e-05 7.947799253015253029e-01 7.607753533126579426e-02 4.186212622834636216e-03 9.970931171369082913e-01 1.861329927413611252e+00
9.952924629377253307e-01 5.839490370038365186e-02 -7.734952127311149617e-02 4.789945693453628195e+01 -5.859609532914117347e-02 9.982817174154748896e-01 -3.320936435236617607e-04 7.565422634097649368e-01 7.719722036145347521e-02 4.862910222571301469e-03 9.970039825761141117e-01 1.905610560806664244e+00
9.948219492923939811e-01 6.377685953156278509e-02 -7.913154487543347382e-02 4.859037171989717763e+01 -6.398544814522205693e-02 9.979508265994669891e-01 -1.005738324526424775e-04 7.050483490204078052e-01 7.896297633534676841e-02 5.163320417326705200e-03 9.968641775540595384e-01 1.943715804833680449e+00
9.943646376136676679e-01 6.879935278585397329e-02 -8.065740213822344962e-02 4.928609403292642810e+01 -6.897975207490567029e-02 9.976179079337655908e-01 5.509750822419541214e-04 6.588713232304749257e-01 8.050317550956628820e-02 5.015857464512937965e-03 9.967417317975462154e-01 1.996215011267442607e+00
9.940652005995935792e-01 7.384855333741935368e-02 -7.987971035788787866e-02 4.999325620632028944e+01 -7.399804874998527904e-02 9.972577892385382503e-01 1.091138972787551644e-03 5.960525330477490780e-01 7.974124239115246149e-02 4.826279419331599985e-03 9.968039131588930513e-01 2.045481815114996937e+00
9.936823453837776432e-01 7.928683657859536549e-02 -7.942917611277390544e-02 5.068404943377372973e+01 -7.948427808473734757e-02 9.968358892357862544e-01 6.778413144046071571e-04 5.210282328843449662e-01 7.923159729516425498e-02 5.639811775093704280e-03 9.968402813456117562e-01 2.097422969325402509e+00
9.932664047051602552e-01 8.412208223985268019e-02 -7.965754555417942084e-02 5.137630083927491853e+01 -8.433182106696282543e-02 9.964374571089585908e-01 7.335023940536599535e-04 4.487974586330918947e-01 7.943546588026328958e-02 5.989102592524191658e-03 9.968220189233992778e-01 2.138986180780737989e+00
9.927331694024335018e-01 8.826158059080542462e-02 -8.179699114155777884e-02 5.206130982703727028e+01 -8.862441929746318892e-02 9.960647862100807659e-01 -8.086881064112557901e-04 3.755907731206405420e-01 8.140372640356677292e-02 8.052022347135995989e-03 9.966486834706271836e-01 2.192049492463965077e+00
