1.000000000000000000e+00 0.000000000000000000e+00 0.000000000000000000e+00 0.000000000000000000e+00 0.000000000000000000e+00 1.000000000000000000e+00 0.000000000000000000e+00 0.000000000000000000e+00 0.000000000000000000e+00 0.000000000000000000e+00 1.000000000000000000e+00 0.000000000000000000e+00
9.999999383849531576e-01 2.452305367488844152e-04 2.511813562861934255e-04 -1.882447254466176542e-02 -2.452709845761986886e-04 9.999999569586022208e-01 1.610122287502926161e-04 1.058719617684151723e-02 -2.511418603597171447e-04 -1.610738263280800928e-04 9.999999554914932309e-01 2.959496322724069085e-03
9.999998377728346322e-01 2.088618347712418684e-04 5.299349379602574491e-04 -1.447614236500620322e-02 -2.085438364317485419e-04 9.999997982218050696e-01 -6.000548452772698754e-04 1.529704469333671019e-02 -5.300601595868902017e-04 5.999442332670517665e-04 9.999996795515208037e-01 8.446388933798280874e-03
9.999999351027953898e-01 3.484063485467965115e-04 9.169199175044356886e-05 -8.703864736805327212e-03 -3.483498635557385494e-04 9.999997500128812167e-01 -6.153263748995623731e-04 1.713790302202925983e-02 -9.190635244407001966e-05 6.152943940737852762e-04 9.999998064829968003e-01 -3.530725859118706914e-03
9.999999821238745312e-01 1.791347600226879421e-04 6.052262625855286336e-05 -6.604208832960964393e-03 -1.791382159601005968e-04 9.999999823244885011e-01 5.710098235314849840e-05 1.029912431787169402e-04 -6.051239641801359458e-05 -5.711182324769735062e-05 9.999999965382447842e-01 -5.930946036546107594e-03
9.999999929506835361e-01 -6.680812562825253962e-05 -9.815960070688186734e-05 -7.895549378964614867e-03 6.680358651185221857e-05 9.999999966993516898e-01 -4.624475626563387696e-05 -2.006474078195775654e-03 9.816268990837779510e-05 4.623819852626216822e-05 9.999999941130576220e-01 -6.157254430296680257e-03
9.999999698136836646e-01 -3.573915525741127490e-05 2.430953404449837031e-04 -2.175480575303013163e-03 3.565720288805019266e-05 9.999999425405936559e-01 3.371162607231903137e-04 6.455202122490445900e-03 -2.431073747272515634e-04 -3.371075824470167880e-04 9.999999136286373824e-01 -7.857421082144416119e-05
9.999999373362469246e-01 2.350883184108480044e-04 2.646903563898699149e-04 -3.310762972334623921e-03 -2.350950058088683854e-04 9.999999720467874775e-01 2.523415529694110463e-05 1.504149589018191277e-02 -2.646844167357888375e-04 -2.529638109654725676e-05 9.999999646511257279e-01 2.372759364283385901e-03
9.999999268759864890e-01 3.622901698652019578e-04 -1.224493960498980970e-04 -1.336400730091500885e-02 -3.622971038386429564e-04 9.999999327680660910e-01 -5.660982017925805294e-05 1.817982006483030363e-02 1.224288786360196006e-04 5.665417910127646300e-05 9.999999909007367682e-01 -7.055664716385752488e-03
9.999999799164702718e-01 1.736499401117806631e-04 1.000637659786500765e-04 -2.500701386570557821e-03 -1.736301183160224011e-04 9.999999653111623088e-01 -1.980662925829932038e-04 -1.693495789554480546e-03 -1.000981567073995282e-04 1.980489145215968906e-04 9.999999753784929446e-01 -2.255043359945738124e-03
9.999999208686751739e-01 1.826840928813364530e-04 3.533966122637940423e-04 -1.729131745518936586e-02 -1.826600691941364125e-04 9.999999810049370330e-01 -6.801047436047812447e-05 1.280294370147596825e-02 -3.534090299828180986e-04 6.794591752907009686e-05 9.999999352427028088e-01 1.380730883867289189e-03
9.999998687224304073e-01 7.336130967163543919e-05 5.071225100554681720e-04 -1.720391699486275433e-02 -7.327962825992138279e-05 9.999999843408423628e-01 -1.610851052545696747e-04 6.739032889694004935e-04 -5.071343195286468278e-04 1.610479223586894443e-04 9.999998584391642797e-01 5.252140798973288331e-03
9.999999984105822914e-01 4.444722339277332456e-05 3.468832277948024495e-05 -5.536151095856606946e-03 -4.446661996260544710e-05 9.999998425657299350e-01 5.593668161937651864e-04 -1.209898694995891616e-03 -3.466345501651160082e-05 -5.593683577771638811e-04 9.999998429527302557e-01 -5.951313484921385774e-03
9.999999996088001497e-01 2.576066981126230618e-05 1.089897160840346179e-05 1.568880914203722200e-03 -2.575997485641841746e-05 9.999999976356274134e-01 -6.375867727069103560e-05 3.204051033591626737e-03 -1.090061404886700641e-05 6.375839648851406693e-05 9.999999979080217427e-01 -7.364690356631184778e-03
9.999998509682691550e-01 3.829637908839364654e-04 -3.891043232930172825e-04 -9.192628994452016825e-03 -3.831559710594880145e-04 9.999998046026555842e-01 -4.939495445210203249e-04 9.331704744722793543e-03 3.889150824729906619e-04 4.940985585516995734e-04 9.999998023058169760e-01 7.700184534851375537e-03
9.999972255931607323e-01 1.540273577040626805e-04 -2.350549202688435868e-03 -5.914628688050337091e-03 -1.555763030853528925e-04 9.999997708872359059e-01 -6.588030734236211472e-04 1.323700979197029240e-02 2.350447190450964327e-03 6.591669353910430346e-04 9.999970204440392640e-01 -6.547123646197337138e-03
9.999952351148062579e-01 2.538755851887524134e-04 -3.076571934896929136e-03 5.822231850253866206e-03 -2.552161389546125773e-04 9.999998726697458817e-01 -4.353449373665180624e-04 2.460522992897644021e-03 3.076461019705509746e-03 4.361280538083123887e-04 9.999951725783055023e-01 -4.236734095268281791e-03
9.999934024089948137e-01 2.338589072037267286e-04 -3.624975654208248237e-03 3.943924796358092011e-03 -2.357389391690384219e-04 9.999998379404849702e-01 -5.182143921676697802e-04 1.519243344150504778e-02 3.624853877695002544e-03 5.190655211162939747e-04 9.999932954801997731e-01 -1.143085928069031629e-02
9.999949980889379919e-01 1.651677852846805095e-05 -3.162834851980409184e-03 2.158792011191405791e-02 -1.560806621119094245e-05 9.999999585978054384e-01 2.873339096526736293e-04 3.402470978725192358e-03 3.162839466862654627e-03 -2.872831066982277208e-04 9.999949569447454945e-01 -9.587975796260706993e-03
9.999964083142858229e-01 2.146141733597755794e-04 -2.671572436723458708e-03 4.544690332009357348e-02 -2.129057894402373245e-04 9.999997727047574836e-01 6.397355377480201579e-04 1.176156738732563739e-02 2.671709125801356288e-03 -6.391644467803410303e-04 9.999962267124596904e-01 -4.002180470974661328e-03
9.999962767941320552e-01 1.717741998123882325e-04 -2.723397051076149617e-03 7.133317155422534694e-02 -1.705441290407459288e-04 9.999998833534290421e-01 4.518936029495120195e-04 1.537857013686587566e-02 2.723474357063269177e-03 -4.514274610784899631e-04 9.999961894430767773e-01 -3.694579304695043420e-03
9.999939997615140408e-01 -1.514683005608821254e-04 -3.460852253865338846e-03 9.752144112916290297e-02 1.498253786292000377e-04 9.999998759777635193e-01 -4.749703291759444922e-04 7.653243655232479931e-03 3.460923767591279031e-03 4.744489557413805497e-04 9.999938984338171410e-01 -1.151291931746810555e-02
9.999944407291486703e-01 2.955983915192600441e-04 -3.321314858320963907e-03 1.277781640969622712e-01 -2.972469096754087100e-04 9.999998328823750393e-01 -4.958623768063254167e-04 2.423651411931250499e-02 3.321167727149714009e-03 4.968468707507627327e-04 9.999943614781611201e-01 -2.243370544707343206e-03
9.999934196401020214e-01 -3.538623211284578447e-04 -3.610465060419068822e-03 1.534287292805763259e-01 3.527014709841718798e-04 9.999998859087914083e-01 -3.221553608350599869e-04 6.090068442957674577e-04 3.610578647140495843e-03 3.208798245990959167e-04 9.999934303574053995e-01 -1.929277943292321933e-03
9.999877853011277518e-01 2.760719179136358138e-05 -4.942518223388441337e-03 1.947234595018810521e-01 -2.964046706196671961e-05 9.999999149720607550e-01 -4.113116991630362562e-04 2.358042297011814573e-02 4.942506447975338404e-03 4.114531736630918746e-04 9.999877010925172227e-01 -1.478374227639446536e-02
9.999839276344244521e-01 -1.763079862360422733e-04 -5.666867593666463990e-03 2.469457455907328736e-01 1.727793178522066524e-04 9.999997909046794975e-01 -6.231676376148307175e-04 1.987940623947052898e-02 5.666976278182243518e-03 6.221785043195517551e-04 9.999837490048382183e-01 -9.437905068001295472e-03
9.999798746341136413e-01 -4.251389806029167730e-04 -6.330053995786016560e-03 3.012642046433138820e-01 4.191254124966344616e-04 9.999994596819929971e-01 -9.512989071377782498e-04 1.655480177111345180e-02 6.330455009791485788e-03 9.486266754070949922e-04 9.999795125135313434e-01 -8.531133457722432645e-04
9.999733777637127563e-01 -3.785553130839485608e-04 -7.287006223817553419e-03 3.667186720630641883e-01 3.744274245018853423e-04 9.999997686874770864e-01 -5.678284038405126107e-04 2.419835074589313240e-02 7.287219492700952247e-03 5.650848320058616528e-04 9.999732881988387945e-01 -6.822003041299243634e-03
9.999712225253305498e-01 -6.604035300783449866e-04 -7.557644366691117221e-03 4.477262202553263237e-01 6.568324480654509417e-04 9.999996714801807629e-01 -4.749849109338054017e-04 2.406895881752991323e-02 7.557955565567070488e-03 4.700071360165808529e-04 9.999713277894326513e-01 -9.262564252556965833e-03
9.999683261971352710e-01 -1.032976750761064981e-03 -7.891740082647914073e-03 5.271369474916902664e-01 1.029640196029640072e-03 9.999993788233171310e-01 -4.268419455869690380e-04 2.401737291704217001e-02 7.892176098289030439e-03 4.187027730736175629e-04 9.999687686345115623e-01 -1.553595944383029219e-02
9.999692013315718553e-01 -1.461079200286976567e-03 -7.711137132022808337e-03 6.296990717498039958e-01 1.460736584786003064e-03 9.999989318705861940e-01 -5.006312485827173696e-05 3.141507036620391768e-02 7.711202041720855403e-03 3.879764286164121381e-05 9.999702674868962138e-01 -5.730228918048179548e-03
9.999657909352355212e-01 -1.887035666582036761e-03 -8.053325751626864981e-03 7.334621365176252628e-01 1.885821169574969499e-03 9.999982092927042210e-01 -1.583979211070621871e-04 2.261816736308456047e-02 8.053610233004326879e-03 1.432053702744192616e-04 9.999675589010059706e-01 -1.396410559324532882e-02
9.999648343038310960e-01 -2.084709401324035764e-03 -8.123062379646934020e-03 8.535298895984479994e-01 2.081268868462025651e-03 9.999977408533994305e-01 -4.319814747846076352e-04 3.556960489527514341e-02 8.123944584299854291e-03 4.150600070079805948e-04 9.999669140774517517e-01 -1.563523202073984278e-02
9.999649786510600435e-01 -2.682517781735814684e-03 -7.927519772013499194e-03 9.764968200561270351e-01 2.680664256944798908e-03 9.999963771411295443e-01 -2.444253614918837818e-04 3.494680470849119425e-02 7.928146727106680919e-03 2.231657824869494170e-04 9.999685468486031459e-01 -1.989017967452474944e-02
9.999710137323524206e-01 -2.721649956191741701e-03 -7.110859062554040697e-03 1.116596300785685170e+00 2.722274207779984412e-03 9.999962915540305808e-01 7.811097173634568231e-05 5.507062230977256834e-02 7.110620101594607514e-03 -9.746641581196213776e-05 9.999747144713553304e-01 -1.333290981261796293e-02
9.999699369933818804e-01 -3.136876364569128172e-03 -7.091199907301093917e-03 1.250741379489326954e+00 3.134355215922876494e-03 9.999950206921323081e-01 -3.666174058938113630e-04 6.800201721407699018e-02 7.092314631508992405e-03 3.443800448557106505e-04 9.999747899200021051e-01 -1.304896634555407359e-02
9.999656625488264616e-01 -3.666294204462358132e-03 -7.431824143021291060e-03 1.404109295718504846e+00 3.667677317251221217e-03 9.999932591730645859e-01 1.724863140083693434e-04 6.710993123029450336e-02 7.431141660807530705e-03 -1.997379241031431983e-04 9.999723687374459935e-01 -2.232247481888534335e-02
9.999706183761203349e-01 -3.885341915711771222e-03 -6.608063458943556727e-03 1.561324144428254401e+00 3.886221301513660426e-03 9.999924413843013227e-01 1.202425068450367981e-04 7.007854434388184617e-02 6.607546327879462895e-03 -1.459193709008268125e-04 9.999781592810225161e-01 -1.941764327611555929e-02
9.999720629923141146e-01 -4.515183407917489587e-03 -5.957042360792620672e-03 1.745118140334680712e+00 4.517506835802770869e-03 9.999897250872112897e-01 3.766324363575496571e-04 8.474775971452042089e-02 5.955280588174360207e-03 -4.035328939603277589e-04 9.999821857384858514e-01 -1.391078375730339135e-02
9.999695997103692502e-01 -5.133920715650785310e-03 -5.868774418001850360e-03 1.927384042317066282e+00 5.145769183390000792e-03 9.999847492260933723e-01 2.005585884107529207e-03 9.225511007188036405e-02 5.858388395732655810e-03 -2.035724272260194465e-03 9.999807673710989775e-01 -7.498894357344148935e-03
9.999659617262499633e-01 -5.444558309333978954e-03 -6.199368815631539978e-03 2.142960645149435184e+00 5.464616808748367152e-03 9.999798741325651719e-01 3.223242614619563004e-03 1.175398300332858859e-01 6.181694915596150711e-03 -3.257010076038614060e-03 9.999755889687182986e-01 -1.946983043294518365e-02
9.999660571716301183e-01 -5.990339913033335476e-03 -5.656883625321290111e-03 2.342747410258078755e+00 6.019094147134985626e-03 9.999689826812789839e-01 5.079781591365010139e-03 1.318901189725271150e-01 5.626278545542669381e-03 -5.113658484330493338e-03 9.999710973256344948e-01 -1.452731788984133396e-02
9.999609990231398404e-01 -6.743606447525234832e-03 -5.702999625203744941e-03 2.576520615650102375e+00 6.773297268047236488e-03 9.999635250242903117e-01 5.202986172788529734e-03 1.323221807816967188e-01 5.667704717329741584e-03 -5.241411363026268408e-03 9.999702019211176296e-01 -1.748863637002236529e-02
9.999604291457749872e-01 -7.244753090729379348e-03 -5.162721690346744503e-03 2.804421176519414249e+00 7.275908726210170326e-03 9.999552783861451744e-01 6.041719945072866402e-03 1.434111434172073152e-01 5.118720035855481125e-03 -6.079044360851439469e-03 9.999684214638246971e-01 -1.646311727484965973e-02
9.999576499343237890e-01 -7.767988294755868127e-03 -4.935250315522133127e-03 3.045668898503440580e+00 7.799796175383184003e-03 9.999487221085046063e-01 6.458818250350506669e-03 1.571814683072852437e-01 4.884825221725272448e-03 -6.497038665508982243e-03 9.999669629398423298e-01 -1.798084629442797330e-02
9.999558411898077370e-01 -8.517592328372413507e-03 -3.970678948442819996e-03 3.299841166271111348e+00 8.543565159233379447e-03 9.999419147402895947e-01 6.570741198168862998e-03 1.661463491842938844e-01 3.914481415703629542e-03 -6.604374796377888643e-03 9.999705291001306229e-01 -1.500294511633433470e-02
9.999438908515285718e-01 -9.186416579374913696e-03 -5.274931197324175293e-03 3.576205747654322309e+00 9.212646172528511992e-03 9.999452120233587316e-01 4.969919723683730722e-03 1.708892946730699580e-01 5.228986441569141198e-03 -5.018236940425442952e-03 9.999737371545333042e-01 -2.578267183759057335e-02
9.999196301779289531e-01 -9.868142127850296208e-03 -7.959457002734756509e-03 3.843467077041722746e+00 9.906555998056641721e-03 9.999394020391834115e-01 4.801291261490468233e-03 1.710516751723137330e-01 7.911594851305589482e-03 -4.879756189077786264e-03 9.999567963899460565e-01 -1.801377141184082320e-02
9.998775751835301540e-01 -1.045745807354508602e-02 -1.163942506072111402e-02 4.123809504570606244e+00 1.048595353313367187e-02 9.999421650159355801e-01 2.389853916985002196e-03 1.932864803702781242e-01 1.161376009761944106e-02 -2.511611809896938542e-03 9.999294036993368051e-01 -1.575247630302205673e-02
9.998195744491589210e-01 -1.074093694066942037e-02 -1.566687020241615269e-02 4.421641064645044139e+00 1.071700412225273791e-02 9.999412739029146513e-01 -1.610766295832976192e-03 2.087326288201326319e-01 1.568325128748532249e-02 1.442573759894681847e-03 9.998759696132319963e-01 -2.013149419547276969e-02
9.997792259294003836e-01 -1.072335359082381319e-02 -1.806956246772764910e-02 4.712252827551762557e+00 1.065433492085654001e-02 9.999355903473640117e-01 -3.911560310529820297e-03 2.144522888650703674e-01 1.811034365778746089e-02 3.718177569033159595e-03 9.998290806973769707e-01 -1.962462584278928251e-02
9.997439562616993181e-01 -1.174993001562134841e-02 -1.933807288313335940e-02 5.025467034605498817e+00 1.161688513313968545e-02 9.999081737884190080e-01 -6.977963235239375943e-03 2.101858437392345458e-01 1.941828772082686630e-02 6.751528400067257664e-03 9.997886511489587624e-01 -1.655353047073946510e-02
9.997261042532586961e-01 -1.195441907940920576e-02 -2.011984938006165444e-02 5.338281030140128003e+00 1.176406332515035624e-02 9.998851668161319317e-01 -9.553009743417550936e-03 2.211970524519736025e-01 2.023173963564088920e-02 9.313702032480719595e-03 9.997519350647768865e-01 -1.879655174024940853e-02
9.997302681552294734e-01 -1.196302523211129586e-02 -1.990670644704429712e-02 5.667264135343842213e+00 1.171969044253794688e-02 9.998557200178485038e-01 -1.229585310260752906e-02 2.469034358626585046e-01 2.005092990871025146e-02 1.205923608217730064e-02 9.997262300424603065e-01 -7.601327905695225151e-03
9.997054079764282619e-01 -1.272465214969535803e-02 -2.066834512853628694e-02 5.993737770222827166e+00 1.247411630585973895e-02 9.998476964724420935e-01 -1.220574787300112048e-02 2.619922972717250165e-01 2.082051116257524828e-02 1.194433281605299622e-02 9.997118781071416826e-01 -5.858147968851845286e-03
9.997307452661473581e-01 -1.327195625464220631e-02 -1.903397348870044040e-02 6.335674464211706436e+00 1.310499545429612799e-02 9.998747850331501930e-01 -8.869799831707974452e-03 2.715713070756238801e-01 1.914930974569489450e-02 8.617971460068350048e-03 9.997794929404067998e-01 -1.917587603082789374e-02
9.998396885376770182e-01 -1.415883452420980439e-02 -1.096013821979208332e-02 6.697029547827409779e+00 1.410996470221931483e-02 9.998902177109358913e-01 -4.523430344258796108e-03 3.030055188997667348e-01 1.102298149245600593e-02 4.368058023112881584e-03 9.999297045033334053e-01 -1.023542224553423974e-02
9.998697601244148636e-01 -1.613424518463742185e-02 3.859029245260168660e-04 7.065738672611597160e+00 1.613501666074136642e-02 9.998676432627123800e-01 -2.087389189156717458e-03 3.235189498724715951e-01 -3.521733987004008236e-04 2.093343877965080091e-03 9.999977469401147845e-01 -2.132406070440011001e-02
9.997580312227015709e-01 -1.751566175369174624e-02 1.330716344823391906e-02 7.426785215980685528e+00 1.754029822192608792e-02 9.998446484734967443e-01 -1.736910243959636059e-03 3.637109931539119212e-01 -1.327467302774908847e-02 1.969901581281565013e-03 9.999099472171313341e-01 -3.188481347890414347e-02
9.995781868871702613e-01 -1.946254888376036662e-02 2.155591543647926780e-02 7.796282618793282992e+00 1.956766892006368830e-02 9.997975980401176965e-01 -4.676460867586662573e-03 3.694990915567069600e-01 -2.146053662870947218e-02 5.096287291600994779e-03 9.997567070159866232e-01 -3.731096912482927130e-02
9.995495392656525979e-01 -2.064934050971795748e-02 2.177896439997391992e-02 8.176819113257597138e+00 2.083984818480807966e-02 9.997462077467611508e-01 -8.556916711300887463e-03 3.777646257327659796e-01 -2.159674238064069468e-02 9.006932468033163053e-03 9.997261904571973501e-01 -3.953296159097056950e-02
9.995850747775503198e-01 -2.159859002863670843e-02 1.905726084026796580e-02 8.553239479480852836e+00 2.177396698843345538e-02 9.997220150834492669e-01 -9.043612059032925601e-03 4.082096905677365939e-01 -1.885663393996250825e-02 9.454811804713544529e-03 9.997774921902331524e-01 -3.802562283240885910e-02
9.995535759805579401e-01 -2.344736481355636296e-02 1.851674452432046369e-02 8.945753691241154826e+00 2.357125206876995241e-02 9.997010227727005649e-01 -6.500857107095648832e-03 4.134047746522118150e-01 -1.835878047119309658e-02 6.934417821011854000e-03 9.998074159702428076e-01 -3.472838996102754761e-02
9.995412085619496123e-01 -2.479317551597968322e-02 1.739743758003054266e-02 9.341094603155193354e+00 2.485524992494686503e-02 9.996854110367421331e-01 -3.360879567665200213e-03 4.518595841231562993e-01 -1.730863766116970751e-02 3.791755284000558265e-03 9.998430045032973279e-01 -3.838631454565136908e-02
9.995858729111383179e-01 -2.585253647270947461e-02 1.263839524642593193e-02 9.731761700168862106e+00 2.586596842002064980e-02 9.996650143163726687e-01 -9.004607381487600599e-04 4.831103239280630790e-01 -1.261088237087912289e-02 1.226992165288428444e-03 9.999197268461375021e-01 -5.544797804079705517e-02
9.996246299239046618e-01 -2.696397772328967823e-02 4.852128897157767171e-03 1.015640202444192397e+01 2.695235181454934403e-02 9.996337275630233776e-01 2.445700333221960746e-03 5.017996326794839090e-01 -4.916297505384919705e-03 -2.314006005416035204e-03 9.999852375885582845e-01 -7.625220326425506678e-02
9.996073476153599646e-01 -2.801922689057712718e-02 -2.711417328233318817e-04 1.056570303167085889e+01 2.801993559262228040e-02 9.996025222453488457e-01 3.111387170081858066e-03 5.272618751852401475e-01 1.838552969532227476e-04 -3.117762850380169110e-03 9.999951228641260625e-01 -9.304246118441697466e-02
9.995808554034207871e-01 -2.892661919298600282e-02 -1.167995303751958062e-03 1.101174122674544265e+01 2.892841860145712457e-02 9.995802773434001587e-01 1.554266164462717427e-03 5.743688538994913273e-01 1.122545404196215310e-03 -1.587402959269709800e-03 9.999981100200442397e-01 -9.947884409556120855e-02
9.995449606559854150e-01 -3.015918241213752515e-02 -5.434551094782285457e-04 1.148237009861475677e+01 3.016032157298063204e-02 9.995425941987989837e-01 2.226518571557965700e-03 5.751985108162984695e-01 4.760565502148323379e-04 -2.241896198870070318e-03 9.999973736323483076e-01 -9.346784456121395857e-02
9.995298416801009500e-01 -3.066070581192331321e-02 1.292674241778142053e-04 1.194247231752840577e+01 3.065964853467367454e-02 9.995168742274900264e-01 5.099420186477511725e-03 6.358622148910590965e-01 -2.855567939026180317e-04 -5.093059357857904375e-03 9.999869895172111001e-01 -9.648782274652804858e-02
9.994899797405244479e-01 -3.193347957789787611e-02 1.824289836537112681e-04 1.242173937274076145e+01 3.193193173415363045e-02 9.994739441212948661e-01 5.673337496396023763e-03 6.668866621359470503e-01 -3.635024228940987308e-04 -5.664618669481657348e-03 9.999838898508904839e-01 -9.723555926681695660e-02
9.994538508875133731e-01 -3.302316090158573247e-02 -1.212761389658401599e-03 1.291592166877443226e+01 3.302861420181429919e-02 9.994429194719354204e-01 4.791801469402531648e-03 6.742467656940207554e-01 1.053845352970499485e-03 -4.829240259340688950e-03 9.999877838496276095e-01 -1.003682094555691240e-01
9.994264059962705282e-01 -3.369795775715149488e-02 -3.362534813943919565e-03 1.341795582957403177e+01 3.370858060257142519e-02 9.994267271536243502e-01 3.154147231001550727e-03 7.262726125666215671e-01 3.254318843889965687e-03 -3.265684306867749562e-03 9.999893723009610769e-01 -1.064398743241473100e-01
9.993828418488188703e-01 -3.485361264008469961e-02 -4.377339844436261423e-03 1.392223393347442340e+01 3.486955703525944361e-02 9.993853138702680772e-01 3.620554182789921440e-03 7.446645380366788691e-01 4.248459761319364758e-03 -3.770955629632503133e-03 9.999838651114806298e-01 -1.097597901766865225e-01
9.993658464072725511e-01 -3.526592170558925932e-02 -4.921361694798548521e-03 1.446662655191184221e+01 3.528843900427026947e-02 9.993667377467013724e-01 4.566131640435612711e-03 8.326833361900515262e-01 4.757216341273387029e-03 -4.736903183635814661e-03 9.999774650665439468e-01 -1.178410441417145627e-01
9.993118117433239522e-01 -3.672355623543818032e-02 -5.223344493524901058e-03 1.500737695130082550e+01 3.675079775426679657e-02 9.993108349684929337e-01 5.218618495199136426e-03 8.477176972527236121e-01 5.028098517372705384e-03 -5.406989180317064297e-03 9.999727409751245633e-01 -1.207179127742023517e-01
9.992547993659957051e-01 -3.851580664213527516e-02 -2.525585621053119418e-03 1.557202971221890131e+01 3.852998391252593358e-02 9.992404481292654905e-01 5.828135390083105487e-03 8.641513760683546819e-01 2.299191972001321787e-03 -5.921103033244236834e-03 9.999798269240962600e-01 -1.192902263991740264e-01
9.992180093467956103e-01 -3.953946574656934387e-02 2.110694291154647411e-05 1.613829778356754474e+01 3.953906633127940440e-02 9.992100470988481975e-01 3.992995162559214405e-03 9.124819494668536812e-01 -1.789711648769861871e-04 -3.989038128847971661e-03 9.999920277402859492e-01 -1.193845379374025711e-01
9.991738414016756442e-01 -4.061986736721323599e-02 1.288810959389664976e-03 1.670989849992999510e+01 4.061766310132648716e-02 9.991733283663837284e-01 1.692727216602656808e-03 9.458950171885629477e-01 -1.356503890955715677e-03 -1.638980266108256258e-03 9.999977368178796233e-01 -1.376475599231159752e-01
9.991440740627662853e-01 -4.132784332551711626e-02 1.768793746844063213e-03 1.729313180512993853e+01 4.132647148677409676e-02 9.991453719764907815e-01 8.052405930597207259e-04 9.878579879498363692e-01 -1.800560943209521215e-03 -7.314533624054719158e-04 9.999981114763509815e-01 -1.456189811372221588e-01
9.990957707536233245e-01 -4.248802308601640904e-02 1.552016902469666951e-03 1.787789301576397705e+01 4.248366732139854246e-02 9.990934062993136466e-01 2.739251751736647162e-03 1.032008109961734421e+00 -1.666995245388726808e-03 -2.670839470427829442e-03 9.999950438594058522e-01 -1.488374219521943209e-01
9.990440629899521863e-01 -4.368781419672550237e-02 1.528101842441567486e-03 1.846337123065083574e+01 4.368113564212020017e-02 9.990368608818319673e-01 4.160407238464432743e-03 1.095137309088183741e+00 -1.708389166197313118e-03 -4.089680927353649652e-03 9.999901779099479304e-01 -1.419828886754475328e-01
9.989765243949974005e-01 -4.515527060885577565e-02 2.627783083178014678e-03 1.903692732684249833e+01 4.514184622128020880e-02 9.989682663651628935e-01 4.961503312033785015e-03 1.151280333278740242e+00 -2.849109935667663851e-03 -4.837802354586074466e-03 9.999842389962716460e-01 -1.517233795227102833e-01
9.988914317901407269e-01 -4.699245694656480760e-02 2.759798247676426182e-03 1.963336487863490376e+01 4.698615005025163355e-02 9.988928760951318875e-01 2.307333926999420755e-03 1.178087283005090580e+00 -2.865170099289679126e-03 -2.175103795384673334e-03 9.999935298409592388e-01 -1.665469845230020118e-01
9.988350830790658774e-01 -4.820377805600171983e-02 2.207394745664381912e-03 2.022024652043736737e+01 4.820303965472476360e-02 9.988374830576332020e-01 3.865321944302787128e-04 1.215132860347124755e+00 -2.223460923985871775e-03 -2.796787800776098223e-04 9.999974889974971859e-01 -1.680288415911579680e-01
9.988098811070251770e-01 -4.875172131941940545e-02 1.446053720935249094e-03 2.082340176528786913e+01 4.875392179622496658e-02 9.988096522871261485e-01 -1.527614990031890725e-03 1.279192761786986487e+00 -1.369858553918438734e-03 1.596297736594679342e-03 9.999977876580919967e-01 -1.745227719857991577e-01
9.987656613645782278e-01 -4.967038728449105212e-02 7.941023432719991040e-05 2.142910294468103061e+01 4.967044615820331854e-02 9.987636039690384049e-01 -2.027354242049415108e-03 1.323480359381807858e+00 2.138741853679022742e-05 2.028796142149326843e-03 9.999979417622777422e-01 -1.755158648814466038e-01
9.987363998835716572e-01 -5.023133158423135486e-02 -1.554630141673718751e-03 2.203826067040623826e+01 5.022913207335129998e-02 9.987367068084908039e-01 -1.422942194373395808e-03 1.377415512024420696e+00 1.624142469191191401e-03 1.343056441739572896e-03 9.999977791778510428e-01 -1.808156341173277892e-01
9.987016795602632335e-01 -5.088588869612303833e-02 -2.362535738378947203e-03 2.266100717997214886e+01 5.088394925204686725e-02 9.987041904153478589e-01 -8.739309696434621787e-04 1.428522330876460300e+00 2.403945095974444751e-03 7.525811785848336580e-04 9.999968273297397126e-01 -1.807098664166515711e-01
9.986615128538610664e-01 -5.161196012669961447e-02 -3.374657955624946019e-03 2.327167437376375858e+01 5.161210911434987308e-02 9.986672060027793618e-01 -4.298105013119913963e-05 1.473387276930446355e+00 3.372378568004591806e-03 -1.312496940812526265e-04 9.999943049019388575e-01 -1.849974197830721589e-01
9.986457409562493615e-01 -5.187783814475010330e-02 -3.920966637307116490e-03 2.389426447129622844e+01 5.187919814519718203e-02 9.986533374224271231e-01 2.458756986492273379e-04 1.515334661320775878e+00 3.902930918570491139e-03 -4.489593243582564765e-04 9.999922827531070313e-01 -1.857870959155246415e-01
9.986380783350928825e-01 -5.204743917016055321e-02 -3.612834762538943111e-03 2.453930376075605224e+01 5.204761749618472266e-02 9.986446032068854173e-01 -4.470719538302722553e-05 1.573286492796779568e+00 3.610264832919911175e-03 -1.433931341124884088e-04 9.999934726918197070e-01 -1.951461835581197735e-01
9.986687764155489644e-01 -5.152624012388540287e-02 -2.391984817253502930e-03 2.517818200626162550e+01 5.152608732541495706e-02 9.986716410183830162e-01 -1.255013296219898626e-04 1.633299622768463522e+00 2.395274014383582620e-03 2.084640717246391420e-06 9.999971313249105265e-01 -1.985718904889981207e-01
9.986755428122300327e-01 -5.145009223639242929e-02 2.195394369926982256e-04 2.584658302036500999e+01 5.144983508744224027e-02 9.986750289179342488e-01 1.049326087619569534e-03 1.680690823620901497e+00 -2.732364775813895261e-04 -1.036641032312043053e-03 9.999994253584336690e-01 -2.038629617875243882e-01
9.987062562531442422e-01 -5.076953952127698233e-02 2.875339567153031330e-03 2.650222773099668316e+01 5.076388238181349377e-02 9.987086654005208342e-01 2.007460942548880932e-03 1.730104712916417764e+00 -2.973544409344870340e-03 -1.858900402912670160e-03 9.999938512425652348e-01 -2.115257310718687001e-01
9.987089549372156760e-01 -5.059856618702882058e-02 4.495378519266458352e-03 2.717068189577154769e+01 5.059270546459240792e-02 9.987183764470507485e-01 1.408084067112334121e-03 1.780614984161682290e+00 -4.560864171143427966e-03 -1.178832805752399798e-03 9.999889043740577410e-01 -2.147876916630184485e-01
9.987479464025570408e-01 -4.986066838718442723e-02 4.056267330724089293e-03 2.786528560894458550e+01 4.985954529420865561e-02 9.987561680239082085e-01 3.775940326640151324e-04 1.846651809839404468e+00 -4.070049106562199231e-03 -1.748776199953886194e-04 9.999917020246158472e-01 -2.247540026104335453e-01
9.988125111996656313e-01 -4.867953109389716593e-02 1.967415435587214871e-03 2.853893825906453685e+01 4.867891585992953352e-02 9.988144141751208460e-01 3.594255306917070185e-04 1.915085662126567723e+00 -1.982579562032381511e-03 -2.632270664489797202e-04 9.999980000428959626e-01 -2.329027119566155768e-01
9.988548474727282356e-01 -4.784218975361950732e-02 -3.443251537366921397e-04 2.923743490527119704e+01 4.784267445874200442e-02 9.988536447017223319e-01 1.573202695227777148e-03 1.961319770263656004e+00 2.686649729063828995e-04 -1.587874574423606957e-03 9.999987032358933492e-01 -2.388365811163803420e-01
9.989002470904572162e-01 -4.676348077927020702e-02 -3.387215379976462465e-03 2.995732044057581689e+01 4.676942961088189493e-02 9.989042668966592320e-01 1.698831810567878915e-03 2.010746300282365784e+00 3.304060607235773106e-03 -1.855381646632088717e-03 9.999928203454507836e-01 -2.479889543260430651e-01
9.989514629357540976e-01 -4.547558712051955748e-02 -5.286366858312673347e-03 3.067998195128085115e+01 4.548874341840056928e-02 9.989619787961289132e-01 2.395650629224458598e-03 2.058109786158262011e+00 5.171935878522678984e-03 -2.633608886380053946e-03 9.999831574499152831e-01 -2.555298294445556562e-01
9.990607721201910651e-01 -4.298024716794317940e-02 -5.501996364054822196e-03 3.138977738169074172e+01 4.298521607017872365e-02 9.990753976754964683e-01 7.880094851327744442e-04 2.112876575734299323e+00 5.463040362985516381e-03 -1.023773867181018140e-03 9.999845534192322027e-01 -2.399047320791261317e-01
9.991854788641476581e-01 -4.015749128468752704e-02 -3.969221679886205702e-03 3.215099922431531354e+01 4.017128713288206643e-02 9.991868198063693640e-01 3.459308503378838526e-03 2.156768777962918548e+00 3.827076836356511826e-03 -3.615939567284171766e-03 9.999861391359053941e-01 -2.642800839014465830e-01
9.993058910952204998e-01 -3.724354527012174731e-02 8.089240382105639809e-04 3.287436080978877584e+01 3.723937745236145791e-02 9.992954673384266684e-01 4.668803255232694370e-03 2.207650100922012637e+00 -9.822369101984635212e-04 -4.635438769729363119e-03 9.999887738960194783e-01 -2.553552922811992976e-01
9.993830636796626754e-01 -3.478785765008369363e-02 4.826695595207626012e-03 3.360167571908166906e+01 3.476321459619022974e-02 9.993825696386570145e-01 5.098863929752081234e-03 2.265770460003182496e+00 -5.001093999367546040e-03 -4.927926800634670548e-03 9.999753519943664903e-01 -2.561740457842048291e-01
9.994682380567887492e-01 -3.214544725983527890e-02 5.469125718366432340e-03 3.434476551156843271e+01 3.213909779744434508e-02 9.994826304225655766e-01 1.244940301999307442e-03 2.301311012638122211e+00 -5.506315321924146536e-03 -1.068505523796037769e-03 9.999842692700326996e-01 -2.621619105736038291e-01
9.995749460471976544e-01 -2.881635804695455508e-02 4.420943751251101353e-03 3.507813839641747933e+01 2.881587794493713564e-02 9.995847215227204874e-01 1.722689981497808171e-04 2.326785731778374888e+00 -4.424071993593018531e-03 -4.480239899368766699e-05 9.999902127419750819e-01 -2.720595255620029684e-01
9.996750531027963627e-01 -2.528183633680323658e-02 3.258366977555545146e-03 3.581185548598299562e+01 2.527915939865688424e-02 9.996800609428285744e-01 8.601473360774881212e-04 2.379097848053659980e+00 -3.279070602873075928e-03 -7.774990556645452024e-04 9.999943215794776519e-01 -2.742999622991430519e-01
9.997653437177298485e-01 -2.160167356303867650e-02 1.620246970477590533e-03 3.653899605462239464e+01 2.159781378863942156e-02 9.997639473845025826e-01 2.363038236853001652e-03 2.427811157986354829e+00 -1.670910087551934512e-03 -2.327489942725497352e-03 9.999958954165990566e-01 -2.781248001830845529e-01
9.998225891480836403e-01 -1.883011568104915948e-02 -4.658032423439138021e-04 3.723931009400435954e+01 1.883189146734046485e-02 9.998140175740560798e-01 4.158139750831751739e-03 2.448857054684419943e+00 3.874183586007593806e-04 -4.166174007821124743e-03 9.999912464122633349e-01 -2.786687291481365625e-01
9.998779582810443101e-01 -1.556536389346574283e-02 -1.337157654955238324e-03 3.797224523274155672e+01 1.557334755368783123e-02 9.998596077094461521e-01 6.183503625327238691e-03 2.474946479350976336e+00 1.240721444264444428e-03 -6.203573000810327052e-03 9.999799879459195795e-01 -2.919794179024447489e-01
9.999262086541516048e-01 -1.191255364095313886e-02 -2.380821766862724342e-03 3.870834320647256277e+01 1.192392403542921926e-02 9.999172899124187941e-01 4.820100600722912292e-03 2.494930845508902539e+00 2.323205141924970102e-03 -4.848133656902428416e-03 9.999855490545417336e-01 -2.964343054682683221e-01
9.999563365329507958e-01 -7.692817494306293177e-03 -5.305241427061823008e-03 3.940835340433736889e+01 7.713279508589309524e-03 9.999628510015250438e-01 3.847328439870865979e-03 2.516422517527786340e+00 5.275447547127558486e-03 -3.888081262159778957e-03 9.999785260080720217e-01 -2.917560177393635490e-01
9.999641623675979973e-01 -2.465949144783359612e-03 -8.098955197030927727e-03 4.012847107900947208e+01 2.511898439819633660e-03 9.999807806333508298e-01 5.668221073866137362e-03 2.539452923163868725e+00 8.084821995331979011e-03 -5.688361691166509727e-03 9.999511379035348480e-01 -2.955702329690104713e-01
9.999690983731724936e-01 2.775253148049124704e-03 -7.355288485760519239e-03 4.082972404814134393e+01 -2.712394021325647327e-03 9.999598347498518391e-01 8.542353640656859953e-03 2.556511105635263181e+00 7.378700252591558102e-03 -8.522139227518526344e-03 9.999364619442423496e-01 -2.957640341854551602e-01
9.999560177749140522e-01 7.221017084997469714e-03 -5.984933415990652955e-03 4.153826455999981704e+01 -7.163454328675490125e-03 9.999284113270706653e-01 9.584213217657976125e-03 2.556954521629954957e+00 6.053712729940798065e-03 -9.540918885449351655e-03 9.999361596767089022e-01 -2.951278956749339155e-01
9.999063208408535131e-01 1.266708005133189950e-02 -5.186002842382658740e-03 4.224372486872100296e+01 -1.261393873376496534e-02 9.998688772309418660e-01 1.015464891350328740e-02 2.581707148447980771e+00 5.313952590010138227e-03 -1.008828171240469702e-02 9.999349921269693464e-01 -2.921986063595986005e-01
9.998226814662082296e-01 1.841124467095801506e-02 -3.953693891450220377e-03 4.295142408195194150e+01 -1.836620565186364643e-02 9.997692556728463575e-01 1.114082139324643062e-02 2.595306611765065607e+00 4.157897987519969252e-03 -1.106623156403685124e-02 9.999301227602339637e-01 -2.882886713482436525e-01
9.997010814968487757e-01 2.436163715128968760e-02 -2.063562293686359642e-03 4.365243294432485044e+01 -2.433536005820369913e-02 9.996327452437245853e-01 1.192329179935222583e-02 2.587418626341553729e+00 2.353275349083899098e-03 -1.186951017539553815e-02 9.999267857314991792e-01 -3.025140244067091033e-01
9.995347939306629126e-01 3.042279960793359272e-02 2.156150737470879410e-03 4.435286135692951603e+01 -3.044528156062223379e-02 9.994725559959426464e-01 1.130020538006684845e-02 2.576201193367659403e+00 -1.811229604886289632e-03 -1.136059307222873037e-02 9.999338259966834563e-01 -3.030211167065340883e-01
9.993073004733914466e-01 3.668484434147067930e-02 6.256310112591208228e-03 4.505274568055097717e+01 -3.675001858041677949e-02 9.992678282456209926e-01 1.064159610298294305e-02 2.568238904452061266e+00 -5.861344122457402828e-03 -1.086414418728262436e-02 9.999238046052089102e-01 -3.158271598194429819e-01
9.990391212520974840e-01 4.288174479256304239e-02 9.054842427257556170e-03 4.574387023505257588e+01 -4.296084964649836413e-02 9.990386122890092535e-01 8.730209235846057153e-03 2.544565779358481272e+00 -8.671770608585805534e-03 -9.110824287416736250e-03 9.999208935087394723e-01 -3.180643727307818081e-01
9.987526269849588134e-01 4.904669615698161594e-02 9.360111469873028459e-03 4.643819587028129092e+01 -4.912436109883366181e-02 9.987585466329655937e-01 8.256068933682839464e-03 2.536784637142039056e+00 -8.943558423531500559e-03 -8.705580031856020515e-03 9.999221097860742091e-01 -3.248804399616189720e-01
9.984793635521614918e-01 5.446140700967346676e-02 8.539069445628030830e-03 4.712398611042061702e+01 -5.452986888884007316e-02 9.984800861353544388e-01 8.000686851828819196e-03 2.511057934561142346e+00 -8.090362132592059108e-03 -8.454155053096983063e-03 9.999315343076753404e-01 -3.289756805304675513e-01
9.981848433347962901e-01 5.984858266796589527e-02 6.720542338516604861e-03 4.780116907834104012e+01 -5.989680899942046582e-02 9.981784648523485126e-01 7.219735223389418637e-03 2.487742701610294649e+00 -6.276209714077869359e-03 -7.609169313700324226e-03 9.999513536837580929e-01 -3.389251788025841594e-01
9.978703618163706768e-01 6.503559438398263948e-02 5.011234537275602308e-03 4.849924460924972180e+01 -6.507518028515606179e-02 9.978467634760345151e-01 8.188866298660436166e-03 2.443693761248813878e+00 -4.467876376975437810e-03 -8.497533967274584904e-03 9.999539139366149243e-01 -3.446501815077354092e-01
9.975052431458556468e-01 7.040776959444566829e-02 5.102536355862381627e-03 4.918033602987816977e+01 -7.044834658107368419e-02 9.974811934689272741e-01 8.264329361620680395e-03 2.428165007260517427e+00 -4.507811056418598548e-03 -8.603177118941192011e-03 9.999528313790304601e-01 -3.479738035353571735e-01
9.971145691437158787e-01 7.554078731318114581e-02 7.491692295235827422e-03 4.987701763893724660e+01 -7.560574327680089080e-02 9.970989306841289146e-01 8.803068336046496883e-03 2.397127510954473628e+00 -6.804967663717483191e-03 -9.344082655422077804e-03 9.999331880352928525e-01 -3.594671212079402767e-01
9.967166798680179296e-01 8.053048368267308466e-02 8.408404766058771504e-03 5.057694446036796876e+01 -8.058520510757709310e-02 9.967272720368952621e-01 6.385130825496897547e-03 2.345534915615388183e+00 -7.866688670901378008e-03 -7.041759419612578924e-03 9.999442628635014652e-01 -3.670372780591021344e-01
9.963028298818408235e-01 8.552222550098034781e-02 8.162114603160054715e-03 5.125871826125796105e+01 -8.555058086676470275e-02 9.963287222524956910e-01 3.189879005288561321e-03 2.312562368519778477e+00 -7.859343661833762679e-03 -3.876359125351110362e-03 9.999616015413473891e-01 -3.733350364688321488e-01
9.959572631520536845e-01 8.965371270579264307e-02 5.598372329350207594e-03 5.195751497138875408e+01 -8.965607918371129581e-02 9.959727695315216955e-01 1.726763288262710876e-04 2.248227530775796179e+00 -5.560345319755881019e-03 -6.739063567290774250e-04 9.999843140820496856e-01 -3.816914916973110916e-01
