1.000000000000000000e+00 0.000000000000000000e+00 0.000000000000000000e+00 0.000000000000000000e+00 0.000000000000000000e+00 1.000000000000000000e+00 0.000000000000000000e+00 0.000000000000000000e+00 0.000000000000000000e+00 0.000000000000000000e+00 1.000000000000000000e+00 0.000000000000000000e+00
9.999999999024742348e-01 -1.082566160091141423e-05 8.823634205901194761e-06 -3.360287789428635305e-03 1.082605176476345656e-05 9.999999989637295972e-01 -4.421919647071242520e-05 -2.821175310378455127e-03 -8.823155494700269443e-06 4.421929199152058025e-05 9.999999989834030822e-01 -1.444422461334175182e-03
9.999999996070149111e-01 1.953340860875832735e-05 -2.011009798216934692e-05 1.696177460323645622e-03 -1.953391677971211019e-05 9.999999994899377853e-01 -2.526955567042168835e-05 -3.100197327604256071e-03 2.010960437135567210e-05 2.526994848947154590e-05 9.999999994785168100e-01 -1.605943072959353920e-03
9.999999998486315267e-01 -1.015344306498895967e-05 1.412955988482926554e-05 1.132380293167751031e-03 1.015366307346624342e-05 9.999999998272265378e-01 -1.557081015822933318e-05 -2.683066908330198827e-03 -1.412940178505363391e-05 1.557095362266284921e-05 9.999999997789527084e-01 -8.116337228286173546e-04
9.999999999857311916e-01 4.388028343481424480e-07 -5.324002208814692108e-06 -1.491842620458296454e-03 -4.388959824453002311e-07 9.999999998468506179e-01 -1.749589020520868563e-05 -2.830858413667610048e-03 5.323994530753112701e-06 1.749589254164222250e-05 9.999999998327744333e-01 -1.136470605900984218e-03
9.999999999971279641e-01 1.095445296764897342e-06 2.131660216416289119e-06 -1.410192681190615849e-03 -1.095404584567483309e-06 9.999999998170193694e-01 -1.909872868164256507e-05 -2.868640971960986514e-03 -2.131681137638745358e-06 1.909872634655734202e-05 9.999999998153472625e-01 -1.352747244566781821e-03
9.999999998699053982e-01 -8.300677890746256402e-06 -1.383068501516004682e-05 6.446996830309879856e-04 8.300218504396596872e-06 9.999999994139437964e-01 -3.321473696395466221e-05 -1.602730269947660055e-03 1.383096071188725060e-05 3.321462216192591188e-05 9.999999993527467490e-01 -1.003039035239069099e-03
9.999999999743826029e-01 -3.747741403127606865e-06 6.098293055246687784e-06 7.948512571721206860e-04 3.747868990506096361e-06 9.999999997741129132e-01 -2.092194125295302948e-05 -1.876819476899954696e-05 -6.098214643843694980e-06 2.092196410802049777e-05 9.999999997625416137e-01 -1.212199765044733903e-03
9.999999997788107109e-01 -1.125931404617621192e-05 1.776531696206813394e-05 -1.012660910001722710e-04 1.125952062698950263e-05 9.999999998690033420e-01 -1.162826411580530945e-05 -2.555449315609112197e-03 -1.776518603346344499e-05 1.162846414218604261e-05 9.999999997745885327e-01 -8.393931610169592245e-04
9.999999999969420017e-01 6.226250488369153443e-07 -2.393402284717523361e-06 -4.016958809566974382e-04 -6.226825657011613287e-07 9.999999997110496919e-01 -2.403149801302943323e-05 -3.250037092402414604e-03 2.393387321413324857e-06 2.403149950328581751e-05 9.999999997083793835e-01 -1.288319570229997562e-03
9.999999999349974411e-01 -1.115886974644513630e-05 -2.341967047523314089e-06 1.743633386648262094e-03 1.115882757709186769e-05 9.999999997756467973e-01 -1.800519573434835075e-05 -3.633964322846006817e-04 2.342167964631844691e-06 1.800516959957149265e-05 9.999999998351640773e-01 -7.284110994339250585e-04
9.999999998951066837e-01 -1.354353732213247222e-05 5.134129383832640237e-06 1.730218292094237633e-03 1.354358212332776773e-05 9.999999998702122639e-01 -8.726218040161115612e-06 3.885009202054352448e-05 -5.134011199306584383e-06 8.726287573748736805e-06 9.999999999487468871e-01 -8.389045509429096919e-04
9.999999996331456753e-01 -7.762948642677479699e-06 2.595082396716979369e-05 -1.464477485390608402e-03 7.763067430160391683e-06 9.999999999593914835e-01 -4.577309390551751082e-06 -2.999552645393315127e-03 -2.595078843269824924e-05 4.577510846868870691e-06 9.999999996528015078e-01 -1.109624201106875103e-03
9.999999954457143847e-01 -4.308801151054229362e-05 8.515864347100208164e-05 -6.149454432914302875e-03 4.308830748548380274e-05 9.999999990656653903e-01 -3.473739735714622342e-06 -6.358718554069281090e-03 -8.515849371489770021e-05 3.477409061709144126e-06 9.999999963679693238e-01 -7.927758584649008487e-04
9.999999856259087494e-01 6.785170538055237391e-05 1.553844536171820672e-04 -2.367962490249710464e-02 -6.778966940166944173e-05 9.999999180170325852e-01 -3.992123354019990605e-04 8.227724734311027410e-04 -1.554115281160694780e-04 3.992017962029435979e-04 9.999999082425872210e-01 -9.387067382058023046e-03
9.999979656178410448e-01 -1.792065164812601071e-06 -2.017116002522895309e-03 1.246018453647618901e-02 1.005836992154251165e-06 9.999999240355361696e-01 -3.897793095679870585e-04 -4.960149601713339379e-03 2.017116547803681978e-03 3.897764877180209071e-04 9.999978896553343155e-01 -2.643383091488232806e-03
9.999960699625835003e-01 -3.087622980929185634e-05 -2.803409717868720393e-03 -5.579342655900654258e-03 3.039333220427699116e-05 9.999999846951483917e-01 -1.722961065279956312e-04 -3.842206692926905011e-03 2.803414994817130749e-03 1.722102244349904012e-04 9.999960555962235098e-01 -7.878655212791140644e-04
9.999949067919871037e-01 8.692441670727309492e-05 -3.190428534044923662e-03 -3.729327789166757279e-03 -8.725669994944071275e-05 9.999999907839912661e-01 -1.040109888685452645e-04 -5.342309247574400163e-05 3.190419463547367485e-03 1.042888453842486223e-04 9.999949051607629480e-01 -6.629885376494379801e-04
9.999950017540428782e-01 -3.822373655579585033e-05 -3.161487921500399575e-03 1.314488338198581061e-02 3.831425689141836110e-05 9.999999988578397447e-01 2.857163381401237368e-05 7.891299211052487175e-03 3.161486825774870169e-03 -2.869262106634265397e-05 9.999950020764023506e-01 3.640898210690698879e-04
9.999956835064672811e-01 8.850397736362443962e-06 -2.938178024518239059e-03 1.575296447192258559e-02 -8.669485125167335489e-06 9.999999980660152499e-01 6.158579035887970293e-05 7.492098781915491543e-03 2.938178563894587331e-03 -6.156005203353524975e-05 9.999956816492192591e-01 -1.097672880704996835e-03
9.999961400987775750e-01 1.120963240840624381e-05 -2.778427953016208030e-03 1.734845659968448778e-02 -1.097300284941999650e-05 9.999999963118154644e-01 8.518193609923886483e-05 4.000781358988370409e-03 2.778428897627044630e-03 -8.515111960753422957e-05 9.999961365336106356e-01 -1.411602274552169276e-03
9.999957590546664221e-01 6.100666222894701805e-06 -2.912359089024328922e-03 1.739598533504053621e-02 -6.044453662155764429e-06 9.999999997952906394e-01 1.931018530632757396e-05 9.438031351535368027e-07 2.912359206233136686e-03 -1.929249979332614488e-05 9.999957588868331193e-01 -1.579609673167363046e-03
9.999954821729771792e-01 6.939009298323048824e-05 -3.005132051978582665e-03 1.698309371762405512e-02 -6.952616512419101133e-05 9.999999965626443776e-01 -4.517547646599830223e-05 -3.885003506064340327e-04 3.005128906918362597e-03 4.538420767827581939e-05 9.999954835600641800e-01 -2.955686964969547748e-03
9.999953799444764035e-01 1.501279687179852744e-05 -3.039714512620165284e-03 2.591020273842381191e-02 -1.544195289885337357e-05 9.999999899177589580e-01 -1.411595838873156079e-04 6.245724659781454972e-04 3.039712362772871174e-03 1.412058708505302114e-04 9.999953700941087709e-01 -5.378655620001130712e-03
9.999946816850319165e-01 1.293315196549510752e-06 -3.261380072774722801e-03 4.079591670416259086e-02 -1.609923721233180339e-06 9.999999952868816600e-01 -9.707545935559592078e-05 -3.588245459362356202e-03 3.261379931854286023e-03 9.708019365087049808e-05 9.999946769740207797e-01 -6.996323697997772900e-03
9.999871317451574093e-01 -2.745613375078721573e-05 -5.073025749374892104e-03 7.690409596711772489e-02 2.484037805618200814e-05 9.999998667271380315e-01 -5.156827142234107200e-04 -6.081612778472402121e-03 5.073039231931806767e-03 5.155500624093230797e-04 9.999869991560312865e-01 -6.382998778105821933e-03
9.999831494023438960e-01 -1.422332016301394155e-04 -5.803505930548768718e-03 1.070388993792253524e-01 1.385875631005861449e-04 9.999997928428495664e-01 -6.285759662951785620e-04 -1.205248713335167234e-02 5.803594132683170467e-03 6.277610806701195735e-04 9.999829619604369002e-01 -1.184192839563782615e-02
9.999796649984027397e-01 -2.295707137876474094e-04 -6.373137921739158163e-03 1.616582938769271782e-01 2.260086587005035472e-04 9.999998178662812265e-01 -5.596315668684595035e-04 -1.405182235018135120e-02 6.373265235994112626e-03 5.581798024062479017e-04 9.999795347533567691e-01 -1.292577131777185133e-02
9.999767518499043106e-01 -1.461089054340941303e-03 -6.660403778318396348e-03 2.887455900969078670e-01 1.458593876104019192e-03 9.999988642522822380e-01 -3.794707500994269319e-04 -6.600372021227377678e-03 6.660950654339418270e-03 3.697471039430363839e-04 9.999777472641376841e-01 -1.316555011610880468e-02
9.999765750031179845e-01 -1.616460901351522619e-03 -6.651052487238282018e-03 3.437185811729665530e-01 1.614187937165384359e-03 9.999986369588876878e-01 -3.470989343863833737e-04 -8.426066075072192671e-03 6.651604493436638968e-03 3.363547549005737724e-04 9.999778212656227350e-01 -1.408198970573595020e-02
9.999760327765396806e-01 -1.757116856246895408e-03 -6.696746437370265821e-03 4.263126114036316916e-01 1.755265978933065463e-03 9.999984196863568320e-01 -2.822518946650297419e-04 -1.245493086610141922e-02 6.697231803972330220e-03 2.704905586797409995e-04 9.999775367082109900e-01 -1.592580704982532805e-02
9.999753982624073334e-01 -1.320056952963614061e-03 -6.889145054420356407e-03 5.484339248562238867e-01 1.317816938669835085e-03 9.999990773342104511e-01 -3.296805178243635221e-04 -1.030158445649318952e-02 6.889573895101705828e-03 3.205937750651059390e-04 9.999762152127296133e-01 -1.746300628695276677e-02
9.999722270227159315e-01 -2.367014113526620146e-03 -7.066995642863526696e-03 7.060552287044788988e-01 2.363071092110551399e-03 9.999970476255130025e-01 -5.662466521813738600e-04 -3.775156464202375321e-03 7.068315092263342293e-03 5.495311127142435588e-04 9.999748681528514149e-01 -2.078452039202291837e-02
9.999713602778638188e-01 -2.591833400272957558e-03 -7.110627515481453102e-03 8.148520014044984272e-01 2.588743133616610518e-03 9.999965507336097126e-01 -4.437678122878401486e-04 -3.497696394745351649e-04 7.111753161270803307e-03 4.253475147445953284e-04 9.999746207011780408e-01 -2.125924412333002333e-02
9.999726603017535798e-01 -2.906213299039021349e-03 -6.799453896756782988e-03 9.333633510343334327e-01 2.905565649953149171e-03 9.999957733094051449e-01 -1.051264881581812592e-04 1.023456867829453457e-02 6.799730677566913524e-03 8.536735435086073120e-05 9.999768779202483637e-01 -2.356034844773738715e-02
9.999702861796816444e-01 -3.843245446347935516e-03 -6.682531119621191659e-03 1.091120304221439019e+00 3.842939236963314499e-03 9.999926141611064079e-01 -5.866223320030017053e-05 8.626083471979316408e-03 6.682707216883560994e-03 3.297992907942272036e-05 9.999776699189726337e-01 -2.742923710231868692e-02
9.999696798814784460e-01 -3.751469082158392834e-03 -6.823913646815336562e-03 1.240863379235480402e+00 3.750991571974556221e-03 9.999929615806533167e-01 -8.277306975737691933e-05 4.512784241458947174e-03 6.824176137861534194e-03 5.717411749100499447e-05 9.999767134044470485e-01 -2.626171845958844703e-02
9.999695266134956961e-01 -3.839396114075801884e-03 -6.797417293402822913e-03 1.410792294869047225e+00 3.837848397457609834e-03 9.999926064591702080e-01 -2.407211523426764526e-04 1.559854623228118693e-02 6.798291260277406975e-03 2.146263596876246704e-04 9.999768683181957662e-01 -2.890394024551937169e-02
9.999688988475774476e-01 -4.741150971358899964e-03 -6.302604622717023625e-03 1.597780780918823362e+00 4.741294584309265099e-03 9.999887599688912498e-01 7.844996185927551358e-06 2.827196560865255850e-02 6.302496586933711148e-03 -3.772725736223618386e-05 9.999801383594705273e-01 -3.341888129658145135e-02
9.999693071658628529e-01 -5.031541881304363306e-03 -6.005690012056526944e-03 1.788401003107345177e+00 5.038711901477281249e-03 9.999866101823261522e-01 1.179338134078046236e-03 3.019445029614655981e-02 5.999675707748427025e-03 -1.209562878588638004e-03 9.999812702491205352e-01 -3.807309301594622580e-02
9.999640388071150410e-01 -5.982136927699377264e-03 -6.011250314264873773e-03 1.991135033846249236e+00 5.997971594799546800e-03 9.999785807719469011e-01 2.619605709058759734e-03 3.103789280948503898e-02 5.995450717875334956e-03 -2.655566813546764073e-03 9.999785010366913918e-01 -3.765953563835800627e-02
9.999641605900402297e-01 -6.470694956103084650e-03 -5.459637555844843934e-03 2.200522399129213547e+00 6.494881987190521261e-03 9.999691213804168255e-01 4.424115013163842577e-03 4.059164562307648189e-02 5.430841871072795979e-03 -4.459416157110223169e-03 9.999753094772435569e-01 -4.395461094337459879e-02
9.999608551057102002e-01 -6.959691140909183248e-03 -5.463602793032984462e-03 2.411306116303212121e+00 6.987590007408470659e-03 9.999625609892787148e-01 5.103940208447602447e-03 4.790819907885633666e-02 5.427876393696975943e-03 -5.141917831528727140e-03 9.999720490288058761e-01 -4.721071623231411912e-02
9.999585222515912086e-01 -7.512517323642341031e-03 -5.149355287402988986e-03 2.647621835414104563e+00 7.541960511199023547e-03 9.999551850737675718e-01 5.722471121356782937e-03 6.036849406117749534e-02 5.106134355992403111e-03 -5.761070000375062040e-03 9.999703682931756488e-01 -4.987836300575105436e-02
9.999547424695155451e-01 -8.194572565710744536e-03 -4.833424582034952580e-03 2.893916116988336729e+00 8.224329060664800281e-03 9.999471505742351107e-01 6.168992621958081270e-03 6.555381954287613222e-02 4.782616880623345029e-03 -6.208465102838996684e-03 9.999692902968770891e-01 -5.067503115576701966e-02
9.999545047501575690e-01 -8.571969138596601673e-03 -4.184468300036501935e-03 3.147343705210550180e+00 8.599365077799608209e-03 9.999414178676609977e-01 6.573564715629732179e-03 7.200164383932038115e-02 4.127874771087835203e-03 -6.609249420229132942e-03 9.999696387750857118e-01 -5.416749877231615690e-02
9.999495252870496120e-01 -9.249926408006984430e-03 -3.922466016497073125e-03 3.404483961071863796e+00 9.271326184092647249e-03 9.999420423541399705e-01 5.473065267244566802e-03 7.537843719785508600e-02 3.871613228652559871e-03 -5.509155477731206112e-03 9.999773296514925525e-01 -7.342613666398488392e-02
9.999288987055208189e-01 -9.943525245579069166e-03 -6.582084719504015594e-03 3.673069065578863146e+00 9.978914301697647954e-03 9.999358129652984317e-01 5.365744942415093428e-03 7.749190260518822038e-02 6.528307814707473913e-03 -5.431045490346287676e-03 9.999639418208829955e-01 -8.000977407588980017e-02
9.998924634623451713e-01 -1.060042164913491992e-02 -1.013373435922171675e-02 3.950061566378891165e+00 1.064106680503539189e-02 9.999355195468484503e-01 3.965406136215919933e-03 8.415448894108912281e-02 1.009104595438416185e-02 -4.072813454470596353e-03 9.999407897381282773e-01 -8.626042039164921738e-02
9.998361562730144758e-01 -1.147909409519217230e-02 -1.399610688576664354e-02 4.236498708388044321e+00 1.149036854021198359e-02 9.999337204228756493e-01 7.253909818645623304e-04 9.197699281861164422e-02 1.398685239838424153e-02 -8.860925573482294169e-04 9.999017865770445379e-01 -8.931692480292355296e-02
9.997846584287499727e-01 -1.166242124499926661e-02 -1.716463519017717015e-02 4.531857338467047747e+00 1.161610951673644823e-02 9.999286235310940185e-01 -2.795325188038903005e-03 9.045991323507661386e-02 1.719601029898690236e-02 2.595336956136830037e-03 9.998487692925771553e-01 -8.498901097824371198e-02
9.997534120029387683e-01 -1.208991110460914432e-02 -1.862657343594673748e-02 4.844387512970914855e+00 1.199398004059548835e-02 9.999142696319545109e-01 -5.253363606382873210e-03 9.364940713731613464e-02 1.868848927195200516e-02 5.028661439957910623e-03 9.998127089274543300e-01 -8.531200851209032321e-02
9.997299695476107306e-01 -1.257662823086607914e-02 -1.954012309776500048e-02 5.148224111360428346e+00 1.241979441972245260e-02 9.998898444015715814e-01 -8.126977862209462319e-03 9.648321363483668145e-02 1.964018062302528775e-02 7.882099018890460426e-03 9.997760428316690984e-01 -8.191602026772273892e-02
9.997201185657998979e-01 -1.262145291679632464e-02 -2.000958422986384710e-02 5.479798771538557212e+00 1.240302031255473975e-02 9.998625381359729225e-01 -1.100317769630647195e-02 1.085112405591498186e-01 2.014570976434627847e-02 1.075191883150329424e-02 9.997392393116975029e-01 -8.641720379707015787e-02
9.997002979102581621e-01 -1.335548520475719932e-02 -2.051695330907348999e-02 5.813236569973981638e+00 1.311482198921552246e-02 9.998441314145573022e-01 -1.182008122055934474e-02 1.189614221221232532e-01 2.067161828044382019e-02 1.154746252710707813e-02 9.997196308499961548e-01 -8.904601334969562687e-02
9.997025375551321646e-01 -1.367321508892823875e-02 -2.019602918797285679e-02 6.153113854679980399e+00 1.348213218831731397e-02 9.998633385599419166e-01 -9.567461284146134767e-03 1.275911578157350734e-01 2.032408712553369912e-02 9.292329788530008863e-03 9.997502608599884155e-01 -7.548840627896126476e-02
9.997943674216236420e-01 -1.425547297786919181e-02 -1.442235633218870265e-02 6.502236323679502661e+00 1.418005468801256629e-02 9.998853154446839531e-01 -5.318083031492518153e-03 1.508580472342513912e-01 1.449651409961564240e-02 5.112479658846293129e-03 9.998818498356181195e-01 -6.235087118176844967e-02
9.998694364596795170e-01 -1.569601668066173197e-02 -3.839934135269481522e-03 6.860564193001056132e+00 1.568768307121651620e-02 9.998745405660616203e-01 -2.190828077311555294e-03 1.619509972406815990e-01 3.873839653352453751e-03 2.130302365313094595e-03 9.999902275413357078e-01 -6.267238768091522305e-02
9.998079127688355161e-01 -1.747277876601458294e-02 8.879164770320557495e-03 7.228692979008102704e+00 1.747623730164005532e-02 9.998472302029527414e-01 -3.120661152978299892e-04 1.691563096851780024e-01 -8.872355639927676993e-03 4.671805619482865515e-04 9.999605307449495051e-01 -7.094053017822830876e-02
9.996300571592550144e-01 -1.888540000344527542e-02 1.957269757837415067e-02 7.607099541269488618e+00 1.894789917137885277e-02 9.998159335869127862e-01 -3.012650447911187704e-03 1.818080354055180980e-01 -1.951219979335709967e-02 3.382397439673240185e-03 9.998038974952959679e-01 -1.122211573534563356e-01
9.995420861627756226e-01 -2.041601034072652865e-02 2.233393183328460582e-02 7.980481851411747485e+00 2.058009075034979846e-02 9.997627001646762768e-01 -7.141654160126979269e-03 1.896822118328961304e-01 -2.218282790975539473e-02 7.598018241807508698e-03 9.997250583359023057e-01 -1.371053440847227467e-01
9.995791202311514745e-01 -2.154438788698382831e-02 1.942734537944914436e-02 8.357766009353158054e+00 2.173974734156683755e-02 9.997146322207471902e-01 -9.901389259142863442e-03 1.957267472654234119e-01 -1.920848207022244486e-02 1.031956754478677643e-02 9.997622421067153820e-01 -1.326429267913662446e-01
9.995773266122159884e-01 -2.271863398576235565e-02 1.813923351733280273e-02 8.733773795082846902e+00 2.287867685750528263e-02 9.997006991221387695e-01 -8.664774662783333511e-03 2.104893129639503480e-01 -1.793695258468445616e-02 9.076113955208115966e-03 9.997979245264749792e-01 -1.319026141737030811e-01
9.995489624264722872e-01 -2.425963675013272786e-02 1.770146143442025144e-02 9.134675272691563208e+00 2.436485531060204185e-02 9.996865805830942309e-01 -5.752775658241918340e-03 2.307204933536244063e-01 -1.755635320492514306e-02 6.181474486903826455e-03 9.998267669128045876e-01 -1.503854302809491117e-01
9.995621541692680800e-01 -2.565151512488158050e-02 1.474787185631951103e-02 9.542245316007353040e+00 2.568786506061243244e-02 9.996674109139721542e-01 -2.280601934431759990e-03 2.573519030688781184e-01 -1.468446598008305015e-02 2.658444724559549336e-03 9.998886433651130723e-01 -1.863244411371816345e-01
9.996115860244038087e-01 -2.688239206775470611e-02 7.349427358058488631e-03 9.946241492725995670e+00 2.687821556440227536e-02 9.996384933256585725e-01 6.664755665081098773e-04 2.888268647359920616e-01 -7.364686948498413120e-03 -4.686772052788732985e-04 9.999727704931908878e-01 -2.101360534502236255e-01
9.996089014808998696e-01 -2.794228868438465921e-02 1.128088306398791069e-03 1.036559016429794333e+01 2.793940570263760484e-02 9.996065042326732764e-01 2.495256443309745633e-03 3.035235334077814318e-01 -1.197367584305584348e-03 -2.462762435349115115e-03 9.999962505489983222e-01 -2.236334907925724425e-01
9.995728794851893584e-01 -2.920938955280356214e-02 -9.328234772290345525e-04 1.079472265273728482e+01 2.921145152788016952e-02 9.995706561380744981e-01 2.279141797607588636e-03 3.183648704401697005e-01 8.658506345824292872e-04 -2.305417457178812746e-03 9.999969676719158151e-01 -2.281064075013306824e-01
9.995534134428419870e-01 -2.987079795899824641e-02 -8.420831644022485230e-04 1.125199286001927845e+01 2.987250284267970596e-02 9.995515312003703245e-01 2.090466194220447476e-03 3.493195776025385113e-01 7.792616230486457216e-04 -2.114687751842294228e-03 9.999974604202928052e-01 -2.314117934964202428e-01
9.995223380061623031e-01 -3.090451009440248545e-02 -8.415770923617037712e-05 1.170850836152798458e+01 3.090458956041198038e-02 9.995133907231762427e-01 4.229433669147527643e-03 3.635007351696720734e-01 -4.659181820763566573e-05 -4.230014288890607439e-03 9.999910523641289961e-01 -2.400893273077885914e-01
9.994798917921773329e-01 -3.224619839786128234e-02 3.585972439101175763e-04 1.219291421007430998e+01 3.224357117523023869e-02 9.994631254425513367e-01 5.814894536864766324e-03 3.926697770098315776e-01 -5.459129650718719858e-04 -5.800307706731262260e-03 9.999830290607645278e-01 -2.599218613173840953e-01
9.994493466442482266e-01 -3.316944411097638712e-02 -8.896458587900701962e-04 1.267622117535411874e+01 3.317384856114936886e-02 9.994344422917607051e-01 5.503756226351950477e-03 4.187027350715610829e-01 7.065861781666090032e-04 -5.530238541509225302e-03 9.999844584780539503e-01 -2.746503567289610981e-01
9.994189213164824670e-01 -3.394121518529005788e-02 -3.132670800530469764e-03 1.317275603702825215e+01 3.395255927588468337e-02 9.994168097438791420e-01 3.641993957222451096e-03 4.428585139369954904e-01 3.007230156838352694e-03 -3.746239863215252916e-03 9.999884610602619572e-01 -2.835181790816241887e-01
9.993825517439148820e-01 -3.487523998614911608e-02 -4.270000670935656349e-03 1.369235323797351711e+01 3.488950293533828878e-02 9.993856859163381401e-01 3.312607802833913463e-03 4.611824177327419894e-01 4.151849557282431998e-03 -3.459540639865465832e-03 9.999853967552799761e-01 -2.928576342171643754e-01
9.993394985359962401e-01 -3.602037180593230942e-02 -4.806191921460319094e-03 1.421216324834792211e+01 3.603754505336662778e-02 9.993441820750461613e-01 3.535689364676880119e-03 4.964680485021167877e-01 4.675683089141515272e-03 -3.706557394580002000e-03 9.999821995515373318e-01 -3.021824450585791078e-01
9.992979532907549922e-01 -3.704998231169420037e-02 -5.558719241986611465e-03 1.473768527068912526e+01 3.707896458527897704e-02 9.992987852301210561e-01 5.204634750691513809e-03 5.235515395828903573e-01 5.361989760500569802e-03 -5.407092407905099082e-03 9.999710057884181325e-01 -3.091373228030396825e-01
9.992520240526334696e-01 -3.844469207348649720e-02 -4.171100345222512537e-03 1.529537396837629082e+01 3.847135492496008002e-02 9.992384823544493422e-01 6.512313890972542749e-03 5.576575909834290412e-01 3.917560076483934256e-03 -6.667910718629073766e-03 9.999700953977050943e-01 -3.100345151580530256e-01
9.992110259150528417e-01 -3.969134327099637510e-02 -1.386708019605236005e-03 1.586680642769124461e+01 3.969744054971444808e-02 9.992007504717869137e-01 4.687586843953271513e-03 5.784262003468328972e-01 1.199543075338841682e-03 -4.738937218580543780e-03 9.999880517138436398e-01 -3.239045102710342849e-01
9.991675425869988025e-01 -4.078565518670437123e-02 8.672782997544345712e-04 1.643329253610816565e+01 4.078344566693069967e-02 9.991650575174131355e-01 2.428661309661671232e-03 6.199096966274409981e-01 -9.656087149988946874e-04 -2.391268955134630888e-03 9.999966747107681408e-01 -3.434489436365479875e-01
9.991256162610782088e-01 -4.176914245353387928e-02 1.828023418093552201e-03 1.700555288241871210e+01 4.176692646032444806e-02 9.991266190438308215e-01 1.234087558350553974e-03 6.458773464069522685e-01 -1.877973636277635843e-03 -1.156657572585862359e-03 9.999975676761825305e-01 -3.546345176138814281e-01
9.990976783642135928e-01 -4.244340430362138206e-02 1.544836029428779895e-03 1.758773972317924006e+01 4.244105078250517971e-02 9.990978078124437278e-01 1.525658168150177425e-03 6.815787051772550509e-01 -1.608196416891894158e-03 -1.458717069400610692e-03 9.999976429216201890e-01 -3.637364062747179272e-01
9.990275605321407015e-01 -4.406972105499596531e-02 1.339023276456678463e-03 1.817612397443031824e+01 4.406437126468685378e-02 9.990214977217928283e-01 3.791869559176638382e-03 7.150431145716981129e-01 -1.504819672879937871e-03 -3.729178976774476500e-03 9.999919143382667297e-01 -3.769353213533193081e-01
9.989574106013249244e-01 -4.561773683973988774e-02 1.764621862102884594e-03 1.875455355940669477e+01 4.560781563565022984e-02 9.989453392898778317e-01 5.304362730379273520e-03 7.549177685286572181e-01 -2.004733807893667626e-03 -5.218351909476426874e-03 9.999843748007807287e-01 -3.858571645323414234e-01
9.988806238805008064e-01 -4.723201817527744595e-02 2.575984315103702592e-03 1.934335160124867414e+01 4.722274715305012360e-02 9.988780812523567754e-01 3.548372152010139443e-03 7.902944827885666212e-01 -2.740691047983343821e-03 -3.422755132977718228e-03 9.999903866337311875e-01 -4.156138134062824507e-01
9.988133948995541189e-01 -4.866322084339484016e-02 1.921745658053342814e-03 1.994555373867770953e+01 4.866178189265048942e-02 9.988150024439330643e-01 7.885911222633020749e-04 8.249914448026014480e-01 -1.957843778083006789e-03 -6.941398079501183514e-04 9.999978425065064735e-01 -4.237649594320971880e-01
9.987749449821644587e-01 -4.946369823986499631e-02 1.397079922563201470e-03 2.054841286335275186e+01 4.946521943824454953e-02 9.987752670468619254e-01 -1.076104732845384240e-03 8.652453568960567498e-01 -1.342140752963915957e-03 1.143893310285049817e-03 9.999984450819380255e-01 -4.411673256255275177e-01
9.987452333958152240e-01 -5.007947512771435128e-02 7.028564024354795202e-05 2.114014274470363475e+01 5.007952012007400866e-02 9.987435797775949808e-01 -1.817558136023029796e-03 9.026487959100081282e-01 2.082502552233888234e-05 1.818797395907512755e-03 9.999983457698072842e-01 -4.487365733869524975e-01
9.987153079738192440e-01 -5.065092177708824250e-02 -1.489208477872040227e-03 2.175601018560746169e+01 5.064826139222129708e-02 9.987149794525311819e-01 -1.772973512365202085e-03 9.391643622552141579e-01 1.577097557066169196e-03 1.695269967176461865e-03 9.999973194079241345e-01 -4.572858295135737716e-01
9.986636376958026862e-01 -5.162415307989631080e-02 -2.426017924506381970e-03 2.237385717223900983e+01 5.162187454029772832e-02 9.986662088411946137e-01 -9.926669638899003091e-04 9.854401223323342451e-01 2.474027714548779691e-03 8.661048082473538383e-04 9.999965645187631758e-01 -4.714889313012045613e-01
9.986373591055242027e-01 -5.205831165787833115e-02 -3.654748428488644937e-03 2.298715155835748902e+01 5.205609178325142083e-02 9.986439171875217680e-01 -6.999804395644747745e-04 1.034260710242494552e+00 3.686232086838105507e-03 5.087746979540922311e-04 9.999930763966862202e-01 -4.861808754468138760e-01
9.986003715101888778e-01 -5.270965601902170838e-02 -4.357772604118682370e-03 2.361230018603482961e+01 5.271159614873952015e-02 9.986097224392005423e-01 3.314835666171994872e-04 1.062788470737538127e+00 4.334241705879759120e-03 -5.607247623898027307e-04 9.999904499226859311e-01 -4.990484316199066406e-01
9.985957166189857181e-01 -5.277043161539969607e-02 -4.677210422751367121e-03 2.425300504409199576e+01 5.277244429391463043e-02 9.986065162727203459e-01 3.078650787388249703e-04 1.108652592259355085e+00 4.654446633053844172e-03 -5.542605754107208030e-04 9.999890144005355586e-01 -5.047686456472105787e-01
9.986152172314646247e-01 -5.246980650167867855e-02 -3.816715791244363904e-03 2.488566084708332582e+01 5.246859081687435533e-02 9.986224873479960795e-01 -4.180198473951169096e-04 1.149007916185363465e+00 3.833391637459504248e-03 2.171832815984350244e-04 9.999926289428218151e-01 -5.106258747910377149e-01
9.986368660068241088e-01 -5.217043085056673191e-02 -1.629722962555129684e-03 2.554512185364274046e+01 5.217111176267663630e-02 9.986380886679289137e-01 3.780993414214907562e-04 1.188606228961017974e+00 1.607777818838014875e-03 -4.626084001780658554e-04 9.999986005209974271e-01 -5.183150205930214804e-01
9.986668730101397884e-01 -5.160537621020917787e-02 1.167004006930574302e-03 2.620443419591896017e+01 5.160403720075606993e-02 9.986669621538996067e-01 1.149802976476306830e-03 1.239718882079764883e+00 -1.224784361591462964e-03 -1.088048024908267819e-03 9.999986580264811353e-01 -5.365924188611504997e-01
9.986777922321637968e-01 -5.130563694518718715e-02 3.224735638722164410e-03 2.687963012278896358e+01 5.130152017908323064e-02 9.986823020695575481e-01 1.346684953547661739e-03 1.278507826556946725e+00 -3.289578940551058945e-03 -1.179470515799138815e-03 9.999938937412049533e-01 -5.585250917359324552e-01
9.986943476330406577e-01 -5.098484510430576627e-02 3.185212003199653849e-03 2.755902103295985839e+01 5.098239333613691776e-02 9.986991936259204117e-01 8.462982073355097574e-04 1.324264977911324026e+00 -3.224217042136149312e-03 -6.828035048718392695e-04 9.999945690871721027e-01 -5.791457317531526483e-01
9.987477745017081521e-01 -4.999578066525909442e-02 1.817922868692728889e-03 2.824679008470648611e+01 4.999594922693969407e-02 9.987494194327171115e-01 -4.736779261240863810e-05 1.360988881331403277e+00 -1.813281219910275240e-03 1.381972568963558100e-04 9.999983464550007417e-01 -5.981551780654555950e-01
9.987871889192004859e-01 -4.923097967653990159e-02 -6.796256097965876816e-04 2.894429768517127854e+01 4.923164926545399445e-02 9.987868800971295702e-01 1.006407693404185811e-03 1.416266773224302611e+00 6.292547057425482669e-04 -1.038646200655149237e-03 9.999992626260206796e-01 -6.186729212965138558e-01
9.988231310125484930e-01 -4.837897178640334500e-02 -3.439192227803441679e-03 2.965247878160576533e+01 4.838428003798937033e-02 9.988277023178699920e-01 1.477338014754792789e-03 1.455702014788925913e+00 3.363688376591585268e-03 -1.642002221315763070e-03 9.999929946900679711e-01 -6.329477156266370974e-01
9.988764654298996071e-01 -4.705852718573289017e-02 -5.594803783896011226e-03 3.036432185930808103e+01 4.707237822723596421e-02 9.988886689847082945e-01 2.370270446579435600e-03 1.493056038561511700e+00 5.477044668678598960e-03 -2.630968085614940506e-03 9.999815398239257913e-01 -6.486368813815502898e-01
9.989628040319518121e-01 -4.494767614398068739e-02 -7.281659829743314209e-03 3.109176970705278720e+01 4.495916716175225175e-02 9.989878132487022278e-01 1.422064941409488135e-03 1.531268742719985587e+00 7.210370915694008266e-03 -1.747967342886401791e-03 9.999724772019609187e-01 -6.530872748949003714e-01
9.990800468186586958e-01 -4.236180101281800114e-02 -6.673669438715776510e-03 3.181859161084809884e+01 4.237827594003505671e-02 9.990988810683334442e-01 2.346822608194392128e-03 1.572756646459753993e+00 6.568240036500152222e-03 -2.627482246276415922e-03 9.999749769668581090e-01 -6.500097320294918601e-01
9.992199764814901908e-01 -3.941565615635175823e-02 -2.417571114673196155e-03 3.255896818938921200e+01 3.942652559694403980e-02 9.992117619120276517e-01 4.626438804842165214e-03 1.618554559986316033e+00 2.233311371880166828e-03 -4.718146503202536382e-03 9.999863756141332827e-01 -6.632891224182977385e-01
9.993187350174806971e-01 -3.687045822696263103e-02 1.623315494913085731e-03 3.331166319096100636e+01 3.686012623737554977e-02 9.993024755900258294e-01 5.991107861709190838e-03 1.656714166454927417e+00 -1.843078084878670446e-03 -5.927190715650927991e-03 9.999807355511372009e-01 -6.806145510495898998e-01
9.994076862887896207e-01 -3.426710422228155389e-02 3.168935958269278059e-03 3.405092813968229137e+01 3.425864894088096607e-02 9.994093933173840982e-01 2.685055255229626490e-03 1.688719131187850220e+00 -3.259073431789080971e-03 -2.574901395676114802e-03 9.999913741243815490e-01 -7.005790967716729600e-01
9.995105474638557030e-01 -3.118225187026957626e-02 2.516481035609159818e-03 3.477218285295919031e+01 3.118236977638345550e-02 9.995137116403276512e-01 -7.622651015890104318e-06 1.718425316757688615e+00 -2.515019608750309991e-03 8.608876227763945406e-05 9.999968336275333325e-01 -7.124057404982500064e-01
9.996197397828967546e-01 -2.753351304846371819e-02 1.510462043138673365e-03 3.551035176500977286e+01 2.753314611773913581e-02 9.996208564234119187e-01 2.631884948198477225e-04 1.746997556781348271e+00 -1.517135865013665048e-03 -2.215006425666325967e-04 9.999988246174255080e-01 -7.308240574719679916e-01
9.997045304519577291e-01 -2.430607732014456943e-02 -2.576803018384734721e-04 3.623889511988719647e+01 2.430656452174273160e-02 9.997023561053431928e-01 2.095260980394626858e-03 1.772645222066835391e+00 2.066760294745042289e-04 -2.100905217462337767e-03 9.999977717386604459e-01 -7.505514289932445626e-01
9.997763136582021870e-01 -2.100298208556755294e-02 -2.489456070999672855e-03 3.696772913616575096e+01 2.101057910135139747e-02 9.997745526465772192e-01 3.065851621040522907e-03 1.793715266736957137e+00 2.424502803043280998e-03 -3.117470745605995571e-03 9.999922015507463069e-01 -7.556275988741149030e-01
9.998320178667751135e-01 -1.794411333773109421e-02 -3.734279713049826720e-03 3.769363461678864979e+01 1.796660737991466125e-02 9.998201016675553054e-01 6.079911244032538443e-03 1.820770358838365910e+00 3.624509305910302015e-03 -6.145982265023094103e-03 9.999745445931558230e-01 -7.690681183648386821e-01
9.998839071876065576e-01 -1.463870995458291073e-02 -4.228512517591947843e-03 3.841227378286736638e+01 1.466464905551605712e-02 9.998734322947557818e-01 6.169883239005328687e-03 1.834941456571151042e+00 4.137658193276557740e-03 -6.231176612005315946e-03 9.999720257200725992e-01 -7.898898936184357567e-01
9.999219155275617110e-01 -1.055499861531176975e-02 -6.689906720011884987e-03 3.912163616122717968e+01 1.058492274543592140e-02 9.999340606319587765e-01 4.453515303138638227e-03 1.858566357079680653e+00 6.642458743932614686e-03 -4.523979698551196076e-03 9.999677051532825933e-01 -8.019059265047424612e-01
9.999309288783122529e-01 -5.971267418093060761e-03 -1.012331161118904151e-02 3.983746810762320933e+01 6.015776015340597305e-03 9.999723480425931621e-01 4.371909092843476174e-03 1.865882768309842676e+00 1.009692584348659099e-02 -4.432506695364926350e-03 9.999392006381720988e-01 -7.951974209475302091e-01
9.999435610318132550e-01 -7.066090824639885155e-04 -1.060072896648448296e-02 4.054760745158139201e+01 7.871710585950195994e-04 9.999708293808780013e-01 7.597417261373400760e-03 1.882932324528077794e+00 1.059505133261723006e-02 -7.605333058024710616e-03 9.999149482812704770e-01 -7.991410667227210052e-01
9.999453639907113223e-01 4.366277168036171788e-03 -9.497613235738956369e-03 4.127274768518872605e+01 -4.272728105243605440e-03 9.999423803142599709e-01 9.847834583828327451e-03 1.893153285864698443e+00 9.540064361546999813e-03 -9.806715818441455804e-03 9.999064033682522057e-01 -8.086534608264859258e-01
9.999201536025239534e-01 9.228289459104388817e-03 -8.632791736383814071e-03 4.197399858458863520e+01 -9.141109430962713125e-03 9.999073698775093888e-01 1.008423437910511283e-02 1.889686423255686254e+00 8.725052313651669375e-03 -1.000451589536164101e-02 9.999118876800212607e-01 -8.168967631844223920e-01
9.998662822565376196e-01 1.428511668146901711e-02 -7.959462788819990711e-03 4.268625697332716840e+01 -1.419797622965159045e-02 9.998398013488463132e-01 1.089904168639298579e-02 1.886169882525745578e+00 8.113881775823632639e-03 -1.078457602765631532e-02 9.999089247738673913e-01 -8.184737368053249806e-01
9.997720754978585145e-01 2.028960095245600781e-02 -6.642977336578242270e-03 4.338775249581448179e+01 -2.020631518629923545e-02 9.997192642651908656e-01 1.237325679266764247e-02 1.884828610805092008e+00 6.892160858259830866e-03 -1.223620653043496279e-02 9.999013818214516069e-01 -8.173922808904794390e-01
9.996475113182623495e-01 2.637038388934266273e-02 -3.075055891082192992e-03 4.409237858598380910e+01 -2.633022840039124859e-02 9.995758963441637723e-01 1.243971543664667417e-02 1.870869772623382277e+00 3.401791820175438779e-03 -1.235436365379505644e-02 9.999178953849771068e-01 -8.281299773839038147e-01
9.994601860138606630e-01 3.283411711885318718e-02 1.121305562503075760e-03 4.479137441538494357e+01 -3.284484548888097488e-02 9.993944405689961785e-01 1.148774497430668853e-02 1.855844475974035568e+00 -7.434365814267620848e-04 -1.151837283684659097e-02 9.999333849758397230e-01 -8.365715368231593230e-01
9.992165616473741574e-01 3.932836159676949411e-02 4.420735652919416739e-03 4.549171789300874735e+01 -3.937273019079983588e-02 9.991700255702757882e-01 1.044261074716459903e-02 1.835087346360721128e+00 -4.006375783888122336e-03 -1.060848603751097380e-02 9.999357024214458045e-01 -8.605587700550332286e-01
9.989670615743446724e-01 4.512288061346322182e-02 5.360553578002007040e-03 4.617701918457594701e+01 -4.517135256579691421e-02 9.989360161577789388e-01 9.294327851009717353e-03 1.806052403418293872e+00 -4.935463189606155605e-03 -9.526870838251542614e-03 9.999424383108935777e-01 -8.750204974844308925e-01
9.986931974888537678e-01 5.089714742057128288e-02 4.623599673187106691e-03 4.687575824332925833e+01 -5.093781265275412057e-02 9.986599096377941631e-01 9.150088763812016038e-03 1.771896498548155785e+00 -4.151690215103317518e-03 -9.373647458772395649e-03 9.999474477199671307e-01 -8.917147391225138664e-01
9.984054765866873238e-01 5.637739398445362760e-02 2.844955049099916981e-03 4.757487881352935233e+01 -5.640097587955097969e-02 9.983673494994406150e-01 9.031355008861171804e-03 1.739218217233973185e+00 -2.331145972266899982e-03 -9.177412542948295074e-03 9.999551694238459909e-01 -9.124024597441163786e-01
9.981084649833880107e-01 6.147399467289519498e-02 6.634059555199135674e-04 4.826001501158690132e+01 -6.147749044862097639e-02 9.980668020336503909e-01 9.120134125212078779e-03 1.705013496529302230e+00 -1.014723838464614181e-04 -9.143667605452075048e-03 9.999581906490272454e-01 -9.237162050498660681e-01
9.977746715182315151e-01 6.667428401385139258e-02 -4.946998337287573932e-04 4.895268656437215782e+01 -6.666631657258867416e-02 9.977277409630592730e-01 9.744595804539318840e-03 1.669319801950378102e+00 1.143289695833033144e-03 -9.689931062228387959e-03 9.999523979293617471e-01 -9.307808625226013932e-01
9.974214491334142396e-01 7.175591902600240990e-02 1.241327246840560764e-03 4.964799658324192677e+01 -7.176480784963791548e-02 9.973706710102775430e-01 1.007754746023034088e-02 1.628428243340133807e+00 -5.149397095877260994e-04 -1.014064560284173681e-02 9.999484497432120644e-01 -9.397034026498028991e-01
9.970307211214201049e-01 7.694641826030695908e-02 2.998309025268625083e-03 5.033678801881722364e+01 -7.697020782070715383e-02 9.969941122303277448e-01 8.850270396871116191e-03 1.576085649422864776e+00 -2.308299837165414883e-03 -9.054771944697594110e-03 9.999563404753686324e-01 -9.622945172088929189e-01
9.966391329841711721e-01 8.186532637772835075e-02 2.916666183764879232e-03 5.103245470170487863e+01 -8.188355024305495056e-02 9.966187009284785958e-01 6.800673439071189263e-03 1.522831867190801214e+00 -2.350064712427865632e-03 -7.016644262024923293e-03 9.999726215747847258e-01 -9.755141264486368868e-01
9.962296149479592522e-01 8.675130885772772138e-02 8.744781940851831855e-04 5.172610142112333875e+01 -8.675338423691897338e-02 9.962261326586088206e-01 2.709784403507207919e-03 1.470152963899017839e+00 -6.361006856612590101e-04 -2.775431415676250010e-03 9.999959461699705621e-01 -9.939459579005830436e-01
