1.000000000000000000e+00 0.000000000000000000e+00 0.000000000000000000e+00 0.000000000000000000e+00 0.000000000000000000e+00 1.000000000000000000e+00 0.000000000000000000e+00 0.000000000000000000e+00 0.000000000000000000e+00 0.000000000000000000e+00 1.000000000000000000e+00 0.000000000000000000e+00
9.999999383849531576e-01 2.452305367488845779e-04 2.511813562861946723e-04 -1.882447254466177583e-02 -2.452709845761988513e-04 9.999999569586022208e-01 1.610122287502921824e-04 1.058719617684151376e-02 -2.511418603597183915e-04 -1.610738263280796592e-04 9.999999554914932309e-01 2.959496322724169699e-03
9.999998377728346322e-01 2.088618347712421395e-04 5.299349379602601596e-04 -1.447614236500630383e-02 -2.085438364317488129e-04 9.999997982218050696e-01 -6.000548452772705259e-04 1.529704469333686805e-02 -5.300601595868929122e-04 5.999442332670524170e-04 9.999996795515208037e-01 8.446388933798412713e-03
9.999999351027953898e-01 3.484063485467970536e-04 9.169199175044226782e-05 -8.703864736805408744e-03 -3.483498635557390915e-04 9.999997500128812167e-01 -6.153263748995620478e-04 1.713790302202862492e-02 -9.190635244406871861e-05 6.152943940737849509e-04 9.999998064829968003e-01 -3.530725859118800589e-03
9.999999821238745312e-01 1.791347600226919537e-04 6.052262625855373072e-05 -6.604208832960332953e-03 -1.791382159601046084e-04 9.999999823244885011e-01 5.710098235314654683e-05 1.029912431786787763e-04 -6.051239641801446195e-05 -5.711182324769539906e-05 9.999999965382447842e-01 -5.930946036545989633e-03
9.999999929506835361e-01 -6.680812562822237169e-05 -9.815960070687734080e-05 -7.895549378963690260e-03 6.680358651182205065e-05 9.999999966993516898e-01 -4.624475626562986542e-05 -2.006474078194422569e-03 9.816268990837326855e-05 4.623819852625815668e-05 9.999999941130576220e-01 -6.157254430296708013e-03
9.999999698136836646e-01 -3.573915525743084475e-05 2.430953404449853023e-04 -2.175480575303227401e-03 3.565720288806976251e-05 9.999999425405936559e-01 3.371162607231900968e-04 6.455202122490318398e-03 -2.431073747272531626e-04 -3.371075824470165711e-04 9.999999136286373824e-01 -7.857421082105211368e-05
9.999999373362469246e-01 2.350883184108411468e-04 2.646903563898736012e-04 -3.310762972335475670e-03 -2.350950058088615278e-04 9.999999720467874775e-01 2.523415529693849915e-05 1.504149589018197695e-02 -2.646844167357925237e-04 -2.529638109654465129e-05 9.999999646511257279e-01 2.372759364283637869e-03
9.999999268759864890e-01 3.622901698651985426e-04 -1.224493960498886644e-04 -1.336400730091627173e-02 -3.622971038386395412e-04 9.999999327680660910e-01 -5.660982017926295895e-05 1.817982006483033486e-02 1.224288786360101680e-04 5.665417910128136902e-05 9.999999909007367682e-01 -7.055664716385055130e-03
9.999999799164702718e-01 1.736499401117794705e-04 1.000637659786492227e-04 -2.500701386571459878e-03 -1.736301183160212085e-04 9.999999653111623088e-01 -1.980662925829917672e-04 -1.693495789554515241e-03 -1.000981567073986743e-04 1.980489145215955083e-04 9.999999753784929446e-01 -2.255043359945842207e-03
9.999999208686751739e-01 1.826840928813566463e-04 3.533966122638020112e-04 -1.729131745518974750e-02 -1.826600691941566057e-04 9.999999810049370330e-01 -6.801047436048452126e-05 1.280294370147592314e-02 -3.534090299828260675e-04 6.794591752907649365e-05 9.999999352427028088e-01 1.380730883868054202e-03
9.999998687224304073e-01 7.336130967159587937e-05 5.071225100554667626e-04 -1.720391699486362169e-02 -7.327962825988182296e-05 9.999999843408423628e-01 -1.610851052545666932e-04 6.739032889678739369e-04 -5.071343195286454183e-04 1.610479223586865169e-04 9.999998584391642797e-01 5.252140798973389813e-03
9.999999984105822914e-01 4.444722339281674008e-05 3.468832277948949455e-05 -5.536151095856589599e-03 -4.446661996264886262e-05 9.999998425657299350e-01 5.593668161937573801e-04 -1.209898694994885476e-03 -3.466345501652082331e-05 -5.593683577771560748e-04 9.999998429527302557e-01 -5.951313484920983318e-03
9.999999996088001497e-01 2.576066981130777152e-05 1.089897160840810184e-05 1.568880914206808273e-03 -2.575997485646388280e-05 9.999999976356274134e-01 -6.375867727068950416e-05 3.204051033592992398e-03 -1.090061404887164646e-05 6.375839648851253550e-05 9.999999979080217427e-01 -7.364690356631155288e-03
9.999998509682691550e-01 3.829637908839063245e-04 -3.891043232930163067e-04 -9.192628994455075142e-03 -3.831559710594578737e-04 9.999998046026555842e-01 -4.939495445210156628e-04 9.331704744722382414e-03 3.889150824729896861e-04 4.940985585516949113e-04 9.999998023058169760e-01 7.700184534851491763e-03
9.999972255931607323e-01 1.540273577040856114e-04 -2.350549202688425026e-03 -5.914628688045304658e-03 -1.555763030853758234e-04 9.999997708872359059e-01 -6.588030734236234240e-04 1.323700979197096547e-02 2.350447190450953485e-03 6.591669353910453114e-04 9.999970204440392640e-01 -6.547123646196650187e-03
9.999952351148062579e-01 2.538755851887570755e-04 -3.076571934896928269e-03 5.822231850253893962e-03 -2.552161389546173478e-04 9.999998726697458817e-01 -4.353449373665213692e-04 2.460522992897826167e-03 3.076461019705508879e-03 4.361280538083156955e-04 9.999951725783055023e-01 -4.236734095268153422e-03
9.999934024089948137e-01 2.338589072037193560e-04 -3.624975654208240430e-03 3.943924796364272831e-03 -2.357389391690310494e-04 9.999998379404849702e-01 -5.182143921676721655e-04 1.519243344150462104e-02 3.624853877694994737e-03 5.190655211162963599e-04 9.999932954801997731e-01 -1.143085928068983924e-02
9.999949980889379919e-01 1.651677852847059882e-05 -3.162834851980408750e-03 2.158792011191414464e-02 -1.560806621119349032e-05 9.999999585978054384e-01 2.873339096526749846e-04 3.402470978724887046e-03 3.162839466862654193e-03 -2.872831066982290760e-04 9.999949569447454945e-01 -9.587975796260502295e-03
9.999964083142858229e-01 2.146141733598209533e-04 -2.671572436723448733e-03 4.544690332009686945e-02 -2.129057894402826983e-04 9.999997727047574836e-01 6.397355377480216758e-04 1.176156738732686904e-02 2.671709125801346313e-03 -6.391644467803423314e-04 9.999962267124596904e-01 -4.002180470974057644e-03
9.999962767941320552e-01 1.717741998124218427e-04 -2.723397051076146148e-03 7.133317155422139177e-02 -1.705441290407795391e-04 9.999998833534290421e-01 4.518936029495099595e-04 1.537857013686640822e-02 2.723474357063265707e-03 -4.514274610784877947e-04 9.999961894430767773e-01 -3.694579304695149238e-03
9.999939997615140408e-01 -1.514683005609204791e-04 -3.460852253865339713e-03 9.752144112916509566e-02 1.498253786292383914e-04 9.999998759777635193e-01 -4.749703291759408059e-04 7.653243655231003681e-03 3.460923767591279898e-03 4.744489557413767550e-04 9.999938984338171410e-01 -1.151291931746797545e-02
9.999944407291486703e-01 2.955983915192277349e-04 -3.321314858320961738e-03 1.277781640969664623e-01 -2.972469096753764008e-04 9.999998328823750393e-01 -4.958623768063332229e-04 2.423651411931175906e-02 3.321167727149711840e-03 4.968468707507703221e-04 9.999943614781611201e-01 -2.243370544707141978e-03
9.999934196401020214e-01 -3.538623211284921597e-04 -3.610465060419067521e-03 1.534287292805769365e-01 3.527014709842061948e-04 9.999998859087914083e-01 -3.221553608350521264e-04 6.090068442950943850e-04 3.610578647140494542e-03 3.208798245990878394e-04 9.999934303574053995e-01 -1.929277943292027897e-03
9.999877853011277518e-01 2.760719179136558716e-05 -4.942518223388438735e-03 1.947234595018866865e-01 -2.964046706196874571e-05 9.999999149720607550e-01 -4.113116991630404303e-04 2.358042297011815266e-02 4.942506447975335802e-03 4.114531736630960487e-04 9.999877010925172227e-01 -1.478374227639382872e-02
9.999839276344244521e-01 -1.763079862360106146e-04 -5.666867593666463122e-03 2.469457455907332066e-01 1.727793178521749937e-04 9.999997909046794975e-01 -6.231676376148273565e-04 1.987940623947210064e-02 5.666976278182242650e-03 6.221785043195483941e-04 9.999837490048382183e-01 -9.437905068001361392e-03
9.999798746341136413e-01 -4.251389806029031121e-04 -6.330053995786019162e-03 3.012642046433096077e-01 4.191254124966208006e-04 9.999994596819929971e-01 -9.512989071377773824e-04 1.655480177111393059e-02 6.330455009791488390e-03 9.486266754070941248e-04 9.999795125135313434e-01 -8.531133457724726817e-04
9.999733777637127563e-01 -3.785553130839523013e-04 -7.287006223817546480e-03 3.667186720630662977e-01 3.744274245018889744e-04 9.999997686874770864e-01 -5.678284038405181401e-04 2.419835074589286178e-02 7.287219492700945309e-03 5.650848320058671822e-04 9.999732881988387945e-01 -6.822003041298764850e-03
9.999712225253305498e-01 -6.604035300783313257e-04 -7.557644366691108548e-03 4.477262202553278225e-01 6.568324480654372808e-04 9.999996714801807629e-01 -4.749849109338052933e-04 2.406895881753014568e-02 7.557955565567061815e-03 4.700071360165808529e-04 9.999713277894326513e-01 -9.262564252556539091e-03
9.999683261971352710e-01 -1.032976750761071269e-03 -7.891740082647910604e-03 5.271369474916925979e-01 1.029640196029646361e-03 9.999993788233171310e-01 -4.268419455869717485e-04 2.401737291704232266e-02 7.892176098289026970e-03 4.187027730736201650e-04 9.999687686345115623e-01 -1.553595944383008055e-02
9.999692013315718553e-01 -1.461079200286938403e-03 -7.711137132022800530e-03 6.296990717498052170e-01 1.460736584785964900e-03 9.999989318705861940e-01 -5.006312485827398668e-05 3.141507036620505566e-02 7.711202041720847597e-03 3.879764286164377523e-05 9.999702674868962138e-01 -5.730228918048071995e-03
9.999657909352355212e-01 -1.887035666582056277e-03 -8.053325751626863246e-03 7.334621365176258179e-01 1.885821169574989015e-03 9.999982092927042210e-01 -1.583979211070566035e-04 2.261816736308388393e-02 8.053610233004325145e-03 1.432053702744135696e-04 9.999675589010059706e-01 -1.396410559324505474e-02
9.999648343038310960e-01 -2.084709401324000202e-03 -8.123062379646935754e-03 8.535298895984460010e-01 2.081268868461990090e-03 9.999977408533994305e-01 -4.319814747846069847e-04 3.556960489527561525e-02 8.123944584299856025e-03 4.150600070079801611e-04 9.999669140774517517e-01 -1.563523202073992258e-02
9.999649786510600435e-01 -2.682517781735797337e-03 -7.927519772013497459e-03 9.764968200561268130e-01 2.680664256944781561e-03 9.999963771411295443e-01 -2.444253614918818302e-04 3.494680470849112486e-02 7.928146727106679184e-03 2.231657824869476281e-04 9.999685468486031459e-01 -1.989017967452460373e-02
9.999710137323524206e-01 -2.721649956191743436e-03 -7.110859062554033758e-03 1.116596300785684504e+00 2.722274207779986147e-03 9.999962915540305808e-01 7.811097173634333772e-05 5.507062230977256834e-02 7.110620101594600576e-03 -9.746641581195979317e-05 9.999747144713553304e-01 -1.333290981261768364e-02
9.999699369933818804e-01 -3.136876364569121233e-03 -7.091199907301096519e-03 1.250741379489319405e+00 3.134355215922869555e-03 9.999950206921323081e-01 -3.666174058938097367e-04 6.800201721407761468e-02 7.092314631508995007e-03 3.443800448557090242e-04 9.999747899200021051e-01 -1.304896634555446217e-02
9.999656625488264616e-01 -3.666294204462352928e-03 -7.431824143021286723e-03 1.404109295718505068e+00 3.667677317251216013e-03 9.999932591730645859e-01 1.724863140083723791e-04 6.710993123029503071e-02 7.431141660807526368e-03 -1.997379241031461256e-04 9.999723687374459935e-01 -2.232247481888514906e-02
9.999706183761203349e-01 -3.885341915711833238e-03 -6.608063458943569737e-03 1.561324144428254845e+00 3.886221301513722443e-03 9.999924413843013227e-01 1.202425068450480603e-04 7.007854434388095799e-02 6.607546327879475906e-03 -1.459193709008385490e-04 9.999781592810225161e-01 -1.941764327611601726e-02
9.999720629923141146e-01 -4.515183407917508669e-03 -5.957042360792620672e-03 1.745118140334678269e+00 4.517506835802789951e-03 9.999897250872112897e-01 3.766324363575556202e-04 8.474775971452047640e-02 5.955280588174360207e-03 -4.035328939603338304e-04 9.999821857384858514e-01 -1.391078375730333758e-02
9.999695997103692502e-01 -5.133920715650801790e-03 -5.868774418001850360e-03 1.927384042317066282e+00 5.145769183390017272e-03 9.999847492260933723e-01 2.005585884107530074e-03 9.225511007188046120e-02 5.858388395732655810e-03 -2.035724272260195332e-03 9.999807673710989775e-01 -7.498894357344324142e-03
9.999659617262499633e-01 -5.444558309333930382e-03 -6.199368815631524365e-03 2.142960645149435184e+00 5.464616808748316845e-03 9.999798741325651719e-01 3.223242614619556065e-03 1.175398300332876900e-01 6.181694915596135098e-03 -3.257010076038607121e-03 9.999755889687182986e-01 -1.946983043294420873e-02
9.999660571716301183e-01 -5.990339913033331139e-03 -5.656883625321289244e-03 2.342747410258078755e+00 6.019094147134981289e-03 9.999689826812789839e-01 5.079781591365009272e-03 1.318901189725275036e-01 5.626278545542668513e-03 -5.113658484330492471e-03 9.999710973256344948e-01 -1.452731788984129579e-02
9.999609990231398404e-01 -6.743606447525193198e-03 -5.702999625203733665e-03 2.576520615650103707e+00 6.773297268047194855e-03 9.999635250242903117e-01 5.202986172788528867e-03 1.323221807816978290e-01 5.667704717329730309e-03 -5.241411363026267541e-03 9.999702019211176296e-01 -1.748863637002166446e-02
9.999604291457749872e-01 -7.244753090729342919e-03 -5.162721690346741901e-03 2.804421176519410697e+00 7.275908726210133896e-03 9.999552783861451744e-01 6.041719945072872473e-03 1.434111434172092303e-01 5.118720035855478523e-03 -6.079044360851445540e-03 9.999684214638246971e-01 -1.646311727484991994e-02
9.999576499343237890e-01 -7.767988294755873331e-03 -4.935250315522144403e-03 3.045668898503441469e+00 7.799796175383189208e-03 9.999487221085046063e-01 6.458818250350504934e-03 1.571814683072852159e-01 4.884825221725283724e-03 -6.497038665508980508e-03 9.999669629398423298e-01 -1.798084629442829596e-02
9.999558411898077370e-01 -8.517592328372399629e-03 -3.970678948442811322e-03 3.299841166271113568e+00 8.543565159233365569e-03 9.999419147402895947e-01 6.570741198168867335e-03 1.661463491842953277e-01 3.914481415703620869e-03 -6.604374796377892980e-03 9.999705291001306229e-01 -1.500294511633393918e-02
9.999438908515285718e-01 -9.186416579374880736e-03 -5.274931197324164885e-03 3.576205747654321865e+00 9.212646172528479033e-03 9.999452120233587316e-01 4.969919723683734192e-03 1.708892946730716511e-01 5.228986441569130790e-03 -5.018236940425446421e-03 9.999737371545333042e-01 -2.578267183759033743e-02
9.999196301779289531e-01 -9.868142127850278861e-03 -7.959457002734753039e-03 3.843467077041718305e+00 9.906555998056624374e-03 9.999394020391834115e-01 4.801291261490466498e-03 1.710516751723138162e-01 7.911594851305586013e-03 -4.879756189077784530e-03 9.999567963899460565e-01 -1.801377141184078851e-02
9.998775751835301540e-01 -1.045745807354517450e-02 -1.163942506072112096e-02 4.123809504570602691e+00 1.048595353313376034e-02 9.999421650159355801e-01 2.389853916985000461e-03 1.932864803702744605e-01 1.161376009761944453e-02 -2.511611809896937674e-03 9.999294036993368051e-01 -1.575247630302194918e-02
9.998195744491589210e-01 -1.074093694066938741e-02 -1.566687020241614575e-02 4.421641064645041475e+00 1.071700412225270495e-02 9.999412739029146513e-01 -1.610766295832975759e-03 2.087326288201329649e-01 1.568325128748531555e-02 1.442573759894681847e-03 9.998759696132319963e-01 -2.013149419547242622e-02
9.997792259294003836e-01 -1.072335359082382533e-02 -1.806956246772764563e-02 4.712252827551764334e+00 1.065433492085655215e-02 9.999355903473640117e-01 -3.911560310529820297e-03 2.144522888650702008e-01 1.811034365778745742e-02 3.718177569033159595e-03 9.998290806973769707e-01 -1.962462584278925129e-02
9.997439562616993181e-01 -1.174993001562130331e-02 -1.933807288313335593e-02 5.025467034605499705e+00 1.161688513313964034e-02 9.999081737884190080e-01 -6.977963235239370739e-03 2.101858437392365997e-01 1.941828772082686283e-02 6.751528400067252460e-03 9.997886511489587624e-01 -1.655353047073918060e-02
9.997261042532586961e-01 -1.195441907940921096e-02 -2.011984938006165444e-02 5.338281030140128003e+00 1.176406332515036145e-02 9.998851668161319317e-01 -9.553009743417549202e-03 2.211970524519735470e-01 2.023173963564088920e-02 9.313702032480717860e-03 9.997519350647768865e-01 -1.879655174024906505e-02
9.997302681552294734e-01 -1.196302523211125769e-02 -1.990670644704428671e-02 5.667264135343843101e+00 1.171969044253790872e-02 9.998557200178485038e-01 -1.229585310260752906e-02 2.469034358626596981e-01 2.005092990871024106e-02 1.205923608217730411e-02 9.997262300424603065e-01 -7.601327905694902493e-03
9.997054079764282619e-01 -1.272465214969534936e-02 -2.066834512853627306e-02 5.993737770222824501e+00 1.247411630585973027e-02 9.998476964724420935e-01 -1.220574787300112221e-02 2.619922972717249610e-01 2.082051116257523440e-02 1.194433281605299796e-02 9.997118781071416826e-01 -5.858147968851408136e-03
9.997307452661473581e-01 -1.327195625464220111e-02 -1.903397348870043693e-02 6.335674464211700219e+00 1.310499545429612278e-02 9.998747850331501930e-01 -8.869799831707967513e-03 2.715713070756237135e-01 1.914930974569489103e-02 8.617971460068343109e-03 9.997794929404067998e-01 -1.917587603082754333e-02
9.998396885376770182e-01 -1.415883452420980439e-02 -1.096013821979208332e-02 6.697029547827409779e+00 1.410996470221931483e-02 9.998902177109358913e-01 -4.523430344258790037e-03 3.030055188997659021e-01 1.102298149245600593e-02 4.368058023112875513e-03 9.999297045033334053e-01 -1.023542224553428137e-02
9.998697601244148636e-01 -1.613424518463748430e-02 3.859029245260177333e-04 7.065738672611587390e+00 1.613501666074142887e-02 9.998676432627123800e-01 -2.087389189156715723e-03 3.235189498724701518e-01 -3.521733987004015826e-04 2.093343877965078356e-03 9.999977469401147845e-01 -2.132406070440001286e-02
9.997580312227015709e-01 -1.751566175369174971e-02 1.330716344823392426e-02 7.426785215980680199e+00 1.754029822192609139e-02 9.998446484734967443e-01 -1.736910243959634541e-03 3.637109931539135865e-01 -1.327467302774909368e-02 1.969901581281563712e-03 9.999099472171313341e-01 -3.188481347890406020e-02
9.995781868871702613e-01 -1.946254888376032499e-02 2.155591543647926780e-02 7.796282618793281216e+00 1.956766892006364666e-02 9.997975980401176965e-01 -4.676460867586663440e-03 3.694990915567069045e-01 -2.146053662870947218e-02 5.096287291600995646e-03 9.997567070159866232e-01 -3.731096912482927130e-02
9.995495392656525979e-01 -2.064934050971795748e-02 2.177896439997391992e-02 8.176819113257593585e+00 2.083984818480807966e-02 9.997462077467611508e-01 -8.556916711300890932e-03 3.777646257327657020e-01 -2.159674238064069468e-02 9.006932468033166522e-03 9.997261904571973501e-01 -3.953296159097029194e-02
9.995850747775503198e-01 -2.159859002863666333e-02 1.905726084026797273e-02 8.553239479480847507e+00 2.177396698843341027e-02 9.997220150834492669e-01 -9.043612059032925601e-03 4.082096905677391474e-01 -1.885663393996251519e-02 9.454811804713541060e-03 9.997774921902331524e-01 -3.802562283240869256e-02
9.995535759805579401e-01 -2.344736481355634908e-02 1.851674452432046022e-02 8.945753691241156602e+00 2.357125206876993853e-02 9.997010227727005649e-01 -6.500857107095646230e-03 4.134047746522120925e-01 -1.835878047119309311e-02 6.934417821011851397e-03 9.998074159702428076e-01 -3.472838996102774189e-02
9.995412085619496123e-01 -2.479317551597967975e-02 1.739743758003053919e-02 9.341094603155198683e+00 2.485524992494686156e-02 9.996854110367421331e-01 -3.360879567665208453e-03 4.518595841231553556e-01 -1.730863766116970404e-02 3.791755284000566505e-03 9.998430045032973279e-01 -3.838631454565156337e-02
9.995858729111383179e-01 -2.585253647270945032e-02 1.263839524642593019e-02 9.731761700168855000e+00 2.586596842002062552e-02 9.996650143163726687e-01 -9.004607381487576747e-04 4.831103239280639117e-01 -1.261088237087912116e-02 1.226992165288425625e-03 9.999197268461375021e-01 -5.544797804079762416e-02
9.996246299239046618e-01 -2.696397772328963660e-02 4.852128897157796661e-03 1.015640202444192575e+01 2.695235181454930240e-02 9.996337275630233776e-01 2.445700333221945133e-03 5.017996326794850193e-01 -4.916297505384949196e-03 -2.314006005416018724e-03 9.999852375885582845e-01 -7.625220326425356798e-02
9.996073476153599646e-01 -2.801922689057710636e-02 -2.711417328233200639e-04 1.056570303167086067e+01 2.801993559262225958e-02 9.996025222453488457e-01 3.111387170081861536e-03 5.272618751852399255e-01 1.838552969532109569e-04 -3.117762850380171712e-03 9.999951228641260625e-01 -9.304246118441625302e-02
9.995808554034207871e-01 -2.892661919298601669e-02 -1.167995303751964567e-03 1.101174122674544265e+01 2.892841860145713845e-02 9.995802773434001587e-01 1.554266164462717861e-03 5.743688538994903281e-01 1.122545404196221815e-03 -1.587402959269710234e-03 9.999981100200442397e-01 -9.947884409556190244e-02
9.995449606559854150e-01 -3.015918241213757026e-02 -5.434551094782314731e-04 1.148237009861476032e+01 3.016032157298067715e-02 9.995425941987989837e-01 2.226518571557969603e-03 5.751985108162972482e-01 4.760565502148350484e-04 -2.241896198870074221e-03 9.999973736323483076e-01 -9.346784456121395857e-02
9.995298416801009500e-01 -3.066070581192326464e-02 1.292674241778223911e-04 1.194247231752841465e+01 3.065964853467362597e-02 9.995168742274900264e-01 5.099420186477515195e-03 6.358622148910606509e-01 -2.855567939026260548e-04 -5.093059357857907844e-03 9.999869895172111001e-01 -9.648782274652804858e-02
9.994899797405244479e-01 -3.193347957789785529e-02 1.824289836537087203e-04 1.242173937274075612e+01 3.193193173415360964e-02 9.994739441212948661e-01 5.673337496396028967e-03 6.668866621359482716e-01 -3.635024228940961829e-04 -5.664618669481662552e-03 9.999838898508904839e-01 -9.723555926681726191e-02
9.994538508875133731e-01 -3.302316090158581574e-02 -1.212761389658400298e-03 1.291592166877443049e+01 3.302861420181438246e-02 9.994429194719354204e-01 4.791801469402520372e-03 6.742467656940176468e-01 1.053845352970498184e-03 -4.829240259340677674e-03 9.999877838496276095e-01 -1.003682094555689575e-01
9.994264059962705282e-01 -3.369795775715164754e-02 -3.362534813943924335e-03 1.341795582957404420e+01 3.370858060257157784e-02 9.994267271536243502e-01 3.154147231001554197e-03 7.262726125666173482e-01 3.254318843889970458e-03 -3.265684306867753899e-03 9.999893723009610769e-01 -1.064398743241475737e-01
9.993828418488188703e-01 -3.485361264008467880e-02 -4.377339844436260556e-03 1.392223393347442340e+01 3.486955703525942279e-02 9.993853138702680772e-01 3.620554182789917971e-03 7.446645380366785361e-01 4.248459761319363891e-03 -3.770955629632499664e-03 9.999838651114806298e-01 -1.097597901766862866e-01
9.993658464072725511e-01 -3.526592170558925238e-02 -4.921361694798542449e-03 1.446662655191183688e+01 3.528843900427026253e-02 9.993667377467013724e-01 4.566131640435610109e-03 8.326833361900511932e-01 4.757216341273380958e-03 -4.736903183635812059e-03 9.999774650665439468e-01 -1.178410441417141741e-01
9.993118117433239522e-01 -3.672355623543819420e-02 -5.223344493524894119e-03 1.500737695130083260e+01 3.675079775426681045e-02 9.993108349684929337e-01 5.218618495199133824e-03 8.477176972527221688e-01 5.028098517372698445e-03 -5.406989180317061695e-03 9.999727409751245633e-01 -1.207179127742021435e-01
9.992547993659957051e-01 -3.851580664213518496e-02 -2.525585621053107709e-03 1.557202971221889776e+01 3.852998391252584337e-02 9.992404481292654905e-01 5.828135390083099415e-03 8.641513760683575684e-01 2.299191972001310945e-03 -5.921103033244229027e-03 9.999798269240962600e-01 -1.192902263991737211e-01
9.992180093467956103e-01 -3.953946574656935081e-02 2.110694291156017571e-05 1.613829778356754829e+01 3.953906633127941134e-02 9.992100470988481975e-01 3.992995162559214405e-03 9.124819494668540143e-01 -1.789711648769999022e-04 -3.989038128847971661e-03 9.999920277402859492e-01 -1.193845379374020854e-01
9.991738414016756442e-01 -4.061986736721330538e-02 1.288810959389649798e-03 1.670989849992998089e+01 4.061766310132655655e-02 9.991733283663837284e-01 1.692727216602662879e-03 9.458950171885612823e-01 -1.356503890955700932e-03 -1.638980266108262763e-03 9.999977368178796233e-01 -1.376475599231165026e-01
9.991440740627662853e-01 -4.132784332551703299e-02 1.768793746844075573e-03 1.729313180512992432e+01 4.132647148677401350e-02 9.991453719764907815e-01 8.052405930597157386e-04 9.878579879498384786e-01 -1.800560943209533141e-03 -7.314533624054667116e-04 9.999981114763509815e-01 -1.456189811372218257e-01
9.990957707536233245e-01 -4.248802308601637434e-02 1.552016902469687118e-03 1.787789301576397349e+01 4.248366732139850777e-02 9.990934062993136466e-01 2.739251751736632851e-03 1.032008109961735753e+00 -1.666995245388746107e-03 -2.670839470427814263e-03 9.999950438594058522e-01 -1.488374219521938213e-01
9.990440629899521863e-01 -4.368781419672552319e-02 1.528101842441569221e-03 1.846337123065083219e+01 4.368113564212022099e-02 9.990368608818319673e-01 4.160407238464434478e-03 1.095137309088184185e+00 -1.708389166197315286e-03 -4.089680927353651387e-03 9.999901779099479304e-01 -1.419828886754474495e-01
9.989765243949974005e-01 -4.515527060885566463e-02 2.627783083178038964e-03 1.903692732684250544e+01 4.514184622128009777e-02 9.989682663651628935e-01 4.961503312033784148e-03 1.151280333278744017e+00 -2.849109935667687270e-03 -4.837802354586073598e-03 9.999842389962716460e-01 -1.517233795227097004e-01
9.988914317901407269e-01 -4.699245694656473127e-02 2.759798247676433555e-03 1.963336487863490021e+01 4.698615005025155722e-02 9.988928760951318875e-01 2.307333926999407744e-03 1.178087283005092578e+00 -2.865170099289685631e-03 -2.175103795384660324e-03 9.999935298409592388e-01 -1.665469845230017620e-01
9.988350830790658774e-01 -4.820377805600170595e-02 2.207394745664387117e-03 2.022024652043736026e+01 4.820303965472474972e-02 9.988374830576332020e-01 3.865321944302784959e-04 1.215132860347124755e+00 -2.223460923985876980e-03 -2.796787800776093886e-04 9.999974889974971859e-01 -1.680288415911574962e-01
9.988098811070251770e-01 -4.875172131941934994e-02 1.446053720935257117e-03 2.082340176528786913e+01 4.875392179622491107e-02 9.988096522871261485e-01 -1.527614990031889641e-03 1.279192761786987376e+00 -1.369858553918446758e-03 1.596297736594678692e-03 9.999977876580919967e-01 -1.745227719857987692e-01
9.987656613645782278e-01 -4.967038728449108681e-02 7.941023432719962580e-05 2.142910294468101995e+01 4.967044615820335324e-02 9.987636039690384049e-01 -2.027354242049423348e-03 1.323480359381807414e+00 2.138741853679099653e-05 2.028796142149335083e-03 9.999979417622777422e-01 -1.755158648814469091e-01
9.987363998835716572e-01 -5.023133158423136874e-02 -1.554630141673718101e-03 2.203826067040623116e+01 5.022913207335131386e-02 9.987367068084908039e-01 -1.422942194373392555e-03 1.377415512024419586e+00 1.624142469191190317e-03 1.343056441739569644e-03 9.999977791778510428e-01 -1.808156341173278725e-01
9.987016795602632335e-01 -5.088588869612304527e-02 -2.362535738378941565e-03 2.266100717997214176e+01 5.088394925204687419e-02 9.987041904153478589e-01 -8.739309696434579503e-04 1.428522330876460966e+00 2.403945095974439113e-03 7.525811785848296465e-04 9.999968273297397126e-01 -1.807098664166511826e-01
9.986615128538610664e-01 -5.161196012669964917e-02 -3.374657955624954693e-03 2.327167437376375503e+01 5.161210911434990778e-02 9.986672060027793618e-01 -4.298105013120478426e-05 1.473387276930444578e+00 3.372378568004600480e-03 -1.312496940812475578e-04 9.999943049019388575e-01 -1.849974197830722422e-01
9.986457409562493615e-01 -5.187783814475015187e-02 -3.920966637307126031e-03 2.389426447129622488e+01 5.187919814519723061e-02 9.986533374224271231e-01 2.458756986491821266e-04 1.515334661320773435e+00 3.902930918570503716e-03 -4.489593243582120242e-04 9.999922827531070313e-01 -1.857870959155250856e-01
9.986380783350928825e-01 -5.204743917016064342e-02 -3.612834762538961325e-03 2.453930376075604514e+01 5.204761749618481287e-02 9.986446032068854173e-01 -4.470719538303559421e-05 1.573286492796774905e+00 3.610264832919930257e-03 -1.433931341124813344e-04 9.999934726918197070e-01 -1.951461835581207171e-01
9.986687764155489644e-01 -5.152624012388544450e-02 -2.391984817253512471e-03 2.517818200626162550e+01 5.152608732541499870e-02 9.986716410183830162e-01 -1.255013296220011112e-04 1.633299622768460635e+00 2.395274014383592161e-03 2.084640717257030154e-06 9.999971313249105265e-01 -1.985718904889982872e-01
9.986755428122300327e-01 -5.145009223639248480e-02 2.195394369926955422e-04 2.584658302036501709e+01 5.144983508744229578e-02 9.986750289179342488e-01 1.049326087619546115e-03 1.680690823620899721e+00 -2.732364775813857314e-04 -1.036641032312019635e-03 9.999994253584336690e-01 -2.038629617875248046e-01
9.987062562531442422e-01 -5.076953952127694070e-02 2.875339567153047809e-03 2.650222773099669382e+01 5.076388238181345214e-02 9.987086654005208342e-01 2.007460942548865319e-03 1.730104712916420651e+00 -2.973544409344885953e-03 -1.858900402912654114e-03 9.999938512425652348e-01 -2.115257310718680894e-01
9.987089549372155650e-01 -5.059856618702896630e-02 4.495378519266423657e-03 2.717068189577153703e+01 5.059270546459255363e-02 9.987183764470507485e-01 1.408084067112331736e-03 1.780614984161676517e+00 -4.560864171143393271e-03 -1.178832805752398714e-03 9.999889043740577410e-01 -2.147876916630198640e-01
9.987479464025570408e-01 -4.986066838718452437e-02 4.056267330724049394e-03 2.786528560894457129e+01 4.985954529420875275e-02 9.987561680239082085e-01 3.775940326639897621e-04 1.846651809839398029e+00 -4.070049106562157598e-03 -1.748776199953648754e-04 9.999917020246158472e-01 -2.247540026104353494e-01
9.988125111996656313e-01 -4.867953109389716593e-02 1.967415435587210101e-03 2.853893825906454040e+01 4.867891585992953352e-02 9.988144141751208460e-01 3.594255306916865813e-04 1.915085662126567279e+00 -1.982579562032375873e-03 -2.632270664489594998e-04 9.999980000428959626e-01 -2.329027119566161874e-01
9.988548474727282356e-01 -4.784218975361957671e-02 -3.443251537367285689e-04 2.923743490527118993e+01 4.784267445874207381e-02 9.988536447017223319e-01 1.573202695227774112e-03 1.961319770263650231e+00 2.686649729064193286e-04 -1.587874574423606090e-03 9.999987032358933492e-01 -2.388365811163819241e-01
9.989002470904572162e-01 -4.676348077927026947e-02 -3.387215379976489353e-03 2.995732044057580978e+01 4.676942961088195738e-02 9.989042668966592320e-01 1.698831810567896262e-03 2.010746300282361343e+00 3.304060607235799127e-03 -1.855381646632107365e-03 9.999928203454507836e-01 -2.479889543260446472e-01
9.989514629357540976e-01 -4.547558712051963381e-02 -5.286366858312690695e-03 3.067998195128085115e+01 4.548874341840064561e-02 9.989619787961289132e-01 2.395650629224472042e-03 2.058109786158259347e+00 5.171935878522696331e-03 -2.633608886380069125e-03 9.999831574499152831e-01 -2.555298294445561558e-01
9.990607721201910651e-01 -4.298024716794320021e-02 -5.501996364054836941e-03 3.138977738169073106e+01 4.298521607017874446e-02 9.990753976754964683e-01 7.880094851327462549e-04 2.112876575734298434e+00 5.463040362985532861e-03 -1.023773867180990602e-03 9.999845534192322027e-01 -2.399047320791264370e-01
9.991854788641476581e-01 -4.015749128468740908e-02 -3.969221679886177079e-03 3.215099922431531354e+01 4.017128713288194847e-02 9.991868198063693640e-01 3.459308503378825950e-03 2.156768777962922989e+00 3.827076836356484071e-03 -3.615939567284158322e-03 9.999861391359053941e-01 -2.642800839014459724e-01
9.993058910952204998e-01 -3.724354527012187221e-02 8.089240382105401285e-04 3.287436080978876163e+01 3.723937745236158281e-02 9.992954673384266684e-01 4.668803255232736003e-03 2.207650100922009528e+00 -9.822369101984416203e-04 -4.635438769729404752e-03 9.999887738960194783e-01 -2.553552922812004633e-01
9.993830636796626754e-01 -3.478785765008374914e-02 4.826695595207602593e-03 3.360167571908166195e+01 3.476321459619028525e-02 9.993825696386570145e-01 5.098863929752074295e-03 2.265770460003180276e+00 -5.001093999367522622e-03 -4.927926800634663609e-03 9.999753519943664903e-01 -2.561740457842060503e-01
9.994682380567887492e-01 -3.214544725983526502e-02 5.469125718366427136e-03 3.434476551156843271e+01 3.213909779744433121e-02 9.994826304225655766e-01 1.244940301999295949e-03 2.301311012638120879e+00 -5.506315321924141332e-03 -1.068505523796026277e-03 9.999842692700326996e-01 -2.621619105736044952e-01
9.995749460471975434e-01 -2.881635804695464875e-02 4.420943751251078802e-03 3.507813839641745801e+01 2.881587794493722932e-02 9.995847215227204874e-01 1.722689981497812508e-04 2.326785731778370003e+00 -4.424071993592995980e-03 -4.480239899368834461e-05 9.999902127419750819e-01 -2.720595255620039676e-01
9.996750531027963627e-01 -2.528183633680339618e-02 3.258366977555495272e-03 3.581185548598296720e+01 2.527915939865704384e-02 9.996800609428285744e-01 8.601473360775285619e-04 2.379097848053653319e+00 -3.279070602873026923e-03 -7.774990556645865105e-04 9.999943215794776519e-01 -2.742999622991454389e-01
9.997653437177298485e-01 -2.160167356303871813e-02 1.620246970477576655e-03 3.653899605462240174e+01 2.159781378863946319e-02 9.997639473845025826e-01 2.363038236853037648e-03 2.427811157986353940e+00 -1.670910087551921502e-03 -2.327489942725533348e-03 9.999958954165990566e-01 -2.781248001830852745e-01
9.998225891480836403e-01 -1.883011568104923927e-02 -4.658032423439643259e-04 3.723931009400434533e+01 1.883189146734054464e-02 9.998140175740560798e-01 4.158139750831775158e-03 2.448857054684415502e+00 3.874183586008090371e-04 -4.166174007821149897e-03 9.999912464122633349e-01 -2.786687291481392270e-01
9.998779582810443101e-01 -1.556536389346584170e-02 -1.337157654955255454e-03 3.797224523274154251e+01 1.557334755368793011e-02 9.998596077094461521e-01 6.183503625327287263e-03 2.474946479350973227e+00 1.240721444264460257e-03 -6.203573000810375625e-03 9.999799879459195795e-01 -2.919794179024456371e-01
9.999262086541516048e-01 -1.191255364095323427e-02 -2.380821766862750363e-03 3.870834320647253435e+01 1.192392403542931467e-02 9.999172899124187941e-01 4.820100600722945251e-03 2.494930845508899875e+00 2.323205141924995255e-03 -4.848133656902461376e-03 9.999855490545417336e-01 -2.964343054682688772e-01
9.999563365329507958e-01 -7.692817494306361699e-03 -5.305241427061840355e-03 3.940835340433737599e+01 7.713279508589378046e-03 9.999628510015250438e-01 3.847328439870908914e-03 2.516422517527785452e+00 5.275447547127575833e-03 -3.888081262159822759e-03 9.999785260080720217e-01 -2.917560177393636045e-01
9.999641623675979973e-01 -2.465949144783480609e-03 -8.098955197031019668e-03 4.012847107900944366e+01 2.511898439819755524e-03 9.999807806333508298e-01 5.668221073866157311e-03 2.539452923163862952e+00 8.084821995332067482e-03 -5.688361691166531411e-03 9.999511379035348480e-01 -2.955702329690148011e-01
9.999690983731724936e-01 2.775253148049073963e-03 -7.355288485760531382e-03 4.082972404814133682e+01 -2.712394021325596587e-03 9.999598347498518391e-01 8.542353640656872096e-03 2.556511105635260961e+00 7.378700252591570245e-03 -8.522139227518538487e-03 9.999364619442423496e-01 -2.957640341854553823e-01
9.999560177749140522e-01 7.221017084997358691e-03 -5.984933415990704129e-03 4.153826455999980283e+01 -7.163454328675379103e-03 9.999284113270706653e-01 9.584213217658002146e-03 2.556954521629952293e+00 6.053712729940849240e-03 -9.540918885449377676e-03 9.999361596767089022e-01 -2.951278956749358584e-01
9.999063208408535131e-01 1.266708005133183879e-02 -5.186002842382704710e-03 4.224372486872098165e+01 -1.261393873376490463e-02 9.998688772309418660e-01 1.015464891350328913e-02 2.581707148447978994e+00 5.313952590010184197e-03 -1.008828171240469876e-02 9.999349921269693464e-01 -2.921986063595999328e-01
9.998226814662082296e-01 1.841124467095798384e-02 -3.953693891450275888e-03 4.295142408195196282e+01 -1.836620565186361520e-02 9.997692556728463575e-01 1.114082139324643755e-02 2.595306611765063387e+00 4.157897987520024763e-03 -1.106623156403685818e-02 9.999301227602339637e-01 -2.882886713482455399e-01
9.997010814968487757e-01 2.436163715128965984e-02 -2.063562293686375688e-03 4.365243294432483623e+01 -2.433536005820367137e-02 9.996327452437245853e-01 1.192329179935223277e-02 2.587418626341551953e+00 2.353275349083915145e-03 -1.186951017539554509e-02 9.999267857314991792e-01 -3.025140244067093254e-01
9.995347939306629126e-01 3.042279960793353374e-02 2.156150737470836042e-03 4.435286135692950893e+01 -3.044528156062217480e-02 9.994725559959426464e-01 1.130020538006682937e-02 2.576201193367655851e+00 -1.811229604886247782e-03 -1.136059307222871129e-02 9.999338259966834563e-01 -3.030211167065353095e-01
9.993073004733914466e-01 3.668484434147062379e-02 6.256310112591152717e-03 4.505274568055095585e+01 -3.675001858041672398e-02 9.992678282456209926e-01 1.064159610298295693e-02 2.568238904452059046e+00 -5.861344122457347317e-03 -1.086414418728263477e-02 9.999238046052089102e-01 -3.158271598194452023e-01
9.990391212520974840e-01 4.288174479256300076e-02 9.054842427257557905e-03 4.574387023505256167e+01 -4.296084964649832250e-02 9.990386122890092535e-01 8.730209235846053684e-03 2.544565779358482160e+00 -8.671770608585807269e-03 -9.110824287416732781e-03 9.999208935087394723e-01 -3.180643727307809199e-01
9.987526269849588134e-01 4.904669615698154655e-02 9.360111469872960804e-03 4.643819587028129803e+01 -4.912436109883359242e-02 9.987585466329655937e-01 8.256068933682856811e-03 2.536784637142036392e+00 -8.943558423531432905e-03 -8.705580031856034393e-03 9.999221097860742091e-01 -3.248804399616223026e-01
9.984793635521614918e-01 5.446140700967344594e-02 8.539069445628025626e-03 4.712398611042061702e+01 -5.452986888884005234e-02 9.984800861353544388e-01 8.000686851828843482e-03 2.511057934561142346e+00 -8.090362132592050434e-03 -8.454155053097007350e-03 9.999315343076753404e-01 -3.289756805304677734e-01
9.981848433347962901e-01 5.984858266796584669e-02 6.720542338516547615e-03 4.780116907834101170e+01 -5.989680899942041725e-02 9.981784648523485126e-01 7.219735223389424708e-03 2.487742701610292873e+00 -6.276209714077812113e-03 -7.609169313700326828e-03 9.999513536837580929e-01 -3.389251788025861578e-01
9.978703618163706768e-01 6.503559438398257009e-02 5.011234537275544194e-03 4.849924460924972180e+01 -6.507518028515599240e-02 9.978467634760345151e-01 8.188866298660436166e-03 2.443693761248811214e+00 -4.467876376975379697e-03 -8.497533967274577965e-03 9.999539139366149243e-01 -3.446501815077373521e-01
9.975052431458556468e-01 7.040776959444564054e-02 5.102536355862352137e-03 4.918033602987814845e+01 -7.044834658107365644e-02 9.974811934689272741e-01 8.264329361620730702e-03 2.428165007260516983e+00 -4.507811056418565589e-03 -8.603177118941238849e-03 9.999528313790304601e-01 -3.479738035353587833e-01
9.971145691437158787e-01 7.554078731318115969e-02 7.491692295235845636e-03 4.987701763893726081e+01 -7.560574327680090467e-02 9.970989306841289146e-01 8.803068336046521170e-03 2.397127510954472740e+00 -6.804967663717499671e-03 -9.344082655422102091e-03 9.999331880352928525e-01 -3.594671212079394440e-01
9.967166798680179296e-01 8.053048368267304302e-02 8.408404766058719462e-03 5.057694446036796876e+01 -8.058520510757705146e-02 9.967272720368952621e-01 6.385130825496910557e-03 2.345534915615385962e+00 -7.866688670901325967e-03 -7.041759419612586730e-03 9.999442628635014652e-01 -3.670372780591043549e-01
9.963028298818408235e-01 8.552222550098027842e-02 8.162114603160020021e-03 5.125871826125797526e+01 -8.555058086676463336e-02 9.963287222524956910e-01 3.189879005288572596e-03 2.312562368519775813e+00 -7.859343661833727984e-03 -3.876359125351118168e-03 9.999616015413473891e-01 -3.733350364688327594e-01
9.959572631520536845e-01 8.965371270579261531e-02 5.598372329350190246e-03 5.195751497138873987e+01 -8.965607918371126805e-02 9.959727695315216955e-01 1.726763288263155941e-04 2.248227530775795735e+00 -5.560345319755860202e-03 -6.739063567291199257e-04 9.999843140820496856e-01 -3.816914916973118133e-01
