1.000000000000000000e+00 0.000000000000000000e+00 0.000000000000000000e+00 0.000000000000000000e+00 0.000000000000000000e+00 1.000000000000000000e+00 0.000000000000000000e+00 0.000000000000000000e+00 0.000000000000000000e+00 0.000000000000000000e+00 1.000000000000000000e+00 0.000000000000000000e+00
9.999999995969379718e-01 2.445824693239744425e-05 -1.441936943031323683e-05 -5.761853747959142479e-03 -2.445783138483992569e-05 9.999999992856635211e-01 2.881817725320420104e-05 2.467926568531922122e-03 1.442007426210835524e-05 -2.881782457508248865e-05 9.999999994807972081e-01 1.373867411082754396e-03
9.999999879963147320e-01 1.249787102051147514e-04 -9.158434537637274726e-05 2.796529006579766968e-03 -1.249760077099543155e-04 9.999999917549784456e-01 2.951339412703455362e-05 3.228408344901251975e-03 9.158803316718963476e-05 -2.950194792691119143e-05 9.999999953706336653e-01 -4.070154608979069735e-03
9.999999983636920220e-01 -1.068107059389534818e-05 -5.620080686382801353e-05 -8.519003696827304878e-03 1.068461820822342795e-05 9.999999979506009051e-01 6.312398224329518926e-05 -3.790949079635038202e-04 5.620013251693962530e-05 -6.312458262416924737e-05 9.999999964284160825e-01 -4.478580889623728217e-04
9.999999991031375268e-01 -1.867901454033419603e-05 -3.801077989812682293e-05 -2.061955182936753284e-03 1.868003502951510677e-05 9.999999994651425084e-01 2.684718442600026115e-05 -2.788004628528417857e-03 3.801027839884820852e-05 -2.684789444462202523e-05 9.999999989172047021e-01 -1.540552754133641539e-04
9.999999974505446865e-01 -4.460851669351921869e-05 -5.575832486498303578e-05 -4.608216335320079911e-03 4.461035594607260586e-05 9.999999984609416748e-01 3.298534310076136066e-05 1.980756780853932045e-04 5.575685335193936339e-05 -3.298783041538589066e-05 9.999999979014881912e-01 -2.112074663336315373e-03
9.999999782130877257e-01 2.087065989931364131e-04 -3.921682486180507241e-06 -7.558892039185766826e-03 -2.087066986864924683e-04 9.999999778972139541e-01 -2.543787753394891548e-05 2.967531414368953895e-03 3.916373346594684022e-06 2.543869546114109833e-05 9.999999996687674031e-01 6.284167529158838500e-05
9.999999851095120462e-01 1.400269071761857246e-04 -1.008634771815677646e-04 -9.605598944684868440e-04 -1.400240700337352805e-04 9.999999898008392618e-01 2.813505343571826695e-05 2.684905122635225343e-03 1.008674158173607905e-04 -2.812092970218087705e-05 9.999999945174888882e-01 -2.642870803504010144e-03
9.999999987149645886e-01 4.305767172884575583e-05 -2.676018925524575360e-05 -6.080853966496479850e-03 -4.305744068573430104e-05 9.999999990357523183e-01 8.634353117900545047e-06 -9.607455377603013949e-04 2.676056100458444305e-05 -8.633200881543497745e-06 9.999999996046701201e-01 -1.137654903533014128e-03
9.999999990225666435e-01 -4.035738057104098283e-05 -1.805958099565915982e-05 -1.948581450516248884e-03 4.035783444566178556e-05 9.999999988698036191e-01 2.513240952760830652e-05 -3.071521020560716991e-03 1.805856669703231345e-05 -2.513313834862303568e-05 9.999999995211067416e-01 -5.865629279844380983e-04
9.999999836720150359e-01 1.696079374858163304e-04 -6.236278657040389970e-05 -2.616784838012193529e-03 -1.696075225248733903e-04 9.999999855944714522e-01 6.659211732796594161e-06 4.035394762779425867e-03 6.236391512720228724e-05 -6.648634426337131302e-06 9.999999980332688887e-01 -1.333778459806733794e-03
9.999999919455994091e-01 1.242324229274181563e-04 -2.598280804931267580e-05 -2.733023761201701287e-03 -1.242324759341140313e-04 9.999999922810682840e-01 -2.038464019365478277e-06 3.446103247400929444e-03 2.598255460542897775e-05 2.041691911522559041e-06 9.999999996603691210e-01 -2.191903489778257268e-03
9.999999917116930703e-01 1.266228262038702199e-04 -2.330823285250357976e-05 2.199175306731180213e-03 -1.266234750991317994e-04 9.999999915957045182e-01 -2.784037499088808736e-05 8.765994439927848533e-04 2.330470742965038450e-05 2.784332612958071912e-05 9.999999993408199561e-01 -6.502883299331521476e-04
9.999999438408961883e-01 -1.180163188281746663e-04 3.136723656897272804e-04 -2.426955885570889274e-02 1.180887920186160815e-04 9.999999663380217951e-01 -2.310389414894479599e-04 1.788379113643528496e-03 -3.136450887655144529e-04 2.310759697052619630e-04 9.999999241153243457e-01 2.095754858118611345e-03
9.999993678003328279e-01 1.423752736435125038e-04 -1.115404956126731786e-03 -9.569431342089679271e-02 -1.434419857618097561e-04 9.999995324347428216e-01 -9.563235291307108435e-04 2.792906459834969962e-02 1.115268277777974873e-03 9.564829204451294389e-04 9.999989206579632528e-01 -9.608370063590193633e-03
9.999984394036056656e-01 8.487804752550333137e-05 -1.764648993479597371e-03 -1.241315476435925491e-01 -8.575820132012365886e-05 9.999998719718063978e-01 -4.987002121755541775e-04 4.040872409823081934e-02 1.764606438854464648e-03 4.988507670294433337e-04 9.999983186546006486e-01 1.887044175444180932e-03
9.999972817107685152e-01 -9.028883298137583820e-05 -2.329896778935437555e-03 -1.334730682919078870e-01 9.025811986703822663e-05 9.999999958384594434e-01 -1.328732094578156819e-05 3.509519879403667775e-02 2.329897968936179599e-03 1.307699272424914350e-05 9.999972856985396286e-01 -1.110393564159688901e-03
9.999963687244474153e-01 9.422692462641787275e-05 -2.693261815275008273e-03 -8.372270399187078938e-02 -9.403110876138001022e-05 9.999999929267979759e-01 7.283237385452292448e-05 3.231732707327706483e-02 2.693268658995624527e-03 -7.257885898542930380e-05 9.999963705115332280e-01 -9.744507672010816260e-03
9.999961995503762191e-01 4.843402392948797431e-04 -2.714092728101740338e-03 -3.726473838134590488e-02 -4.841068497292767858e-04 9.999998790663302550e-01 8.664804036369410485e-05 4.515530452665728056e-02 2.714134367009150926e-03 -8.533380018170722166e-05 9.999963130895935803e-01 -1.808694418843481699e-02
9.999967315961574288e-01 6.068910187961014217e-04 -2.483642545538862229e-03 -4.831875709402680061e-03 -6.063111794097650418e-04 9.999997887662924745e-01 2.342095730844509136e-04 4.659004036439949592e-02 2.483784160596259980e-03 -2.327029473519643408e-04 9.999968883279496401e-01 -1.797065905753957027e-02
9.999970771928624602e-01 1.462189108145764990e-04 -2.413343274859840269e-03 -1.679846000934305875e-02 -1.456238341964852972e-04 9.999999589536794353e-01 2.467515719492750195e-04 3.662130517804958879e-02 2.413379255547071136e-03 -2.463994104411019602e-04 9.999970574396204182e-01 -1.457226613043915465e-02
9.999968727376968847e-01 1.041346750771032705e-04 -2.498733838547821402e-03 -1.263473380161610898e-02 -1.038680982263051437e-04 9.999999889010611209e-01 1.068143047828337341e-04 4.444204956704460308e-02 2.498744933887449369e-03 -1.065544320147012716e-04 9.999968724550634125e-01 -1.162582271027624153e-02
9.999970413125907065e-01 -2.121806749733616315e-05 -2.432471142372094434e-03 -1.096026370192180847e-02 2.130396629829669109e-05 9.999999991504672225e-01 3.528748428456719005e-05 4.384544083045436441e-02 2.432470391573407324e-03 -3.533920116317039895e-05 9.999970409150894524e-01 -8.368840021243889246e-03
9.999972830573872207e-01 -2.328409372617306565e-04 -2.319410041733614876e-03 -9.588811577491427110e-03 2.329764514503307861e-04 9.999999711699182336e-01 5.815613252836504223e-05 5.661831618238541419e-02 2.319396433736428328e-03 -5.869634244247174689e-05 9.999973084738391638e-01 -7.923228652582181911e-04
9.999965341040958355e-01 -5.456287720906374513e-04 -2.575668658621929272e-03 -1.556059521856990521e-02 5.458612692118722199e-04 9.999998470068179879e-01 8.956458727999407001e-05 6.131503731724657208e-02 2.575619395546405004e-03 -9.097023462152246465e-05 9.999966789490581931e-01 3.830953858000995995e-03
9.999920158073531962e-01 4.161538689700163300e-04 -3.974309688943354277e-03 5.008987994491023027e-02 -4.188541028160854777e-04 9.999996820221290772e-01 -6.786139412954508756e-04 8.780461177919146598e-02 3.974026017383613940e-03 6.802731790300864476e-04 9.999918721397764720e-01 -7.370405033035340100e-03
9.999753511286396668e-01 5.391710148452746052e-04 -7.000459254259825542e-03 1.652808329489355299e-01 -5.475045091513011794e-04 9.999991437824968799e-01 -1.188559247796261431e-03 9.674710742351605441e-02 6.999812423648244311e-03 1.192362734160095760e-03 9.999747901308032594e-01 -3.985525682994993379e-02
9.999730847622007035e-01 1.377887676168860868e-04 -7.335582146228869505e-03 2.215832697643373428e-01 -1.444642125890509277e-04 9.999995759818389729e-01 -9.094867967498906046e-04 9.312921968585577415e-02 7.335453718743929416e-03 9.105220467951181083e-04 9.999726806609980923e-01 -3.594956113189600594e-02
9.999728479477797416e-01 -8.720472146740176379e-04 -7.317301474044786078e-03 2.926239263059143281e-01 8.661098494535668380e-04 9.999992931854844169e-01 -8.145442040107009644e-04 7.217115639524236681e-02 7.318006623074226058e-03 8.081845005858465233e-04 9.999728964411374044e-01 -3.084291471695823142e-02
9.999724661274870252e-01 -1.651012459051037946e-03 -7.234718016058629478e-03 3.723575692024675421e-01 1.646910411591736515e-03 9.999984797257124303e-01 -5.729156657694812246e-04 6.391784939935551968e-02 7.235652908205022008e-03 5.609849587570020068e-04 9.999736649646669973e-01 -3.103558785478722354e-02
9.999720583542155428e-01 -1.896057442533973045e-03 -7.231008021565002095e-03 4.648664891548892064e-01 1.892048935365478555e-03 9.999980526287276517e-01 -5.611502282610960658e-04 6.866117253037534729e-02 7.232057913174385136e-03 5.474531277713649315e-04 9.999736984708215148e-01 -3.007254276848980723e-02
9.999703917500559758e-01 -2.171779918529001974e-03 -7.382343477856307019e-03 5.870965891199316777e-01 2.166276376719628981e-03 9.999973698026937141e-01 -7.534151274286877281e-04 5.962542764898155767e-02 7.383960312680443346e-03 7.374006238443728961e-04 9.999724663061582142e-01 -3.331533251520744920e-02
9.999694834580488134e-01 -1.972890120524831582e-03 -7.559091031030648958e-03 7.396852546215664237e-01 1.966783184417902116e-03 9.999977335700973580e-01 -8.152414206978529339e-04 7.510708120277363731e-02 7.560682280625436943e-03 8.003494492195226953e-04 9.999710973444235762e-01 -3.831465916801005123e-02
9.999685409012188941e-01 -2.212953194183150604e-03 -7.617089079666057236e-03 8.805950784885270277e-01 2.209342094135441185e-03 9.999974430163645067e-01 -4.824606139367542844e-04 9.995589310453259491e-02 7.618137265650609669e-03 4.656166806221569100e-04 9.999708731686680618e-01 -4.874210491672403833e-02
9.999695119496641027e-01 -2.353276785532658084e-03 -7.445620156933717773e-03 1.012532488738233649e+00 2.349441520875518354e-03 9.999971028705645359e-01 -5.238081877454719027e-04 1.125036044776767802e-01 7.446831251656689521e-03 5.062991687097098160e-04 9.999721437947465263e-01 -6.064065542268567977e-02
9.999683035180915169e-01 -2.991434886924685451e-03 -7.378568727557454666e-03 1.150487377867223548e+00 2.986681771261860945e-03 9.999953252683271288e-01 -6.551133411670635948e-04 1.136282215488337854e-01 7.380493963632180250e-03 6.330551396622985339e-04 9.999725633986379369e-01 -6.301868547660013919e-02
9.999649372169993056e-01 -3.653459902360351765e-03 -7.535022716919043823e-03 1.327935167760762258e+00 3.648499341780523514e-03 9.999931184275158147e-01 -6.719748249759181866e-04 1.117460299369399113e-01 7.537425897192492549e-03 6.444597382454677996e-04 9.999713855318511646e-01 -7.433515202743277983e-02
9.999711934052242235e-01 -3.961947501242501883e-03 -6.474205104025000657e-03 1.499216762402796332e+00 3.963262429979829034e-03 9.999921281401519257e-01 1.902856826710182378e-04 1.139572840295355882e-01 6.473400238104814325e-03 -2.159391750412318419e-04 9.999790240098188621e-01 -6.846260970086542885e-02
9.999715436867704366e-01 -3.974111662608146092e-03 -6.412351611583865310e-03 1.669914821794537430e+00 3.977017737105081191e-03 9.999919946075240818e-01 4.405119571092432442e-04 1.506341196644769842e-01 6.410549634486254963e-03 -4.660014578588337589e-04 9.999793436346697817e-01 -8.158538012699872999e-02
9.999697407707057728e-01 -3.966962890034636362e-03 -6.691841928539291051e-03 1.866196192338259285e+00 3.975781448941838846e-03 9.999912450043972889e-01 1.305019703189660724e-03 2.065874775782932937e-01 6.686606376759315906e-03 -1.331585515297966336e-03 9.999767578174892924e-01 -8.587169121543912487e-02
9.999669703008186028e-01 -5.063786943415201670e-03 -6.357386978430543643e-03 2.074449126237976504e+00 5.085875784490020805e-03 9.999810699803463043e-01 3.463170291291409186e-03 1.966608494114820693e-01 6.339729876466230866e-03 -3.495388784304705697e-03 9.999737946978111136e-01 -9.737579805372781339e-02
9.999656920416208905e-01 -5.791167213138873580e-03 -5.922594197792161765e-03 2.269150349096330288e+00 5.816600617196999133e-03 9.999738977813238394e-01 4.286130339420012036e-03 2.145469792328535130e-01 5.897617907450392570e-03 -4.320432656105004446e-03 9.999732756252447397e-01 -9.875459515270075539e-02
9.999675718469956953e-01 -5.922228448653788467e-03 -5.457331273191213736e-03 2.506030683750553045e+00 5.951888646118835315e-03 9.999675184098205660e-01 5.434808814426300878e-03 2.311384097913664060e-01 5.424967831019535461e-03 -5.467114001657534701e-03 9.999703397543975303e-01 -9.746529886353524907e-02
9.999667298448630115e-01 -6.569547613307103254e-03 -4.835312557354634264e-03 2.726516798599888158e+00 6.599513463109689046e-03 9.999589549059880733e-01 6.207650551894193861e-03 2.275737182397227221e-01 4.794332635628699088e-03 -6.239354732717901017e-03 9.999690419343482128e-01 -1.028501344270454088e-01
9.999597157193645947e-01 -7.684512412569088381e-03 -4.638448817070136253e-03 2.976260535190264456e+00 7.715233978443939745e-03 9.999481775613463519e-01 6.642089761516475205e-03 2.221576600089489595e-01 4.587167220123093865e-03 -6.677608907629249343e-03 9.999671831796138610e-01 -1.097695053381540220e-01
9.999576304372218560e-01 -8.280232259457540739e-03 -4.021825966628656164e-03 3.241208984062943443e+00 8.305410586552996327e-03 9.999457605418301531e-01 6.284594609813704859e-03 2.232078307926810834e-01 3.969569921941580419e-03 -6.317731250248361137e-03 9.999721640058208960e-01 -1.233634458308647264e-01
9.999471115007616540e-01 -8.781737300640284766e-03 -5.353063727048256587e-03 3.497275825580145714e+00 8.807502707368776440e-03 9.999496504604258318e-01 4.808787802757013771e-03 2.731874786905745811e-01 5.310564691535953757e-03 -4.855680596455665479e-03 9.999741097991499128e-01 -1.310737121796381466e-01
9.999208719312657756e-01 -9.898843081781096703e-03 -7.762910656410115968e-03 3.748328460030140086e+00 9.937883523169037392e-03 9.999380835302313919e-01 5.006753136308654539e-03 2.479309277976701475e-01 7.712868940741606470e-03 -5.083503863506521128e-03 9.999573339103887681e-01 -1.256130345607731069e-01
9.998778833686789991e-01 -1.061729384973094173e-02 -1.146697089378265373e-02 4.035964083963738069e+00 1.063786557385526868e-02 9.999419119848086401e-01 1.734494796112062611e-03 2.748291078679815924e-01 1.144788915927202715e-02 -1.856267080357888299e-03 9.999327477917319129e-01 -1.193457176978877932e-01
9.998260766283064704e-01 -1.083719169120354701e-02 -1.517800284279901407e-02 4.325544371832376278e+00 1.080247723003475470e-02 9.999388493688506907e-01 -2.367278731702686725e-03 2.891346260533551593e-01 1.520272935174756326e-02 2.202906976497191402e-03 9.998820051491628114e-01 -1.280343962694419080e-01
9.997961968667350430e-01 -1.096205784322170328e-02 -1.695281742527175728e-02 4.638401411283807008e+00 1.088104692968779562e-02 9.999289721088108207e-01 -4.863492071634947615e-03 2.882330636577349892e-01 1.700492718380963719e-02 4.678036474717328815e-03 9.998444621170907709e-01 -1.231107519706632764e-01
9.997641837135295972e-01 -1.126467992627041073e-02 -1.856566588567417492e-02 4.952763361366709916e+00 1.111742019415605520e-02 9.999060685493188494e-01 -8.016049305701215127e-03 3.092562347602218487e-01 1.865422021544659720e-02 7.807756681886432633e-03 9.997955085935074093e-01 -1.367011561886487814e-01
9.997530193640968843e-01 -1.136707296421734723e-02 -1.909685640616741800e-02 5.262544548796543431e+00 1.116860279657719626e-02 9.998828397498085163e-01 -1.046752527730209631e-02 3.360981589141431858e-01 1.921360413727488461e-02 1.025165479738902180e-02 9.997628423731156344e-01 -1.441832501350118756e-01
9.997434509855843698e-01 -1.183029050265728931e-02 -1.931518672074131193e-02 5.565819107463163107e+00 1.160250675605097211e-02 9.998623188259053718e-01 -1.186276650108674703e-02 3.407914799900955138e-01 1.945286735702879410e-02 1.163561853561086330e-02 9.997430661589424838e-01 -1.562854472737752187e-01
9.997160253993908618e-01 -1.257328245347692081e-02 -2.024305135076032852e-02 5.913902022385827628e+00 1.235152897786144857e-02 9.998627413285088306e-01 -1.104256469070451566e-02 3.594849685337375145e-01 2.037911410129201323e-02 1.078939624744752052e-02 9.997341049684471681e-01 -1.706477670350050047e-01
9.997601576567454185e-01 -1.309889569653886754e-02 -1.755124194154924350e-02 6.248231906387366585e+00 1.296801551682402395e-02 9.998874060950504461e-01 -7.550212319337688827e-03 3.729330937087628750e-01 1.764816522234005647e-02 7.320796680885406291e-03 9.998174574392277858e-01 -1.865610948457116225e-01
9.998659544629392437e-01 -1.391040954684242582e-02 -8.635601435600138986e-03 6.606217946998712343e+00 1.388233489791546905e-02 9.998981819106574909e-01 -3.302512610691354759e-03 4.065296171840149797e-01 8.680661478109970991e-03 3.182187612440883981e-03 9.999572589857537164e-01 -1.899737081229002089e-01
9.998703688652342825e-01 -1.575818972086411029e-02 3.305286980224566608e-03 6.977053078385962337e+00 1.576071398907773202e-02 9.998755190997814513e-01 -7.390531083627585856e-04 4.404362233783869485e-01 -3.293229396030413272e-03 7.910509868168111650e-04 9.999942644227922672e-01 -2.035661751611631543e-01
9.997282784810711531e-01 -1.683541459790241501e-02 1.612259348214880109e-02 7.326962235321929029e+00 1.684737271704005862e-02 9.998578892054981182e-01 -6.061567940732501356e-04 4.535141976442391698e-01 -1.611009738664006055e-02 8.776154297875371491e-04 9.998698388057069009e-01 -2.187741512328964522e-01
9.995785526351581574e-01 -1.816550668795808079e-02 2.264357477458252277e-02 7.680714876409179048e+00 1.827889454308244052e-02 9.998213540550358047e-01 -4.810612210279470620e-03 4.649345695424186853e-01 -2.255214238349054212e-02 5.222484305823167465e-03 9.997320273611275399e-01 -2.409940306418053568e-01
9.995556064991273360e-01 -1.988308864698033751e-02 2.220928414015147651e-02 8.037506568366771020e+00 2.006738742484627525e-02 9.997657653485779727e-01 -8.106441815824967298e-03 4.681343525780631842e-01 -2.204290085498693957e-02 8.548521675035726866e-03 9.997204775831435297e-01 -2.428351700698798687e-01
9.996051157949882304e-01 -2.068019407021979075e-02 1.902477462957602450e-02 8.435935944426823596e+00 2.083915795687486458e-02 9.997492489624557610e-01 -8.195650959748460029e-03 5.153030723324919515e-01 -1.885051649521923139e-02 8.588874910234346044e-03 9.997854216058762455e-01 -2.709722882579196357e-01
9.995717067008919043e-01 -2.253175729965067875e-02 1.867412852199128517e-02 8.807878865951701997e+00 2.263667972796613859e-02 9.997290309166712019e-01 -5.426368334985616493e-03 5.209716502489571965e-01 -1.854680279616131508e-02 5.846764524340443414e-03 9.998108978455061413e-01 -2.868133141615852866e-01
9.995825700124770785e-01 -2.348292418366632398e-02 1.682967614173322066e-02 9.214678588362643197e+00 2.351938249727951111e-02 9.997214368387452588e-01 -1.971641960751847975e-03 5.804587009175836698e-01 -1.677868809526261371e-02 2.366642528755534113e-03 9.998564270078694749e-01 -3.194937322281669045e-01
9.996279161182630713e-01 -2.477832379840160318e-02 1.140455991260857713e-02 9.628334082781018211e+00 2.477663597373504570e-02 9.996929701793881851e-01 2.892814164197794746e-04 6.374298435766077020e-01 -1.140822628122936319e-02 -6.607150072089439238e-06 9.999349240472911182e-01 -3.419270801904390478e-01
9.996488022582644684e-01 -2.601787909394513015e-02 5.034094861060529544e-03 1.003686330778062796e+01 2.600315095076401184e-02 9.996574508806977954e-01 2.969349985618299683e-03 6.592720603826333070e-01 -5.109626625212814605e-03 -2.837404828036305723e-03 9.999829202789379812e-01 -3.415636133192396229e-01
9.996222725960288713e-01 -2.748012200934758786e-02 3.937312558929227657e-04 1.045993120462422965e+01 2.747878513620312380e-02 9.996176648971677459e-01 3.072522249248091624e-03 6.628659398721392648e-01 -4.780140048984852846e-04 -3.060542416813150698e-03 9.999952022798539453e-01 -3.733212643134703468e-01
9.995875445924217173e-01 -2.871827896166813388e-02 -3.389945583916485804e-05 1.090218704025066465e+01 2.871826893217750004e-02 9.995840954416247426e-01 2.626246311361336936e-03 6.763819144512184245e-01 -4.153591729077189235e-05 -2.626136635558027049e-03 9.999965508346211340e-01 -3.903574702308386102e-01
9.995916027742063337e-01 -2.857476644349601566e-02 3.322438758106311275e-04 1.136710655693842931e+01 2.857320223468480178e-02 9.995836207893351588e-01 4.019597459745406429e-03 7.591552077813672472e-01 -4.469645949769676489e-04 -4.008462595839265910e-03 9.999918661920549345e-01 -4.029677033649733953e-01
9.995489653682808617e-01 -3.001293702085966811e-02 1.043763661534446215e-03 1.181704209757984714e+01 3.000652746588633804e-02 9.995334899205240431e-01 5.693051619015588108e-03 7.942789462502370945e-01 -1.214141934963767610e-03 -5.659164132597519284e-03 9.999832497200551451e-01 -4.220208275898886807e-01
9.995087690471538000e-01 -3.133574498187546159e-02 5.400780261168897263e-04 1.231430719868283852e+01 3.133160465985893733e-02 9.994881349683343297e-01 6.465184216940747172e-03 8.150640760223069048e-01 -7.423929429438509611e-04 -6.445086807137762053e-03 9.999789546329296286e-01 -4.444892161829511745e-01
9.994747346326353643e-01 -3.240347949047767129e-02 -5.189874114769871911e-04 1.280047982182744093e+01 3.240568670868827772e-02 9.994620890709142724e-01 5.040236000633702314e-03 8.374429750944901718e-01 3.553870586025945424e-04 -5.054406682681302117e-03 9.999871632541712518e-01 -4.460156311239059646e-01
9.994550447448498076e-01 -3.290540869124870121e-02 -2.616794400040391849e-03 1.331315758910986169e+01 3.291523682794280509e-02 9.994509005611433849e-01 3.805857601099735255e-03 9.076892248735267676e-01 2.490124219918844230e-03 -3.889915986407027106e-03 9.999893338606107296e-01 -4.668883364469839647e-01
9.994336220412456395e-01 -3.341040972783890922e-02 -4.022394229123688221e-03 1.383415286564926738e+01 3.342659232355438964e-02 9.994330686613672743e-01 4.025443051101584846e-03 9.629455715147396955e-01 3.885622106105476436e-03 -4.157618060944754529e-03 9.999838079453625683e-01 -5.060017124653301002e-01
9.993649722933782842e-01 -3.541133307536777075e-02 -3.961015385054393774e-03 1.436773724041068334e+01 3.543304132032280840e-02 9.993566329904690626e-01 5.551547599118155686e-03 9.640644156097480932e-01 3.761879297315274054e-03 -5.688373034387153755e-03 9.999767450677911063e-01 -5.069169453991815288e-01
9.993249405672528507e-01 -3.648883662102125197e-02 -4.269421775945325161e-03 1.488668399855708735e+01 3.651620307116904690e-02 9.993118057738711313e-01 6.517802868301220479e-03 1.011935810383671974e+00 4.028656540540743493e-03 -6.669306036561078663e-03 9.999696446810117934e-01 -5.321539263116956686e-01
9.992645692321610040e-01 -3.831472055807327165e-02 -1.517519627715964003e-03 1.544150495161534486e+01 3.832350563344836397e-02 9.992457811825184999e-01 6.259209606759930447e-03 1.057009544699659909e+00 1.276555218859428808e-03 -6.312763063434406047e-03 9.999792594995549067e-01 -5.421865328358347336e-01
9.992208253116532379e-01 -3.944385054929735318e-02 1.387413904834492590e-03 1.600081706747953447e+01 3.943832629152343311e-02 9.992147577387726631e-01 3.806092007437482556e-03 1.085386465718314986e+00 -1.536451373120841391e-03 -3.748409114603509264e-03 9.999917943394773800e-01 -5.576335140257077105e-01
9.992106073230073715e-01 -3.965173300844266474e-02 2.429461383492313373e-03 1.656509221106335517e+01 3.964626664462634481e-02 9.992112256237974943e-01 2.258346415336154409e-03 1.129820285122180357e+00 -2.517092435706524099e-03 -2.160244619401016555e-03 9.999944987792954709e-01 -5.862763571331932599e-01
9.991817077362867838e-01 -4.036971157414837724e-02 2.490243485623643786e-03 1.714735513140590228e+01 4.036441286661716227e-02 9.991827277911422556e-01 2.142582037035010989e-03 1.183653618652082740e+00 -2.574703697688608944e-03 -2.040311562537617564e-03 9.999946040002399839e-01 -6.170975713161048759e-01
9.991400511540088347e-01 -4.138148737006658306e-02 2.594355990520781727e-03 1.772950975823134456e+01 4.137145145049679618e-02 9.991365724065044418e-01 3.809551766424779540e-03 1.245469424560741611e+00 -2.749760870279137782e-03 -3.698943473872363333e-03 9.999893782597559788e-01 -6.354437787818764116e-01
9.990627721747686873e-01 -4.323349228645103487e-02 2.107699974737043888e-03 1.830039824392338588e+01 4.322122120779239157e-02 9.990500764405907397e-01 5.556149868099940700e-03 1.283260343033088002e+00 -2.345909583339739549e-03 -5.459845122994634939e-03 9.999823432438493809e-01 -6.523769128439649290e-01
9.990274057857871925e-01 -4.394378225759956041e-02 3.631320671143295833e-03 1.887648185920071597e+01 4.392481309417762408e-02 9.990215751429454283e-01 5.148125246123685592e-03 1.359022163829147312e+00 -3.853995791585223402e-03 -4.983613127530270651e-03 9.999801549614040219e-01 -6.665173766871167471e-01
9.989584306925201052e-01 -4.545631719888420380e-02 3.972024049767778654e-03 1.945583144205737369e+01 4.544684352762982243e-02 9.989637694547820468e-01 2.443712353798889719e-03 1.418007996397669723e+00 -4.078990281018182902e-03 -2.260651102537084966e-03 9.999891255883135432e-01 -6.894754653685710721e-01
9.988896491057053240e-01 -4.699237308917192379e-02 3.344515051383424153e-03 2.006415605403936198e+01 4.698956541321366864e-02 9.988949628362222555e-01 9.132155821607900511e-04 1.433614805784858559e+00 -3.383733405304576673e-03 -7.550442836399948090e-04 9.999939901101263517e-01 -7.049862440654054430e-01
9.988715125809830564e-01 -4.743522411053401056e-02 2.366615254421040090e-03 2.068164297965819287e+01 4.743691901322394378e-02 9.988740141745581225e-01 -6.652227728019977776e-04 1.489288645628321639e+00 -2.332395487878993843e-03 7.767370134314783691e-04 9.999969783008847424e-01 -7.302514127353416651e-01
9.988438558408245793e-01 -4.806726628196757861e-02 6.996865102058346482e-04 2.129143716057815894e+01 4.806769710865343298e-02 9.988438923636014932e-01 -6.125215104271562565e-04 1.570231531363343036e+00 -6.694353627431656002e-04 6.454456665040914174e-04 9.999995676279999079e-01 -7.574845480732081970e-01
9.988130734779823161e-01 -4.870470133488292996e-02 -5.443503894665616257e-04 2.189844484533730196e+01 4.870464130170026884e-02 9.988132171654392488e-01 -1.230093403996295051e-04 1.629632522291087904e+00 5.496954969539210494e-04 9.635094688964355482e-05 9.999998442756656836e-01 -7.742948276540136954e-01
9.987849658213022730e-01 -4.925427638834663224e-02 -1.615025324989248588e-03 2.249449021854611530e+01 4.925468358538968860e-02 9.987862287016263663e-01 2.133093660345554898e-04 1.701924168909799473e+00 1.602558655132741046e-03 -2.925977492289237114e-04 9.999986730952766800e-01 -8.011173228953493153e-01
9.987297264200661884e-01 -5.033468083962742978e-02 -2.313756614815826434e-03 2.310767874597811300e+01 5.033774537696703022e-02 9.987314243274052483e-01 1.285865979045513682e-03 1.733953873106714560e+00 2.246097785804174619e-03 -1.400701868805868684e-03 9.999964965333685285e-01 -8.184476120213297623e-01
9.987299935569230458e-01 -5.030484779712537935e-02 -2.796829972743394756e-03 2.374980363210901757e+01 5.030867256516659280e-02 9.987328520961114009e-01 1.314385292703679599e-03 1.800454599076406703e+00 2.727166023409661414e-03 -1.453420818232451601e-03 9.999952250553029165e-01 -8.369346664165240313e-01
9.987009382508788002e-01 -5.090847899839077290e-02 -2.182361767614850873e-03 2.438667926093301475e+01 5.091052873319392574e-02 9.987028179304021647e-01 8.941599300800855956e-04 1.825213730057660078e+00 2.134010525038840950e-03 -1.004103552593701380e-03 9.999972188837000786e-01 -8.550977294855612865e-01
9.987008938770622901e-01 -5.094494043534111144e-02 -1.066589516291873568e-03 2.501603463419601425e+01 5.094593328628200385e-02 9.987009840860695542e-01 9.253470192402626785e-04 1.862508514525745174e+00 1.018062250759363494e-03 -9.784832936025791416e-04 9.999990030593519652e-01 -8.864866294906579292e-01
9.987312454729551092e-01 -5.033017602942293361e-02 1.665141701825655941e-03 2.566978435472667641e+01 5.032601480973423330e-02 9.987298306425178573e-01 2.453083394008604388e-03 1.923640217499766880e+00 -1.786490808895438865e-03 -2.366171087400853294e-03 9.999956048328286773e-01 -9.125206003122460219e-01
9.987601577936539021e-01 -4.959622815720913375e-02 4.285015352793696691e-03 2.633135925933579458e+01 4.958612623261573343e-02 9.987668892588561498e-01 2.432489554123774995e-03 2.012392903957570756e+00 -4.400373761252551405e-03 -2.216996338715751351e-03 9.999878607453169810e-01 -9.333780466967221967e-01
9.987946639157428974e-01 -4.882049009052361749e-02 5.077310386343581068e-03 2.700085149535325613e+01 4.881159733758435454e-02 9.988062699107451703e-01 1.860954684328573576e-03 2.082344177711934474e+00 -5.162102167888093195e-03 -1.610879978360247374e-03 9.999853787765616842e-01 -9.643469515980760409e-01
9.988106081406221692e-01 -4.852814845268451499e-02 4.731582559224768725e-03 2.767097652835453303e+01 4.852192627595713209e-02 9.988211066190012533e-01 1.421141394908732999e-03 2.121095275860718665e+00 -4.794969888448435968e-03 -1.189865600795294827e-03 9.999877961673436788e-01 -9.827188259555434957e-01
9.988703868080784920e-01 -4.746868455754769955e-02 2.162023185724803055e-03 2.838947308564247862e+01 4.746470641902304777e-02 9.988711920761462748e-01 1.855609046782321324e-03 2.186536715960143429e+00 -2.247665997325043550e-03 -1.750893130542478630e-03 9.999959411771679463e-01 -1.020625569603812677e+00
9.989245018312008506e-01 -4.636596203429355773e-02 -1.928883656573289604e-04 2.907175496171861795e+01 4.636631477080584846e-02 9.989208294015763379e-01 2.709509594260423992e-03 2.261735096489160046e+00 6.705118722530063052e-05 -2.715539044331147147e-03 9.999963106691128756e-01 -1.046691332368254734e+00
9.989566252329228346e-01 -4.558174792499584266e-02 -2.822261389705393777e-03 2.978982426098129466e+01 4.558995323797680049e-02 9.989559854983471876e-01 2.914652772632913159e-03 2.309497096649627323e+00 2.686459939916042549e-03 -3.040278462257172635e-03 9.999917697860634114e-01 -1.070323925588345659e+00
9.990167818525638177e-01 -4.413961589417309678e-02 -4.142932012696954810e-03 3.050003568874221216e+01 4.415049778633042127e-02 9.990215781253484195e-01 2.572933181710675057e-03 2.345930280296626425e+00 4.025310195028455884e-03 -2.753315937769770360e-03 9.999881079938803818e-01 -1.078220023258726901e+00
9.991206232087116446e-01 -4.160007347305431924e-02 -5.235853900944617903e-03 3.123372663589757181e+01 4.161375431842075090e-02 9.991305652006370330e-01 2.531626627620838042e-03 2.417097772285642154e+00 5.125985813643388345e-03 -2.747283911801355009e-03 9.999830882072687777e-01 -1.111253597280152494e+00
9.992570675008949355e-01 -3.846848568638885912e-02 -2.342788617880369861e-03 3.194919868704732835e+01 3.847974850139729286e-02 9.992470268270112754e-01 4.968735517947955524e-03 2.487645467938365496e+00 2.149884829749489513e-03 -5.055193999660187454e-03 9.999849113905892040e-01 -1.139504077344330790e+00
9.993668600565877025e-01 -3.555046474723416033e-02 1.429502323308080641e-03 3.266777627841786114e+01 3.554025241548593866e-02 9.993462703008213488e-01 6.627404777232023467e-03 2.551794819121067537e+00 -1.664175135082927642e-03 -6.572403829147503360e-03 9.999770167503982954e-01 -1.167804186207072492e+00
9.994277471416700420e-01 -3.340790587418068086e-02 5.300006455467617950e-03 3.340474218938933859e+01 3.337907406781045333e-02 9.994279678952298074e-01 5.438235300833055112e-03 2.595269975622767955e+00 -5.478654734671477636e-03 -5.258213947100955250e-03 9.999711673485315311e-01 -1.172036381730365617e+00
9.995099294295334280e-01 -3.090270026266036044e-02 4.992403053164879909e-03 3.414406169680251679e+01 3.089299937907680552e-02 9.995206789508427336e-01 2.008715761567970472e-03 2.618693314110042802e+00 -5.052084830388237427e-03 -1.853501044667269903e-03 9.999855203815423144e-01 -1.212632641549532764e+00
9.996291912633606946e-01 -2.698705652465474905e-02 3.630255403484872884e-03 3.488624101715014802e+01 2.698401501663310817e-02 9.996354741068611549e-01 8.842175824582537962e-04 2.696986930323596265e+00 -3.652794511269489425e-03 -7.859308405317388339e-04 9.999930196781237068e-01 -1.257195423756208852e+00
9.997135999822875929e-01 -2.378725269895042016e-02 2.623855844171905580e-03 3.559011976919022402e+01 2.378039700487471347e-02 9.997137894232092092e-01 2.613800944555689631e-03 2.731244597543285302e+00 -2.685280012450230909e-03 -2.550656018260903744e-03 9.999931416890474045e-01 -1.265746736375866321e+00
9.997895660047992905e-01 -2.050924714153752257e-02 4.410097759536168636e-04 3.632694591546196250e+01 2.050732460460542514e-02 9.997817255457672747e-01 3.993858070761756134e-03 2.788116532240820344e+00 -5.228245370069363896e-04 -3.983973696622375264e-03 9.999919272714595797e-01 -1.297703186481421467e+00
9.998404533571586539e-01 -1.779914981111270847e-02 -1.502696427454249493e-03 3.707150478911860603e+01 1.780808537785570286e-02 9.998224562397372006e-01 6.158578887521386734e-03 2.816398035944455369e+00 1.392812164837436886e-03 -6.184356453212312525e-03 9.999799067028962707e-01 -1.319437702427771253e+00
9.998896702152719751e-01 -1.479115926712322795e-02 -1.367115331374721410e-03 3.778277237808378430e+01 1.480074546358942089e-02 9.998638863680178179e-01 7.290176319238227641e-03 2.818269044912618426e+00 1.259099089318366574e-03 -7.309606321693344448e-03 9.999724917841016358e-01 -1.322784216779504751e+00
9.999380392977558207e-01 -1.081885503470935567e-02 -2.621057248082213614e-03 3.851633440319081814e+01 1.083472996503540009e-02 9.999225731770304826e-01 6.120153397651895491e-03 2.868009670690052193e+00 2.554641255547293686e-03 -6.148172636155404755e-03 9.999778366450385869e-01 -1.332752237513977756e+00
9.999616745091447489e-01 -6.081140556775302582e-03 -6.298352355650295789e-03 3.922577060820496797e+01 6.112633589419841189e-03 9.999688519450821156e-01 4.993080235280800486e-03 2.906762581970474102e+00 6.267792551503229698e-03 -5.031388393197054262e-03 9.999676994320206846e-01 -1.369084200532967088e+00
9.999608674330371372e-01 -2.069018219336345252e-03 -8.601323513038890145e-03 3.993108107407224594e+01 2.128299739525693884e-03 9.999740076778678155e-01 6.888708796443704721e-03 2.893738538643007452e+00 8.586847080659831127e-03 -6.906745418177817619e-03 9.999392796189885413e-01 -1.389925458912068201e+00
9.999596549883008612e-01 3.074319515298963058e-03 -8.440198765198449193e-03 4.067278884112380410e+01 -2.994144137408258181e-03 9.999504341877647473e-01 9.495486748199452945e-03 2.926466234522397070e+00 8.468972580108476839e-03 -9.469832481024129459e-03 9.999192961315521710e-01 -1.424104269257119748e+00
9.999442316750550841e-01 7.974755879080631243e-03 -6.923641271245859451e-03 4.136580679888117373e+01 -7.899201848873035892e-03 9.999096961308077125e-01 1.087208322938128247e-02 2.954264267793877075e+00 7.009718249301528058e-03 -1.081678567158015844e-02 9.999169270483425631e-01 -1.432750706830462351e+00
9.998994951041899615e-01 1.247822614251816939e-02 -6.730049236242935037e-03 4.206585104070326508e+01 -1.240167032025413230e-02 9.998592504431346173e-01 1.129946355189992251e-02 2.936888105367071677e+00 6.870099246285000377e-03 -1.121486404862596757e-02 9.999135105401452117e-01 -1.464177304470101193e+00
9.998116464508850498e-01 1.868563918070295302e-02 -5.245808763102535396e-03 4.276756824756404995e+01 -1.861632511795381292e-02 9.997426383871798050e-01 1.296493076507789464e-02 2.963281651421525442e+00 5.486716711577757644e-03 -1.286483109291373418e-02 9.999021912470628104e-01 -1.463990212816967951e+00
9.996956775367749071e-01 2.453088661437318255e-02 -2.605362969218742546e-03 4.344224389321043844e+01 -2.449370782430605395e-02 9.996094495077109121e-01 1.345387423415962506e-02 2.962617156860186896e+00 2.934380906790728764e-03 -1.338596491866845574e-02 9.999060982671773568e-01 -1.476830133795698385e+00
9.995078266841745940e-01 3.134182560298788556e-02 1.339539081153395903e-03 4.412560001841994506e+01 -3.135656001234035650e-02 9.994244226010590149e-01 1.294564222942991283e-02 3.006219818218030415e+00 -9.330280116598183189e-04 -1.298127406735542777e-02 9.999153044044868377e-01 -1.507655500101379609e+00
9.992760248138781165e-01 3.767496897253605481e-02 5.293670285556831105e-03 4.483799147677520835e+01 -3.773638687462470276e-02 9.992153693158990491e-01 1.202542425613761616e-02 2.968021853514128061e+00 -4.836459223687702459e-03 -1.221648213725605968e-02 9.999136793875598173e-01 -1.516932266916284355e+00
9.990189606687269741e-01 4.371908421080188817e-02 7.053927994050734722e-03 4.553151278419278469e+01 -4.379364275608275264e-02 9.989823695025085160e-01 1.078620773516683791e-02 2.957976299904911954e+00 -6.575186577507917580e-03 -1.108454324374194729e-02 9.999169464623292036e-01 -1.556148050211776379e+00
9.987570824902025635e-01 4.938195619629730249e-02 6.761107741020300384e-03 4.623294476530172403e+01 -4.944680500859290062e-02 9.987288160868476039e-01 9.785979368763427985e-03 2.938197590996671771e+00 -6.269262325098680887e-03 -1.010813137976779470e-02 9.999292585127752542e-01 -1.582060753902079009e+00
9.984797664853949373e-01 5.481360553900461313e-02 5.798669423726391867e-03 4.691322091333903899e+01 -5.487077558526760185e-02 9.984412830305164910e-01 1.020795410683504080e-02 2.918399059697856401e+00 -5.230096169522885363e-03 -1.051061312152872483e-02 9.999310841782382830e-01 -1.598390331469781156e+00
9.981773013837621500e-01 6.023735213884730960e-02 3.679185987507556377e-03 4.761636659709395758e+01 -6.027168589892061695e-02 9.981312198742836594e-01 1.006934909397407679e-02 2.916671763814487672e+00 -3.065759470672588943e-03 -1.027274644751683882e-02 9.999425342484902224e-01 -1.631137042014087379e+00
9.978427778111264024e-01 6.561803667974885901e-02 2.015944560262740697e-03 4.832426720701798928e+01 -6.563559301322280382e-02 9.977890597178450394e-01 1.043844994149688114e-02 2.881997090272900852e+00 -1.326536836087000319e-03 -1.054824960236026322e-02 9.999434857682452105e-01 -1.646097132076812075e+00
9.975225592022121113e-01 7.032247610415577610e-02 1.869020398391387471e-03 4.898975162524486393e+01 -7.033890483717654407e-02 9.974619700155894497e-01 1.104793369485554747e-02 2.860398819361408496e+00 -1.087358715322018707e-03 -1.115202794112984952e-02 9.999372229914358368e-01 -1.681240619129181546e+00
9.971397173748897114e-01 7.544048906183704883e-02 4.595284935232531870e-03 4.967911609093892622e+01 -7.548602701545899241e-02 9.970893629729740137e-01 1.070803303927330731e-02 2.846343532287839206e+00 -3.774090479377222290e-03 -1.102428484118666251e-02 9.999321083877614758e-01 -1.696576585515085833e+00
9.967326343151194923e-01 8.061175158235368843e-02 5.079487972927480485e-03 5.036504730330982937e+01 -8.065389672465393678e-02 9.967039821899863483e-01 8.724725196371163269e-03 2.807967873033775597e+00 -4.359430509948787266e-03 -9.105898827037143053e-03 9.999490376875116437e-01 -1.717518405087065103e+00
9.962897867422363385e-01 8.595729222009482196e-02 4.243200124712080863e-03 5.105869093204091769e+01 -8.597974338281028084e-02 9.962821037815701164e-01 5.427099814333458637e-03 2.782734128240672344e+00 -3.760925542366089138e-03 -5.771793374495765884e-03 9.999762706386121636e-01 -1.743494033721333158e+00
9.959855045181310595e-01 8.950201515145060627e-02 1.504683884893983324e-03 5.175187776581609711e+01 -8.950607546630455491e-02 9.959820794341671668e-01 2.891349271982106631e-03 2.709513218490814612e+00 -1.239856598218712531e-03 -3.014420312747482719e-03 9.999946879987883230e-01 -1.769201161099350994e+00
