1.000000000000000000e+00 0.000000000000000000e+00 0.000000000000000000e+00 0.000000000000000000e+00 0.000000000000000000e+00 1.000000000000000000e+00 0.000000000000000000e+00 0.000000000000000000e+00 0.000000000000000000e+00 0.000000000000000000e+00 1.000000000000000000e+00 0.000000000000000000e+00
9.999999999024742348e-01 -1.082566160091140915e-05 8.823634205901196456e-06 -3.360287789428634004e-03 1.082605176476345147e-05 9.999999989637295972e-01 -4.421919647071242520e-05 -2.821175310378456428e-03 -8.823155494700271137e-06 4.421929199152058025e-05 9.999999989834030822e-01 -1.444422461334173881e-03
9.999999996070149111e-01 1.953340860875833412e-05 -2.011009798216931304e-05 1.696177460323646490e-03 -1.953391677971211697e-05 9.999999994899377853e-01 -2.526955567042172901e-05 -3.100197327604257806e-03 2.010960437135563822e-05 2.526994848947158656e-05 9.999999994785168100e-01 -1.605943072959407697e-03
9.999999998486315267e-01 -1.015344306498893934e-05 1.412955988482850660e-05 1.132380293167754501e-03 1.015366307346622310e-05 9.999999998272265378e-01 -1.557081015822949920e-05 -2.683066908330200128e-03 -1.412940178505287497e-05 1.557095362266301523e-05 9.999999997789527084e-01 -8.116337228285492667e-04
9.999999999857311916e-01 4.388028343481491184e-07 -5.324002208817849847e-06 -1.491842620458277372e-03 -4.388959824453070073e-07 9.999999998468506179e-01 -1.749589020520914303e-05 -2.830858413667614384e-03 5.323994530756270440e-06 1.749589254164267990e-05 9.999999998327744333e-01 -1.136470605900930658e-03
9.999999999971279641e-01 1.095445296764902424e-06 2.131660216415974023e-06 -1.410192681190580288e-03 -1.095404584567488391e-06 9.999999998170193694e-01 -1.909872868164243633e-05 -2.868640971960990851e-03 -2.131681137638430261e-06 1.909872634655721327e-05 9.999999998153472625e-01 -1.352747244566812612e-03
9.999999998699053982e-01 -8.300677890746247932e-06 -1.383068501516043307e-05 6.446996830310363410e-04 8.300218504396588402e-06 9.999999994139437964e-01 -3.321473696395464865e-05 -1.602730269947660055e-03 1.383096071188763685e-05 3.321462216192589832e-05 9.999999993527467490e-01 -1.003039035239043511e-03
9.999999999743826029e-01 -3.747741403127608559e-06 6.098293055248290370e-06 7.948512571721770645e-04 3.747868990506098055e-06 9.999999997741129132e-01 -2.092194125295387312e-05 -1.876819476899396332e-05 -6.098214643845297567e-06 2.092196410802134142e-05 9.999999997625416137e-01 -1.212199765044571272e-03
9.999999997788107109e-01 -1.125931404617619328e-05 1.776531696207070554e-05 -1.012660910001356249e-04 1.125952062698948399e-05 9.999999998690033420e-01 -1.162826411580472838e-05 -2.555449315609106126e-03 -1.776518603346601658e-05 1.162846414218546154e-05 9.999999997745885327e-01 -8.393931610170423828e-04
9.999999999969420017e-01 6.226250488368238648e-07 -2.393402284717713097e-06 -4.016958809566768384e-04 -6.226825657010698491e-07 9.999999997110496919e-01 -2.403149801302939935e-05 -3.250037092402397257e-03 2.393387321413514592e-06 2.403149950328578363e-05 9.999999997083793835e-01 -1.288319570229967855e-03
9.999999999349974411e-01 -1.115886974644519390e-05 -2.341967047523676619e-06 1.743633386648260142e-03 1.115882757709192529e-05 9.999999997756467973e-01 -1.800519573434831348e-05 -3.633964322845768292e-04 2.342167964632207221e-06 1.800516959957145538e-05 9.999999998351640773e-01 -7.284110994338944840e-04
9.999999998951066837e-01 -1.354353732213260944e-05 5.134129383832709694e-06 1.730218292094214214e-03 1.354358212332790495e-05 9.999999998702122639e-01 -8.726218040160795434e-06 3.885009202030500000e-05 -5.134011199306653840e-06 8.726287573748416627e-06 9.999999999487468871e-01 -8.389045509430304720e-04
9.999999996331456753e-01 -7.762948642677417019e-06 2.595082396716605659e-05 -1.464477485390620762e-03 7.763067430160329002e-06 9.999999999593914835e-01 -4.577309390551910324e-06 -2.999552645393634316e-03 -2.595078843269451213e-05 4.577510846869029933e-06 9.999999996528015078e-01 -1.109624201106867731e-03
9.999999954457143847e-01 -4.308801151054120942e-05 8.515864347100454820e-05 -6.149454432914329763e-03 4.308830748548271854e-05 9.999999990656653903e-01 -3.473739735715743814e-06 -6.358718554071618630e-03 -8.515849371490016677e-05 3.477409061710265598e-06 9.999999963679693238e-01 -7.927758584647857064e-04
9.999999856259087494e-01 6.785170538054500133e-05 1.553844536171815522e-04 -2.367962490249583135e-02 -6.778966940166206915e-05 9.999999180170325852e-01 -3.992123354020019879e-04 8.227724734292621994e-04 -1.554115281160689630e-04 3.992017962029465253e-04 9.999999082425872210e-01 -9.387067382058045598e-03
9.999979656178410448e-01 -1.792065164813714284e-06 -2.017116002522890972e-03 1.246018453647799312e-02 1.005836992155365225e-06 9.999999240355361696e-01 -3.897793095679875463e-04 -4.960149601713087844e-03 2.017116547803677641e-03 3.897764877180213950e-04 9.999978896553343155e-01 -2.643383091488026373e-03
9.999960699625835003e-01 -3.087622980929533934e-05 -2.803409717868722128e-03 -5.579342655900515480e-03 3.039333220428047078e-05 9.999999846951483917e-01 -1.722961065279962276e-04 -3.842206692927840894e-03 2.803414994817132484e-03 1.722102244349909433e-04 9.999960555962235098e-01 -7.878655212791262075e-04
9.999949067919871037e-01 8.692441670727096717e-05 -3.190428534044929734e-03 -3.729327789166812790e-03 -8.725669994943858500e-05 9.999999907839912661e-01 -1.040109888685452239e-04 -5.342309247655108173e-05 3.190419463547373557e-03 1.042888453842485817e-04 9.999949051607629480e-01 -6.629885376494197655e-04
9.999950017540428782e-01 -3.822373655578638389e-05 -3.161487921500399142e-03 1.314488338198731461e-02 3.831425689140890821e-05 9.999999988578397447e-01 2.857163381401553142e-05 7.891299211052721363e-03 3.161486825774869735e-03 -2.869262106634578460e-05 9.999950020764023506e-01 3.640898210689510594e-04
9.999956835064672811e-01 8.850397736362045856e-06 -2.938178024518236890e-03 1.575296447192171823e-02 -8.669485125166937384e-06 9.999999980660152499e-01 6.158579035887973003e-05 7.492098781915665015e-03 2.938178563894585163e-03 -6.156005203353527686e-05 9.999956816492192591e-01 -1.097672880704937421e-03
9.999961400987775750e-01 1.120963240840338423e-05 -2.778427953016208464e-03 1.734845659968330470e-02 -1.097300284941713691e-05 9.999999963118154644e-01 8.518193609923971864e-05 4.000781358989052156e-03 2.778428897627045063e-03 -8.515111960753508338e-05 9.999961365336106356e-01 -1.411602274552182287e-03
9.999957590546664221e-01 6.100666222892639280e-06 -2.912359089024332392e-03 1.739598533504074784e-02 -6.044453662153701904e-06 9.999999997952906394e-01 1.931018530632738422e-05 9.438031351622104201e-07 2.912359206233140155e-03 -1.929249979332596192e-05 9.999957588868331193e-01 -1.579609673167251590e-03
9.999954821729771792e-01 6.939009298322943115e-05 -3.005132051978586134e-03 1.698309371762361103e-02 -6.952616512418998134e-05 9.999999965626443776e-01 -4.517547646599854617e-05 -3.885003506074852751e-04 3.005128906918366066e-03 4.538420767827606333e-05 9.999954835600641800e-01 -2.955686964969420245e-03
9.999953799444764035e-01 1.501279687179425840e-05 -3.039714512620165718e-03 2.591020273842573746e-02 -1.544195289884911130e-05 9.999999899177589580e-01 -1.411595838873175594e-04 6.245724659778700014e-04 3.039712362772871608e-03 1.412058708505321630e-04 9.999953700941087709e-01 -5.378655620001094283e-03
9.999946816850319165e-01 1.293315196547607257e-06 -3.261380072774722368e-03 4.079591670416458926e-02 -1.609923721231278539e-06 9.999999952868816600e-01 -9.707545935559648998e-05 -3.588245459362338421e-03 3.261379931854285590e-03 9.708019365087106728e-05 9.999946769740207797e-01 -6.996323697997741675e-03
9.999871317451574093e-01 -2.745613375079699049e-05 -5.073025749374890370e-03 7.690409596711773876e-02 2.484037805619177612e-05 9.999998667271380315e-01 -5.156827142234128884e-04 -6.081612778475808251e-03 5.073039231931805032e-03 5.155500624093250312e-04 9.999869991560312865e-01 -6.382998778105937292e-03
9.999831494023438960e-01 -1.422332016301513689e-04 -5.803505930548765249e-03 1.070388993792246168e-01 1.385875631005980440e-04 9.999997928428495664e-01 -6.285759662951820315e-04 -1.205248713335370370e-02 5.803594132683166998e-03 6.277610806701230430e-04 9.999829619604369002e-01 -1.184192839563780360e-02
9.999796649984027397e-01 -2.295707137876489543e-04 -6.373137921739154693e-03 1.616582938769297040e-01 2.260086587005050922e-04 9.999998178662812265e-01 -5.596315668684613467e-04 -1.405182235018006057e-02 6.373265235994109157e-03 5.581798024062495280e-04 9.999795347533567691e-01 -1.292577131777139510e-02
9.999767518499043106e-01 -1.461089054340937183e-03 -6.660403778318388542e-03 2.887455900969090328e-01 1.458593876104015072e-03 9.999988642522822380e-01 -3.794707500994234082e-04 -6.600372021222563820e-03 6.660950654339410464e-03 3.697471039430329687e-04 9.999777472641376841e-01 -1.316555011610949337e-02
9.999765750031179845e-01 -1.616460901351515680e-03 -6.651052487238283753e-03 3.437185811729673857e-01 1.614187937165377420e-03 9.999986369588876878e-01 -3.470989343863819100e-04 -8.426066075069111802e-03 6.651604493436640703e-03 3.363547549005723087e-04 9.999778212656227350e-01 -1.408198970573579581e-02
9.999760327765396806e-01 -1.757116856246898444e-03 -6.696746437370266689e-03 4.263126114036299152e-01 1.755265978933068498e-03 9.999984196863568320e-01 -2.822518946650301756e-04 -1.245493086610120065e-02 6.697231803972331088e-03 2.704905586797413247e-04 9.999775367082109900e-01 -1.592580704982521356e-02
9.999753982624073334e-01 -1.320056952963619698e-03 -6.889145054420353805e-03 5.484339248562247748e-01 1.317816938669840723e-03 9.999990773342104511e-01 -3.296805178243668289e-04 -1.030158445649495547e-02 6.889573895101703226e-03 3.205937750651091374e-04 9.999762152127296133e-01 -1.746300628695274249e-02
9.999722270227159315e-01 -2.367014113526634024e-03 -7.066995642863524961e-03 7.060552287044797870e-01 2.363071092110565277e-03 9.999970476255130025e-01 -5.662466521813764621e-04 -3.775156464200936802e-03 7.068315092263340559e-03 5.495311127142461609e-04 9.999748681528514149e-01 -2.078452039202314736e-02
9.999713602778638188e-01 -2.591833400272959727e-03 -7.110627515481452235e-03 8.148520014044976501e-01 2.588743133616612686e-03 9.999965507336097126e-01 -4.437678122878404739e-04 -3.497696394746353452e-04 7.111753161270802440e-03 4.253475147445956537e-04 9.999746207011780408e-01 -2.125924412333025926e-02
9.999726603017535798e-01 -2.906213299039026553e-03 -6.799453896756784722e-03 9.333633510343344319e-01 2.905565649953154375e-03 9.999957733094051449e-01 -1.051264881581818013e-04 1.023456867829554071e-02 6.799730677566915259e-03 8.536735435086121909e-05 9.999768779202483637e-01 -2.356034844773741838e-02
9.999702861796816444e-01 -3.843245446347937685e-03 -6.682531119621188190e-03 1.091120304221437243e+00 3.842939236963316667e-03 9.999926141611064079e-01 -5.866223320030064487e-05 8.626083471980360712e-03 6.682707216883557524e-03 3.297992907942319470e-05 9.999776699189726337e-01 -2.742923710231882223e-02
9.999696798814784460e-01 -3.751469082158392834e-03 -6.823913646815335694e-03 1.240863379235482178e+00 3.750991571974556221e-03 9.999929615806533167e-01 -8.277306975737907418e-05 4.512784241458471859e-03 6.824176137861533327e-03 5.717411749100715610e-05 9.999767134044470485e-01 -2.626171845958814519e-02
9.999695266134956961e-01 -3.839396114075810558e-03 -6.797417293402822913e-03 1.410792294869045671e+00 3.837848397457618507e-03 9.999926064591702080e-01 -2.407211523426777808e-04 1.559854623228102040e-02 6.798291260277406975e-03 2.146263596876259443e-04 9.999768683181957662e-01 -2.890394024551940291e-02
9.999688988475774476e-01 -4.741150971358905168e-03 -6.302604622717020155e-03 1.597780780918822252e+00 4.741294584309270303e-03 9.999887599688912498e-01 7.844996185926982152e-06 2.827196560865302341e-02 6.302496586933707678e-03 -3.772725736223562820e-05 9.999801383594705273e-01 -3.341888129658133338e-02
9.999693071658628529e-01 -5.031541881304369378e-03 -6.005690012056526944e-03 1.788401003107346066e+00 5.038711901477287321e-03 9.999866101823261522e-01 1.179338134078046236e-03 3.019445029614703166e-02 5.999675707748427025e-03 -1.209562878588638004e-03 9.999812702491205352e-01 -3.807309301594616335e-02
9.999640388071150410e-01 -5.982136927699370325e-03 -6.011250314264873773e-03 1.991135033846249458e+00 5.997971594799539861e-03 9.999785807719469011e-01 2.619605709058760168e-03 3.103789280948598961e-02 5.995450717875334956e-03 -2.655566813546764507e-03 9.999785010366913918e-01 -3.765953563835812423e-02
9.999641605900402297e-01 -6.470694956103095058e-03 -5.459637555844842199e-03 2.200522399129215323e+00 6.494881987190531669e-03 9.999691213804168255e-01 4.424115013163841710e-03 4.059164562307557983e-02 5.430841871072794244e-03 -4.459416157110222302e-03 9.999753094772435569e-01 -4.395461094337450164e-02
9.999608551057102002e-01 -6.959691140909190187e-03 -5.463602793032986196e-03 2.411306116303212566e+00 6.987590007408477598e-03 9.999625609892787148e-01 5.103940208447602447e-03 4.790819907885723872e-02 5.427876393696977678e-03 -5.141917831528727140e-03 9.999720490288058761e-01 -4.721071623231421627e-02
9.999585222515912086e-01 -7.512517323642348838e-03 -5.149355287402992455e-03 2.647621835414104563e+00 7.541960511199031353e-03 9.999551850737675718e-01 5.722471121356782070e-03 6.036849406117750227e-02 5.106134355992406580e-03 -5.761070000375061173e-03 9.999703682931756488e-01 -4.987836300575112375e-02
9.999547424695155451e-01 -8.194572565710753209e-03 -4.833424582034952580e-03 2.893916116988337617e+00 8.224329060664808955e-03 9.999471505742351107e-01 6.168992621958080402e-03 6.555381954287620161e-02 4.782616880623345029e-03 -6.208465102838995817e-03 9.999692902968770891e-01 -5.067503115576711681e-02
9.999545047501575690e-01 -8.571969138596608612e-03 -4.184468300036499333e-03 3.147343705210553289e+00 8.599365077799615148e-03 9.999414178676609977e-01 6.573564715629733046e-03 7.200164383932104728e-02 4.127874771087832600e-03 -6.609249420229133809e-03 9.999696387750857118e-01 -5.416749877231634425e-02
9.999495252870496120e-01 -9.249926408006982695e-03 -3.922466016497077462e-03 3.404483961071864684e+00 9.271326184092645514e-03 9.999420423541399705e-01 5.473065267244566802e-03 7.537843719785419783e-02 3.871613228652563774e-03 -5.509155477731206112e-03 9.999773296514925525e-01 -7.342613666398477290e-02
9.999288987055208189e-01 -9.943525245579070901e-03 -6.582084719504015594e-03 3.673069065578862702e+00 9.978914301697649689e-03 9.999358129652984317e-01 5.365744942415092561e-03 7.749190260518819262e-02 6.528307814707473913e-03 -5.431045490346286808e-03 9.999639418208829955e-01 -8.000977407588974466e-02
9.998924634623451713e-01 -1.060042164913491819e-02 -1.013373435922171502e-02 3.950061566378892941e+00 1.064106680503539015e-02 9.999355195468484503e-01 3.965406136215920800e-03 8.415448894108856770e-02 1.009104595438416012e-02 -4.072813454470597221e-03 9.999407897381282773e-01 -8.626042039164923125e-02
9.998361562730144758e-01 -1.147909409519216190e-02 -1.399610688576664527e-02 4.236498708388045209e+00 1.149036854021197318e-02 9.999337204228756493e-01 7.253909818645650409e-04 9.197699281860920173e-02 1.398685239838424327e-02 -8.860925573482319106e-04 9.999017865770445379e-01 -8.931692480292365011e-02
9.997846584287499727e-01 -1.166242124499926661e-02 -1.716463519017717362e-02 4.531857338467047747e+00 1.161610951673644823e-02 9.999286235310940185e-01 -2.795325188038904306e-03 9.045991323507558690e-02 1.719601029898690583e-02 2.595336956136831338e-03 9.998487692925771553e-01 -8.498901097824373974e-02
9.997534120029387683e-01 -1.208991110460914259e-02 -1.862657343594674442e-02 4.844387512970914855e+00 1.199398004059548661e-02 9.999142696319545109e-01 -5.253363606382874945e-03 9.364940713731535749e-02 1.868848927195201209e-02 5.028661439957912357e-03 9.998127089274543300e-01 -8.531200851209028158e-02
9.997299695476107306e-01 -1.257662823086606874e-02 -1.954012309776500048e-02 5.148224111360429234e+00 1.241979441972244219e-02 9.998898444015715814e-01 -8.126977862209460585e-03 9.648321363483935986e-02 1.964018062302528775e-02 7.882099018890458691e-03 9.997760428316690984e-01 -8.191602026772269729e-02
9.997201185657998979e-01 -1.262145291679631076e-02 -2.000958422986384710e-02 5.479798771538559876e+00 1.240302031255472587e-02 9.998625381359729225e-01 -1.100317769630647022e-02 1.085112405591512896e-01 2.014570976434627847e-02 1.075191883150329250e-02 9.997392393116975029e-01 -8.641720379707031052e-02
9.997002979102581621e-01 -1.335548520475719758e-02 -2.051695330907349346e-02 5.813236569973983414e+00 1.311482198921552073e-02 9.998441314145573022e-01 -1.182008122055934821e-02 1.189614221221229756e-01 2.067161828044382366e-02 1.154746252710708160e-02 9.997196308499961548e-01 -8.904601334969546034e-02
9.997025375551321646e-01 -1.367321508892823355e-02 -2.019602918797285679e-02 6.153113854679979511e+00 1.348213218831730877e-02 9.998633385599419166e-01 -9.567461284146136502e-03 1.275911578157359616e-01 2.032408712553369912e-02 9.292329788530010598e-03 9.997502608599884155e-01 -7.548840627896122313e-02
9.997943674216236420e-01 -1.425547297786921262e-02 -1.442235633218870265e-02 6.502236323679503549e+00 1.418005468801258710e-02 9.998853154446839531e-01 -5.318083031492518153e-03 1.508580472342513357e-01 1.449651409961564240e-02 5.112479658846293129e-03 9.998818498356181195e-01 -6.235087118176846355e-02
9.998694364596795170e-01 -1.569601668066173544e-02 -3.839934135269482390e-03 6.860564193001055244e+00 1.568768307121651967e-02 9.998745405660616203e-01 -2.190828077311557463e-03 1.619509972406807108e-01 3.873839653352454619e-03 2.130302365313096764e-03 9.999902275413357078e-01 -6.267238768091519530e-02
9.998079127688355161e-01 -1.747277876601459681e-02 8.879164770320557495e-03 7.228692979008103592e+00 1.747623730164006919e-02 9.998472302029527414e-01 -3.120661152978326455e-04 1.691563096851760317e-01 -8.872355639927676993e-03 4.671805619482893163e-04 9.999605307449495051e-01 -7.094053017822810059e-02
9.996300571592550144e-01 -1.888540000344527542e-02 1.957269757837415761e-02 7.607099541269491283e+00 1.894789917137885277e-02 9.998159335869127862e-01 -3.012650447911186836e-03 1.818080354055184034e-01 -1.951219979335710661e-02 3.382397439673239317e-03 9.998038974952959679e-01 -1.122211573534568352e-01
9.995420861627756226e-01 -2.041601034072653559e-02 2.233393183328460582e-02 7.980481851411750149e+00 2.058009075034980540e-02 9.997627001646762768e-01 -7.141654160126980136e-03 1.896822118328947426e-01 -2.218282790975539473e-02 7.598018241807511300e-03 9.997250583359023057e-01 -1.371053440847225247e-01
9.995791202311514745e-01 -2.154438788698383178e-02 1.942734537944914436e-02 8.357766009353158054e+00 2.173974734156684102e-02 9.997146322207471902e-01 -9.901389259142865176e-03 1.957267472654226348e-01 -1.920848207022244486e-02 1.031956754478677817e-02 9.997622421067153820e-01 -1.326429267913663002e-01
9.995773266122159884e-01 -2.271863398576235912e-02 1.813923351733280273e-02 8.733773795082846902e+00 2.287867685750528610e-02 9.997006991221387695e-01 -8.664774662783333511e-03 2.104893129639495430e-01 -1.793695258468445616e-02 9.076113955208115966e-03 9.997979245264749792e-01 -1.319026141737031921e-01
9.995489624264722872e-01 -2.425963675013271398e-02 1.770146143442025144e-02 9.134675272691561432e+00 2.436485531060202797e-02 9.996865805830942309e-01 -5.752775658241916605e-03 2.307204933536236569e-01 -1.755635320492514306e-02 6.181474486903824721e-03 9.998267669128045876e-01 -1.503854302809491950e-01
9.995621541692680800e-01 -2.565151512488158397e-02 1.474787185631951103e-02 9.542245316007356593e+00 2.568786506061243591e-02 9.996674109139721542e-01 -2.280601934431761291e-03 2.573519030688766751e-01 -1.468446598008305015e-02 2.658444724559550637e-03 9.998886433651130723e-01 -1.863244411371815512e-01
9.996115860244038087e-01 -2.688239206775470611e-02 7.349427358058492968e-03 9.946241492725993893e+00 2.687821556440227536e-02 9.996384933256585725e-01 6.664755665081085762e-04 2.888268647359887864e-01 -7.364686948498417457e-03 -4.686772052788718348e-04 9.999727704931908878e-01 -2.101360534502235977e-01
9.996089014808998696e-01 -2.794228868438467309e-02 1.128088306398791069e-03 1.036559016429794511e+01 2.793940570263761872e-02 9.996065042326732764e-01 2.495256443309745199e-03 3.035235334077800995e-01 -1.197367584305584348e-03 -2.462762435349114681e-03 9.999962505489983222e-01 -2.236334907925724702e-01
9.995728794851893584e-01 -2.920938955280355867e-02 -9.328234772290318420e-04 1.079472265273728482e+01 2.921145152788016605e-02 9.995706561380744981e-01 2.279141797607587769e-03 3.183648704401697005e-01 8.658506345824265767e-04 -2.305417457178811878e-03 9.999969676719158151e-01 -2.281064075013307380e-01
9.995534134428419870e-01 -2.987079795899824641e-02 -8.420831644022486314e-04 1.125199286001927845e+01 2.987250284267970596e-02 9.995515312003703245e-01 2.090466194220446175e-03 3.493195776025376786e-01 7.792616230486458300e-04 -2.114687751842292927e-03 9.999974604202928052e-01 -2.314117934964202705e-01
9.995223380061623031e-01 -3.090451009440249239e-02 -8.415770923616811385e-05 1.170850836152798635e+01 3.090458956041198732e-02 9.995133907231762427e-01 4.229433669147528510e-03 3.635007351696718514e-01 -4.659181820763801031e-05 -4.230014288890608307e-03 9.999910523641289961e-01 -2.400893273077886469e-01
9.994798917921773329e-01 -3.224619839786128928e-02 3.585972439101186063e-04 1.219291421007431353e+01 3.224357117523024563e-02 9.994631254425513367e-01 5.814894536864766324e-03 3.926697770098311890e-01 -5.459129650718730700e-04 -5.800307706731262260e-03 9.999830290607645278e-01 -2.599218613173840953e-01
9.994493466442482266e-01 -3.316944411097639406e-02 -8.896458587900695457e-04 1.267622117535412229e+01 3.317384856114937580e-02 9.994344422917607051e-01 5.503756226351949610e-03 4.187027350715594731e-01 7.065861781666083526e-04 -5.530238541509224434e-03 9.999844584780539503e-01 -2.746503567289611536e-01
9.994189213164824670e-01 -3.394121518529005788e-02 -3.132670800530468029e-03 1.317275603702825038e+01 3.395255927588468337e-02 9.994168097438791420e-01 3.641993957222452397e-03 4.428585139369963231e-01 3.007230156838350960e-03 -3.746239863215254217e-03 9.999884610602619572e-01 -2.835181790816242442e-01
9.993825517439148820e-01 -3.487523998614911608e-02 -4.270000670935657217e-03 1.369235323797351178e+01 3.488950293533828878e-02 9.993856859163381401e-01 3.312607802833912596e-03 4.611824177327413232e-01 4.151849557282432865e-03 -3.459540639865464964e-03 9.999853967552799761e-01 -2.928576342171642088e-01
9.993394985359962401e-01 -3.602037180593228166e-02 -4.806191921460313890e-03 1.421216324834792566e+01 3.603754505336660002e-02 9.993441820750461613e-01 3.535689364676881420e-03 4.964680485021183420e-01 4.675683089141510068e-03 -3.706557394580002433e-03 9.999821995515373318e-01 -3.021824450585792188e-01
9.992979532907549922e-01 -3.704998231169420730e-02 -5.558719241986607128e-03 1.473768527068912348e+01 3.707896458527898398e-02 9.992987852301210561e-01 5.204634750691513809e-03 5.235515395828939100e-01 5.361989760500565465e-03 -5.407092407905099082e-03 9.999710057884181325e-01 -3.091373228030397380e-01
9.992520240526334696e-01 -3.844469207348649720e-02 -4.171100345222509935e-03 1.529537396837628904e+01 3.847135492496008002e-02 9.992384823544493422e-01 6.512313890972542749e-03 5.576575909834302625e-01 3.917560076483931654e-03 -6.667910718629073766e-03 9.999700953977050943e-01 -3.100345151580534142e-01
9.992110259150528417e-01 -3.969134327099638204e-02 -1.386708019605233837e-03 1.586680642769124638e+01 3.969744054971445502e-02 9.992007504717869137e-01 4.687586843953270646e-03 5.784262003468343405e-01 1.199543075338839514e-03 -4.738937218580542912e-03 9.999880517138436398e-01 -3.239045102710343960e-01
9.991675425869988025e-01 -4.078565518670437817e-02 8.672782997544365227e-04 1.643329253610816565e+01 4.078344566693070661e-02 9.991650575174131355e-01 2.428661309661669064e-03 6.199096966274402210e-01 -9.656087149988964221e-04 -2.391268955134628720e-03 9.999966747107681408e-01 -3.434489436365478210e-01
9.991256162610782088e-01 -4.176914245353389316e-02 1.828023418093554803e-03 1.700555288241870855e+01 4.176692646032446193e-02 9.991266190438308215e-01 1.234087558350553757e-03 6.458773464069526016e-01 -1.877973636277638445e-03 -1.156657572585861708e-03 9.999975676761825305e-01 -3.546345176138817057e-01
9.990976783642135928e-01 -4.244340430362138206e-02 1.544836029428779244e-03 1.758773972317923651e+01 4.244105078250517971e-02 9.990978078124437278e-01 1.525658168150178509e-03 6.815787051772566052e-01 -1.608196416891893507e-03 -1.458717069400611776e-03 9.999976429216201890e-01 -3.637364062747181492e-01
9.990275605321407015e-01 -4.406972105499597225e-02 1.339023276456675644e-03 1.817612397443031469e+01 4.406437126468686072e-02 9.990214977217928283e-01 3.791869559176637514e-03 7.150431145716964476e-01 -1.504819672879935052e-03 -3.729178976774475632e-03 9.999919143382667297e-01 -3.769353213533193636e-01
9.989574106013249244e-01 -4.561773683973989468e-02 1.764621862102884811e-03 1.875455355940669477e+01 4.560781563565023677e-02 9.989453392898778317e-01 5.304362730379272653e-03 7.549177685286547757e-01 -2.004733807893668059e-03 -5.218351909476426007e-03 9.999843748007807287e-01 -3.858571645323415900e-01
9.988806238805008064e-01 -4.723201817527745983e-02 2.575984315103705194e-03 1.934335160124867414e+01 4.722274715305013748e-02 9.988780812523567754e-01 3.548372152010136407e-03 7.902944827885657331e-01 -2.740691047983346423e-03 -3.422755132977715192e-03 9.999903866337311875e-01 -4.156138134062826728e-01
9.988133948995541189e-01 -4.866322084339485404e-02 1.921745658053342597e-03 1.994555373867770953e+01 4.866178189265050330e-02 9.988150024439330643e-01 7.885911222632994728e-04 8.249914448026016700e-01 -1.957843778083006789e-03 -6.941398079501157493e-04 9.999978425065064735e-01 -4.237649594320971325e-01
9.987749449821644587e-01 -4.946369823986499631e-02 1.397079922563202120e-03 2.054841286335275186e+01 4.946521943824454953e-02 9.987752670468619254e-01 -1.076104732845385107e-03 8.652453568960563057e-01 -1.342140752963916607e-03 1.143893310285050684e-03 9.999984450819380255e-01 -4.411673256255275177e-01
9.987452333958152240e-01 -5.007947512771433740e-02 7.028564024354879227e-05 2.114014274470363119e+01 5.007952012007399478e-02 9.987435797775949808e-01 -1.817558136023031531e-03 9.026487959100092384e-01 2.082502552233810985e-05 1.818797395907514490e-03 9.999983457698072842e-01 -4.487365733869524420e-01
9.987153079738192440e-01 -5.065092177708823556e-02 -1.489208477872038710e-03 2.175601018560746525e+01 5.064826139222129014e-02 9.987149794525311819e-01 -1.772973512365202085e-03 9.391643622552154902e-01 1.577097557066167678e-03 1.695269967176461865e-03 9.999973194079241345e-01 -4.572858295135739382e-01
9.986636376958026862e-01 -5.162415307989627611e-02 -2.426017924506379802e-03 2.237385717223900983e+01 5.162187454029769362e-02 9.986662088411946137e-01 -9.926669638899011765e-04 9.854401223323343562e-01 2.474027714548778390e-03 8.661048082473550309e-04 9.999965645187631758e-01 -4.714889313012047278e-01
9.986373591055242027e-01 -5.205831165787830339e-02 -3.654748428488642769e-03 2.298715155835749258e+01 5.205609178325139308e-02 9.986439171875217680e-01 -6.999804395644754250e-04 1.034260710242493886e+00 3.686232086838104206e-03 5.087746979540930985e-04 9.999930763966862202e-01 -4.861808754468139870e-01
9.986003715101888778e-01 -5.270965601902170838e-02 -4.357772604118679768e-03 2.361230018603482961e+01 5.271159614873952015e-02 9.986097224392005423e-01 3.314835666171980235e-04 1.062788470737537239e+00 4.334241705879756518e-03 -5.607247623898011044e-04 9.999904499226859311e-01 -4.990484316199067516e-01
9.985957166189857181e-01 -5.277043161539970995e-02 -4.677210422751366253e-03 2.425300504409200286e+01 5.277244429391464431e-02 9.986065162727203459e-01 3.078650787388207419e-04 1.108652592259351533e+00 4.654446633053843305e-03 -5.542605754107165746e-04 9.999890144005355586e-01 -5.047686456472105787e-01
9.986152172314646247e-01 -5.246980650167866467e-02 -3.816715791244361736e-03 2.488566084708332582e+01 5.246859081687434145e-02 9.986224873479960795e-01 -4.180198473951175601e-04 1.149007916185363243e+00 3.833391637459502947e-03 2.171832815984357833e-04 9.999926289428218151e-01 -5.106258747910378260e-01
9.986368660068241088e-01 -5.217043085056673885e-02 -1.629722962555128166e-03 2.554512185364274401e+01 5.217111176267664324e-02 9.986380886679289137e-01 3.780993414214883709e-04 1.188606228961015976e+00 1.607777818838013358e-03 -4.626084001780633617e-04 9.999986005209974271e-01 -5.183150205930214804e-01
9.986668730101397884e-01 -5.160537621020917093e-02 1.167004006930575603e-03 2.620443419591896728e+01 5.160403720075606299e-02 9.986669621538996067e-01 1.149802976476305746e-03 1.239718882079764883e+00 -1.224784361591464265e-03 -1.088048024908266735e-03 9.999986580264811353e-01 -5.365924188611504997e-01
9.986777922321637968e-01 -5.130563694518721490e-02 3.224735638722164410e-03 2.687963012278896358e+01 5.130152017908325840e-02 9.986823020695575481e-01 1.346684953547661956e-03 1.278507826556947613e+00 -3.289578940551058945e-03 -1.179470515799139032e-03 9.999938937412049533e-01 -5.585250917359324552e-01
9.986943476330406577e-01 -5.098484510430579403e-02 3.185212003199655584e-03 2.755902103295985484e+01 5.098239333613694552e-02 9.986991936259204117e-01 8.462982073355086732e-04 1.324264977911323138e+00 -3.224217042136151047e-03 -6.828035048718381853e-04 9.999945690871721027e-01 -5.791457317531527593e-01
9.987477745017081521e-01 -4.999578066525910136e-02 1.817922868692726937e-03 2.824679008470648967e+01 4.999594922693970100e-02 9.987494194327171115e-01 -4.736779261240991882e-05 1.360988881331403944e+00 -1.813281219910273289e-03 1.381972568963570026e-04 9.999983464550007417e-01 -5.981551780654554840e-01
9.987871889192004859e-01 -4.923097967653989465e-02 -6.796256097965886573e-04 2.894429768517127854e+01 4.923164926545398751e-02 9.987868800971295702e-01 1.006407693404183425e-03 1.416266773224301057e+00 6.292547057425492427e-04 -1.038646200655146852e-03 9.999992626260206796e-01 -6.186729212965138558e-01
9.988231310125484930e-01 -4.837897178640330337e-02 -3.439192227803439510e-03 2.965247878160576889e+01 4.838428003798932869e-02 9.988277023178699920e-01 1.477338014754786717e-03 1.455702014788924137e+00 3.363688376591583099e-03 -1.642002221315756565e-03 9.999929946900679711e-01 -6.329477156266372084e-01
9.988764654298996071e-01 -4.705852718573284854e-02 -5.594803783896009491e-03 3.036432185930808458e+01 4.707237822723592258e-02 9.988886689847082945e-01 2.370270446579432564e-03 1.493056038561508814e+00 5.477044668678597225e-03 -2.630968085614936603e-03 9.999815398239257913e-01 -6.486368813815499568e-01
9.989628040319518121e-01 -4.494767614398066657e-02 -7.281659829743311607e-03 3.109176970705279430e+01 4.495916716175223093e-02 9.989878132487022278e-01 1.422064941409488786e-03 1.531268742719985587e+00 7.210370915694005664e-03 -1.747967342886402008e-03 9.999724772019609187e-01 -6.530872748949005935e-01
9.990800468186586958e-01 -4.236180101281800808e-02 -6.673669438715775643e-03 3.181859161084810239e+01 4.237827594003506365e-02 9.990988810683334442e-01 2.346822608194392128e-03 1.572756646459752217e+00 6.568240036500151355e-03 -2.627482246276415922e-03 9.999749769668581090e-01 -6.500097320294920822e-01
9.992199764814901908e-01 -3.941565615635165415e-02 -2.417571114673188349e-03 3.255896818938921911e+01 3.942652559694393571e-02 9.992117619120276517e-01 4.626438804842158276e-03 1.618554559986314922e+00 2.233311371880159889e-03 -4.718146503202529443e-03 9.999863756141332827e-01 -6.632891224182972945e-01
9.993187350174806971e-01 -3.687045822696257552e-02 1.623315494913088984e-03 3.331166319096101347e+01 3.686012623737549426e-02 9.993024755900258294e-01 5.991107861709186501e-03 1.656714166454925641e+00 -1.843078084878673265e-03 -5.927190715650923654e-03 9.999807355511372009e-01 -6.806145510495897888e-01
9.994076862887896207e-01 -3.426710422228156083e-02 3.168935958269278926e-03 3.405092813968229137e+01 3.425864894088097301e-02 9.994093933173840982e-01 2.685055255229625189e-03 1.688719131187849554e+00 -3.259073431789081838e-03 -2.574901395676113501e-03 9.999913741243815490e-01 -7.005790967716727380e-01
9.995105474638557030e-01 -3.118225187026957626e-02 2.516481035609156348e-03 3.477218285295919742e+01 3.118236977638345550e-02 9.995137116403276512e-01 -7.622651015884900148e-06 1.718425316757696386e+00 -2.515019608750306522e-03 8.608876227763414147e-05 9.999968336275333325e-01 -7.124057404982494512e-01
9.996197397828967546e-01 -2.753351304846370431e-02 1.510462043138679220e-03 3.551035176500977997e+01 2.753314611773912193e-02 9.996208564234119187e-01 2.631884948198476141e-04 1.746997556781348493e+00 -1.517135865013670903e-03 -2.215006425666323528e-04 9.999988246174255080e-01 -7.308240574719676586e-01
9.997045304519577291e-01 -2.430607732014457290e-02 -2.576803018384774295e-04 3.623889511988719647e+01 2.430656452174273507e-02 9.997023561053431928e-01 2.095260980394615148e-03 1.772645222066826953e+00 2.066760294745084573e-04 -2.100905217462326058e-03 9.999977717386604459e-01 -7.505514289932445626e-01
9.997763136582021870e-01 -2.100298208556754254e-02 -2.489456070999675457e-03 3.696772913616575096e+01 2.101057910135138707e-02 9.997745526465772192e-01 3.065851621040521172e-03 1.793715266736956915e+00 2.424502803043284468e-03 -3.117470745605993836e-03 9.999922015507463069e-01 -7.556275988741150140e-01
9.998320178667751135e-01 -1.794411333773112197e-02 -3.734279713049831490e-03 3.769363461678864979e+01 1.796660737991468901e-02 9.998201016675553054e-01 6.079911244032539311e-03 1.820770358838368352e+00 3.624509305910305918e-03 -6.145982265023094970e-03 9.999745445931558230e-01 -7.690681183648385710e-01
9.998839071876065576e-01 -1.463870995458289512e-02 -4.228512517591946976e-03 3.841227378286736638e+01 1.466464905551604150e-02 9.998734322947557818e-01 6.169883239005326953e-03 1.834941456571151264e+00 4.137658193276556873e-03 -6.231176612005314211e-03 9.999720257200725992e-01 -7.898898936184358677e-01
9.999219155275617110e-01 -1.055499861531182006e-02 -6.689906720011889324e-03 3.912163616122717968e+01 1.058492274543597171e-02 9.999340606319587765e-01 4.453515303138636493e-03 1.858566357079679099e+00 6.642458743932619022e-03 -4.523979698551194341e-03 9.999677051532825933e-01 -8.019059265047420171e-01
9.999309288783122529e-01 -5.971267418093085914e-03 -1.012331161118903977e-02 3.983746810762321644e+01 6.015776015340622458e-03 9.999723480425931621e-01 4.371909092843477909e-03 1.865882768309844453e+00 1.009692584348658925e-02 -4.432506695364928084e-03 9.999392006381720988e-01 -7.951974209475304312e-01
9.999435610318132550e-01 -7.066090824639877565e-04 -1.060072896648447949e-02 4.054760745158139201e+01 7.871710585950188405e-04 9.999708293808780013e-01 7.597417261373401627e-03 1.882932324528078682e+00 1.059505133261722659e-02 -7.605333058024711483e-03 9.999149482812704770e-01 -7.991410667227210052e-01
9.999453639907113223e-01 4.366277168036174390e-03 -9.497613235738956369e-03 4.127274768518873316e+01 -4.272728105243608042e-03 9.999423803142599709e-01 9.847834583828330920e-03 1.893153285864700885e+00 9.540064361546999813e-03 -9.806715818441459273e-03 9.999064033682522057e-01 -8.086534608264861479e-01
9.999201536025239534e-01 9.228289459104336775e-03 -8.632791736383812337e-03 4.197399858458863520e+01 -9.141109430962661084e-03 9.999073698775093888e-01 1.008423437910511110e-02 1.889686423255689807e+00 8.725052313651667640e-03 -1.000451589536164275e-02 9.999118876800212607e-01 -8.168967631844223920e-01
9.998662822565376196e-01 1.428511668146903620e-02 -7.959462788819988976e-03 4.268625697332716129e+01 -1.419797622965160953e-02 9.998398013488463132e-01 1.089904168639298059e-02 1.886169882525742469e+00 8.113881775823630904e-03 -1.078457602765631011e-02 9.999089247738673913e-01 -8.184737368053249806e-01
9.997720754978585145e-01 2.028960095245602169e-02 -6.642977336578237933e-03 4.338775249581448179e+01 -2.020631518629924933e-02 9.997192642651908656e-01 1.237325679266763900e-02 1.884828610805088456e+00 6.892160858259826529e-03 -1.223620653043495932e-02 9.999013818214516069e-01 -8.173922808904798831e-01
9.996475113182623495e-01 2.637038388934263844e-02 -3.075055891082189088e-03 4.409237858598380910e+01 -2.633022840039122431e-02 9.995758963441637723e-01 1.243971543664667417e-02 1.870869772623381833e+00 3.401791820175434876e-03 -1.235436365379505644e-02 9.999178953849771068e-01 -8.281299773839041478e-01
9.994601860138606630e-01 3.283411711885318718e-02 1.121305562503080748e-03 4.479137441538494357e+01 -3.284484548888097488e-02 9.993944405689961785e-01 1.148774497430668680e-02 1.855844475974038010e+00 -7.434365814267672890e-04 -1.151837283684658923e-02 9.999333849758397230e-01 -8.365715368231594340e-01
9.992165616473741574e-01 3.932836159676950105e-02 4.420735652919417606e-03 4.549171789300874025e+01 -3.937273019079984282e-02 9.991700255702757882e-01 1.044261074716460423e-02 1.835087346360722238e+00 -4.006375783888123203e-03 -1.060848603751097900e-02 9.999357024214458045e-01 -8.605587700550331176e-01
9.989670615743446724e-01 4.512288061346320794e-02 5.360553578002009642e-03 4.617701918457594701e+01 -4.517135256579690034e-02 9.989360161577789388e-01 9.294327851009713884e-03 1.806052403418291430e+00 -4.935463189606158207e-03 -9.526870838251539145e-03 9.999424383108935777e-01 -8.750204974844307815e-01
9.986931974888537678e-01 5.089714742057128288e-02 4.623599673187111896e-03 4.687575824332926544e+01 -5.093781265275412057e-02 9.986599096377941631e-01 9.150088763812019507e-03 1.771896498548152898e+00 -4.151690215103322722e-03 -9.373647458772399119e-03 9.999474477199671307e-01 -8.917147391225138664e-01
9.984054765866873238e-01 5.637739398445363453e-02 2.844955049099916981e-03 4.757487881352935943e+01 -5.640097587955098662e-02 9.983673494994406150e-01 9.031355008861171804e-03 1.739218217233973185e+00 -2.331145972266899982e-03 -9.177412542948295074e-03 9.999551694238459909e-01 -9.124024597441164897e-01
9.981084649833880107e-01 6.147399467289509090e-02 6.634059555199069537e-04 4.826001501158688711e+01 -6.147749044862087231e-02 9.980668020336503909e-01 9.120134125212075310e-03 1.705013496529302230e+00 -1.014723838464558344e-04 -9.143667605452071578e-03 9.999581906490272454e-01 -9.237162050498662902e-01
9.977746715182315151e-01 6.667428401385139258e-02 -4.946998337287514301e-04 4.895268656437216492e+01 -6.666631657258867416e-02 9.977277409630592730e-01 9.744595804539320574e-03 1.669319801950379434e+00 1.143289695833027506e-03 -9.689931062228389694e-03 9.999523979293617471e-01 -9.307808625226016153e-01
9.974214491334142396e-01 7.175591902600236827e-02 1.241327246840552958e-03 4.964799658324191967e+01 -7.176480784963787385e-02 9.973706710102775430e-01 1.007754746023033394e-02 1.628428243340133807e+00 -5.149397095877193773e-04 -1.014064560284172987e-02 9.999484497432120644e-01 -9.397034026498030101e-01
9.970307211214201049e-01 7.694641826030693132e-02 2.998309025268622915e-03 5.033678801881722364e+01 -7.697020782070712608e-02 9.969941122303277448e-01 8.850270396871114456e-03 1.576085649422865886e+00 -2.308299837165412715e-03 -9.054771944697592376e-03 9.999563404753686324e-01 -9.622945172088929189e-01
9.966391329841711721e-01 8.186532637772840626e-02 2.916666183764882701e-03 5.103245470170487863e+01 -8.188355024305500607e-02 9.966187009284785958e-01 6.800673439071194468e-03 1.522831867190800992e+00 -2.350064712427868234e-03 -7.016644262024928497e-03 9.999726215747847258e-01 -9.755141264486367758e-01
9.962296149479592522e-01 8.675130885772766587e-02 8.744781940851876307e-04 5.172610142112333165e+01 -8.675338423691891787e-02 9.962261326586088206e-01 2.709784403507213123e-03 1.470152963899020282e+00 -6.361006856612632385e-04 -2.775431415676256081e-03 9.999959461699705621e-01 -9.939459579005831547e-01
