1.000000000000000000e+00 0.000000000000000000e+00 0.000000000000000000e+00 0.000000000000000000e+00 0.000000000000000000e+00 1.000000000000000000e+00 0.000000000000000000e+00 0.000000000000000000e+00 0.000000000000000000e+00 0.000000000000000000e+00 1.000000000000000000e+00 0.000000000000000000e+00
9.999999995969379718e-01 2.445824693239751879e-05 -1.441936943031323006e-05 -5.761853747959142479e-03 -2.445783138484000023e-05 9.999999992856635211e-01 2.881817725320421120e-05 2.467926568531922989e-03 1.442007426210834846e-05 -2.881782457508249882e-05 9.999999994807972081e-01 1.373867411082753745e-03
9.999999879963147320e-01 1.249787102051148327e-04 -9.158434537637272015e-05 2.796529006579768703e-03 -1.249760077099543968e-04 9.999999917549784456e-01 2.951339412703456717e-05 3.228408344901298813e-03 9.158803316718960765e-05 -2.950194792691120498e-05 9.999999953706336653e-01 -4.070154608979077542e-03
9.999999983636920220e-01 -1.068107059389350504e-05 -5.620080686382806774e-05 -8.519003696827259775e-03 1.068461820822158481e-05 9.999999979506009051e-01 6.312398224329490465e-05 -3.790949079644726633e-04 5.620013251693967951e-05 -6.312458262416896276e-05 9.999999964284160825e-01 -4.478580889623866995e-04
9.999999991031375268e-01 -1.867901454033343709e-05 -3.801077989812688392e-05 -2.061955182936666547e-03 1.868003502951434783e-05 9.999999994651425084e-01 2.684718442600009852e-05 -2.788004628528588727e-03 3.801027839884826951e-05 -2.684789444462186260e-05 9.999999989172047021e-01 -1.540552754132938976e-04
9.999999974505446865e-01 -4.460851669351713838e-05 -5.575832486498317130e-05 -4.608216335319974093e-03 4.461035594607052555e-05 9.999999984609416748e-01 3.298534310076104217e-05 1.980756780845327816e-04 5.575685335193949891e-05 -3.298783041538557218e-05 9.999999979014881912e-01 -2.112074663336331419e-03
9.999999782130877257e-01 2.087065989931519714e-04 -3.921682486178827575e-06 -7.558892039185307991e-03 -2.087066986865080266e-04 9.999999778972139541e-01 -2.543787753395307610e-05 2.967531414368638609e-03 3.916373346593002661e-06 2.543869546114525896e-05 9.999999996687674031e-01 6.284167529184425671e-05
9.999999851095120462e-01 1.400269071761883809e-04 -1.008634771815673580e-04 -9.605598944684053120e-04 -1.400240700337379368e-04 9.999999898008392618e-01 2.813505343571497369e-05 2.684905122635499429e-03 1.008674158173603839e-04 -2.812092970217757701e-05 9.999999945174888882e-01 -2.642870803504120299e-03
9.999999987149645886e-01 4.305767172884778871e-05 -2.676018925524396467e-05 -6.080853966496992460e-03 -4.305744068573633392e-05 9.999999990357523183e-01 8.634353117896630060e-06 -9.607455377610820205e-04 2.676056100458265412e-05 -8.633200881539582758e-06 9.999999996046701201e-01 -1.137654903532851931e-03
9.999999990225666435e-01 -4.035738057107083904e-05 -1.805958099566140615e-05 -1.948581450515364175e-03 4.035783444569164178e-05 9.999999988698036191e-01 2.513240952761265011e-05 -3.071521020558492208e-03 1.805856669703455978e-05 -2.513313834862737926e-05 9.999999995211067416e-01 -5.865629279844473140e-04
9.999999836720150359e-01 1.696079374858161135e-04 -6.236278657040510588e-05 -2.616784838012914741e-03 -1.696075225248731735e-04 9.999999855944714522e-01 6.659211732796692417e-06 4.035394762779992255e-03 6.236391512720349342e-05 -6.648634426337229558e-06 9.999999980332688887e-01 -1.333778459806859128e-03
9.999999919455994091e-01 1.242324229274500318e-04 -2.598280804931607749e-05 -2.733023761198862412e-03 -1.242324759341459069e-04 9.999999922810682840e-01 -2.038464019370667201e-06 3.446103247402679780e-03 2.598255460543237943e-05 2.041691911527749659e-06 9.999999996603691210e-01 -2.191903489778243390e-03
9.999999917116930703e-01 1.266228262038833388e-04 -2.330823285250320707e-05 2.199175306730084302e-03 -1.266234750991449183e-04 9.999999915957045182e-01 -2.784037499089165167e-05 8.765994439910444920e-04 2.330470742965000503e-05 2.784332612958428344e-05 9.999999993408199561e-01 -6.502883299331261267e-04
9.999999438408961883e-01 -1.180163188281357434e-04 3.136723656897261962e-04 -2.426955885571394078e-02 1.180887920185771586e-04 9.999999663380217951e-01 -2.310389414894499927e-04 1.788379113645616886e-03 -3.136450887655133687e-04 2.310759697052639958e-04 9.999999241153243457e-01 2.095754858118618717e-03
9.999993678003328279e-01 1.423752736434353086e-04 -1.115404956126727666e-03 -9.569431342089965153e-02 -1.434419857617325609e-04 9.999995324347428216e-01 -9.563235291307140961e-04 2.792906459834642099e-02 1.115268277777970753e-03 9.564829204451324746e-04 9.999989206579632528e-01 -9.608370063589947302e-03
9.999984394036056656e-01 8.487804752557067387e-05 -1.764648993479596504e-03 -1.241315476435862347e-01 -8.575820132019100137e-05 9.999998719718063978e-01 -4.987002121755623090e-04 4.040872409823036832e-02 1.764606438854463347e-03 4.988507670294516820e-04 9.999983186546006486e-01 1.887044175444541755e-03
9.999972817107685152e-01 -9.028883298141706498e-05 -2.329896778935437989e-03 -1.334730682919005873e-01 9.025811986707945342e-05 9.999999958384594434e-01 -1.328732094578303695e-05 3.509519879403317361e-02 2.329897968936180033e-03 1.307699272425051738e-05 9.999972856985396286e-01 -1.110393564159515428e-03
9.999963687244474153e-01 9.422692462645393602e-05 -2.693261815275009574e-03 -8.372270399187294043e-02 -9.403110876141607349e-05 9.999999929267979759e-01 7.283237385452083739e-05 3.231732707327593379e-02 2.693268658995625828e-03 -7.257885898542713540e-05 9.999963705115332280e-01 -9.744507672010736463e-03
9.999961995503762191e-01 4.843402392948333393e-04 -2.714092728101739904e-03 -3.726473838133942396e-02 -4.841068497292303819e-04 9.999998790663302550e-01 8.664804036369487734e-05 4.515530452665470623e-02 2.714134367009150492e-03 -8.533380018170812968e-05 9.999963130895935803e-01 -1.808694418843459495e-02
9.999967315961574288e-01 6.068910187961142153e-04 -2.483642545538865699e-03 -4.831875709409023945e-03 -6.063111794097778354e-04 9.999997887662924745e-01 2.342095730844496668e-04 4.659004036439946123e-02 2.483784160596263450e-03 -2.327029473519630397e-04 9.999968883279496401e-01 -1.797065905753972986e-02
9.999970771928624602e-01 1.462189108145708612e-04 -2.413343274859843738e-03 -1.679846000934692024e-02 -1.456238341964796593e-04 9.999999589536794353e-01 2.467515719492753448e-04 3.662130517804968594e-02 2.413379255547074605e-03 -2.463994104411022855e-04 9.999970574396204182e-01 -1.457226613043923445e-02
9.999968727376968847e-01 1.041346750771078784e-04 -2.498733838547823136e-03 -1.263473380161450263e-02 -1.038680982263097516e-04 9.999999889010611209e-01 1.068143047828334631e-04 4.444204956704345122e-02 2.498744933887451104e-03 -1.065544320147010005e-04 9.999968724550634125e-01 -1.162582271027619123e-02
9.999970413125907065e-01 -2.121806749729936804e-05 -2.432471142372095736e-03 -1.096026370192444178e-02 2.130396629825989597e-05 9.999999991504672225e-01 3.528748428456621427e-05 4.384544083045412849e-02 2.432470391573408625e-03 -3.533920116316934185e-05 9.999970409150894524e-01 -8.368840021243856286e-03
9.999972830573872207e-01 -2.328409372617539397e-04 -2.319410041733613141e-03 -9.588811577490786997e-03 2.329764514503540693e-04 9.999999711699182336e-01 5.815613252836729873e-05 5.661831618238580277e-02 2.319396433736426594e-03 -5.869634244247405759e-05 9.999973084738391638e-01 -7.923228652579753298e-04
9.999965341040958355e-01 -5.456287720906241156e-04 -2.575668658621921465e-03 -1.556059521857231301e-02 5.458612692118588842e-04 9.999998470068179879e-01 8.956458727998711756e-05 6.131503731724750883e-02 2.575619395546397197e-03 -9.097023462151545799e-05 9.999966789490581931e-01 3.830953858001782692e-03
9.999920158073531962e-01 4.161538689699846171e-04 -3.974309688943349073e-03 5.008987994490522733e-02 -4.188541028160537648e-04 9.999996820221290772e-01 -6.786139412954568387e-04 8.780461177918977289e-02 3.974026017383608736e-03 6.802731790300921939e-04 9.999918721397764720e-01 -7.370405033034838765e-03
9.999753511286396668e-01 5.391710148451785449e-04 -7.000459254259825542e-03 1.652808329489372507e-01 -5.475045091512051191e-04 9.999991437824968799e-01 -1.188559247796257311e-03 9.674710742351175230e-02 6.999812423648244311e-03 1.192362734160090773e-03 9.999747901308032594e-01 -3.985525682994991992e-02
9.999730847622007035e-01 1.377887676169140051e-04 -7.335582146228871239e-03 2.215832697643386473e-01 -1.444642125890788459e-04 9.999995759818389729e-01 -9.094867967498898456e-04 9.312921968586183874e-02 7.335453718743931151e-03 9.105220467951175662e-04 9.999726806609980923e-01 -3.594956113189581165e-02
9.999728479477797416e-01 -8.720472146740772691e-04 -7.317301474044781741e-03 2.926239263059173812e-01 8.661098494536264691e-04 9.999992931854844169e-01 -8.145442040107049760e-04 7.217115639524453174e-02 7.318006623074221721e-03 8.081845005858501012e-04 9.999728964411374044e-01 -3.084291471695780468e-02
9.999724661274870252e-01 -1.651012459051147884e-03 -7.234718016058624274e-03 3.723575692024644890e-01 1.646910411591846453e-03 9.999984797257124303e-01 -5.729156657694816582e-04 6.391784939934905263e-02 7.235652908205018538e-03 5.609849587570015731e-04 9.999736649646669973e-01 -3.103558785478692864e-02
9.999720583542155428e-01 -1.896057442534004704e-03 -7.231008021565003829e-03 4.648664891548897615e-01 1.892048935365510214e-03 9.999980526287276517e-01 -5.611502282610918374e-04 6.866117253037801182e-02 7.232057913174386871e-03 5.474531277713602694e-04 9.999736984708215148e-01 -3.007254276849003968e-02
9.999703917500559758e-01 -2.171779918529094782e-03 -7.382343477856305285e-03 5.870965891199311226e-01 2.166276376719721789e-03 9.999973698026937141e-01 -7.534151274286921733e-04 5.962542764897752617e-02 7.383960312680441611e-03 7.374006238443766908e-04 9.999724663061582142e-01 -3.331533251520714389e-02
9.999694834580488134e-01 -1.972890120524906608e-03 -7.559091031030643754e-03 7.396852546215718638e-01 1.966783184417977143e-03 9.999977335700973580e-01 -8.152414206978562949e-04 7.510708120276746169e-02 7.560682280625431739e-03 8.003494492195254058e-04 9.999710973444235762e-01 -3.831465916800951693e-02
9.999685409012188941e-01 -2.212953194183076878e-03 -7.617089079666061573e-03 8.805950784885263616e-01 2.209342094135366592e-03 9.999974430163645067e-01 -4.824606139367593801e-04 9.995589310453542597e-02 7.618137265650614005e-03 4.656166806221625478e-04 9.999708731686680618e-01 -4.874210491672405915e-02
9.999695119496641027e-01 -2.353276785532738315e-03 -7.445620156933714304e-03 1.012532488738232539e+00 2.349441520875598585e-03 9.999971028705645359e-01 -5.238081877454792753e-04 1.125036044776709793e-01 7.446831251656686051e-03 5.062991687097165381e-04 9.999721437947465263e-01 -6.064065542268546466e-02
9.999683035180915169e-01 -2.991434886924729253e-03 -7.378568727557456401e-03 1.150487377867223771e+00 2.986681771261904747e-03 9.999953252683271288e-01 -6.551133411670571980e-04 1.136282215488332997e-01 7.380493963632181985e-03 6.330551396622919203e-04 9.999725633986379369e-01 -6.301868547660030573e-02
9.999649372169993056e-01 -3.653459902360407709e-03 -7.535022716919046425e-03 1.327935167760760926e+00 3.648499341780579459e-03 9.999931184275158147e-01 -6.719748249759172109e-04 1.117460299369388010e-01 7.537425897192495151e-03 6.444597382454663901e-04 9.999713855318511646e-01 -7.433515202743327943e-02
9.999711934052242235e-01 -3.961947501242425555e-03 -6.474205104025004993e-03 1.499216762402796332e+00 3.963262429979752706e-03 9.999921281401519257e-01 1.902856826710209754e-04 1.139572840295372813e-01 6.473400238104818662e-03 -2.159391750412340916e-04 9.999790240098188621e-01 -6.846260970086565090e-02
9.999715436867704366e-01 -3.974111662608085377e-03 -6.412351611583866177e-03 1.669914821794530546e+00 3.977017737105020476e-03 9.999919946075240818e-01 4.405119571092445995e-04 1.506341196644780389e-01 6.410549634486255831e-03 -4.660014578588346805e-04 9.999793436346697817e-01 -8.158538012699856345e-02
9.999697407707057728e-01 -3.966962890034650240e-03 -6.691841928539288449e-03 1.866196192338259729e+00 3.975781448941852723e-03 9.999912450043972889e-01 1.305019703189656604e-03 2.065874775782903516e-01 6.686606376759313304e-03 -1.331585515297962216e-03 9.999767578174892924e-01 -8.587169121543872241e-02
9.999669703008186028e-01 -5.063786943415253712e-03 -6.357386978430540174e-03 2.074449126237970731e+00 5.085875784490072847e-03 9.999810699803463043e-01 3.463170291291406151e-03 1.966608494114804595e-01 6.339729876466227397e-03 -3.495388784304703528e-03 9.999737946978111136e-01 -9.737579805372743869e-02
9.999656920416208905e-01 -5.791167213138830212e-03 -5.922594197792164367e-03 2.269150349096331620e+00 5.816600617196955765e-03 9.999738977813238394e-01 4.286130339420013771e-03 2.145469792328558722e-01 5.897617907450395172e-03 -4.320432656105006181e-03 9.999732756252447397e-01 -9.875459515270076927e-02
9.999675718469956953e-01 -5.922228448653806682e-03 -5.457331273191216338e-03 2.506030683750559263e+00 5.951888646118853529e-03 9.999675184098205660e-01 5.434808814426306083e-03 2.311384097913658509e-01 5.424967831019538063e-03 -5.467114001657539905e-03 9.999703397543975303e-01 -9.746529886353520744e-02
9.999667298448630115e-01 -6.569547613307184786e-03 -4.835312557354641202e-03 2.726516798599884162e+00 6.599513463109770578e-03 9.999589549059880733e-01 6.207650551894206871e-03 2.275737182397204184e-01 4.794332635628706027e-03 -6.239354732717914027e-03 9.999690419343482128e-01 -1.028501344270459916e-01
9.999597157193645947e-01 -7.684512412569089249e-03 -4.638448817070134518e-03 2.976260535190264900e+00 7.715233978443940613e-03 9.999481775613463519e-01 6.642089761516474337e-03 2.221576600089499309e-01 4.587167220123092130e-03 -6.677608907629248476e-03 9.999671831796138610e-01 -1.097695053381538138e-01
9.999576304372218560e-01 -8.280232259457545943e-03 -4.021825966628656164e-03 3.241208984062944332e+00 8.305410586553001531e-03 9.999457605418301531e-01 6.284594609813702257e-03 2.232078307926807781e-01 3.969569921941580419e-03 -6.317731250248358535e-03 9.999721640058208960e-01 -1.233634458308644627e-01
9.999471115007616540e-01 -8.781737300640244867e-03 -5.353063727048260056e-03 3.497275825580149267e+00 8.807502707368736541e-03 9.999496504604258318e-01 4.808787802757017241e-03 2.731874786905731933e-01 5.310564691535957227e-03 -4.855680596455668949e-03 9.999741097991499128e-01 -1.310737121796383409e-01
9.999208719312657756e-01 -9.898843081781115785e-03 -7.762910656410109030e-03 3.748328460030143194e+00 9.937883523169056474e-03 9.999380835302313919e-01 5.006753136308645866e-03 2.479309277976719794e-01 7.712868940741599531e-03 -5.083503863506512455e-03 9.999573339103887681e-01 -1.256130345607721910e-01
9.998778833686789991e-01 -1.061729384973088101e-02 -1.146697089378265200e-02 4.035964083963744287e+00 1.063786557385520797e-02 9.999419119848086401e-01 1.734494796112060226e-03 2.748291078679835353e-01 1.144788915927202541e-02 -1.856267080357885480e-03 9.999327477917319129e-01 -1.193457176978872936e-01
9.998260766283064704e-01 -1.083719169120356089e-02 -1.517800284279900887e-02 4.325544371832386048e+00 1.080247723003476858e-02 9.999388493688506907e-01 -2.367278731702692363e-03 2.891346260533549373e-01 1.520272935174755806e-02 2.202906976497197040e-03 9.998820051491628114e-01 -1.280343962694412419e-01
9.997961968667350430e-01 -1.096205784322171022e-02 -1.695281742527175034e-02 4.638401411283807896e+00 1.088104692968780256e-02 9.999289721088108207e-01 -4.863492071634957156e-03 2.882330636577332128e-01 1.700492718380963025e-02 4.678036474717338356e-03 9.998444621170907709e-01 -1.231107519706625963e-01
9.997641837135295972e-01 -1.126467992627042808e-02 -1.856566588567417145e-02 4.952763361366713468e+00 1.111742019415607255e-02 9.999060685493188494e-01 -8.016049305701222066e-03 3.092562347602225148e-01 1.865422021544659373e-02 7.807756681886439572e-03 9.997955085935074093e-01 -1.367011561886481152e-01
9.997530193640968843e-01 -1.136707296421733335e-02 -1.909685640616741453e-02 5.262544548796541655e+00 1.116860279657718238e-02 9.998828397498085163e-01 -1.046752527730209804e-02 3.360981589141441850e-01 1.921360413727488115e-02 1.025165479738902354e-02 9.997628423731156344e-01 -1.441832501350115148e-01
9.997434509855843698e-01 -1.183029050265723900e-02 -1.931518672074131193e-02 5.565819107463165771e+00 1.160250675605092180e-02 9.998623188259053718e-01 -1.186276650108674703e-02 3.407914799900966796e-01 1.945286735702879410e-02 1.163561853561086330e-02 9.997430661589424838e-01 -1.562854472737750522e-01
9.997160253993908618e-01 -1.257328245347699887e-02 -2.024305135076032505e-02 5.913902022385822299e+00 1.235152897786152663e-02 9.998627413285088306e-01 -1.104256469070451913e-02 3.594849685337367373e-01 2.037911410129200976e-02 1.078939624744752052e-02 9.997341049684471681e-01 -1.706477670350046993e-01
9.997601576567454185e-01 -1.309889569653896121e-02 -1.755124194154924003e-02 6.248231906387373691e+00 1.296801551682411763e-02 9.998874060950504461e-01 -7.550212319337695765e-03 3.729330937087602105e-01 1.764816522234005300e-02 7.320796680885411495e-03 9.998174574392277858e-01 -1.865610948457113172e-01
9.998659544629392437e-01 -1.391040954684242062e-02 -8.635601435600137252e-03 6.606217946998716783e+00 1.388233489791546385e-02 9.998981819106574909e-01 -3.302512610691354326e-03 4.065296171840154793e-01 8.680661478109969256e-03 3.182187612440883547e-03 9.999572589857537164e-01 -1.899737081228997093e-01
9.998703688652342825e-01 -1.575818972086404784e-02 3.305286980224561837e-03 6.977053078385964113e+00 1.576071398907766957e-02 9.998755190997814513e-01 -7.390531083627493699e-04 4.404362233783937763e-01 -3.293229396030408502e-03 7.910509868168017324e-04 9.999942644227922672e-01 -2.035661751611631265e-01
9.997282784810711531e-01 -1.683541459790231093e-02 1.612259348214879762e-02 7.326962235321928141e+00 1.684737271703995454e-02 9.998578892054981182e-01 -6.061567940732441725e-04 4.535141976442449985e-01 -1.611009738664005708e-02 8.776154297875294512e-04 9.998698388057069009e-01 -2.187741512328967297e-01
9.995785526351581574e-01 -1.816550668795812937e-02 2.264357477458252277e-02 7.680714876409181713e+00 1.827889454308248909e-02 9.998213540550358047e-01 -4.810612210279471487e-03 4.649345695424190184e-01 -2.255214238349054212e-02 5.222484305823170067e-03 9.997320273611275399e-01 -2.409940306418050515e-01
9.995556064991273360e-01 -1.988308864698034445e-02 2.220928414015147304e-02 8.037506568366771020e+00 2.006738742484628218e-02 9.997657653485779727e-01 -8.106441815824960359e-03 4.681343525780629622e-01 -2.204290085498693610e-02 8.548521675035719927e-03 9.997204775831435297e-01 -2.428351700698798132e-01
9.996051157949882304e-01 -2.068019407021982545e-02 1.902477462957602797e-02 8.435935944426830702e+00 2.083915795687489927e-02 9.997492489624557610e-01 -8.195650959748468703e-03 5.153030723324905082e-01 -1.885051649521923486e-02 8.588874910234354718e-03 9.997854216058762455e-01 -2.709722882579188585e-01
9.995717067008919043e-01 -2.253175729965068916e-02 1.867412852199128517e-02 8.807878865951701997e+00 2.263667972796614899e-02 9.997290309166712019e-01 -5.426368334985617360e-03 5.209716502489576406e-01 -1.854680279616131508e-02 5.846764524340444281e-03 9.998108978455061413e-01 -2.868133141615851200e-01
9.995825700124770785e-01 -2.348292418366632398e-02 1.682967614173322413e-02 9.214678588362646749e+00 2.351938249727951111e-02 9.997214368387452588e-01 -1.971641960751851445e-03 5.804587009175847800e-01 -1.677868809526261717e-02 2.366642528755537583e-03 9.998564270078694749e-01 -3.194937322281660719e-01
9.996279161182630713e-01 -2.477832379840161012e-02 1.140455991260857713e-02 9.628334082781019987e+00 2.477663597373505264e-02 9.996929701793881851e-01 2.892814164197801794e-04 6.374298435766074800e-01 -1.140822628122936319e-02 -6.607150072090062654e-06 9.999349240472911182e-01 -3.419270801904388812e-01
9.996488022582644684e-01 -2.601787909394516138e-02 5.034094861060529544e-03 1.003686330778062796e+01 2.600315095076404306e-02 9.996574508806977954e-01 2.969349985618300984e-03 6.592720603826369707e-01 -5.109626625212814605e-03 -2.837404828036307024e-03 9.999829202789379812e-01 -3.415636133192393453e-01
9.996222725960288713e-01 -2.748012200934769542e-02 3.937312558929283494e-04 1.045993120462423676e+01 2.747878513620323135e-02 9.996176648971677459e-01 3.072522249248085986e-03 6.628659398721307161e-01 -4.780140048984910851e-04 -3.060542416813145060e-03 9.999952022798539453e-01 -3.733212643134699582e-01
9.995875445924217173e-01 -2.871827896166819286e-02 -3.389945583915333162e-05 1.090218704025067176e+01 2.871826893217755902e-02 9.995840954416247426e-01 2.626246311361326094e-03 6.763819144512169812e-01 -4.153591729078325614e-05 -2.626136635558016207e-03 9.999965508346211340e-01 -3.903574702308376110e-01
9.995916027742063337e-01 -2.857476644349605729e-02 3.322438758106245680e-04 1.136710655693843108e+01 2.857320223468484341e-02 9.995836207893351588e-01 4.019597459745409898e-03 7.591552077813641386e-01 -4.469645949769614148e-04 -4.008462595839269380e-03 9.999918661920549345e-01 -4.029677033649736728e-01
9.995489653682808617e-01 -3.001293702085983464e-02 1.043763661534449468e-03 1.181704209757984714e+01 3.000652746588650457e-02 9.995334899205239321e-01 5.693051619015588108e-03 7.942789462502276576e-01 -1.214141934963771730e-03 -5.659164132597519284e-03 9.999832497200551451e-01 -4.220208275898884587e-01
9.995087690471538000e-01 -3.133574498187546853e-02 5.400780261168897263e-04 1.231430719868282431e+01 3.133160465985894427e-02 9.994881349683343297e-01 6.465184216940747172e-03 8.150640760223094583e-01 -7.423929429438509611e-04 -6.445086807137762053e-03 9.999789546329296286e-01 -4.444892161829507859e-01
9.994747346326353643e-01 -3.240347949047765741e-02 -5.189874114769969489e-04 1.280047982182743205e+01 3.240568670868826384e-02 9.994620890709142724e-01 5.040236000633717059e-03 8.374429750944961670e-01 3.553870586026037582e-04 -5.054406682681316862e-03 9.999871632541712518e-01 -4.460156311239067972e-01
9.994550447448498076e-01 -3.290540869124889550e-02 -2.616794400040393150e-03 1.331315758910985991e+01 3.291523682794299938e-02 9.994509005611433849e-01 3.805857601099742627e-03 9.076892248735226598e-01 2.490124219918844663e-03 -3.889915986407034478e-03 9.999893338606107296e-01 -4.668883364469839092e-01
9.994336220412456395e-01 -3.341040972783895086e-02 -4.022394229123689088e-03 1.383415286564926205e+01 3.342659232355443127e-02 9.994330686613672743e-01 4.025443051101587448e-03 9.629455715147378081e-01 3.885622106105476870e-03 -4.157618060944758866e-03 9.999838079453625683e-01 -5.060017124653301002e-01
9.993649722933782842e-01 -3.541133307536797892e-02 -3.961015385054403315e-03 1.436773724041067979e+01 3.543304132032301657e-02 9.993566329904690626e-01 5.551547599118163492e-03 9.640644156097408768e-01 3.761879297315282294e-03 -5.688373034387161561e-03 9.999767450677911063e-01 -5.069169453991823060e-01
9.993249405672528507e-01 -3.648883662102139769e-02 -4.269421775945326028e-03 1.488668399855708557e+01 3.651620307116919262e-02 9.993118057738711313e-01 6.517802868301222213e-03 1.011935810383667311e+00 4.028656540540744360e-03 -6.669306036561080397e-03 9.999696446810117934e-01 -5.321539263116957796e-01
9.992645692321610040e-01 -3.831472055807322308e-02 -1.517519627715957498e-03 1.544150495161534486e+01 3.832350563344831540e-02 9.992457811825184999e-01 6.259209606759923508e-03 1.057009544699660797e+00 1.276555218859422736e-03 -6.312763063434399108e-03 9.999792594995549067e-01 -5.421865328358337344e-01
9.992208253116532379e-01 -3.944385054929749196e-02 1.387413904834496059e-03 1.600081706747953803e+01 3.943832629152357189e-02 9.992147577387726631e-01 3.806092007437475184e-03 1.085386465718304327e+00 -1.536451373120845294e-03 -3.748409114603501024e-03 9.999917943394773800e-01 -5.576335140257071554e-01
9.992106073230073715e-01 -3.965173300844283821e-02 2.429461383492324648e-03 1.656509221106334451e+01 3.964626664462651828e-02 9.992112256237974943e-01 2.258346415336144868e-03 1.129820285122171031e+00 -2.517092435706535375e-03 -2.160244619401006146e-03 9.999944987792954709e-01 -5.862763571331921497e-01
9.991817077362867838e-01 -4.036971157414836336e-02 2.490243485623644653e-03 1.714735513140590228e+01 4.036441286661714839e-02 9.991827277911422556e-01 2.142582037035000147e-03 1.183653618652080963e+00 -2.574703697688609811e-03 -2.040311562537606722e-03 9.999946040002399839e-01 -6.170975713161047649e-01
9.991400511540088347e-01 -4.138148737006645816e-02 2.594355990520771753e-03 1.772950975823134456e+01 4.137145145049667128e-02 9.991365724065044418e-01 3.809551766424783444e-03 1.245469424560748495e+00 -2.749760870279126940e-03 -3.698943473872368104e-03 9.999893782597559788e-01 -6.354437787818770778e-01
9.990627721747686873e-01 -4.323349228645118753e-02 2.107699974737025674e-03 1.830039824392337167e+01 4.322122120779254423e-02 9.990500764405907397e-01 5.556149868099956313e-03 1.283260343033083561e+00 -2.345909583339723069e-03 -5.459845122994650551e-03 9.999823432438493809e-01 -6.523769128439663723e-01
9.990274057857871925e-01 -4.394378225759962286e-02 3.631320671143296701e-03 1.887648185920069821e+01 4.392481309417768653e-02 9.990215751429454283e-01 5.148125246123687326e-03 1.359022163829147978e+00 -3.853995791585225136e-03 -4.983613127530272385e-03 9.999801549614040219e-01 -6.665173766871165251e-01
9.989584306925201052e-01 -4.545631719888424543e-02 3.972024049767789930e-03 1.945583144205735593e+01 4.544684352762986407e-02 9.989637694547820468e-01 2.443712353798881912e-03 1.418007996397670167e+00 -4.078990281018194178e-03 -2.260651102537076292e-03 9.999891255883135432e-01 -6.894754653685698509e-01
9.988896491057053240e-01 -4.699237308917181277e-02 3.344515051383405071e-03 2.006415605403932645e+01 4.698956541321355762e-02 9.988949628362222555e-01 9.132155821607911353e-04 1.433614805784857227e+00 -3.383733405304557591e-03 -7.550442836399971942e-04 9.999939901101263517e-01 -7.049862440654065532e-01
9.988715125809830564e-01 -4.743522411053398974e-02 2.366615254421038355e-03 2.068164297965818221e+01 4.743691901322392296e-02 9.988740141745581225e-01 -6.652227728019986450e-04 1.489288645628326746e+00 -2.332395487878992108e-03 7.767370134314790196e-04 9.999969783008847424e-01 -7.302514127353409989e-01
9.988438558408245793e-01 -4.806726628196773127e-02 6.996865102058254324e-04 2.129143716057815183e+01 4.806769710865358564e-02 9.988438923636014932e-01 -6.125215104271486671e-04 1.570231531363340149e+00 -6.694353627431566013e-04 6.454456665040833943e-04 9.999995676279999079e-01 -7.574845480732083081e-01
9.988130734779823161e-01 -4.870470133488288833e-02 -5.443503894665573974e-04 2.189844484533729840e+01 4.870464130170022721e-02 9.988132171654392488e-01 -1.230093403996267674e-04 1.629632522291091901e+00 5.496954969539168210e-04 9.635094688964104760e-05 9.999998442756656836e-01 -7.742948276540130292e-01
9.987849658213022730e-01 -4.925427638834652122e-02 -1.615025324989262682e-03 2.249449021854611885e+01 4.925468358538957758e-02 9.987862287016263663e-01 2.133093660345564114e-04 1.701924168909805246e+00 1.602558655132755141e-03 -2.925977492289251751e-04 9.999986730952766800e-01 -8.011173228953502035e-01
9.987297264200661884e-01 -5.033468083962742978e-02 -2.313756614815815592e-03 2.310767874597810589e+01 5.033774537696703022e-02 9.987314243274052483e-01 1.285865979045509562e-03 1.733953873106717003e+00 2.246097785804164644e-03 -1.400701868805864130e-03 9.999964965333685285e-01 -8.184476120213288741e-01
9.987299935569230458e-01 -5.030484779712583038e-02 -2.796829972743402996e-03 2.374980363210898560e+01 5.030867256516704383e-02 9.987328520961114009e-01 1.314385292703660300e-03 1.800454599076383833e+00 2.727166023409669654e-03 -1.453420818232434037e-03 9.999952250553029165e-01 -8.369346664165242533e-01
9.987009382508788002e-01 -5.090847899839059248e-02 -2.182361767614844801e-03 2.438667926093301830e+01 5.091052873319374533e-02 9.987028179304021647e-01 8.941599300800893903e-04 1.825213730057670958e+00 2.134010525038834878e-03 -1.004103552593704632e-03 9.999972188837000786e-01 -8.550977294855607314e-01
9.987008938770622901e-01 -5.094494043534109062e-02 -1.066589516291867280e-03 2.501603463419602136e+01 5.094593328628198303e-02 9.987009840860695542e-01 9.253470192402589922e-04 1.862508514525748504e+00 1.018062250759357206e-03 -9.784832936025750216e-04 9.999990030593519652e-01 -8.864866294906573740e-01
9.987312454729551092e-01 -5.033017602942325974e-02 1.665141701825648135e-03 2.566978435472666220e+01 5.032601480973455943e-02 9.987298306425178573e-01 2.453083394008597450e-03 1.923640217499750671e+00 -1.786490808895431492e-03 -2.366171087400846355e-03 9.999956048328286773e-01 -9.125206003122464660e-01
9.987601577936539021e-01 -4.959622815720910599e-02 4.285015352793703630e-03 2.633135925933579458e+01 4.958612623261570568e-02 9.987668892588561498e-01 2.432489554123771960e-03 2.012392903957574752e+00 -4.400373761252558344e-03 -2.216996338715748315e-03 9.999878607453169810e-01 -9.333780466967215306e-01
9.987946639157428974e-01 -4.882049009052393668e-02 5.077310386343576731e-03 2.700085149535325613e+01 4.881159733758467373e-02 9.988062699107451703e-01 1.860954684328566854e-03 2.082344177711919375e+00 -5.162102167888088858e-03 -1.610879978360239351e-03 9.999853787765616842e-01 -9.643469515980760409e-01
9.988106081406221692e-01 -4.852814845268488969e-02 4.731582559224754847e-03 2.767097652835450816e+01 4.852192627595750679e-02 9.988211066190012533e-01 1.421141394908728445e-03 2.121095275860704454e+00 -4.794969888448422091e-03 -1.189865600795289406e-03 9.999877961673436788e-01 -9.827188259555439398e-01
9.988703868080784920e-01 -4.746868455754804650e-02 2.162023185724787008e-03 2.838947308564245731e+01 4.746470641902339471e-02 9.988711920761462748e-01 1.855609046782313951e-03 2.186536715960128774e+00 -2.247665997325027504e-03 -1.750893130542471258e-03 9.999959411771679463e-01 -1.020625569603813565e+00
9.989245018312008506e-01 -4.636596203429359936e-02 -1.928883656573278490e-04 2.907175496171861440e+01 4.636631477080589009e-02 9.989208294015763379e-01 2.709509594260420522e-03 2.261735096489159602e+00 6.705118722529957343e-05 -2.715539044331143678e-03 9.999963106691128756e-01 -1.046691332368254290e+00
9.989566252329228346e-01 -4.558174792499601613e-02 -2.822261389705398547e-03 2.978982426098128755e+01 4.558995323797697397e-02 9.989559854983471876e-01 2.914652772632913159e-03 2.309497096649619774e+00 2.686459939916047319e-03 -3.040278462257173502e-03 9.999917697860634114e-01 -1.070323925588345659e+00
9.990167818525638177e-01 -4.413961589417326331e-02 -4.142932012696964351e-03 3.050003568874220505e+01 4.415049778633058780e-02 9.990215781253484195e-01 2.572933181710671587e-03 2.345930280296621095e+00 4.025310195028465425e-03 -2.753315937769768625e-03 9.999881079938803818e-01 -1.078220023258727567e+00
9.991206232087116446e-01 -4.160007347305452047e-02 -5.235853900944629179e-03 3.123372663589753984e+01 4.161375431842095213e-02 9.991305652006370330e-01 2.531626627620841511e-03 2.417097772285637713e+00 5.125985813643399620e-03 -2.747283911801360213e-03 9.999830882072687777e-01 -1.111253597280152494e+00
9.992570675008949355e-01 -3.846848568638899096e-02 -2.342788617880384172e-03 3.194919868704733545e+01 3.847974850139742470e-02 9.992470268270112754e-01 4.968735517947958993e-03 2.487645467938364163e+00 2.149884829749503824e-03 -5.055193999660190923e-03 9.999849113905892040e-01 -1.139504077344331900e+00
9.993668600565877025e-01 -3.555046474723443095e-02 1.429502323308065028e-03 3.266777627841783271e+01 3.554025241548620928e-02 9.993462703008213488e-01 6.627404777232023467e-03 2.551794819121058655e+00 -1.664175135082913764e-03 -6.572403829147503360e-03 9.999770167503982954e-01 -1.167804186207072936e+00
9.994277471416700420e-01 -3.340790587418077801e-02 5.300006455467609276e-03 3.340474218938933149e+01 3.337907406781055047e-02 9.994279678952296964e-01 5.438235300833055112e-03 2.595269975622767067e+00 -5.478654734671470697e-03 -5.258213947100955250e-03 9.999711673485315311e-01 -1.172036381730366283e+00
9.995099294295334280e-01 -3.090270026266054779e-02 4.992403053164867766e-03 3.414406169680250969e+01 3.089299937907699287e-02 9.995206789508427336e-01 2.008715761567960931e-03 2.618693314110034365e+00 -5.052084830388225284e-03 -1.853501044667259711e-03 9.999855203815423144e-01 -1.212632641549532986e+00
9.996291912633606946e-01 -2.698705652465477681e-02 3.630255403484871583e-03 3.488624101715015513e+01 2.698401501663313592e-02 9.996354741068611549e-01 8.842175824582522783e-04 2.696986930323592713e+00 -3.652794511269488124e-03 -7.859308405317373160e-04 9.999930196781237068e-01 -1.257195423756208852e+00
9.997135999822875929e-01 -2.378725269895066302e-02 2.623855844171881727e-03 3.559011976919018849e+01 2.378039700487495633e-02 9.997137894232092092e-01 2.613800944555685294e-03 2.731244597543273755e+00 -2.685280012450207924e-03 -2.550656018260899407e-03 9.999931416890474045e-01 -1.265746736375867432e+00
9.997895660047992905e-01 -2.050924714153745665e-02 4.410097759536185441e-04 3.632694591546198382e+01 2.050732460460535922e-02 9.997817255457672747e-01 3.993858070761754399e-03 2.788116532240822121e+00 -5.228245370069377991e-04 -3.983973696622373530e-03 9.999919272714595797e-01 -1.297703186481421467e+00
9.998404533571586539e-01 -1.779914981111290970e-02 -1.502696427454252312e-03 3.707150478911856339e+01 1.780808537785590409e-02 9.998224562397372006e-01 6.158578887521382397e-03 2.816398035944449596e+00 1.392812164837438403e-03 -6.184356453212308188e-03 9.999799067028962707e-01 -1.319437702427771031e+00
9.998896702152719751e-01 -1.479115926712331990e-02 -1.367115331374724012e-03 3.778277237808379851e+01 1.480074546358951283e-02 9.998638863680178179e-01 7.290176319238225906e-03 2.818269044912614874e+00 1.259099089318368742e-03 -7.309606321693342713e-03 9.999724917841016358e-01 -1.322784216779504307e+00
9.999380392977558207e-01 -1.081885503470941985e-02 -2.621057248082207976e-03 3.851633440319084656e+01 1.083472996503546427e-02 9.999225731770304826e-01 6.120153397651894624e-03 2.868009670690053969e+00 2.554641255547288048e-03 -6.148172636155403888e-03 9.999778366450385869e-01 -1.332752237513977756e+00
9.999616745091447489e-01 -6.081140556775424880e-03 -6.298352355650296656e-03 3.922577060820496087e+01 6.112633589419963487e-03 9.999688519450821156e-01 4.993080235280797884e-03 2.906762581970470105e+00 6.267792551503230565e-03 -5.031388393197051660e-03 9.999676994320206846e-01 -1.369084200532966866e+00
9.999608674330371372e-01 -2.069018219336406401e-03 -8.601323513038860655e-03 3.993108107407226015e+01 2.128299739525755033e-03 9.999740076778678155e-01 6.888708796443710793e-03 2.893738538643005231e+00 8.586847080659801637e-03 -6.906745418177823691e-03 9.999392796189885413e-01 -1.389925458912067091e+00
9.999596549883008612e-01 3.074319515298835123e-03 -8.440198765198445724e-03 4.067278884112381121e+01 -2.994144137408130246e-03 9.999504341877647473e-01 9.495486748199451210e-03 2.926466234522392185e+00 8.468972580108473369e-03 -9.469832481024127724e-03 9.999192961315521710e-01 -1.424104269257119526e+00
9.999442316750550841e-01 7.974755879080506343e-03 -6.923641271245849042e-03 4.136580679888115952e+01 -7.899201848872910992e-03 9.999096961308077125e-01 1.087208322938127553e-02 2.954264267793874410e+00 7.009718249301517649e-03 -1.081678567158015150e-02 9.999169270483425631e-01 -1.432750706830461684e+00
9.998994951041899615e-01 1.247822614251806184e-02 -6.730049236242932435e-03 4.206585104070325798e+01 -1.240167032025402474e-02 9.998592504431346173e-01 1.129946355189991557e-02 2.936888105367067681e+00 6.870099246284996040e-03 -1.121486404862596063e-02 9.999135105401452117e-01 -1.464177304470101415e+00
9.998116464508850498e-01 1.868563918070282812e-02 -5.245808763102544937e-03 4.276756824756403574e+01 -1.861632511795368802e-02 9.997426383871798050e-01 1.296493076507788597e-02 2.963281651421521889e+00 5.486716711577765450e-03 -1.286483109291372551e-02 9.999021912470628104e-01 -1.463990212816968173e+00
9.996956775367749071e-01 2.453088661437312704e-02 -2.605362969218707851e-03 4.344224389321044555e+01 -2.449370782430599844e-02 9.996094495077109121e-01 1.345387423415962160e-02 2.962617156860185119e+00 2.934380906790693203e-03 -1.338596491866845227e-02 9.999060982671773568e-01 -1.476830133795696387e+00
9.995078266841745940e-01 3.134182560298783699e-02 1.339539081153415636e-03 4.412560001841995216e+01 -3.135656001234030793e-02 9.994244226010590149e-01 1.294564222942990242e-02 3.006219818218027307e+00 -9.330280116598389187e-04 -1.298127406735541736e-02 9.999153044044868377e-01 -1.507655500101377610e+00
9.992760248138781165e-01 3.767496897253594379e-02 5.293670285556838044e-03 4.483799147677521546e+01 -3.773638687462459174e-02 9.992153693158990491e-01 1.202542425613760922e-02 2.968021853514120512e+00 -4.836459223687711133e-03 -1.221648213725605274e-02 9.999136793875598173e-01 -1.516932266916284355e+00
9.990189606687270851e-01 4.371908421080183266e-02 7.053927994050764212e-03 4.553151278419277048e+01 -4.379364275608269713e-02 9.989823695025085160e-01 1.078620773516682403e-02 2.957976299904912842e+00 -6.575186577507948806e-03 -1.108454324374193341e-02 9.999169464623292036e-01 -1.556148050211774159e+00
9.987570824902025635e-01 4.938195619629719146e-02 6.761107741020284771e-03 4.623294476530170272e+01 -4.944680500859278960e-02 9.987288160868476039e-01 9.785979368763429720e-03 2.938197590996670883e+00 -6.269262325098667009e-03 -1.010813137976779297e-02 9.999292585127752542e-01 -1.582060753902079453e+00
9.984797664853949373e-01 5.481360553900452987e-02 5.798669423726389265e-03 4.691322091333901767e+01 -5.487077558526751858e-02 9.984412830305164910e-01 1.020795410683504253e-02 2.918399059697853737e+00 -5.230096169522884496e-03 -1.051061312152872310e-02 9.999310841782382830e-01 -1.598390331469780712e+00
9.981773013837621500e-01 6.023735213884719858e-02 3.679185987507565484e-03 4.761636659709395758e+01 -6.027168589892050593e-02 9.981312198742836594e-01 1.006934909397407853e-02 2.916671763814483231e+00 -3.065759470672598918e-03 -1.027274644751684056e-02 9.999425342484902224e-01 -1.631137042014087157e+00
9.978427778111265134e-01 6.561803667974883125e-02 2.015944560262771489e-03 4.832426720701795375e+01 -6.563559301322277606e-02 9.977890597178451504e-01 1.043844994149689155e-02 2.881997090272901296e+00 -1.326536836087030460e-03 -1.054824960236027710e-02 9.999434857682452105e-01 -1.646097132076810743e+00
9.975225592022121113e-01 7.032247610415562344e-02 1.869020398391423466e-03 4.898975162524492788e+01 -7.033890483717639142e-02 9.974619700155894497e-01 1.104793369485554747e-02 2.860398819361405387e+00 -1.087358715322056437e-03 -1.115202794112985299e-02 9.999372229914358368e-01 -1.681240619129179548e+00
9.971397173748897114e-01 7.544048906183699332e-02 4.595284935232538809e-03 4.967911609093891911e+01 -7.548602701545893690e-02 9.970893629729741248e-01 1.070803303927331772e-02 2.846343532287836542e+00 -3.774090479377228361e-03 -1.102428484118667291e-02 9.999321083877614758e-01 -1.696576585515085611e+00
9.967326343151194923e-01 8.061175158235357741e-02 5.079487972927479618e-03 5.036504730330982937e+01 -8.065389672465382576e-02 9.967039821899863483e-01 8.724725196371166738e-03 2.807967873033770267e+00 -4.359430509948786399e-03 -9.105898827037146523e-03 9.999490376875116437e-01 -1.717518405087065103e+00
9.962897867422364495e-01 8.595729222009475257e-02 4.243200124712088669e-03 5.105869093204091769e+01 -8.597974338281021145e-02 9.962821037815702274e-01 5.427099814333453433e-03 2.782734128240673677e+00 -3.760925542366098245e-03 -5.771793374495760680e-03 9.999762706386121636e-01 -1.743494033721332492e+00
9.959855045181310595e-01 8.950201515145052300e-02 1.504683884893980288e-03 5.175187776581609711e+01 -8.950607546630447164e-02 9.959820794341671668e-01 2.891349271982126580e-03 2.709513218490818609e+00 -1.239856598218707761e-03 -3.014420312747501801e-03 9.999946879987883230e-01 -1.769201161099350994e+00
