1.000000000000000000e+00 0.000000000000000000e+00 0.000000000000000000e+00 0.000000000000000000e+00 0.000000000000000000e+00 1.000000000000000000e+00 0.000000000000000000e+00 0.000000000000000000e+00 0.000000000000000000e+00 0.000000000000000000e+00 1.000000000000000000e+00 0.000000000000000000e+00
9.999999995969379718e-01 2.445824693239741714e-05 -1.441936943031325208e-05 -5.761853747959141611e-03 -2.445783138483989858e-05 9.999999992856635211e-01 2.881817725320421798e-05 2.467926568531925158e-03 1.442007426210837049e-05 -2.881782457508250559e-05 9.999999994807972081e-01 1.373867411082752444e-03
9.999999879963147320e-01 1.249787102051148869e-04 -9.158434537637292344e-05 2.796529006579753091e-03 -1.249760077099544510e-04 9.999999917549784456e-01 2.951339412703481450e-05 3.228408344901850021e-03 9.158803316718981094e-05 -2.950194792691145231e-05 9.999999953706336653e-01 -4.070154608979089685e-03
9.999999983636920220e-01 -1.068107059387369125e-05 -5.620080686382760695e-05 -8.519003696829202665e-03 1.068461820820177101e-05 9.999999979506009051e-01 6.312398224329398308e-05 -3.790949079643946007e-04 5.620013251693921873e-05 -6.312458262416804119e-05 9.999999964284160825e-01 -4.478580889623936384e-04
9.999999991031375268e-01 -1.867901454025906082e-05 -3.801077989812972317e-05 -2.061955182937565134e-03 1.868003502943997156e-05 9.999999994651425084e-01 2.684718442599979020e-05 -2.788004628525745082e-03 3.801027839885110876e-05 -2.684789444462155428e-05 9.999999989172047021e-01 -1.540552754134205324e-04
9.999999974505446865e-01 -4.460851669350585590e-05 -5.575832486498286637e-05 -4.608216335320680125e-03 4.461035594605924307e-05 9.999999984609416748e-01 3.298534310075608195e-05 1.980756780843896669e-04 5.575685335193919398e-05 -3.298783041538061196e-05 9.999999979014881912e-01 -2.112074663336187871e-03
9.999999782130877257e-01 2.087065989931201500e-04 -3.921682486178422693e-06 -7.558892039183702505e-03 -2.087066986864762053e-04 9.999999778972139541e-01 -2.543787753395293719e-05 2.967531414367633336e-03 3.916373346592599474e-06 2.543869546114512005e-05 9.999999996687674031e-01 6.284167529183991990e-05
9.999999851095120462e-01 1.400269071761175283e-04 -1.008634771815621810e-04 -9.605598944655013849e-04 -1.400240700336670841e-04 9.999999898008392618e-01 2.813505343571543447e-05 2.684905122629157280e-03 1.008674158173552068e-04 -2.812092970217805135e-05 9.999999945174888882e-01 -2.642870803503739527e-03
9.999999987149645886e-01 4.305767172890098238e-05 -2.676018925524504549e-05 -6.080853966505300051e-03 -4.305744068578952759e-05 9.999999990357523183e-01 8.634353117896555521e-06 -9.607455377604024425e-04 2.676056100458373493e-05 -8.633200881539508219e-06 9.999999996046701201e-01 -1.137654903533078313e-03
9.999999990225666435e-01 -4.035738057109835067e-05 -1.805958099565733023e-05 -1.948581450521985614e-03 4.035783444571915341e-05 9.999999988698036191e-01 2.513240952760927553e-05 -3.071521020560305862e-03 1.805856669703048386e-05 -2.513313834862400468e-05 9.999999995211067416e-01 -5.865629279843839966e-04
9.999999836720150359e-01 1.696079374859271900e-04 -6.236278657041157043e-05 -2.616784838006322358e-03 -1.696075225249842500e-04 9.999999855944714522e-01 6.659211732801205408e-06 4.035394762787611160e-03 6.236391512720995797e-05 -6.648634426341734079e-06 9.999999980332688887e-01 -1.333778459807207157e-03
9.999999919455994091e-01 1.242324229274748058e-04 -2.598280804931485776e-05 -2.733023761196553061e-03 -1.242324759341706809e-04 9.999999922810682840e-01 -2.038464019371159327e-06 3.446103247400802809e-03 2.598255460543115970e-05 2.041691911528241785e-06 9.999999996603691210e-01 -2.191903489778232114e-03
9.999999917116930703e-01 1.266228262038781617e-04 -2.330823285250017808e-05 2.199175306733311755e-03 -1.266234750991397412e-04 9.999999915957045182e-01 -2.784037499089214634e-05 8.765994439914721013e-04 2.330470742964697604e-05 2.784332612958477810e-05 9.999999993408199561e-01 -6.502883299329925530e-04
9.999999438408961883e-01 -1.180163188281870804e-04 3.136723656897265214e-04 -2.426955885571271954e-02 1.180887920186284956e-04 9.999999663380217951e-01 -2.310389414894482851e-04 1.788379113644397158e-03 -3.136450887655135855e-04 2.310759697052622882e-04 9.999999241153243457e-01 2.095754858118641269e-03
9.999993678003328279e-01 1.423752736433839716e-04 -1.115404956126725281e-03 -9.569431342090589654e-02 -1.434419857616812239e-04 9.999995324347428216e-01 -9.563235291307176740e-04 2.792906459834111968e-02 1.115268277777968367e-03 9.564829204451360525e-04 9.999989206579632528e-01 -9.608370063589813728e-03
9.999984394036056656e-01 8.487804752546192840e-05 -1.764648993479588481e-03 -1.241315476435913279e-01 -8.575820132008225589e-05 9.999998719718063978e-01 -4.987002121755611164e-04 4.040872409822570538e-02 1.764606438854455757e-03 4.988507670294502726e-04 9.999983186546006486e-01 1.887044175444982375e-03
9.999972817107685152e-01 -9.028883298134991221e-05 -2.329896778935433219e-03 -1.334730682919080258e-01 9.025811986701227354e-05 9.999999958384594434e-01 -1.328732094578926942e-05 3.509519879403409648e-02 2.329897968936175262e-03 1.307699272425690571e-05 9.999972856985396286e-01 -1.110393564159276036e-03
9.999963687244474153e-01 9.422692462648856273e-05 -2.693261815275003503e-03 -8.372270399187274614e-02 -9.403110876145070020e-05 9.999999929267979759e-01 7.283237385451438639e-05 3.231732707327626686e-02 2.693268658995619756e-03 -7.257885898542057598e-05 9.999963705115332280e-01 -9.744507672010287169e-03
9.999961995503762191e-01 4.843402392948423381e-04 -2.714092728101734700e-03 -3.726473838134302524e-02 -4.841068497292393808e-04 9.999998790663302550e-01 8.664804036369329169e-05 4.515530452665415806e-02 2.714134367009145288e-03 -8.533380018170651693e-05 9.999963130895935803e-01 -1.808694418843441107e-02
9.999967315961574288e-01 6.068910187961686423e-04 -2.483642545538862229e-03 -4.831875709406980440e-03 -6.063111794098322623e-04 9.999997887662924745e-01 2.342095730844496668e-04 4.659004036439914898e-02 2.483784160596259980e-03 -2.327029473519629313e-04 9.999968883279496401e-01 -1.797065905753950782e-02
9.999970771928624602e-01 1.462189108144861579e-04 -2.413343274859832462e-03 -1.679846000934851619e-02 -1.456238341963950102e-04 9.999999589536794353e-01 2.467515719492725259e-04 3.662130517804625812e-02 2.413379255547063330e-03 -2.463994104410996834e-04 9.999970574396204182e-01 -1.457226613043858393e-02
9.999968727376968847e-01 1.041346750770722623e-04 -2.498733838547817065e-03 -1.263473380161846127e-02 -1.038680982262741356e-04 9.999999889010611209e-01 1.068143047828327990e-04 4.444204956704299325e-02 2.498744933887445032e-03 -1.065544320147004178e-04 9.999968724550634125e-01 -1.162582271027603337e-02
9.999970413125907065e-01 -2.121806749734875006e-05 -2.432471142372088363e-03 -1.096026370192578620e-02 2.130396629830927122e-05 9.999999991504672225e-01 3.528748428456241956e-05 4.384544083045335133e-02 2.432470391573401253e-03 -3.533920116316566912e-05 9.999970409150894524e-01 -8.368840021243283828e-03
9.999972830573872207e-01 -2.328409372617822916e-04 -2.319410041733606636e-03 -9.588811577493349184e-03 2.329764514503824212e-04 9.999999711699182336e-01 5.815613252836494059e-05 5.661831618238299946e-02 2.319396433736420089e-03 -5.869634244247175366e-05 9.999973084738391638e-01 -7.923228652577029782e-04
9.999965341040958355e-01 -5.456287720906642311e-04 -2.575668658621920164e-03 -1.556059521857278138e-02 5.458612692118989997e-04 9.999998470068179879e-01 8.956458727998626375e-05 6.131503731724504552e-02 2.575619395546395896e-03 -9.097023462151471260e-05 9.999966789490581931e-01 3.830953858001783126e-03
9.999920158073531962e-01 4.161538689699275880e-04 -3.974309688943346471e-03 5.008987994490438772e-02 -4.188541028159967357e-04 9.999996820221290772e-01 -6.786139412954588987e-04 8.780461177918892635e-02 3.974026017383606134e-03 6.802731790300940370e-04 9.999918721397764720e-01 -7.370405033034524780e-03
9.999753511286396668e-01 5.391710148452581253e-04 -7.000459254259831614e-03 1.652808329489263706e-01 -5.475045091512846995e-04 9.999991437824968799e-01 -1.188559247796252974e-03 9.674710742351429194e-02 6.999812423648250383e-03 1.192362734160086870e-03 9.999747901308032594e-01 -3.985525682995040564e-02
9.999730847622007035e-01 1.377887676169447422e-04 -7.335582146228867770e-03 2.215832697643352334e-01 -1.444642125891095830e-04 9.999995759818389729e-01 -9.094867967498919056e-04 9.312921968585585741e-02 7.335453718743927681e-03 9.105220467951198431e-04 9.999726806609980923e-01 -3.594956113189597124e-02
9.999728479477797416e-01 -8.720472146740146022e-04 -7.317301474044780006e-03 2.926239263059143836e-01 8.661098494535635853e-04 9.999992931854844169e-01 -8.145442040107073612e-04 7.217115639523870307e-02 7.318006623074219986e-03 8.081845005858531369e-04 9.999728964411374044e-01 -3.084291471695800591e-02
9.999724661274870252e-01 -1.651012459051119695e-03 -7.234718016058626876e-03 3.723575692024637118e-01 1.646910411591818264e-03 9.999984797257124303e-01 -5.729156657694800319e-04 6.391784939934933019e-02 7.235652908205019405e-03 5.609849587570001636e-04 9.999736649646669973e-01 -3.103558785478721660e-02
9.999720583542155428e-01 -1.896057442533980201e-03 -7.231008021564998625e-03 4.648664891548855982e-01 1.892048935365485711e-03 9.999980526287276517e-01 -5.611502282610942227e-04 6.866117253037580526e-02 7.232057913174381666e-03 5.474531277713628715e-04 9.999736984708215148e-01 -3.007254276848959559e-02
9.999703917500559758e-01 -2.171779918528957305e-03 -7.382343477856307019e-03 5.870965891199260156e-01 2.166276376719584312e-03 9.999973698026937141e-01 -7.534151274286891376e-04 5.962542764898474956e-02 7.383960312680443346e-03 7.374006238443745224e-04 9.999724663061582142e-01 -3.331533251520729655e-02
9.999694834580488134e-01 -1.972890120524926558e-03 -7.559091031030641152e-03 7.396852546215695323e-01 1.966783184417997092e-03 9.999977335700973580e-01 -8.152414206978542350e-04 7.510708120276610167e-02 7.560682280625429137e-03 8.003494492195231290e-04 9.999710973444235762e-01 -3.831465916800963489e-02
9.999685409012188941e-01 -2.212953194183274203e-03 -7.617089079666052032e-03 8.805950784885216986e-01 2.209342094135564784e-03 9.999974430163645067e-01 -4.824606139367561817e-04 9.995589310452657195e-02 7.618137265650604464e-03 4.656166806221578316e-04 9.999708731686680618e-01 -4.874210491672377465e-02
9.999695119496641027e-01 -2.353276785532733544e-03 -7.445620156933711702e-03 1.012532488738231873e+00 2.349441520875593815e-03 9.999971028705645359e-01 -5.238081877454735290e-04 1.125036044776717564e-01 7.446831251656683449e-03 5.062991687097107918e-04 9.999721437947465263e-01 -6.064065542268543690e-02
9.999683035180915169e-01 -2.991434886924728819e-03 -7.378568727557448595e-03 1.150487377867217553e+00 2.986681771261904313e-03 9.999953252683271288e-01 -6.551133411670624022e-04 1.136282215488331887e-01 7.380493963632174179e-03 6.330551396622971245e-04 9.999725633986379369e-01 -6.301868547659975062e-02
9.999649372169993056e-01 -3.653459902360396000e-03 -7.535022716919040353e-03 1.327935167760763369e+00 3.648499341780567749e-03 9.999931184275158147e-01 -6.719748249759221982e-04 1.117460299369366777e-01 7.537425897192489080e-03 6.444597382454713775e-04 9.999713855318511646e-01 -7.433515202743257166e-02
9.999711934052242235e-01 -3.961947501242393463e-03 -6.474205104025000657e-03 1.499216762402797443e+00 3.963262429979720614e-03 9.999921281401519257e-01 1.902856826710211380e-04 1.139572840295393352e-01 6.473400238104814325e-03 -2.159391750412340374e-04 9.999790240098188621e-01 -6.846260970086534559e-02
9.999715436867704366e-01 -3.974111662608095785e-03 -6.412351611583858371e-03 1.669914821794537207e+00 3.977017737105030884e-03 9.999919946075240818e-01 4.405119571092396122e-04 1.506341196644774560e-01 6.410549634486248025e-03 -4.660014578588298016e-04 9.999793436346697817e-01 -8.158538012699800834e-02
9.999697407707057728e-01 -3.966962890034637229e-03 -6.691841928539287582e-03 1.866196192338260840e+00 3.975781448941841448e-03 9.999912450043972889e-01 1.305019703189664411e-03 2.065874775782927941e-01 6.686606376759312437e-03 -1.331585515297970023e-03 9.999767578174892924e-01 -8.587169121543877792e-02
9.999669703008186028e-01 -5.063786943415173915e-03 -6.357386978430533235e-03 2.074449126237968954e+00 5.085875784489991315e-03 9.999810699803463043e-01 3.463170291291397043e-03 1.966608494114796546e-01 6.339729876466220458e-03 -3.495388784304693554e-03 9.999737946978111136e-01 -9.737579805372688357e-02
9.999656920416208905e-01 -5.791167213138926489e-03 -5.922594197792154826e-03 2.269150349096331176e+00 5.816600617197052042e-03 9.999738977813238394e-01 4.286130339420007700e-03 2.145469792328494607e-01 5.897617907450385631e-03 -4.320432656105000109e-03 9.999732756252447397e-01 -9.875459515270025579e-02
9.999675718469956953e-01 -5.922228448653798008e-03 -5.457331273191208532e-03 2.506030683750551713e+00 5.951888646118844856e-03 9.999675184098205660e-01 5.434808814426296542e-03 2.311384097913634084e-01 5.424967831019530257e-03 -5.467114001657530364e-03 9.999703397543975303e-01 -9.746529886353501315e-02
9.999667298448630115e-01 -6.569547613307183051e-03 -4.835312557354634264e-03 2.726516798599883273e+00 6.599513463109768843e-03 9.999589549059880733e-01 6.207650551894198197e-03 2.275737182397176983e-01 4.794332635628699088e-03 -6.239354732717905354e-03 9.999690419343482128e-01 -1.028501344270456447e-01
9.999597157193645947e-01 -7.684512412569094453e-03 -4.638448817070131916e-03 2.976260535190258238e+00 7.715233978443945817e-03 9.999481775613463519e-01 6.642089761516470001e-03 2.221576600089467113e-01 4.587167220123089528e-03 -6.677608907629244139e-03 9.999671831796138610e-01 -1.097695053381537028e-01
9.999576304372218560e-01 -8.280232259457532065e-03 -4.021825966628650960e-03 3.241208984062944776e+00 8.305410586552987653e-03 9.999457605418301531e-01 6.284594609813699655e-03 2.232078307926803618e-01 3.969569921941575215e-03 -6.317731250248355933e-03 9.999721640058208960e-01 -1.233634458308641435e-01
9.999471115007616540e-01 -8.781737300640246602e-03 -5.353063727048253985e-03 3.497275825580146602e+00 8.807502707368738276e-03 9.999496504604258318e-01 4.808787802757012037e-03 2.731874786905766350e-01 5.310564691535951155e-03 -4.855680596455663744e-03 9.999741097991499128e-01 -1.310737121796379523e-01
9.999208719312657756e-01 -9.898843081781192113e-03 -7.762910656410105560e-03 3.748328460030143638e+00 9.937883523169132802e-03 9.999380835302313919e-01 5.006753136308649335e-03 2.479309277976674275e-01 7.712868940741596062e-03 -5.083503863506515924e-03 9.999573339103887681e-01 -1.256130345607721910e-01
9.998778833686789991e-01 -1.061729384973092438e-02 -1.146697089378264853e-02 4.035964083963735405e+00 1.063786557385525133e-02 9.999419119848086401e-01 1.734494796112064129e-03 2.748291078679819255e-01 1.144788915927202194e-02 -1.856267080357889817e-03 9.999327477917319129e-01 -1.193457176978877654e-01
9.998260766283064704e-01 -1.083719169120359559e-02 -1.517800284279900713e-02 4.325544371832378054e+00 1.080247723003480327e-02 9.999388493688506907e-01 -2.367278731702693231e-03 2.891346260533521062e-01 1.520272935174755632e-02 2.202906976497197040e-03 9.998820051491628114e-01 -1.280343962694414917e-01
9.997961968667350430e-01 -1.096205784322181083e-02 -1.695281742527175034e-02 4.638401411283806119e+00 1.088104692968790317e-02 9.999289721088108207e-01 -4.863492071634958024e-03 2.882330636577295491e-01 1.700492718380963025e-02 4.678036474717337488e-03 9.998444621170907709e-01 -1.231107519706629155e-01
9.997641837135295972e-01 -1.126467992627053563e-02 -1.856566588567416798e-02 4.952763361366709916e+00 1.111742019415618010e-02 9.999060685493188494e-01 -8.016049305701216862e-03 3.092562347602187400e-01 1.865422021544659026e-02 7.807756681886432633e-03 9.997955085935074093e-01 -1.367011561886484206e-01
9.997530193640968843e-01 -1.136707296421727957e-02 -1.909685640616742494e-02 5.262544548796535437e+00 1.116860279657712861e-02 9.998828397498085163e-01 -1.046752527730208937e-02 3.360981589141479042e-01 1.921360413727489155e-02 1.025165479738901486e-02 9.997628423731156344e-01 -1.441832501350122087e-01
9.997434509855843698e-01 -1.183029050265726155e-02 -1.931518672074130846e-02 5.565819107463162219e+00 1.160250675605094435e-02 9.998623188259053718e-01 -1.186276650108675050e-02 3.407914799900964575e-01 1.945286735702879063e-02 1.163561853561086677e-02 9.997430661589424838e-01 -1.562854472737748024e-01
9.997160253993908618e-01 -1.257328245347691734e-02 -2.024305135076032158e-02 5.913902022385812529e+00 1.235152897786144510e-02 9.998627413285088306e-01 -1.104256469070452606e-02 3.594849685337355161e-01 2.037911410129200629e-02 1.078939624744753092e-02 9.997341049684471681e-01 -1.706477670350045883e-01
9.997601576567454185e-01 -1.309889569653883111e-02 -1.755124194154924350e-02 6.248231906387366585e+00 1.296801551682398752e-02 9.998874060950504461e-01 -7.550212319337690561e-03 3.729330937087626530e-01 1.764816522234005647e-02 7.320796680885408025e-03 9.998174574392277858e-01 -1.865610948457116502e-01
9.998659544629392437e-01 -1.391040954684247613e-02 -8.635601435600132048e-03 6.606217946998712343e+00 1.388233489791551936e-02 9.998981819106574909e-01 -3.302512610691358229e-03 4.065296171840116490e-01 8.680661478109964052e-03 3.182187612440887450e-03 9.999572589857537164e-01 -1.899737081228996538e-01
9.998703688652342825e-01 -1.575818972086406172e-02 3.305286980224567042e-03 6.977053078385963225e+00 1.576071398907768345e-02 9.998755190997814513e-01 -7.390531083627553330e-04 4.404362233783899461e-01 -3.293229396030413706e-03 7.910509868168076955e-04 9.999942644227922672e-01 -2.035661751611632930e-01
9.997282784810711531e-01 -1.683541459790223113e-02 1.612259348214880109e-02 7.326962235321922812e+00 1.684737271703987474e-02 9.998578892054981182e-01 -6.061567940732488346e-04 4.535141976442470524e-01 -1.611009738664006055e-02 8.776154297875328122e-04 9.998698388057069009e-01 -2.187741512328967575e-01
9.995785526351581574e-01 -1.816550668795810161e-02 2.264357477458251930e-02 7.680714876409182601e+00 1.827889454308246134e-02 9.998213540550358047e-01 -4.810612210279466283e-03 4.649345695424196290e-01 -2.255214238349053865e-02 5.222484305823164863e-03 9.997320273611275399e-01 -2.409940306418052181e-01
9.995556064991273360e-01 -1.988308864698029588e-02 2.220928414015146957e-02 8.037506568366772797e+00 2.006738742484623361e-02 9.997657653485779727e-01 -8.106441815824963829e-03 4.681343525780641279e-01 -2.204290085498693263e-02 8.548521675035719927e-03 9.997204775831435297e-01 -2.428351700698801185e-01
9.996051157949882304e-01 -2.068019407021984279e-02 1.902477462957603144e-02 8.435935944426832478e+00 2.083915795687491662e-02 9.997492489624557610e-01 -8.195650959748472172e-03 5.153030723324877327e-01 -1.885051649521923833e-02 8.588874910234358187e-03 9.997854216058762455e-01 -2.709722882579185255e-01
9.995717067008919043e-01 -2.253175729965070304e-02 1.867412852199129211e-02 8.807878865951700220e+00 2.263667972796616287e-02 9.997290309166712019e-01 -5.426368334985615625e-03 5.209716502489578627e-01 -1.854680279616132202e-02 5.846764524340444281e-03 9.998108978455061413e-01 -2.868133141615845094e-01
9.995825700124770785e-01 -2.348292418366639336e-02 1.682967614173322760e-02 9.214678588362641420e+00 2.351938249727958050e-02 9.997214368387452588e-01 -1.971641960751847108e-03 5.804587009175840029e-01 -1.677868809526262064e-02 2.366642528755534981e-03 9.998564270078694749e-01 -3.194937322281655723e-01
9.996279161182630713e-01 -2.477832379840160318e-02 1.140455991260857366e-02 9.628334082781016434e+00 2.477663597373504570e-02 9.996929701793881851e-01 2.892814164197854377e-04 6.374298435766057036e-01 -1.140822628122935972e-02 -6.607150072095483665e-06 9.999349240472911182e-01 -3.419270801904394363e-01
9.996488022582644684e-01 -2.601787909394517179e-02 5.034094861060534748e-03 1.003686330778062619e+01 2.600315095076405347e-02 9.996574508806977954e-01 2.969349985618297948e-03 6.592720603826349723e-01 -5.109626625212819809e-03 -2.837404828036303988e-03 9.999829202789379812e-01 -3.415636133192389567e-01
9.996222725960288713e-01 -2.748012200934770582e-02 3.937312558929311141e-04 1.045993120462422965e+01 2.747878513620324176e-02 9.996176648971677459e-01 3.072522249248085986e-03 6.628659398721322704e-01 -4.780140048984938498e-04 -3.060542416813145060e-03 9.999952022798539453e-01 -3.733212643134698472e-01
9.995875445924217173e-01 -2.871827896166817204e-02 -3.389945583915937604e-05 1.090218704025066465e+01 2.871826893217753821e-02 9.995840954416247426e-01 2.626246311361333033e-03 6.763819144512154269e-01 -4.153591729077736079e-05 -2.626136635558023145e-03 9.999965508346211340e-01 -3.903574702308383326e-01
9.995916027742063337e-01 -2.857476644349603995e-02 3.322438758106342174e-04 1.136710655693843286e+01 2.857320223468482606e-02 9.995836207893351588e-01 4.019597459745402092e-03 7.591552077813626953e-01 -4.469645949769707389e-04 -4.008462595839261573e-03 9.999918661920549345e-01 -4.029677033649732842e-01
9.995489653682808617e-01 -3.001293702085984852e-02 1.043763661534452721e-03 1.181704209757984181e+01 3.000652746588651845e-02 9.995334899205239321e-01 5.693051619015585506e-03 7.942789462502273246e-01 -1.214141934963774982e-03 -5.659164132597516682e-03 9.999832497200551451e-01 -4.220208275898885142e-01
9.995087690471538000e-01 -3.133574498187548241e-02 5.400780261168926536e-04 1.231430719868282608e+01 3.133160465985895815e-02 9.994881349683343297e-01 6.465184216940744570e-03 8.150640760223049064e-01 -7.423929429438538884e-04 -6.445086807137759451e-03 9.999789546329296286e-01 -4.444892161829508970e-01
9.994747346326353643e-01 -3.240347949047758802e-02 -5.189874114769912027e-04 1.280047982182743738e+01 3.240568670868819445e-02 9.994620890709142724e-01 5.040236000633710120e-03 8.374429750944949458e-01 3.553870586025986082e-04 -5.054406682681309923e-03 9.999871632541712518e-01 -4.460156311239065197e-01
9.994550447448498076e-01 -3.290540869124890938e-02 -2.616794400040385344e-03 1.331315758910986524e+01 3.291523682794301325e-02 9.994509005611433849e-01 3.805857601099731351e-03 9.076892248735186630e-01 2.490124219918836857e-03 -3.889915986407023202e-03 9.999893338606107296e-01 -4.668883364469831321e-01
9.994336220412456395e-01 -3.341040972783897861e-02 -4.022394229123685619e-03 1.383415286564925850e+01 3.342659232355445903e-02 9.994330686613672743e-01 4.025443051101581377e-03 9.629455715147341444e-01 3.885622106105473400e-03 -4.157618060944752794e-03 9.999838079453625683e-01 -5.060017124653301002e-01
9.993649722933782842e-01 -3.541133307536779851e-02 -3.961015385054398978e-03 1.436773724041066735e+01 3.543304132032283615e-02 9.993566329904690626e-01 5.551547599118164360e-03 9.640644156097483153e-01 3.761879297315278391e-03 -5.688373034387162429e-03 9.999767450677911063e-01 -5.069169453991818619e-01
9.993249405672528507e-01 -3.648883662102139075e-02 -4.269421775945319956e-03 1.488668399855707669e+01 3.651620307116918568e-02 9.993118057738711313e-01 6.517802868301216142e-03 1.011935810383667089e+00 4.028656540540738289e-03 -6.669306036561074326e-03 9.999696446810117934e-01 -5.321539263116955576e-01
9.992645692321610040e-01 -3.831472055807310512e-02 -1.517519627715966388e-03 1.544150495161534486e+01 3.832350563344819744e-02 9.992457811825184999e-01 6.259209606759933917e-03 1.057009544699669235e+00 1.276555218859432060e-03 -6.312763063434409516e-03 9.999792594995549067e-01 -5.421865328358347336e-01
9.992208253116532379e-01 -3.944385054929747114e-02 1.387413904834495408e-03 1.600081706747952381e+01 3.943832629152355107e-02 9.992147577387726631e-01 3.806092007437474316e-03 1.085386465718302551e+00 -1.536451373120844210e-03 -3.748409114603500156e-03 9.999917943394773800e-01 -5.576335140257072664e-01
9.992106073230073715e-01 -3.965173300844276189e-02 2.429461383492317276e-03 1.656509221106335872e+01 3.964626664462644196e-02 9.992112256237974943e-01 2.258346415336153542e-03 1.129820285122175472e+00 -2.517092435706528002e-03 -2.160244619401014820e-03 9.999944987792954709e-01 -5.862763571331927048e-01
9.991817077362867838e-01 -4.036971157414846745e-02 2.490243485623643352e-03 1.714735513140590228e+01 4.036441286661725247e-02 9.991827277911422556e-01 2.142582037035004484e-03 1.183653618652076078e+00 -2.574703697688608510e-03 -2.040311562537611059e-03 9.999946040002399839e-01 -6.170975713161052090e-01
9.991400511540088347e-01 -4.138148737006657613e-02 2.594355990520784763e-03 1.772950975823133390e+01 4.137145145049678924e-02 9.991365724065044418e-01 3.809551766424779974e-03 1.245469424560743388e+00 -2.749760870279140818e-03 -3.698943473872363767e-03 9.999893782597559788e-01 -6.354437787818761896e-01
9.990627721747686873e-01 -4.323349228645104181e-02 2.107699974737038684e-03 1.830039824392338232e+01 4.322122120779239851e-02 9.990500764405907397e-01 5.556149868099940700e-03 1.283260343033084228e+00 -2.345909583339734344e-03 -5.459845122994634939e-03 9.999823432438493809e-01 -6.523769128439655951e-01
9.990274057857871925e-01 -4.394378225759976164e-02 3.631320671143288895e-03 1.887648185920068755e+01 4.392481309417782531e-02 9.990215751429454283e-01 5.148125246123692531e-03 1.359022163829143315e+00 -3.853995791585218197e-03 -4.983613127530275855e-03 9.999801549614040219e-01 -6.665173766871170802e-01
9.989584306925201052e-01 -4.545631719888412053e-02 3.972024049767794267e-03 1.945583144205737014e+01 4.544684352762973917e-02 9.989637694547820468e-01 2.443712353798881045e-03 1.418007996397675274e+00 -4.078990281018198515e-03 -2.260651102537075425e-03 9.999891255883135432e-01 -6.894754653685699619e-01
9.988896491057053240e-01 -4.699237308917176420e-02 3.344515051383404203e-03 2.006415605403933355e+01 4.698956541321350905e-02 9.988949628362222555e-01 9.132155821608024110e-04 1.433614805784862112e+00 -3.383733405304556723e-03 -7.550442836400089036e-04 9.999939901101263517e-01 -7.049862440654071083e-01
9.988715125809830564e-01 -4.743522411053405913e-02 2.366615254421043125e-03 2.068164297965818577e+01 4.743691901322399235e-02 9.988740141745581225e-01 -6.652227728020037407e-04 1.489288645628317198e+00 -2.332395487878996879e-03 7.767370134314845491e-04 9.999969783008847424e-01 -7.302514127353415541e-01
9.988438558408245793e-01 -4.806726628196765494e-02 6.996865102058289019e-04 2.129143716057815183e+01 4.806769710865350931e-02 9.988438923636014932e-01 -6.125215104271551723e-04 1.570231531363338373e+00 -6.694353627431598539e-04 6.454456665040901164e-04 9.999995676279999079e-01 -7.574845480732086411e-01
9.988130734779823161e-01 -4.870470133488299935e-02 -5.443503894665608668e-04 2.189844484533729130e+01 4.870464130170033823e-02 9.988132171654392488e-01 -1.230093403996278245e-04 1.629632522291084795e+00 5.496954969539202904e-04 9.635094688964188786e-05 9.999998442756656836e-01 -7.742948276540133623e-01
9.987849658213022730e-01 -4.925427638834663224e-02 -1.615025324989249455e-03 2.249449021854610820e+01 4.925468358538968860e-02 9.987862287016263663e-01 2.133093660345489846e-04 1.701924168909794366e+00 1.602558655132742347e-03 -2.925977492289173146e-04 9.999986730952766800e-01 -8.011173228953493153e-01
9.987297264200661884e-01 -5.033468083962741590e-02 -2.313756614815818628e-03 2.310767874597810945e+01 5.033774537696701634e-02 9.987314243274052483e-01 1.285865979045507611e-03 1.733953873106713450e+00 2.246097785804167680e-03 -1.400701868805862178e-03 9.999964965333685285e-01 -8.184476120213294292e-01
9.987299935569230458e-01 -5.030484779712561527e-02 -2.796829972743401262e-03 2.374980363210901047e+01 5.030867256516682873e-02 9.987328520961114009e-01 1.314385292703668540e-03 1.800454599076391160e+00 2.727166023409667919e-03 -1.453420818232441410e-03 9.999952250553029165e-01 -8.369346664165246974e-01
9.987009382508788002e-01 -5.090847899839070351e-02 -2.182361767614840464e-03 2.438667926093300764e+01 5.091052873319385635e-02 9.987028179304021647e-01 8.941599300800861377e-04 1.825213730057664074e+00 2.134010525038830541e-03 -1.004103552593701380e-03 9.999972188837000786e-01 -8.550977294855607314e-01
9.987008938770622901e-01 -5.094494043534129879e-02 -1.066589516291873785e-03 2.501603463419600715e+01 5.094593328628219120e-02 9.987009840860695542e-01 9.253470192402606185e-04 1.862508514525741399e+00 1.018062250759363711e-03 -9.784832936025771900e-04 9.999990030593519652e-01 -8.864866294906574851e-01
9.987312454729551092e-01 -5.033017602942289892e-02 1.665141701825652038e-03 2.566978435472666931e+01 5.032601480973419861e-02 9.987298306425178573e-01 2.453083394008597450e-03 1.923640217499764216e+00 -1.786490808895434095e-03 -2.366171087400846355e-03 9.999956048328286773e-01 -9.125206003122466880e-01
9.987601577936539021e-01 -4.959622815720913375e-02 4.285015352793701895e-03 2.633135925933579458e+01 4.958612623261573343e-02 9.987668892588561498e-01 2.432489554123769791e-03 2.012392903957570311e+00 -4.400373761252556609e-03 -2.216996338715746147e-03 9.999878607453169810e-01 -9.333780466967214196e-01
9.987946639157428974e-01 -4.882049009052359667e-02 5.077310386343578466e-03 2.700085149535325613e+01 4.881159733758433372e-02 9.988062699107451703e-01 1.860954684328572058e-03 2.082344177711929589e+00 -5.162102167888090593e-03 -1.610879978360246290e-03 9.999853787765616842e-01 -9.643469515980762630e-01
9.988106081406221692e-01 -4.852814845268439703e-02 4.731582559224767857e-03 2.767097652835453303e+01 4.852192627595701413e-02 9.988211066190012533e-01 1.421141394908732565e-03 2.121095275860725771e+00 -4.794969888448435101e-03 -1.189865600795294827e-03 9.999877961673436788e-01 -9.827188259555437178e-01
9.988703868080784920e-01 -4.746868455754816446e-02 2.162023185724785274e-03 2.838947308564246441e+01 4.746470641902351267e-02 9.988711920761462748e-01 1.855609046782318288e-03 2.186536715960120336e+00 -2.247665997325025769e-03 -1.750893130542475161e-03 9.999959411771679463e-01 -1.020625569603813787e+00
9.989245018312008506e-01 -4.636596203429365487e-02 -1.928883656573364414e-04 2.907175496171862505e+01 4.636631477080594560e-02 9.989208294015763379e-01 2.709509594260426594e-03 2.261735096489155161e+00 6.705118722530771850e-05 -2.715539044331150616e-03 9.999963106691128756e-01 -1.046691332368254956e+00
9.989566252329228346e-01 -4.558174792499575939e-02 -2.822261389705383369e-03 2.978982426098130176e+01 4.558995323797671723e-02 9.989559854983471876e-01 2.914652772632916194e-03 2.309497096649629100e+00 2.686459939916033008e-03 -3.040278462257174803e-03 9.999917697860634114e-01 -1.070323925588345215e+00
9.990167818525638177e-01 -4.413961589417318004e-02 -4.142932012696950474e-03 3.050003568874223348e+01 4.415049778633050453e-02 9.990215781253484195e-01 2.572933181710674623e-03 2.345930280296626869e+00 4.025310195028451547e-03 -2.753315937769770794e-03 9.999881079938803818e-01 -1.078220023258726679e+00
9.991206232087116446e-01 -4.160007347305454822e-02 -5.235853900944630046e-03 3.123372663589755760e+01 4.161375431842097988e-02 9.991305652006370330e-01 2.531626627620843246e-03 2.417097772285637269e+00 5.125985813643400488e-03 -2.747283911801361948e-03 9.999830882072687777e-01 -1.111253597280153826e+00
9.992570675008949355e-01 -3.846848568638878973e-02 -2.342788617880360753e-03 3.194919868704733545e+01 3.847974850139722347e-02 9.992470268270112754e-01 4.968735517947955524e-03 2.487645467938371269e+00 2.149884829749481273e-03 -5.055193999660185719e-03 9.999849113905892040e-01 -1.139504077344330568e+00
9.993668600565877025e-01 -3.555046474723434768e-02 1.429502323308079123e-03 3.266777627841783982e+01 3.554025241548612601e-02 9.993462703008213488e-01 6.627404777232020865e-03 2.551794819121060431e+00 -1.664175135082926991e-03 -6.572403829147500758e-03 9.999770167503982954e-01 -1.167804186207072492e+00
9.994277471416700420e-01 -3.340790587418072249e-02 5.300006455467633562e-03 3.340474218938933859e+01 3.337907406781049496e-02 9.994279678952298074e-01 5.438235300833049908e-03 2.595269975622767511e+00 -5.478654734671493248e-03 -5.258213947100950046e-03 9.999711673485315311e-01 -1.172036381730364951e+00
9.995099294295334280e-01 -3.090270026266043329e-02 4.992403053164881643e-03 3.414406169680252390e+01 3.089299937907687837e-02 9.995206789508427336e-01 2.008715761567964834e-03 2.618693314110036141e+00 -5.052084830388239162e-03 -1.853501044667263831e-03 9.999855203815423144e-01 -1.212632641549532764e+00
9.996291912633606946e-01 -2.698705652465480456e-02 3.630255403484876353e-03 3.488624101715015513e+01 2.698401501663316368e-02 9.996354741068611549e-01 8.842175824582483752e-04 2.696986930323590936e+00 -3.652794511269492894e-03 -7.859308405317331960e-04 9.999930196781237068e-01 -1.257195423756208408e+00
9.997135999822875929e-01 -2.378725269895064220e-02 2.623855844171902544e-03 3.559011976919018849e+01 2.378039700487493552e-02 9.997137894232092092e-01 2.613800944555693534e-03 2.731244597543275088e+00 -2.685280012450228741e-03 -2.550656018260906779e-03 9.999931416890474045e-01 -1.265746736375866766e+00
9.997895660047992905e-01 -2.050924714153757808e-02 4.410097759536159962e-04 3.632694591546197671e+01 2.050732460460548065e-02 9.997817255457672747e-01 3.993858070761755266e-03 2.788116532240818568e+00 -5.228245370069357391e-04 -3.983973696622374397e-03 9.999919272714595797e-01 -1.297703186481421245e+00
9.998404533571586539e-01 -1.779914981111288194e-02 -1.502696427454249277e-03 3.707150478911857761e+01 1.780808537785587634e-02 9.998224562397372006e-01 6.158578887521383265e-03 2.816398035944447820e+00 1.392812164837435368e-03 -6.184356453212309056e-03 9.999799067028962707e-01 -1.319437702427770587e+00
9.998896702152719751e-01 -1.479115926712325224e-02 -1.367115331374712086e-03 3.778277237808380562e+01 1.480074546358944518e-02 9.998638863680178179e-01 7.290176319238227641e-03 2.818269044912619314e+00 1.259099089318357250e-03 -7.309606321693344448e-03 9.999724917841016358e-01 -1.322784216779503419e+00
9.999380392977558207e-01 -1.081885503470932444e-02 -2.621057248082221420e-03 3.851633440319084656e+01 1.083472996503536886e-02 9.999225731770304826e-01 6.120153397651885083e-03 2.868009670690052637e+00 2.554641255547301492e-03 -6.148172636155394347e-03 9.999778366450385869e-01 -1.332752237513978422e+00
9.999616745091447489e-01 -6.081140556775361562e-03 -6.298352355650303595e-03 3.922577060820496087e+01 6.112633589419900169e-03 9.999688519450821156e-01 4.993080235280784873e-03 2.906762581970466996e+00 6.267792551503237504e-03 -5.031388393197038650e-03 9.999676994320206846e-01 -1.369084200532967310e+00
9.999608674330371372e-01 -2.069018219336420279e-03 -8.601323513038869328e-03 3.993108107407223883e+01 2.128299739525768910e-03 9.999740076778678155e-01 6.888708796443700384e-03 2.893738538643001679e+00 8.586847080659810311e-03 -6.906745418177813282e-03 9.999392796189885413e-01 -1.389925458912066425e+00
9.999596549883008612e-01 3.074319515298898874e-03 -8.440198765198450928e-03 4.067278884112382542e+01 -2.994144137408193129e-03 9.999504341877647473e-01 9.495486748199458149e-03 2.926466234522391741e+00 8.468972580108478573e-03 -9.469832481024134663e-03 9.999192961315521710e-01 -1.424104269257119970e+00
9.999442316750550841e-01 7.974755879080535834e-03 -6.923641271245849910e-03 4.136580679888118084e+01 -7.899201848872940482e-03 9.999096961308077125e-01 1.087208322938128073e-02 2.954264267793874410e+00 7.009718249301518517e-03 -1.081678567158015671e-02 9.999169270483425631e-01 -1.432750706830461906e+00
9.998994951041899615e-01 1.247822614251807398e-02 -6.730049236242935905e-03 4.206585104070322245e+01 -1.240167032025403689e-02 9.998592504431346173e-01 1.129946355189991557e-02 2.936888105367067237e+00 6.870099246284999510e-03 -1.121486404862596063e-02 9.999135105401452117e-01 -1.464177304470101193e+00
9.998116464508850498e-01 1.868563918070290791e-02 -5.245808763102505039e-03 4.276756824756408548e+01 -1.861632511795376782e-02 9.997426383871798050e-01 1.296493076507788597e-02 2.963281651421521001e+00 5.486716711577727286e-03 -1.286483109291372551e-02 9.999021912470628104e-01 -1.463990212816966840e+00
9.996956775367749071e-01 2.453088661437314438e-02 -2.605362969218711754e-03 4.344224389321044555e+01 -2.449370782430601579e-02 9.996094495077109121e-01 1.345387423415961813e-02 2.962617156860184231e+00 2.934380906790697973e-03 -1.338596491866844880e-02 9.999060982671773568e-01 -1.476830133795696831e+00
9.995078266841745940e-01 3.134182560298783005e-02 1.339539081153399156e-03 4.412560001841992374e+01 -3.135656001234030099e-02 9.994244226010590149e-01 1.294564222942989895e-02 3.006219818218024642e+00 -9.330280116598225473e-04 -1.298127406735541389e-02 9.999153044044868377e-01 -1.507655500101378721e+00
9.992760248138781165e-01 3.767496897253604093e-02 5.293670285556865800e-03 4.483799147677520835e+01 -3.773638687462468888e-02 9.992153693158990491e-01 1.202542425613760575e-02 2.968021853514122288e+00 -4.836459223687737154e-03 -1.221648213725605274e-02 9.999136793875598173e-01 -1.516932266916283023e+00
9.990189606687269741e-01 4.371908421080188123e-02 7.053927994050752937e-03 4.553151278419277048e+01 -4.379364275608274570e-02 9.989823695025085160e-01 1.078620773516683271e-02 2.957976299904912842e+00 -6.575186577507937530e-03 -1.108454324374194208e-02 9.999169464623292036e-01 -1.556148050211775713e+00
9.987570824902025635e-01 4.938195619629727473e-02 6.761107741020343752e-03 4.623294476530171693e+01 -4.944680500859287287e-02 9.987288160868476039e-01 9.785979368763434924e-03 2.938197590996673547e+00 -6.269262325098724255e-03 -1.010813137976780164e-02 9.999292585127752542e-01 -1.582060753902076788e+00
9.984797664853949373e-01 5.481360553900456456e-02 5.798669423726403142e-03 4.691322091333902478e+01 -5.487077558526755328e-02 9.984412830305164910e-01 1.020795410683503386e-02 2.918399059697852405e+00 -5.230096169522898374e-03 -1.051061312152871789e-02 9.999310841782382830e-01 -1.598390331469779824e+00
9.981773013837621500e-01 6.023735213884726797e-02 3.679185987507562015e-03 4.761636659709388653e+01 -6.027168589892057532e-02 9.981312198742836594e-01 1.006934909397407679e-02 2.916671763814487228e+00 -3.065759470672594581e-03 -1.027274644751683882e-02 9.999425342484902224e-01 -1.631137042014086713e+00
9.978427778111264024e-01 6.561803667974885901e-02 2.015944560262758478e-03 4.832426720701796086e+01 -6.563559301322280382e-02 9.977890597178450394e-01 1.043844994149688288e-02 2.881997090272899076e+00 -1.326536836087017666e-03 -1.054824960236026843e-02 9.999434857682452105e-01 -1.646097132076811409e+00
9.975225592022121113e-01 7.032247610415569283e-02 1.869020398391406552e-03 4.898975162524489946e+01 -7.033890483717646080e-02 9.974619700155894497e-01 1.104793369485555440e-02 2.860398819361408052e+00 -1.087358715322038222e-03 -1.115202794112985993e-02 9.999372229914358368e-01 -1.681240619129180880e+00
9.971397173748897114e-01 7.544048906183707659e-02 4.595284935232566564e-03 4.967911609093892622e+01 -7.548602701545902016e-02 9.970893629729740137e-01 1.070803303927330904e-02 2.846343532287839206e+00 -3.774090479377255683e-03 -1.102428484118666424e-02 9.999321083877614758e-01 -1.696576585515083835e+00
9.967326343151194923e-01 8.061175158235370231e-02 5.079487972927508241e-03 5.036504730330982227e+01 -8.065389672465395066e-02 9.967039821899863483e-01 8.724725196371175412e-03 2.807967873033775597e+00 -4.359430509948813287e-03 -9.105898827037158666e-03 9.999490376875116437e-01 -1.717518405087063993e+00
9.962897867422364495e-01 8.595729222009472481e-02 4.243200124712090404e-03 5.105869093204093190e+01 -8.597974338281018369e-02 9.962821037815702274e-01 5.427099814333459504e-03 2.782734128240664795e+00 -3.760925542366099546e-03 -5.771793374495766751e-03 9.999762706386121636e-01 -1.743494033721332270e+00
9.959855045181310595e-01 8.950201515145071729e-02 1.504683884894023440e-03 5.175187776581606158e+01 -8.950607546630466593e-02 9.959820794341671668e-01 2.891349271982119207e-03 2.709513218490822606e+00 -1.239856598218750912e-03 -3.014420312747498765e-03 9.999946879987883230e-01 -1.769201161099348774e+00
