1.000000000000000000e+00 0.000000000000000000e+00 0.000000000000000000e+00 0.000000000000000000e+00 0.000000000000000000e+00 1.000000000000000000e+00 0.000000000000000000e+00 0.000000000000000000e+00 0.000000000000000000e+00 0.000000000000000000e+00 1.000000000000000000e+00 0.000000000000000000e+00
9.999999383849531576e-01 2.452305367488848489e-04 2.511813562861932628e-04 -1.882447254466217135e-02 -2.452709845761991223e-04 9.999999569586022208e-01 1.610122287502929956e-04 1.058719617684154672e-02 -2.511418603597169821e-04 -1.610738263280804723e-04 9.999999554914932309e-01 2.959496322724037860e-03
9.999998377728346322e-01 2.088618347712417600e-04 5.299349379602576659e-04 -1.447614236500639751e-02 -2.085438364317484335e-04 9.999997982218050696e-01 -6.000548452772697669e-04 1.529704469333684029e-02 -5.300601595868904186e-04 5.999442332670516581e-04 9.999996795515208037e-01 8.446388933798234036e-03
9.999999351027953898e-01 3.484063485467967284e-04 9.169199175043803943e-05 -8.703864736805339355e-03 -3.483498635557387662e-04 9.999997500128812167e-01 -6.153263748995615057e-04 1.713790302202857635e-02 -9.190635244406449023e-05 6.152943940737844088e-04 9.999998064829968003e-01 -3.530725859119033042e-03
9.999999821238745312e-01 1.791347600226679386e-04 6.052262625855839957e-05 -6.604208832960299126e-03 -1.791382159600805933e-04 9.999999823244885011e-01 5.710098235314881688e-05 1.029912431786544902e-04 -6.051239641801913079e-05 -5.711182324769766911e-05 9.999999965382447842e-01 -5.930946036545661770e-03
9.999999929506835361e-01 -6.680812562823157386e-05 -9.815960070688020038e-05 -7.895549378963178516e-03 6.680358651183125281e-05 9.999999966993516898e-01 -4.624475626563160014e-05 -2.006474078194458999e-03 9.816268990837612814e-05 4.623819852625989140e-05 9.999999941130576220e-01 -6.157254430296764391e-03
9.999999698136836646e-01 -3.573915525741425646e-05 2.430953404449787971e-04 -2.175480575301574210e-03 3.565720288805317422e-05 9.999999425405936559e-01 3.371162607231904221e-04 6.455202122490610699e-03 -2.431073747272466574e-04 -3.371075824470168964e-04 9.999999136286373824e-01 -7.857421082167661414e-05
9.999999373362469246e-01 2.350883184108142315e-04 2.646903563898684512e-04 -3.310762972333996385e-03 -2.350950058088346125e-04 9.999999720467874775e-01 2.523415529693916662e-05 1.504149589018065336e-02 -2.646844167357873738e-04 -2.529638109654531197e-05 9.999999646511257279e-01 2.372759364283234113e-03
9.999999268759864890e-01 3.622901698651525724e-04 -1.224493960499004280e-04 -1.336400730091559172e-02 -3.622971038385935710e-04 9.999999327680660910e-01 -5.660982017925511204e-05 1.817982006482900953e-02 1.224288786360219316e-04 5.665417910127352211e-05 9.999999909007367682e-01 -7.055664716385679630e-03
9.999999799164702718e-01 1.736499401117745916e-04 1.000637659786511607e-04 -2.500701386569919443e-03 -1.736301183160163296e-04 9.999999653111623088e-01 -1.980662925829966461e-04 -1.693495789554869124e-03 -1.000981567074006124e-04 1.980489145216003872e-04 9.999999753784929446e-01 -2.255043359945699960e-03
9.999999208686751739e-01 1.826840928813477558e-04 3.533966122637927955e-04 -1.729131745518778032e-02 -1.826600691941477153e-04 9.999999810049370330e-01 -6.801047436047655238e-05 1.280294370147595784e-02 -3.534090299828168517e-04 6.794591752906852476e-05 9.999999352427028088e-01 1.380730883866961110e-03
9.999998687224304073e-01 7.336130967161802420e-05 5.071225100554718583e-04 -1.720391699486111675e-02 -7.327962825990396779e-05 9.999999843408423628e-01 -1.610851052545694037e-04 6.739032889683839456e-04 -5.071343195286505141e-04 1.610479223586891732e-04 9.999998584391642797e-01 5.252140798973707267e-03
9.999999984105822914e-01 4.444722339278493907e-05 3.468832277948557109e-05 -5.536151095855208759e-03 -4.446661996261706162e-05 9.999998425657299350e-01 5.593668161937651864e-04 -1.209898694994847312e-03 -3.466345501651691341e-05 -5.593683577771638811e-04 9.999998429527302557e-01 -5.951313484921319855e-03
9.999999996088001497e-01 2.576066981126386811e-05 1.089897160840232508e-05 1.568880914204792525e-03 -2.575997485641997938e-05 9.999999976356274134e-01 -6.375867727069083231e-05 3.204051033591267215e-03 -1.090061404886586970e-05 6.375839648851386364e-05 9.999999979080217427e-01 -7.364690356631386006e-03
9.999998509682691550e-01 3.829637908839238344e-04 -3.891043232930150599e-04 -9.192628994451281302e-03 -3.831559710594753835e-04 9.999998046026555842e-01 -4.939495445210202165e-04 9.331704744722935790e-03 3.889150824729884393e-04 4.940985585516994650e-04 9.999998023058169760e-01 7.700184534851542070e-03
9.999972255931607323e-01 1.540273577040361175e-04 -2.350549202688435868e-03 -5.914628688051459457e-03 -1.555763030853263295e-04 9.999997708872359059e-01 -6.588030734236159430e-04 1.323700979197004433e-02 2.350447190450964327e-03 6.591669353910378304e-04 9.999970204440392640e-01 -6.547123646197774288e-03
9.999952351148062579e-01 2.538755851887694896e-04 -3.076571934896933473e-03 5.822231850253040478e-03 -2.552161389546297619e-04 9.999998726697458817e-01 -4.353449373665192008e-04 2.460522992898528730e-03 3.076461019705514083e-03 4.361280538083135271e-04 9.999951725783055023e-01 -4.236734095268729350e-03
9.999934024089948137e-01 2.338589072037077822e-04 -3.624975654208246936e-03 3.943924796361976057e-03 -2.357389391690194755e-04 9.999998379404849702e-01 -5.182143921676690213e-04 1.519243344150477369e-02 3.624853877695001243e-03 5.190655211162929989e-04 9.999932954801997731e-01 -1.143085928069030067e-02
9.999949980889379919e-01 1.651677852857206321e-05 -3.162834851980397474e-03 2.158792011191477608e-02 -1.560806621129498859e-05 9.999999585978054384e-01 2.873339096526659315e-04 3.402470978728276696e-03 3.162839466862642918e-03 -2.872831066982196977e-04 9.999949569447454945e-01 -9.587975796260193515e-03
9.999964083142858229e-01 2.146141733597722455e-04 -2.671572436723453070e-03 4.544690332009856254e-02 -2.129057894402339906e-04 9.999997727047574836e-01 6.397355377480209168e-04 1.176156738732576576e-02 2.671709125801350650e-03 -6.391644467803417893e-04 9.999962267124596904e-01 -4.002180470974361221e-03
9.999962767941320552e-01 1.717741998123604498e-04 -2.723397051076150918e-03 7.133317155422268241e-02 -1.705441290407181461e-04 9.999998833534290421e-01 4.518936029495132663e-04 1.537857013686461972e-02 2.723474357063270478e-03 -4.514274610784912100e-04 9.999961894430767773e-01 -3.694579304695201280e-03
9.999939997615140408e-01 -1.514683005609538725e-04 -3.460852253865340580e-03 9.752144112916566465e-02 1.498253786292717848e-04 9.999998759777635193e-01 -4.749703291759359812e-04 7.653243655230804188e-03 3.460923767591280766e-03 4.744489557413718219e-04 9.999938984338171410e-01 -1.151291931746822698e-02
9.999944407291486703e-01 2.955983915192023645e-04 -3.321314858320968677e-03 1.277781640969647137e-01 -2.972469096753510304e-04 9.999998328823750393e-01 -4.958623768063259588e-04 2.423651411931104782e-02 3.321167727149718779e-03 4.968468707507630580e-04 9.999943614781611201e-01 -2.243370544707495862e-03
9.999934196401020214e-01 -3.538623211284856003e-04 -3.610465060419070123e-03 1.534287292805775471e-01 3.527014709841996354e-04 9.999998859087914083e-01 -3.221553608350568427e-04 6.090068442951707128e-04 3.610578647140497144e-03 3.208798245990926641e-04 9.999934303574053995e-01 -1.929277943292474588e-03
9.999877853011277518e-01 2.760719179135904129e-05 -4.942518223388443072e-03 1.947234595018833281e-01 -2.964046706196219307e-05 9.999999149720607550e-01 -4.113116991630382619e-04 2.358042297011831573e-02 4.942506447975340139e-03 4.114531736630938803e-04 9.999877010925172227e-01 -1.478374227639434393e-02
9.999839276344244521e-01 -1.763079862360400236e-04 -5.666867593666470061e-03 2.469457455907338728e-01 1.727793178522044027e-04 9.999997909046794975e-01 -6.231676376148285491e-04 1.987940623947152124e-02 5.666976278182249589e-03 6.221785043195495867e-04 9.999837490048382183e-01 -9.437905068001760378e-03
9.999798746341136413e-01 -4.251389806029298377e-04 -6.330053995786021764e-03 3.012642046433130494e-01 4.191254124966475262e-04 9.999994596819929971e-01 -9.512989071377709856e-04 1.655480177111397222e-02 6.330455009791490992e-03 9.486266754070877280e-04 9.999795125135313434e-01 -8.531133457726400825e-04
9.999733777637127563e-01 -3.785553130839570176e-04 -7.287006223817549082e-03 3.667186720630663532e-01 3.744274245018937991e-04 9.999997686874770864e-01 -5.678284038405154296e-04 2.419835074589277504e-02 7.287219492700947911e-03 5.650848320058644717e-04 9.999732881988387945e-01 -6.822003041298917506e-03
9.999712225253305498e-01 -6.604035300783382646e-04 -7.557644366691110283e-03 4.477262202553266568e-01 6.568324480654442197e-04 9.999996714801807629e-01 -4.749849109338056727e-04 2.406895881753012834e-02 7.557955565567063549e-03 4.700071360165811239e-04 9.999713277894326513e-01 -9.262564252556722971e-03
9.999683261971352710e-01 -1.032976750761069318e-03 -7.891740082647914073e-03 5.271369474916911546e-01 1.029640196029644409e-03 9.999993788233171310e-01 -4.268419455869702848e-04 2.401737291704202776e-02 7.892176098289030439e-03 4.187027730736188097e-04 9.999687686345115623e-01 -1.553595944383035811e-02
9.999692013315718553e-01 -1.461079200286944692e-03 -7.711137132022809204e-03 6.296990717498043288e-01 1.460736584785971189e-03 9.999989318705861940e-01 -5.006312485826974474e-05 3.141507036620458382e-02 7.711202041720856271e-03 3.879764286163946553e-05 9.999702674868962138e-01 -5.730228918048294040e-03
9.999657909352355212e-01 -1.887035666582067119e-03 -8.053325751626871920e-03 7.334621365176265950e-01 1.885821169574999857e-03 9.999982092927042210e-01 -1.583979211070531069e-04 2.261816736308381454e-02 8.053610233004333818e-03 1.432053702744099646e-04 9.999675589010059706e-01 -1.396410559324591169e-02
9.999648343038310960e-01 -2.084709401324009309e-03 -8.123062379646932285e-03 8.535298895984493317e-01 2.081268868461999197e-03 9.999977408533994305e-01 -4.319814747846072557e-04 3.556960489527472014e-02 8.123944584299852556e-03 4.150600070079804322e-04 9.999669140774517517e-01 -1.563523202073992951e-02
9.999649786510600435e-01 -2.682517781735817720e-03 -7.927519772013499194e-03 9.764968200561291445e-01 2.680664256944801944e-03 9.999963771411295443e-01 -2.444253614918838360e-04 3.494680470849075016e-02 7.928146727106680919e-03 2.231657824869494712e-04 9.999685468486031459e-01 -1.989017967452448230e-02
9.999710137323524206e-01 -2.721649956191751242e-03 -7.110859062554038094e-03 1.116596300785684281e+00 2.722274207779993953e-03 9.999962915540305808e-01 7.811097173634038327e-05 5.507062230977188833e-02 7.110620101594604912e-03 -9.746641581195689293e-05 9.999747144713553304e-01 -1.333290981261814681e-02
9.999699369933818804e-01 -3.136876364569108656e-03 -7.091199907301086978e-03 1.250741379489326510e+00 3.134355215922856978e-03 9.999950206921323081e-01 -3.666174058938097909e-04 6.800201721407848898e-02 7.092314631508985466e-03 3.443800448557092953e-04 9.999747899200021051e-01 -1.304896634555400420e-02
9.999656625488264616e-01 -3.666294204462368540e-03 -7.431824143021290192e-03 1.404109295718506845e+00 3.667677317251231625e-03 9.999932591730645859e-01 1.724863140083690994e-04 6.710993123029436458e-02 7.431141660807529838e-03 -1.997379241031430085e-04 9.999723687374459935e-01 -2.232247481888525314e-02
9.999706183761203349e-01 -3.885341915711794207e-03 -6.608063458943563666e-03 1.561324144428254845e+00 3.886221301513683411e-03 9.999924413843013227e-01 1.202425068450380585e-04 7.007854434388123555e-02 6.607546327879469834e-03 -1.459193709008282762e-04 9.999781592810225161e-01 -1.941764327611592358e-02
9.999720629923141146e-01 -4.515183407917515608e-03 -5.957042360792623274e-03 1.745118140334679158e+00 4.517506835802796890e-03 9.999897250872112897e-01 3.766324363575539397e-04 8.474775971452006007e-02 5.955280588174362809e-03 -4.035328939603321499e-04 9.999821857384858514e-01 -1.391078375730343125e-02
9.999695997103692502e-01 -5.133920715650787912e-03 -5.868774418001858166e-03 1.927384042317066948e+00 5.145769183390003394e-03 9.999847492260933723e-01 2.005585884107530942e-03 9.225511007188011425e-02 5.858388395732663616e-03 -2.035724272260196199e-03 9.999807673710989775e-01 -7.498894357344642464e-03
9.999659617262499633e-01 -5.444558309333925178e-03 -6.199368815631532172e-03 2.142960645149438736e+00 5.464616808748311641e-03 9.999798741325651719e-01 3.223242614619557366e-03 1.175398300332877316e-01 6.181694915596142904e-03 -3.257010076038608423e-03 9.999755889687182986e-01 -1.946983043294461813e-02
9.999660571716301183e-01 -5.990339913033368435e-03 -5.656883625321293581e-03 2.342747410258074314e+00 6.019094147135018585e-03 9.999689826812789839e-01 5.079781591365007537e-03 1.318901189725264211e-01 5.626278545542672850e-03 -5.113658484330490736e-03 9.999710973256344948e-01 -1.452731788984170519e-02
9.999609990231398404e-01 -6.743606447525233097e-03 -5.702999625203738002e-03 2.576520615650103707e+00 6.773297268047234754e-03 9.999635250242903117e-01 5.202986172788527132e-03 1.323221807816962192e-01 5.667704717329734646e-03 -5.241411363026265806e-03 9.999702019211176296e-01 -1.748863637002220917e-02
9.999604291457749872e-01 -7.244753090729380215e-03 -5.162721690346742769e-03 2.804421176519408920e+00 7.275908726210171193e-03 9.999552783861451744e-01 6.041719945072868136e-03 1.434111434172075095e-01 5.118720035855479390e-03 -6.079044360851441203e-03 9.999684214638246971e-01 -1.646311727484939605e-02
9.999576499343237890e-01 -7.767988294755904556e-03 -4.935250315522147005e-03 3.045668898503440580e+00 7.799796175383220433e-03 9.999487221085046063e-01 6.458818250350513608e-03 1.571814683072849383e-01 4.884825221725286326e-03 -6.497038665508989182e-03 9.999669629398423298e-01 -1.798084629442859086e-02
9.999558411898077370e-01 -8.517592328372401364e-03 -3.970678948442813057e-03 3.299841166271115789e+00 8.543565159233367304e-03 9.999419147402895947e-01 6.570741198168863866e-03 1.661463491842953277e-01 3.914481415703622603e-03 -6.604374796377889510e-03 9.999705291001306229e-01 -1.500294511633407449e-02
9.999438908515285718e-01 -9.186416579374929309e-03 -5.274931197324172691e-03 3.576205747654324529e+00 9.212646172528527605e-03 9.999452120233587316e-01 4.969919723683734192e-03 1.708892946730699580e-01 5.228986441569138596e-03 -5.018236940425446421e-03 9.999737371545333042e-01 -2.578267183759065662e-02
9.999196301779289531e-01 -9.868142127850284065e-03 -7.959457002734749570e-03 3.843467077041721858e+00 9.906555998056629578e-03 9.999394020391834115e-01 4.801291261490465631e-03 1.710516751723138440e-01 7.911594851305582543e-03 -4.879756189077783662e-03 9.999567963899460565e-01 -1.801377141184053177e-02
9.998775751835301540e-01 -1.045745807354516929e-02 -1.163942506072112616e-02 4.123809504570602691e+00 1.048595353313375514e-02 9.999421650159355801e-01 2.389853916985006967e-03 1.932864803702750711e-01 1.161376009761944973e-02 -2.511611809896944179e-03 9.999294036993368051e-01 -1.575247630302266388e-02
9.998195744491589210e-01 -1.074093694066940996e-02 -1.566687020241614575e-02 4.421641064645044139e+00 1.071700412225272750e-02 9.999412739029146513e-01 -1.610766295832974457e-03 2.087326288201323821e-01 1.568325128748531555e-02 1.442573759894680112e-03 9.998759696132319963e-01 -2.013149419547232560e-02
9.997792259294003836e-01 -1.072335359082383227e-02 -1.806956246772764563e-02 4.712252827551766110e+00 1.065433492085655909e-02 9.999355903473640117e-01 -3.911560310529818563e-03 2.144522888650704229e-01 1.811034365778745742e-02 3.718177569033157426e-03 9.998290806973769707e-01 -1.962462584278917149e-02
9.997439562616993181e-01 -1.174993001562129290e-02 -1.933807288313334899e-02 5.025467034605502370e+00 1.161688513313962993e-02 9.999081737884190080e-01 -6.977963235239369004e-03 2.101858437392377377e-01 1.941828772082685589e-02 6.751528400067250725e-03 9.997886511489587624e-01 -1.655353047073918754e-02
9.997261042532586961e-01 -1.195441907940919014e-02 -2.011984938006165097e-02 5.338281030140128891e+00 1.176406332515034063e-02 9.998851668161319317e-01 -9.553009743417552671e-03 2.211970524519739356e-01 2.023173963564088573e-02 9.313702032480721330e-03 9.997519350647768865e-01 -1.879655174024920730e-02
9.997302681552294734e-01 -1.196302523211134443e-02 -1.990670644704430406e-02 5.667264135343843989e+00 1.171969044253799545e-02 9.998557200178485038e-01 -1.229585310260753253e-02 2.469034358626569226e-01 2.005092990871025840e-02 1.205923608217730411e-02 9.997262300424603065e-01 -7.601327905695679649e-03
9.997054079764282619e-01 -1.272465214969534589e-02 -2.066834512853627653e-02 5.993737770222828054e+00 1.247411630585972681e-02 9.998476964724420935e-01 -1.220574787300112221e-02 2.619922972717247389e-01 2.082051116257523787e-02 1.194433281605299796e-02 9.997118781071416826e-01 -5.858147968851333542e-03
9.997307452661473581e-01 -1.327195625464223927e-02 -1.903397348870044040e-02 6.335674464211701995e+00 1.310499545429616094e-02 9.998747850331501930e-01 -8.869799831707957105e-03 2.715713070756232694e-01 1.914930974569489450e-02 8.617971460068332701e-03 9.997794929404067998e-01 -1.917587603082754333e-02
9.998396885376770182e-01 -1.415883452420979571e-02 -1.096013821979207117e-02 6.697029547827422213e+00 1.410996470221930615e-02 9.998902177109358913e-01 -4.523430344258797843e-03 3.030055188997669013e-01 1.102298149245599379e-02 4.368058023112883319e-03 9.999297045033334053e-01 -1.023542224553389279e-02
9.998697601244148636e-01 -1.613424518463741145e-02 3.859029245260278706e-04 7.065738672611592719e+00 1.613501666074135601e-02 9.998676432627123800e-01 -2.087389189156718325e-03 3.235189498724727053e-01 -3.521733987004118283e-04 2.093343877965080958e-03 9.999977469401147845e-01 -2.132406070439984286e-02
9.997580312227015709e-01 -1.751566175369176706e-02 1.330716344823392253e-02 7.426785215980679311e+00 1.754029822192610874e-02 9.998446484734967443e-01 -1.736910243959640396e-03 3.637109931539113661e-01 -1.327467302774909194e-02 1.969901581281569784e-03 9.999099472171313341e-01 -3.188481347890377571e-02
9.995781868871702613e-01 -1.946254888376040479e-02 2.155591543647926780e-02 7.796282618793278552e+00 1.956766892006372646e-02 9.997975980401176965e-01 -4.676460867586661706e-03 3.694990915567048506e-01 -2.146053662870946524e-02 5.096287291600995646e-03 9.997567070159866232e-01 -3.731096912482991662e-02
9.995495392656525979e-01 -2.064934050971794360e-02 2.177896439997391298e-02 8.176819113257590033e+00 2.083984818480806578e-02 9.997462077467611508e-01 -8.556916711300894401e-03 3.777646257327655910e-01 -2.159674238064068774e-02 9.006932468033166522e-03 9.997261904571973501e-01 -3.953296159097113849e-02
9.995850747775503198e-01 -2.159859002863664598e-02 1.905726084026797967e-02 8.553239479480854612e+00 2.177396698843339293e-02 9.997220150834492669e-01 -9.043612059032927336e-03 4.082096905677398690e-01 -1.885663393996252213e-02 9.454811804713542794e-03 9.997774921902331524e-01 -3.802562283240820684e-02
9.995535759805579401e-01 -2.344736481355635602e-02 1.851674452432046369e-02 8.945753691241154826e+00 2.357125206876994547e-02 9.997010227727005649e-01 -6.500857107095653169e-03 4.134047746522116484e-01 -1.835878047119309658e-02 6.934417821011858336e-03 9.998074159702428076e-01 -3.472838996102744352e-02
9.995412085619496123e-01 -2.479317551597962424e-02 1.739743758003055307e-02 9.341094603155193354e+00 2.485524992494680604e-02 9.996854110367421331e-01 -3.360879567665201947e-03 4.518595841231579646e-01 -1.730863766116971791e-02 3.791755284000560000e-03 9.998430045032973279e-01 -3.838631454565151480e-02
9.995858729111383179e-01 -2.585253647270942257e-02 1.263839524642594581e-02 9.731761700168862106e+00 2.586596842002059776e-02 9.996650143163726687e-01 -9.004607381487638547e-04 4.831103239280652994e-01 -1.261088237087913677e-02 1.226992165288431913e-03 9.999197268461375021e-01 -5.544797804079698578e-02
9.996246299239046618e-01 -2.696397772328962966e-02 4.852128897157775844e-03 1.015640202444191509e+01 2.695235181454929546e-02 9.996337275630233776e-01 2.445700333221959445e-03 5.017996326794854633e-01 -4.916297505384928379e-03 -2.314006005416033903e-03 9.999852375885582845e-01 -7.625220326425459494e-02
9.996073476153599646e-01 -2.801922689057716881e-02 -2.711417328233364354e-04 1.056570303167086067e+01 2.801993559262232203e-02 9.996025222453488457e-01 3.111387170081859367e-03 5.272618751852377050e-01 1.838552969532271928e-04 -3.117762850380170411e-03 9.999951228641260625e-01 -9.304246118441721058e-02
9.995808554034207871e-01 -2.892661919298603057e-02 -1.167995303751972807e-03 1.101174122674543554e+01 2.892841860145715233e-02 9.995802773434001587e-01 1.554266164462718511e-03 5.743688538994899950e-01 1.122545404196230055e-03 -1.587402959269711318e-03 9.999981100200442397e-01 -9.947884409556234653e-02
9.995449606559854150e-01 -3.015918241213752515e-02 -5.434551094782308226e-04 1.148237009861475499e+01 3.016032157298063204e-02 9.995425941987989837e-01 2.226518571557977409e-03 5.751985108162995797e-01 4.760565502148341810e-04 -2.241896198870082027e-03 9.999973736323483076e-01 -9.346784456121429163e-02
9.995298416801009500e-01 -3.066070581192331321e-02 1.292674241778178916e-04 1.194247231752840932e+01 3.065964853467367454e-02 9.995168742274900264e-01 5.099420186477507388e-03 6.358622148910593186e-01 -2.855567939026216096e-04 -5.093059357857900038e-03 9.999869895172111001e-01 -9.648782274652785429e-02
9.994899797405244479e-01 -3.193347957789791774e-02 1.824289836537058742e-04 1.242173937274076145e+01 3.193193173415367209e-02 9.994739441212948661e-01 5.673337496396025498e-03 6.668866621359458291e-01 -3.635024228940935808e-04 -5.664618669481659083e-03 9.999838898508904839e-01 -9.723555926681745620e-02
9.994538508875133731e-01 -3.302316090158573247e-02 -1.212761389658394227e-03 1.291592166877442693e+01 3.302861420181429919e-02 9.994429194719354204e-01 4.791801469402525576e-03 6.742467656940211995e-01 1.053845352970492547e-03 -4.829240259340682878e-03 9.999877838496276095e-01 -1.003682094555686244e-01
9.994264059962705282e-01 -3.369795775715165448e-02 -3.362534813943942984e-03 1.341795582957404243e+01 3.370858060257158478e-02 9.994267271536243502e-01 3.154147231001560268e-03 7.262726125666176813e-01 3.254318843889989106e-03 -3.265684306867760837e-03 9.999893723009610769e-01 -1.064398743241482259e-01
9.993828418488188703e-01 -3.485361264008476206e-02 -4.377339844436265760e-03 1.392223393347442162e+01 3.486955703525950606e-02 9.993853138702680772e-01 3.620554182789917103e-03 7.446645380366745393e-01 4.248459761319369095e-03 -3.770955629632499664e-03 9.999838651114806298e-01 -1.097597901766866058e-01
9.993658464072725511e-01 -3.526592170558923156e-02 -4.921361694798542449e-03 1.446662655191183333e+01 3.528843900427024172e-02 9.993667377467013724e-01 4.566131640435619650e-03 8.326833361900531916e-01 4.757216341273380958e-03 -4.736903183635821600e-03 9.999774650665439468e-01 -1.178410441417143545e-01
9.993118117433239522e-01 -3.672355623543816644e-02 -5.223344493524896721e-03 1.500737695130082550e+01 3.675079775426678269e-02 9.993108349684929337e-01 5.218618495199132089e-03 8.477176972527230570e-01 5.028098517372701047e-03 -5.406989180317059961e-03 9.999727409751245633e-01 -1.207179127742022129e-01
9.992547993659957051e-01 -3.851580664213524741e-02 -2.525585621053122887e-03 1.557202971221889243e+01 3.852998391252590582e-02 9.992404481292654905e-01 5.828135390083102885e-03 8.641513760683559031e-01 2.299191972001325256e-03 -5.921103033244234232e-03 9.999798269240962600e-01 -1.192902263991742345e-01
9.992180093467956103e-01 -3.953946574656929530e-02 2.110694291156136834e-05 1.613829778356754474e+01 3.953906633127935583e-02 9.992100470988481975e-01 3.992995162559211803e-03 9.124819494668555686e-01 -1.789711648770007696e-04 -3.989038128847969059e-03 9.999920277402859492e-01 -1.193845379374018773e-01
9.991738414016756442e-01 -4.061986736721328456e-02 1.288810959389658471e-03 1.670989849992999154e+01 4.061766310132653574e-02 9.991733283663837284e-01 1.692727216602658326e-03 9.458950171885609493e-01 -1.356503890955709172e-03 -1.638980266108257776e-03 9.999977368178796233e-01 -1.376475599231164471e-01
9.991440740627662853e-01 -4.132784332551718565e-02 1.768793746844041313e-03 1.729313180512992787e+01 4.132647148677416615e-02 9.991453719764907815e-01 8.052405930597163891e-04 9.878579879498333716e-01 -1.800560943209498881e-03 -7.314533624054684463e-04 9.999981114763509815e-01 -1.456189811372234633e-01
9.990957707536233245e-01 -4.248802308601638128e-02 1.552016902469689069e-03 1.787789301576398415e+01 4.248366732139851470e-02 9.990934062993136466e-01 2.739251751736637187e-03 1.032008109961735087e+00 -1.666995245388748059e-03 -2.670839470427818600e-03 9.999950438594058522e-01 -1.488374219521937103e-01
9.990440629899521863e-01 -4.368781419672562033e-02 1.528101842441548838e-03 1.846337123065082508e+01 4.368113564212031813e-02 9.990368608818319673e-01 4.160407238464426671e-03 1.095137309088179745e+00 -1.708389166197294903e-03 -4.089680927353643580e-03 9.999901779099479304e-01 -1.419828886754482822e-01
9.989765243949974005e-01 -4.515527060885581034e-02 2.627783083178017280e-03 1.903692732684250188e+01 4.514184622128024349e-02 9.989682663651628935e-01 4.961503312033784148e-03 1.151280333278738244e+00 -2.849109935667666453e-03 -4.837802354586073598e-03 9.999842389962716460e-01 -1.517233795227106719e-01
9.988914317901407269e-01 -4.699245694656482147e-02 2.759798247676421411e-03 1.963336487863489666e+01 4.698615005025164743e-02 9.988928760951318875e-01 2.307333926999400372e-03 1.178087283005089692e+00 -2.865170099289673488e-03 -2.175103795384652951e-03 9.999935298409592388e-01 -1.665469845230023171e-01
9.988350830790658774e-01 -4.820377805600171289e-02 2.207394745664376708e-03 2.022024652043735315e+01 4.820303965472475666e-02 9.988374830576332020e-01 3.865321944302795259e-04 1.215132860347124755e+00 -2.223460923985866571e-03 -2.796787800776109607e-04 9.999974889974971859e-01 -1.680288415911580235e-01
9.988098811070251770e-01 -4.875172131941941933e-02 1.446053720935241722e-03 2.082340176528786557e+01 4.875392179622498046e-02 9.988096522871261485e-01 -1.527614990031891376e-03 1.279192761786985599e+00 -1.369858553918431362e-03 1.596297736594679993e-03 9.999977876580919967e-01 -1.745227719857993798e-01
9.987656613645782278e-01 -4.967038728449101048e-02 7.941023432721553647e-05 2.142910294468103416e+01 4.967044615820327691e-02 9.987636039690384049e-01 -2.027354242049407736e-03 1.323480359381809857e+00 2.138741853677417106e-05 2.028796142149320338e-03 9.999979417622777422e-01 -1.755158648814457156e-01
9.987363998835716572e-01 -5.023133158423147976e-02 -1.554630141673748892e-03 2.203826067040622405e+01 5.022913207335142488e-02 9.987367068084908039e-01 -1.422942194373402747e-03 1.377415512024413813e+00 1.624142469191221976e-03 1.343056441739578100e-03 9.999977791778510428e-01 -1.808156341173288439e-01
9.987016795602632335e-01 -5.088588869612306609e-02 -2.362535738378941565e-03 2.266100717997215241e+01 5.088394925204689501e-02 9.987041904153478589e-01 -8.739309696434594682e-04 1.428522330876459856e+00 2.403945095974439113e-03 7.525811785848311643e-04 9.999968273297397126e-01 -1.807098664166512103e-01
9.986615128538610664e-01 -5.161196012669969774e-02 -3.374657955624970306e-03 2.327167437376375503e+01 5.161210911434995635e-02 9.986672060027793618e-01 -4.298105013119971562e-05 1.473387276930443468e+00 3.372378568004615225e-03 -1.312496940812535751e-04 9.999943049019388575e-01 -1.849974197830727418e-01
9.986457409562493615e-01 -5.187783814474997146e-02 -3.920966637307091336e-03 2.389426447129623199e+01 5.187919814519705020e-02 9.986533374224272341e-01 2.458756986491969802e-04 1.515334661320781429e+00 3.902930918570467721e-03 -4.489593243582243841e-04 9.999922827531070313e-01 -1.857870959155235036e-01
9.986380783350928825e-01 -5.204743917016067117e-02 -3.612834762538961325e-03 2.453930376075605579e+01 5.204761749618484062e-02 9.986446032068854173e-01 -4.470719538300361702e-05 1.573286492796775793e+00 3.610264832919928522e-03 -1.433931341125133725e-04 9.999934726918197070e-01 -1.951461835581200510e-01
9.986687764155489644e-01 -5.152624012388537511e-02 -2.391984817253498593e-03 2.517818200626161484e+01 5.152608732541492931e-02 9.986716410183830162e-01 -1.255013296219779093e-04 1.633299622768463966e+00 2.395274014383577416e-03 2.084640717234695589e-06 9.999971313249105265e-01 -1.985718904889973713e-01
9.986755428122300327e-01 -5.145009223639245011e-02 2.195394369926957591e-04 2.584658302036500643e+01 5.144983508744226108e-02 9.986750289179342488e-01 1.049326087619555006e-03 1.680690823620901497e+00 -2.732364775813863819e-04 -1.036641032312028525e-03 9.999994253584336690e-01 -2.038629617875247213e-01
9.987062562531442422e-01 -5.076953952127696151e-02 2.875339567153046508e-03 2.650222773099670803e+01 5.076388238181347295e-02 9.987086654005208342e-01 2.007460942548873993e-03 1.730104712916419762e+00 -2.973544409344885519e-03 -1.858900402912662571e-03 9.999938512425652348e-01 -2.115257310718678674e-01
9.987089549372156760e-01 -5.059856618702875813e-02 4.495378519266467025e-03 2.717068189577154769e+01 5.059270546459234547e-02 9.987183764470507485e-01 1.408084067112318725e-03 1.780614984161683179e+00 -4.560864171143436639e-03 -1.178832805752384402e-03 9.999889043740577410e-01 -2.147876916630182542e-01
9.987479464025570408e-01 -4.986066838718457989e-02 4.056267330724045057e-03 2.786528560894457840e+01 4.985954529420880826e-02 9.987561680239082085e-01 3.775940326639973515e-04 1.846651809839398251e+00 -4.070049106562153261e-03 -1.748776199953724648e-04 9.999917020246158472e-01 -2.247540026104352107e-01
9.988125111996656313e-01 -4.867953109389719368e-02 1.967415435587213136e-03 2.853893825906454040e+01 4.867891585992956127e-02 9.988144141751208460e-01 3.594255306917261005e-04 1.915085662126565946e+00 -1.982579562032380643e-03 -2.632270664489988021e-04 9.999980000428959626e-01 -2.329027119566153270e-01
9.988548474727282356e-01 -4.784218975361952120e-02 -3.443251537367082943e-04 2.923743490527119704e+01 4.784267445874201830e-02 9.988536447017223319e-01 1.573202695227772594e-03 1.961319770263654227e+00 2.686649729063991625e-04 -1.587874574423603271e-03 9.999987032358933492e-01 -2.388365811163809804e-01
9.989002470904572162e-01 -4.676348077927017233e-02 -3.387215379976451623e-03 2.995732044057582399e+01 4.676942961088186024e-02 9.989042668966592320e-01 1.698831810567879783e-03 2.010746300282368892e+00 3.304060607235762264e-03 -1.855381646632089151e-03 9.999928203454507836e-01 -2.479889543260428153e-01
9.989514629357540976e-01 -4.547558712051960605e-02 -5.286366858312675950e-03 3.067998195128085825e+01 4.548874341840061786e-02 9.989619787961289132e-01 2.395650629224460766e-03 2.058109786158260679e+00 5.171935878522681586e-03 -2.633608886380056982e-03 9.999831574499152831e-01 -2.555298294445553786e-01
9.990607721201910651e-01 -4.298024716794313776e-02 -5.501996364054816992e-03 3.138977738169073461e+01 4.298521607017868201e-02 9.990753976754964683e-01 7.880094851327439781e-04 2.112876575734301543e+00 5.463040362985512911e-03 -1.023773867180987132e-03 9.999845534192322027e-01 -2.399047320791256044e-01
9.991854788641476581e-01 -4.015749128468743684e-02 -3.969221679886172742e-03 3.215099922431531354e+01 4.017128713288197622e-02 9.991868198063693640e-01 3.459308503378871053e-03 2.156768777962925210e+00 3.827076836356477565e-03 -3.615939567284203425e-03 9.999861391359053941e-01 -2.642800839014450842e-01
9.993058910952204998e-01 -3.724354527012178201e-02 8.089240382105647399e-04 3.287436080978878294e+01 3.723937745236149260e-02 9.992954673384266684e-01 4.668803255232709115e-03 2.207650100922011749e+00 -9.822369101984648222e-04 -4.635438769729377864e-03 9.999887738960194783e-01 -2.553552922811993531e-01
9.993830636796626754e-01 -3.478785765008367281e-02 4.826695595207638155e-03 3.360167571908167616e+01 3.476321459619020893e-02 9.993825696386570145e-01 5.098863929752079499e-03 2.265770460003182496e+00 -5.001093999367558184e-03 -4.927926800634668814e-03 9.999753519943664903e-01 -2.561740457842041074e-01
9.994682380567887492e-01 -3.214544725983537604e-02 5.469125718366387237e-03 3.434476551156841140e+01 3.213909779744444223e-02 9.994826304225655766e-01 1.244940301999294214e-03 2.301311012638115550e+00 -5.506315321924101433e-03 -1.068505523796025409e-03 9.999842692700326996e-01 -2.621619105736061606e-01
9.995749460471975434e-01 -2.881635804695461406e-02 4.420943751251069261e-03 3.507813839641745801e+01 2.881587794493719462e-02 9.995847215227204874e-01 1.722689981497687824e-04 2.326785731778370891e+00 -4.424071993592984704e-03 -4.480239899367633707e-05 9.999902127419750819e-01 -2.720595255620044672e-01
9.996750531027963627e-01 -2.528183633680320189e-02 3.258366977555567263e-03 3.581185548598299562e+01 2.527915939865684955e-02 9.996800609428285744e-01 8.601473360775021074e-04 2.379097848053660424e+00 -3.279070602873098046e-03 -7.774990556645587549e-04 9.999943215794776519e-01 -2.742999622991422193e-01
9.997653437177298485e-01 -2.160167356303870079e-02 1.620246970477576872e-03 3.653899605462238753e+01 2.159781378863944584e-02 9.997639473845025826e-01 2.363038236853025938e-03 2.427811157986353940e+00 -1.670910087551921285e-03 -2.327489942725521638e-03 9.999958954165990566e-01 -2.781248001830852190e-01
9.998225891480836403e-01 -1.883011568104916988e-02 -4.658032423439175426e-04 3.723931009400435244e+01 1.883189146734047525e-02 9.998140175740560798e-01 4.158139750831756944e-03 2.448857054684419499e+00 3.874183586007629043e-04 -4.166174007821129947e-03 9.999912464122633349e-01 -2.786687291481366180e-01
9.998779582810443101e-01 -1.556536389346576885e-02 -1.337157654955252201e-03 3.797224523274154251e+01 1.557334755368785725e-02 9.998596077094461521e-01 6.183503625327253436e-03 2.474946479350975448e+00 1.240721444264457872e-03 -6.203573000810341798e-03 9.999799879459195795e-01 -2.919794179024454706e-01
9.999262086541516048e-01 -1.191255364095318917e-02 -2.380821766862759904e-03 3.870834320647254145e+01 1.192392403542926957e-02 9.999172899124187941e-01 4.820100600722907087e-03 2.494930845508899875e+00 2.323205141925004796e-03 -4.848133656902423212e-03 9.999855490545417336e-01 -2.964343054682692102e-01
9.999563365329507958e-01 -7.692817494306346086e-03 -5.305241427061841222e-03 3.940835340433736178e+01 7.713279508589362433e-03 9.999628510015250438e-01 3.847328439870882893e-03 2.516422517527784564e+00 5.275447547127576700e-03 -3.888081262159796738e-03 9.999785260080720217e-01 -2.917560177393639931e-01
9.999641623675979973e-01 -2.465949144783418159e-03 -8.098955197030990177e-03 4.012847107900945076e+01 2.511898439819693074e-03 9.999807806333508298e-01 5.668221073866170322e-03 2.539452923163864728e+00 8.084821995332041461e-03 -5.688361691166542687e-03 9.999511379035348480e-01 -2.955702329690136354e-01
9.999690983731724936e-01 2.775253148049122102e-03 -7.355288485760534851e-03 4.082972404814133682e+01 -2.712394021325644725e-03 9.999598347498518391e-01 8.542353640656851280e-03 2.556511105635260961e+00 7.378700252591573715e-03 -8.522139227518517671e-03 9.999364619442423496e-01 -2.957640341854556598e-01
9.999560177749140522e-01 7.221017084997422876e-03 -5.984933415990685915e-03 4.153826455999980283e+01 -7.163454328675443288e-03 9.999284113270706653e-01 9.584213217657988268e-03 2.556954521629953181e+00 6.053712729940831025e-03 -9.540918885449363798e-03 9.999361596767089022e-01 -2.951278956749349702e-01
9.999063208408535131e-01 1.266708005133188389e-02 -5.186002842382694301e-03 4.224372486872098875e+01 -1.261393873376494973e-02 9.998688772309418660e-01 1.015464891350329954e-02 2.581707148447980771e+00 5.313952590010173789e-03 -1.008828171240470917e-02 9.999349921269693464e-01 -2.921986063595997662e-01
9.998226814662082296e-01 1.841124467095802200e-02 -3.953693891450241193e-03 4.295142408195195571e+01 -1.836620565186365336e-02 9.997692556728463575e-01 1.114082139324643235e-02 2.595306611765065607e+00 4.157897987519990068e-03 -1.106623156403685297e-02 9.999301227602339637e-01 -2.882886713482446517e-01
9.997010814968487757e-01 2.436163715128969107e-02 -2.063562293686368749e-03 4.365243294432483623e+01 -2.433536005820370260e-02 9.996327452437245853e-01 1.192329179935222756e-02 2.587418626341554173e+00 2.353275349083909073e-03 -1.186951017539553989e-02 9.999267857314991792e-01 -3.025140244067096029e-01
9.995347939306629126e-01 3.042279960793357538e-02 2.156150737470843414e-03 4.435286135692952314e+01 -3.044528156062221644e-02 9.994725559959426464e-01 1.130020538006685886e-02 2.576201193367657627e+00 -1.811229604886253636e-03 -1.136059307222874078e-02 9.999338259966834563e-01 -3.030211167065355871e-01
9.993073004733914466e-01 3.668484434147066542e-02 6.256310112591165727e-03 4.505274568055097006e+01 -3.675001858041676561e-02 9.992678282456209926e-01 1.064159610298293437e-02 2.568238904452060822e+00 -5.861344122457362062e-03 -1.086414418728261222e-02 9.999238046052089102e-01 -3.158271598194445362e-01
9.990391212520974840e-01 4.288174479256304933e-02 9.054842427257573517e-03 4.574387023505256877e+01 -4.296084964649837107e-02 9.990386122890092535e-01 8.730209235846074500e-03 2.544565779358483937e+00 -8.671770608585822881e-03 -9.110824287416753597e-03 9.999208935087394723e-01 -3.180643727307807533e-01
9.987526269849588134e-01 4.904669615698158819e-02 9.360111469872978152e-03 4.643819587028130513e+01 -4.912436109883363405e-02 9.987585466329655937e-01 8.256068933682839464e-03 2.536784637142037724e+00 -8.943558423531450252e-03 -8.705580031856017045e-03 9.999221097860742091e-01 -3.248804399616215255e-01
9.984793635521614918e-01 5.446140700967343901e-02 8.539069445628010013e-03 4.712398611042061702e+01 -5.452986888884004540e-02 9.984800861353544388e-01 8.000686851828826135e-03 2.511057934561141902e+00 -8.090362132592038291e-03 -8.454155053096986533e-03 9.999315343076753404e-01 -3.289756805304681064e-01
9.981848433347962901e-01 5.984858266796594384e-02 6.720542338516586646e-03 4.780116907834105433e+01 -5.989680899942051440e-02 9.981784648523485126e-01 7.219735223389386544e-03 2.487742701610296425e+00 -6.276209714077852879e-03 -7.609169313700292134e-03 9.999513536837580929e-01 -3.389251788025851586e-01
9.978703618163706768e-01 6.503559438398259784e-02 5.011234537275559807e-03 4.849924460924973602e+01 -6.507518028515602015e-02 9.978467634760345151e-01 8.188866298660448309e-03 2.443693761248813878e+00 -4.467876376975395310e-03 -8.497533967274593578e-03 9.999539139366149243e-01 -3.446501815077375186e-01
9.975052431458556468e-01 7.040776959444565442e-02 5.102536355862327851e-03 4.918033602987816266e+01 -7.044834658107367031e-02 9.974811934689272741e-01 8.264329361620690803e-03 2.428165007260516095e+00 -4.507811056418544772e-03 -8.603177118941198950e-03 9.999528313790304601e-01 -3.479738035353599490e-01
9.971145691437158787e-01 7.554078731318118745e-02 7.491692295235798799e-03 4.987701763893723950e+01 -7.560574327680093243e-02 9.970989306841289146e-01 8.803068336046469128e-03 2.397127510954474072e+00 -6.804967663717456303e-03 -9.344082655422050049e-03 9.999331880352928525e-01 -3.594671212079412204e-01
9.967166798680179296e-01 8.053048368267307078e-02 8.408404766058754157e-03 5.057694446036798297e+01 -8.058520510757707922e-02 9.967272720368952621e-01 6.385130825496932241e-03 2.345534915615388183e+00 -7.866688670901357192e-03 -7.041759419612611884e-03 9.999442628635014652e-01 -3.670372780591033557e-01
9.963028298818408235e-01 8.552222550098034781e-02 8.162114603160059920e-03 5.125871826125796815e+01 -8.555058086676470275e-02 9.963287222524956910e-01 3.189879005288541805e-03 2.312562368519778033e+00 -7.859343661833767883e-03 -3.876359125351091714e-03 9.999616015413473891e-01 -3.733350364688308720e-01
9.959572631520536845e-01 8.965371270579262919e-02 5.598372329350178971e-03 5.195751497138873987e+01 -8.965607918371128193e-02 9.959727695315216955e-01 1.726763288263039931e-04 2.248227530775795291e+00 -5.560345319755848927e-03 -6.739063567291075658e-04 9.999843140820496856e-01 -3.816914916973130345e-01
