1.000000000000000000e+00 0.000000000000000000e+00 0.000000000000000000e+00 0.000000000000000000e+00 0.000000000000000000e+00 1.000000000000000000e+00 0.000000000000000000e+00 0.000000000000000000e+00 0.000000000000000000e+00 0.000000000000000000e+00 1.000000000000000000e+00 0.000000000000000000e+00
9.999999995969379718e-01 2.445824693239746119e-05 -1.441936943031334187e-05 -5.761853747959138142e-03 -2.445783138483994263e-05 9.999999992856635211e-01 2.881817725320429252e-05 2.467926568531916918e-03 1.442007426210846027e-05 -2.881782457508258013e-05 9.999999994807972081e-01 1.373867411082749625e-03
9.999999879963147320e-01 1.249787102051148598e-04 -9.158434537637257108e-05 2.796529006579768703e-03 -1.249760077099544239e-04 9.999999917549784456e-01 2.951339412703444520e-05 3.228408344901256746e-03 9.158803316718945858e-05 -2.950194792691108301e-05 9.999999953706336653e-01 -4.070154608979043714e-03
9.999999983636920220e-01 -1.068107059389339662e-05 -5.620080686382787800e-05 -8.519003696827221611e-03 1.068461820822147639e-05 9.999999979506009051e-01 6.312398224329493176e-05 -3.790949079645576647e-04 5.620013251693948978e-05 -6.312458262416898987e-05 9.999999964284160825e-01 -4.478580889623537398e-04
9.999999991031375268e-01 -1.867901454033351840e-05 -3.801077989812727016e-05 -2.061955182941620918e-03 1.868003502951442915e-05 9.999999994651425084e-01 2.684718442600030180e-05 -2.788004628528596533e-03 3.801027839884865575e-05 -2.684789444462206589e-05 9.999999989172047021e-01 -1.540552754133802001e-04
9.999999974505446865e-01 -4.460851669353019624e-05 -5.575832486498250723e-05 -4.608216335318409372e-03 4.461035594608358341e-05 9.999999984609416748e-01 3.298534310075785733e-05 1.980756780844659948e-04 5.575685335193883484e-05 -3.298783041538238734e-05 9.999999979014881912e-01 -2.112074663336200881e-03
9.999999782130877257e-01 2.087065989931195537e-04 -3.921682486178625134e-06 -7.558892039182721519e-03 -2.087066986864756090e-04 9.999999778972139541e-01 -2.543787753394928478e-05 2.967531414367711399e-03 3.916373346592801915e-06 2.543869546114146764e-05 9.999999996687674031e-01 6.284167529168899896e-05
9.999999851095120462e-01 1.400269071761275029e-04 -1.008634771815601888e-04 -9.605598944679057116e-04 -1.400240700336770588e-04 9.999999898008392618e-01 2.813505343571288660e-05 2.684905122631302699e-03 1.008674158173532146e-04 -2.812092970217550347e-05 9.999999945174888882e-01 -2.642870803503598147e-03
9.999999987149645886e-01 4.305767172883957588e-05 -2.676018925524586203e-05 -6.080853966497729718e-03 -4.305744068572812109e-05 9.999999990357523183e-01 8.634353117899828457e-06 -9.607455377611618177e-04 2.676056100458455147e-05 -8.633200881542781155e-06 9.999999996046701201e-01 -1.137654903533132089e-03
9.999999990225666435e-01 -4.035738057103423367e-05 -1.805958099565810272e-05 -1.948581450519461591e-03 4.035783444565503640e-05 9.999999988698036191e-01 2.513240952760756113e-05 -3.071521020558668283e-03 1.805856669703125635e-05 -2.513313834862229029e-05 9.999999995211067416e-01 -5.865629279843628547e-04
9.999999836720150359e-01 1.696079374858659868e-04 -6.236278657040716586e-05 -2.616784838008441756e-03 -1.696075225249230468e-04 9.999999855944714522e-01 6.659211732794312254e-06 4.035394762782239589e-03 6.236391512720555340e-05 -6.648634426334846007e-06 9.999999980332688887e-01 -1.333778459806962777e-03
9.999999919455994091e-01 1.242324229274514413e-04 -2.598280804931744629e-05 -2.733023761199643471e-03 -1.242324759341473163e-04 9.999999922810682840e-01 -2.038464019369524130e-06 3.446103247402506307e-03 2.598255460543374824e-05 2.041691911526606588e-06 9.999999996603691210e-01 -2.191903489778357448e-03
9.999999917116930703e-01 1.266228262038696236e-04 -2.330823285250321385e-05 2.199175306730818524e-03 -1.266234750991312031e-04 9.999999915957045182e-01 -2.784037499088919189e-05 8.765994439920913976e-04 2.330470742965001858e-05 2.784332612958182365e-05 9.999999993408199561e-01 -6.502883299331031416e-04
9.999999438408961883e-01 -1.180163188281539038e-04 3.136723656897274972e-04 -2.426955885571473182e-02 1.180887920185953190e-04 9.999999663380217951e-01 -2.310389414894482851e-04 1.788379113644984145e-03 -3.136450887655146697e-04 2.310759697052622882e-04 9.999999241153243457e-01 2.095754858118596600e-03
9.999993678003328279e-01 1.423752736433668412e-04 -1.115404956126725498e-03 -9.569431342090575776e-02 -1.434419857616640935e-04 9.999995324347428216e-01 -9.563235291307171319e-04 2.792906459834077620e-02 1.115268277777969018e-03 9.564829204451355104e-04 9.999989206579632528e-01 -9.608370063589950771e-03
9.999984394036056656e-01 8.487804752546446272e-05 -1.764648993479591950e-03 -1.241315476435900511e-01 -8.575820132008479021e-05 9.999998719718063978e-01 -4.987002121755614416e-04 4.040872409822503231e-02 1.764606438854459227e-03 4.988507670294505978e-04 9.999983186546006486e-01 1.887044175444659716e-03
9.999972817107685152e-01 -9.028883298137025456e-05 -2.329896778935437555e-03 -1.334730682919060274e-01 9.025811986703264299e-05 9.999999958384594434e-01 -1.328732094578191548e-05 3.509519879403508180e-02 2.329897968936179599e-03 1.307699272424950433e-05 9.999972856985396286e-01 -1.110393564159652471e-03
9.999963687244474153e-01 9.422692462650277933e-05 -2.693261815275009140e-03 -8.372270399186876322e-02 -9.403110876146494391e-05 9.999999929267979759e-01 7.283237385451350548e-05 3.231732707327645421e-02 2.693268658995625394e-03 -7.257885898541966796e-05 9.999963705115332280e-01 -9.744507672010592481e-03
9.999961995503762191e-01 4.843402392948242320e-04 -2.714092728101738169e-03 -3.726473838134534977e-02 -4.841068497292212746e-04 9.999998790663302550e-01 8.664804036369441655e-05 4.515530452665354050e-02 2.714134367009148757e-03 -8.533380018170769600e-05 9.999963130895935803e-01 -1.808694418843454291e-02
9.999967315961574288e-01 6.068910187960693293e-04 -2.483642545538864398e-03 -4.831875709403968960e-03 -6.063111794097329494e-04 9.999997887662924745e-01 2.342095730844555486e-04 4.659004036439753915e-02 2.483784160596262149e-03 -2.327029473519690299e-04 9.999968883279496401e-01 -1.797065905753986170e-02
9.999970771928624602e-01 1.462189108145450572e-04 -2.413343274859841570e-03 -1.679846000934556716e-02 -1.456238341964538553e-04 9.999999589536794353e-01 2.467515719492773506e-04 3.662130517804947083e-02 2.413379255547072437e-03 -2.463994104411043997e-04 9.999970574396204182e-01 -1.457226613043927782e-02
9.999968727376968847e-01 1.041346750770829417e-04 -2.498733838547821835e-03 -1.263473380161488427e-02 -1.038680982262848150e-04 9.999999889010611209e-01 1.068143047828346828e-04 4.444204956704322224e-02 2.498744933887449803e-03 -1.065544320147022745e-04 9.999968724550634125e-01 -1.162582271027629358e-02
9.999970413125907065e-01 -2.121806749732278681e-05 -2.432471142372097904e-03 -1.096026370192971014e-02 2.130396629828332152e-05 9.999999991504672225e-01 3.528748428456907386e-05 4.384544083045424645e-02 2.432470391573410794e-03 -3.533920116317225565e-05 9.999970409150894524e-01 -8.368840021244050575e-03
9.999972830573872207e-01 -2.328409372617648359e-04 -2.319410041733613575e-03 -9.588811577494679717e-03 2.329764514503649656e-04 9.999999711699182336e-01 5.815613252836682439e-05 5.661831618238441499e-02 2.319396433736427027e-03 -5.869634244247361036e-05 9.999973084738391638e-01 -7.923228652580646680e-04
9.999965341040958355e-01 -5.456287720906293198e-04 -2.575668658621929272e-03 -1.556059521857058349e-02 5.458612692118640884e-04 9.999998470068179879e-01 8.956458727999148147e-05 6.131503731724601697e-02 2.575619395546405004e-03 -9.097023462151984901e-05 9.999966789490581931e-01 3.830953858001064950e-03
9.999920158073531962e-01 4.161538689700078190e-04 -3.974309688943351675e-03 5.008987994490760737e-02 -4.188541028160769667e-04 9.999996820221290772e-01 -6.786139412954533693e-04 8.780461177918946758e-02 3.974026017383611338e-03 6.802731790300889413e-04 9.999918721397764720e-01 -7.370405033035057341e-03
9.999753511286396668e-01 5.391710148452529211e-04 -7.000459254259828144e-03 1.652808329489333372e-01 -5.475045091512794953e-04 9.999991437824968799e-01 -1.188559247796256444e-03 9.674710742351473602e-02 6.999812423648246913e-03 1.192362734160090339e-03 9.999747901308032594e-01 -3.985525682995020441e-02
9.999730847622007035e-01 1.377887676168853550e-04 -7.335582146228869505e-03 2.215832697643347338e-01 -1.444642125890501958e-04 9.999995759818389729e-01 -9.094867967498909299e-04 9.312921968585344268e-02 7.335453718743929416e-03 9.105220467951184336e-04 9.999726806609980923e-01 -3.594956113189602676e-02
9.999728479477797416e-01 -8.720472146739899908e-04 -7.317301474044782608e-03 2.926239263059134954e-01 8.661098494535389740e-04 9.999992931854844169e-01 -8.145442040107084454e-04 7.217115639524360193e-02 7.318006623074222589e-03 8.081845005858542211e-04 9.999728964411374044e-01 -3.084291471695798509e-02
9.999724661274870252e-01 -1.651012459051051824e-03 -7.234718016058626008e-03 3.723575692024649886e-01 1.646910411591750393e-03 9.999984797257124303e-01 -5.729156657694871877e-04 6.391784939935407639e-02 7.235652908205018538e-03 5.609849587570077531e-04 9.999736649646669973e-01 -3.103558785478693557e-02
9.999720583542155428e-01 -1.896057442533957433e-03 -7.231008021565002962e-03 4.648664891548867639e-01 1.892048935365462942e-03 9.999980526287276517e-01 -5.611502282610929216e-04 6.866117253037574975e-02 7.232057913174386003e-03 5.474531277713617873e-04 9.999736984708215148e-01 -3.007254276849014724e-02
9.999703917500559758e-01 -2.171779918528984193e-03 -7.382343477856310489e-03 5.870965891199302344e-01 2.166276376719611201e-03 9.999973698026937141e-01 -7.534151274286888123e-04 5.962542764898200870e-02 7.383960312680446815e-03 7.374006238443739803e-04 9.999724663061582142e-01 -3.331533251520758104e-02
9.999694834580488134e-01 -1.972890120524860638e-03 -7.559091031030649825e-03 7.396852546215709756e-01 1.966783184417931173e-03 9.999977335700973580e-01 -8.152414206978518497e-04 7.510708120276930744e-02 7.560682280625437811e-03 8.003494492195211774e-04 9.999710973444235762e-01 -3.831465916801003041e-02
9.999685409012188941e-01 -2.212953194183170554e-03 -7.617089079666063307e-03 8.805950784885294702e-01 2.209342094135461135e-03 9.999974430163645067e-01 -4.824606139367527665e-04 9.995589310453263654e-02 7.618137265650615740e-03 4.656166806221551753e-04 9.999708731686680618e-01 -4.874210491672471141e-02
9.999695119496641027e-01 -2.353276785532734845e-03 -7.445620156933716906e-03 1.012532488738235870e+00 2.349441520875595116e-03 9.999971028705645359e-01 -5.238081877454706017e-04 1.125036044776733524e-01 7.446831251656688654e-03 5.062991687097078645e-04 9.999721437947465263e-01 -6.064065542268580467e-02
9.999683035180915169e-01 -2.991434886924681114e-03 -7.378568727557457269e-03 1.150487377867223548e+00 2.986681771261856608e-03 9.999953252683271288e-01 -6.551133411670587159e-04 1.136282215488357838e-01 7.380493963632182852e-03 6.330551396622936550e-04 9.999725633986379369e-01 -6.301868547660020858e-02
9.999649372169993056e-01 -3.653459902360333550e-03 -7.535022716919046425e-03 1.327935167760762925e+00 3.648499341780505299e-03 9.999931184275158147e-01 -6.719748249759152593e-04 1.117460299369447962e-01 7.537425897192495151e-03 6.444597382454648722e-04 9.999713855318511646e-01 -7.433515202743293249e-02
9.999711934052242235e-01 -3.961947501242515761e-03 -6.474205104024999789e-03 1.499216762402798553e+00 3.963262429979842912e-03 9.999921281401519257e-01 1.902856826710168825e-04 1.139572840295350192e-01 6.473400238104813458e-03 -2.159391750412305408e-04 9.999790240098188621e-01 -6.846260970086520681e-02
9.999715436867704366e-01 -3.974111662608224155e-03 -6.412351611583867912e-03 1.669914821794531212e+00 3.977017737105159254e-03 9.999919946075240818e-01 4.405119571092522431e-04 1.506341196644790936e-01 6.410549634486257566e-03 -4.660014578588432999e-04 9.999793436346697817e-01 -8.158538012699882713e-02
9.999697407707057728e-01 -3.966962890034601667e-03 -6.691841928539291051e-03 1.866196192338260174e+00 3.975781448941804151e-03 9.999912450043972889e-01 1.305019703189662676e-03 2.065874775782960415e-01 6.686606376759315906e-03 -1.331585515297967854e-03 9.999767578174892924e-01 -8.587169121543902772e-02
9.999669703008186028e-01 -5.063786943415237232e-03 -6.357386978430534970e-03 2.074449126237972951e+00 5.085875784490054632e-03 9.999810699803463043e-01 3.463170291291399645e-03 1.966608494114767680e-01 6.339729876466222193e-03 -3.495388784304696156e-03 9.999737946978111136e-01 -9.737579805372736930e-02
9.999656920416208905e-01 -5.791167213138831947e-03 -5.922594197792164367e-03 2.269150349096333397e+00 5.816600617196957500e-03 9.999738977813238394e-01 4.286130339420015506e-03 2.145469792328529857e-01 5.897617907450395172e-03 -4.320432656105007915e-03 9.999732756252447397e-01 -9.875459515270096356e-02
9.999675718469956953e-01 -5.922228448653800610e-03 -5.457331273191218940e-03 2.506030683750555266e+00 5.951888646118847458e-03 9.999675184098205660e-01 5.434808814426307817e-03 2.311384097913654900e-01 5.424967831019540665e-03 -5.467114001657541640e-03 9.999703397543975303e-01 -9.746529886353562377e-02
9.999667298448630115e-01 -6.569547613307126672e-03 -4.835312557354631662e-03 2.726516798599890379e+00 6.599513463109712465e-03 9.999589549059880733e-01 6.207650551894190391e-03 2.275737182397212233e-01 4.794332635628696486e-03 -6.239354732717897548e-03 9.999690419343482128e-01 -1.028501344270452283e-01
9.999597157193645947e-01 -7.684512412569072769e-03 -4.638448817070135385e-03 2.976260535190258238e+00 7.715233978443924133e-03 9.999481775613463519e-01 6.642089761516472603e-03 2.221576600089470443e-01 4.587167220123092998e-03 -6.677608907629246741e-03 9.999671831796138610e-01 -1.097695053381539526e-01
9.999576304372218560e-01 -8.280232259457544208e-03 -4.021825966628654429e-03 3.241208984062946552e+00 8.305410586552999797e-03 9.999457605418301531e-01 6.284594609813703991e-03 2.232078307926799177e-01 3.969569921941578684e-03 -6.317731250248360270e-03 9.999721640058208960e-01 -1.233634458308641990e-01
9.999471115007616540e-01 -8.781737300640211907e-03 -5.353063727048256587e-03 3.497275825580142605e+00 8.807502707368703582e-03 9.999496504604258318e-01 4.808787802757016373e-03 2.731874786905774122e-01 5.310564691535953757e-03 -4.855680596455668081e-03 9.999741097991499128e-01 -1.310737121796381466e-01
9.999208719312657756e-01 -9.898843081781100173e-03 -7.762910656410110764e-03 3.748328460030138753e+00 9.937883523169040861e-03 9.999380835302313919e-01 5.006753136308648468e-03 2.479309277976692871e-01 7.712868940741601266e-03 -5.083503863506515057e-03 9.999573339103887681e-01 -1.256130345607724963e-01
9.998778833686789991e-01 -1.061729384973089316e-02 -1.146697089378265373e-02 4.035964083963744287e+00 1.063786557385522011e-02 9.999419119848086401e-01 1.734494796112065864e-03 2.748291078679832578e-01 1.144788915927202715e-02 -1.856267080357891118e-03 9.999327477917319129e-01 -1.193457176978878209e-01
9.998260766283064704e-01 -1.083719169120360079e-02 -1.517800284279901060e-02 4.325544371832383383e+00 1.080247723003480848e-02 9.999388493688506907e-01 -2.367278731702690195e-03 2.891346260533542156e-01 1.520272935174755979e-02 2.202906976497194004e-03 9.998820051491628114e-01 -1.280343962694417137e-01
9.997961968667350430e-01 -1.096205784322176226e-02 -1.695281742527175381e-02 4.638401411283802567e+00 1.088104692968785460e-02 9.999289721088108207e-01 -4.863492071634953687e-03 2.882330636577308258e-01 1.700492718380963372e-02 4.678036474717333151e-03 9.998444621170907709e-01 -1.231107519706629710e-01
9.997641837135295972e-01 -1.126467992627040900e-02 -1.856566588567417145e-02 4.952763361366708139e+00 1.111742019415605347e-02 9.999060685493188494e-01 -8.016049305701220332e-03 3.092562347602222372e-01 1.865422021544659373e-02 7.807756681886437837e-03 9.997955085935074093e-01 -1.367011561886482263e-01
9.997530193640968843e-01 -1.136707296421735243e-02 -1.909685640616741800e-02 5.262544548796538990e+00 1.116860279657720147e-02 9.998828397498085163e-01 -1.046752527730209631e-02 3.360981589141424086e-01 1.921360413727488461e-02 1.025165479738902180e-02 9.997628423731156344e-01 -1.441832501350117923e-01
9.997434509855843698e-01 -1.183029050265725808e-02 -1.931518672074131193e-02 5.565819107463169324e+00 1.160250675605094088e-02 9.998623188259053718e-01 -1.186276650108674703e-02 3.407914799900964020e-01 1.945286735702879410e-02 1.163561853561086330e-02 9.997430661589424838e-01 -1.562854472737751632e-01
9.997160253993908618e-01 -1.257328245347700754e-02 -2.024305135076032505e-02 5.913902022385825852e+00 1.235152897786153531e-02 9.998627413285088306e-01 -1.104256469070452433e-02 3.594849685337331291e-01 2.037911410129200976e-02 1.078939624744752572e-02 9.997341049684471681e-01 -1.706477670350046716e-01
9.997601576567454185e-01 -1.309889569653891091e-02 -1.755124194154924350e-02 6.248231906387371914e+00 1.296801551682406732e-02 9.998874060950504461e-01 -7.550212319337693163e-03 3.729330937087594333e-01 1.764816522234005647e-02 7.320796680885408893e-03 9.998174574392277858e-01 -1.865610948457116502e-01
9.998659544629392437e-01 -1.391040954684246399e-02 -8.635601435600135517e-03 6.606217946998723001e+00 1.388233489791550722e-02 9.998981819106574909e-01 -3.302512610691358663e-03 4.065296171840130368e-01 8.680661478109967522e-03 3.182187612440887884e-03 9.999572589857537164e-01 -1.899737081228997371e-01
9.998703688652342825e-01 -1.575818972086407213e-02 3.305286980224562705e-03 6.977053078385967666e+00 1.576071398907769386e-02 9.998755190997814513e-01 -7.390531083627535983e-04 4.404362233783901681e-01 -3.293229396030409369e-03 7.910509868168059608e-04 9.999942644227922672e-01 -2.035661751611633485e-01
9.997282784810711531e-01 -1.683541459790241501e-02 1.612259348214880456e-02 7.326962235321927253e+00 1.684737271704005862e-02 9.998578892054981182e-01 -6.061567940732523040e-04 4.535141976442369494e-01 -1.611009738664006402e-02 8.776154297875393175e-04 9.998698388057069009e-01 -2.187741512328959803e-01
9.995785526351581574e-01 -1.816550668795816406e-02 2.264357477458252277e-02 7.680714876409177272e+00 1.827889454308252379e-02 9.998213540550358047e-01 -4.810612210279470620e-03 4.649345695424138558e-01 -2.255214238349054212e-02 5.222484305823169200e-03 9.997320273611275399e-01 -2.409940306418053568e-01
9.995556064991273360e-01 -1.988308864698038261e-02 2.220928414015146957e-02 8.037506568366772797e+00 2.006738742484632035e-02 9.997657653485779727e-01 -8.106441815824960359e-03 4.681343525780603532e-01 -2.204290085498693263e-02 8.548521675035719927e-03 9.997204775831435297e-01 -2.428351700698800075e-01
9.996051157949882304e-01 -2.068019407021970402e-02 1.902477462957602797e-02 8.435935944426834254e+00 2.083915795687477784e-02 9.997492489624557610e-01 -8.195650959748473907e-03 5.153030723324968365e-01 -1.885051649521923486e-02 8.588874910234359922e-03 9.997854216058762455e-01 -2.709722882579189140e-01
9.995717067008919043e-01 -2.253175729965073079e-02 1.867412852199129905e-02 8.807878865951705549e+00 2.263667972796619063e-02 9.997290309166712019e-01 -5.426368334985616493e-03 5.209716502489569745e-01 -1.854680279616132202e-02 5.846764524340445149e-03 9.998108978455061413e-01 -2.868133141615843429e-01
9.995825700124770785e-01 -2.348292418366637602e-02 1.682967614173323107e-02 9.214678588362643197e+00 2.351938249727956315e-02 9.997214368387452588e-01 -1.971641960751858384e-03 5.804587009175817824e-01 -1.677868809526262411e-02 2.366642528755546256e-03 9.998564270078694749e-01 -3.194937322281654613e-01
9.996279161182630713e-01 -2.477832379840153032e-02 1.140455991260857366e-02 9.628334082781023540e+00 2.477663597373497284e-02 9.996929701793881851e-01 2.892814164197829441e-04 6.374298435766098114e-01 -1.140822628122935972e-02 -6.607150072093830257e-06 9.999349240472911182e-01 -3.419270801904392698e-01
9.996488022582644684e-01 -2.601787909394497056e-02 5.034094861060528676e-03 1.003686330778062619e+01 2.600315095076385224e-02 9.996574508806977954e-01 2.969349985618297081e-03 6.592720603826414116e-01 -5.109626625212812003e-03 -2.837404828036303988e-03 9.999829202789379812e-01 -3.415636133192394563e-01
9.996222725960288713e-01 -2.748012200934760174e-02 3.937312558929267231e-04 1.045993120462422965e+01 2.747878513620313767e-02 9.996176648971677459e-01 3.072522249248089022e-03 6.628659398721382656e-01 -4.780140048984892419e-04 -3.060542416813148096e-03 9.999952022798539453e-01 -3.733212643134698472e-01
9.995875445924217173e-01 -2.871827896166816857e-02 -3.389945583915513410e-05 1.090218704025066998e+01 2.871826893217753474e-02 9.995840954416247426e-01 2.626246311361326528e-03 6.763819144512142056e-01 -4.153591729078141300e-05 -2.626136635558016640e-03 9.999965508346211340e-01 -3.903574702308377775e-01
9.995916027742063337e-01 -2.857476644349605036e-02 3.322438758106255980e-04 1.136710655693842043e+01 2.857320223468483647e-02 9.995836207893351588e-01 4.019597459745409898e-03 7.591552077813641386e-01 -4.469645949769624448e-04 -4.008462595839269380e-03 9.999918661920549345e-01 -4.029677033649735063e-01
9.995489653682808617e-01 -3.001293702085980689e-02 1.043763661534445998e-03 1.181704209757984003e+01 3.000652746588647682e-02 9.995334899205239321e-01 5.693051619015589843e-03 7.942789462502271025e-01 -1.214141934963768260e-03 -5.659164132597521019e-03 9.999832497200551451e-01 -4.220208275898890138e-01
9.995087690471538000e-01 -3.133574498187551016e-02 5.400780261168788843e-04 1.231430719868282253e+01 3.133160465985898591e-02 9.994881349683343297e-01 6.465184216940755846e-03 8.150640760223063497e-01 -7.423929429438407696e-04 -6.445086807137770726e-03 9.999789546329296286e-01 -4.444892161829517296e-01
9.994747346326353643e-01 -3.240347949047757414e-02 -5.189874114769938047e-04 1.280047982182743205e+01 3.240568670868818058e-02 9.994620890709142724e-01 5.040236000633713589e-03 8.374429750944992756e-01 3.553870586026011561e-04 -5.054406682681313392e-03 9.999871632541712518e-01 -4.460156311239062421e-01
9.994550447448498076e-01 -3.290540869124871509e-02 -2.616794400040398788e-03 1.331315758910986169e+01 3.291523682794281896e-02 9.994509005611433849e-01 3.805857601099747398e-03 9.076892248735293212e-01 2.490124219918851169e-03 -3.889915986407039249e-03 9.999893338606107296e-01 -4.668883364469844088e-01
9.994336220412456395e-01 -3.341040972783894392e-02 -4.022394229123687354e-03 1.383415286564926383e+01 3.342659232355442434e-02 9.994330686613672743e-01 4.025443051101586581e-03 9.629455715147379191e-01 3.885622106105475135e-03 -4.157618060944757998e-03 9.999838079453625683e-01 -5.060017124653299891e-01
9.993649722933782842e-01 -3.541133307536774993e-02 -3.961015385054399845e-03 1.436773724041067091e+01 3.543304132032278758e-02 9.993566329904690626e-01 5.551547599118164360e-03 9.640644156097480932e-01 3.761879297315280125e-03 -5.688373034387162429e-03 9.999767450677911063e-01 -5.069169453991820840e-01
9.993249405672528507e-01 -3.648883662102124503e-02 -4.269421775945323426e-03 1.488668399855708024e+01 3.651620307116903996e-02 9.993118057738711313e-01 6.517802868301222213e-03 1.011935810383672640e+00 4.028656540540741758e-03 -6.669306036561080397e-03 9.999696446810117934e-01 -5.321539263116955576e-01
9.992645692321610040e-01 -3.831472055807329941e-02 -1.517519627715973110e-03 1.544150495161533776e+01 3.832350563344839173e-02 9.992457811825184999e-01 6.259209606759934784e-03 1.057009544699658132e+00 1.276555218859437481e-03 -6.312763063434412118e-03 9.999792594995549067e-01 -5.421865328358350666e-01
9.992208253116532379e-01 -3.944385054929743645e-02 1.387413904834499962e-03 1.600081706747952737e+01 3.943832629152351638e-02 9.992147577387726631e-01 3.806092007437478653e-03 1.085386465718308990e+00 -1.536451373120848764e-03 -3.748409114603504493e-03 9.999917943394773800e-01 -5.576335140257067113e-01
9.992106073230073715e-01 -3.965173300844265086e-02 2.429461383492320745e-03 1.656509221106335872e+01 3.964626664462633093e-02 9.992112256237974943e-01 2.258346415336147037e-03 1.129820285122179024e+00 -2.517092435706530604e-03 -2.160244619401009182e-03 9.999944987792954709e-01 -5.862763571331921497e-01
9.991817077362867838e-01 -4.036971157414827316e-02 2.490243485623644653e-03 1.714735513140590584e+01 4.036441286661705818e-02 9.991827277911422556e-01 2.142582037035006218e-03 1.183653618652085182e+00 -2.574703697688609811e-03 -2.040311562537612793e-03 9.999946040002399839e-01 -6.170975713161046539e-01
9.991400511540088347e-01 -4.138148737006664551e-02 2.594355990520775656e-03 1.772950975823133390e+01 4.137145145049685863e-02 9.991365724065044418e-01 3.809551766424786913e-03 1.245469424560739835e+00 -2.749760870279131710e-03 -3.698943473872370706e-03 9.999893782597559788e-01 -6.354437787818769667e-01
9.990627721747686873e-01 -4.323349228645118753e-02 2.107699974737033913e-03 1.830039824392337522e+01 4.322122120779254423e-02 9.990500764405907397e-01 5.556149868099946772e-03 1.283260343033080009e+00 -2.345909583339730441e-03 -5.459845122994641010e-03 9.999823432438493809e-01 -6.523769128439654841e-01
9.990274057857871925e-01 -4.394378225759958123e-02 3.631320671143293665e-03 1.887648185920070532e+01 4.392481309417764490e-02 9.990215751429454283e-01 5.148125246123684724e-03 1.359022163829149088e+00 -3.853995791585221233e-03 -4.983613127530269783e-03 9.999801549614040219e-01 -6.665173766871166361e-01
9.989584306925201052e-01 -4.545631719888418992e-02 3.972024049767783858e-03 1.945583144205737014e+01 4.544684352762980856e-02 9.989637694547820468e-01 2.443712353798892321e-03 1.418007996397674386e+00 -4.078990281018188106e-03 -2.260651102537086701e-03 9.999891255883135432e-01 -6.894754653685708501e-01
9.988896491057053240e-01 -4.699237308917171563e-02 3.344515051383408540e-03 2.006415605403934066e+01 4.698956541321346048e-02 9.988949628362222555e-01 9.132155821608002426e-04 1.433614805784870327e+00 -3.383733405304561060e-03 -7.550442836400065184e-04 9.999939901101263517e-01 -7.049862440654066642e-01
9.988715125809830564e-01 -4.743522411053414239e-02 2.366615254421040090e-03 2.068164297965815734e+01 4.743691901322407561e-02 9.988740141745581225e-01 -6.652227728019906219e-04 1.489288645628322527e+00 -2.332395487878993843e-03 7.767370134314714302e-04 9.999969783008847424e-01 -7.302514127353411100e-01
9.988438558408245793e-01 -4.806726628196771045e-02 6.996865102058193609e-04 2.129143716057814828e+01 4.806769710865356482e-02 9.988438923636014932e-01 -6.125215104271416197e-04 1.570231531363340371e+00 -6.694353627431509635e-04 6.454456665040761302e-04 9.999995676279999079e-01 -7.574845480732089742e-01
9.988130734779823161e-01 -4.870470133488290915e-02 -5.443503894665610836e-04 2.189844484533730906e+01 4.870464130170024802e-02 9.988132171654392488e-01 -1.230093403996211838e-04 1.629632522291091234e+00 5.496954969539202904e-04 9.635094688963528778e-05 9.999998442756656836e-01 -7.742948276540136954e-01
9.987849658213022730e-01 -4.925427638834656979e-02 -1.615025324989240781e-03 2.249449021854611885e+01 4.925468358538962615e-02 9.987862287016263663e-01 2.133093660345513156e-04 1.701924168909799917e+00 1.602558655132733673e-03 -2.925977492289191036e-04 9.999986730952766800e-01 -8.011173228953484271e-01
9.987297264200661884e-01 -5.033468083962736733e-02 -2.313756614815824699e-03 2.310767874597812011e+01 5.033774537696696777e-02 9.987314243274052483e-01 1.285865979045516501e-03 1.733953873106716559e+00 2.246097785804172884e-03 -1.400701868805871069e-03 9.999964965333685285e-01 -8.184476120213302064e-01
9.987299935569230458e-01 -5.030484779712541404e-02 -2.796829972743396057e-03 2.374980363210901047e+01 5.030867256516662750e-02 9.987328520961114009e-01 1.314385292703682635e-03 1.800454599076404483e+00 2.727166023409662715e-03 -1.453420818232454637e-03 9.999952250553029165e-01 -8.369346664165242533e-01
9.987009382508788002e-01 -5.090847899839048840e-02 -2.182361767614851306e-03 2.438667926093301475e+01 5.091052873319364125e-02 9.987028179304021647e-01 8.941599300800902577e-04 1.825213730057674066e+00 2.134010525038841383e-03 -1.004103552593705500e-03 9.999972188837000786e-01 -8.550977294855613975e-01
9.987008938770622901e-01 -5.094494043534136818e-02 -1.066589516291876821e-03 2.501603463419599649e+01 5.094593328628226059e-02 9.987009840860695542e-01 9.253470192402640879e-04 1.862508514525736958e+00 1.018062250759366313e-03 -9.784832936025808763e-04 9.999990030593519652e-01 -8.864866294906577071e-01
9.987312454729551092e-01 -5.033017602942307933e-02 1.665141701825651388e-03 2.566978435472667286e+01 5.032601480973437902e-02 9.987298306425178573e-01 2.453083394008601353e-03 1.923640217499759109e+00 -1.786490808895434311e-03 -2.366171087400850259e-03 9.999956048328286773e-01 -9.125206003122462439e-01
9.987601577936539021e-01 -4.959622815720902272e-02 4.285015352793706232e-03 2.633135925933580879e+01 4.958612623261562241e-02 9.987668892588561498e-01 2.432489554123776730e-03 2.012392903957579637e+00 -4.400373761252560946e-03 -2.216996338715753086e-03 9.999878607453169810e-01 -9.333780466967216416e-01
9.987946639157428974e-01 -4.882049009052371463e-02 5.077310386343576731e-03 2.700085149535325968e+01 4.881159733758445168e-02 9.988062699107451703e-01 1.860954684328577479e-03 2.082344177711928257e+00 -5.162102167888088858e-03 -1.610879978360250844e-03 9.999853787765616842e-01 -9.643469515980759299e-01
9.988106081406221692e-01 -4.852814845268439009e-02 4.731582559224780868e-03 2.767097652835453303e+01 4.852192627595700719e-02 9.988211066190012533e-01 1.421141394908725627e-03 2.121095275860725771e+00 -4.794969888448448112e-03 -1.189865600795287455e-03 9.999877961673436788e-01 -9.827188259555424965e-01
9.988703868080784920e-01 -4.746868455754797017e-02 2.162023185724793514e-03 2.838947308564244310e+01 4.746470641902331838e-02 9.988711920761462748e-01 1.855609046782323275e-03 2.186536715960126553e+00 -2.247665997325034009e-03 -1.750893130542480148e-03 9.999959411771679463e-01 -1.020625569603813343e+00
9.989245018312008506e-01 -4.636596203429379365e-02 -1.928883656573298006e-04 2.907175496171861084e+01 4.636631477080608438e-02 9.989208294015763379e-01 2.709509594260417053e-03 2.261735096489150720e+00 6.705118722530114552e-05 -2.715539044331140208e-03 9.999963106691128756e-01 -1.046691332368254068e+00
9.989566252329228346e-01 -4.558174792499589123e-02 -2.822261389705399848e-03 2.978982426098128755e+01 4.558995323797684907e-02 9.989559854983471876e-01 2.914652772632919230e-03 2.309497096649620662e+00 2.686459939916048621e-03 -3.040278462257179574e-03 9.999917697860634114e-01 -1.070323925588346325e+00
9.990167818525638177e-01 -4.413961589417313841e-02 -4.142932012696960882e-03 3.050003568874222637e+01 4.415049778633046290e-02 9.990215781253484195e-01 2.572933181710677659e-03 2.345930280296629533e+00 4.025310195028461956e-03 -2.753315937769773829e-03 9.999881079938803818e-01 -1.078220023258726901e+00
9.991206232087116446e-01 -4.160007347305451353e-02 -5.235853900944648261e-03 3.123372663589756471e+01 4.161375431842094519e-02 9.991305652006370330e-01 2.531626627620841077e-03 2.417097772285640378e+00 5.125985813643418702e-03 -2.747283911801360647e-03 9.999830882072687777e-01 -1.111253597280154493e+00
9.992570675008949355e-01 -3.846848568638883137e-02 -2.342788617880365090e-03 3.194919868704734611e+01 3.847974850139726510e-02 9.992470268270112754e-01 4.968735517947964198e-03 2.487645467938371269e+00 2.149884829749484742e-03 -5.055193999660196127e-03 9.999849113905892040e-01 -1.139504077344330568e+00
9.993668600565877025e-01 -3.555046474723446565e-02 1.429502323308063077e-03 3.266777627841783271e+01 3.554025241548624398e-02 9.993462703008213488e-01 6.627404777232027804e-03 2.551794819121057323e+00 -1.664175135082912246e-03 -6.572403829147507696e-03 9.999770167503982954e-01 -1.167804186207073158e+00
9.994277471416700420e-01 -3.340790587418079188e-02 5.300006455467597133e-03 3.340474218938935280e+01 3.337907406781056435e-02 9.994279678952296964e-01 5.438235300833060316e-03 2.595269975622762626e+00 -5.478654734671458554e-03 -5.258213947100960454e-03 9.999711673485315311e-01 -1.172036381730366283e+00
9.995099294295334280e-01 -3.090270026266036044e-02 4.992403053164880776e-03 3.414406169680253100e+01 3.089299937907680552e-02 9.995206789508427336e-01 2.008715761567975242e-03 2.618693314110042358e+00 -5.052084830388238294e-03 -1.853501044667274673e-03 9.999855203815423144e-01 -1.212632641549532320e+00
9.996291912633606946e-01 -2.698705652465476293e-02 3.630255403484869414e-03 3.488624101715015513e+01 2.698401501663312205e-02 9.996354741068611549e-01 8.842175824582619277e-04 2.696986930323592269e+00 -3.652794511269486823e-03 -7.859308405317471822e-04 9.999930196781237068e-01 -1.257195423756209296e+00
9.997135999822875929e-01 -2.378725269895066649e-02 2.623855844171885197e-03 3.559011976919019560e+01 2.378039700487495980e-02 9.997137894232092092e-01 2.613800944555685728e-03 2.731244597543273755e+00 -2.685280012450211393e-03 -2.550656018260899840e-03 9.999931416890474045e-01 -1.265746736375867432e+00
9.997895660047992905e-01 -2.050924714153754339e-02 4.410097759536137736e-04 3.632694591546196250e+01 2.050732460460544596e-02 9.997817255457672747e-01 3.993858070761755266e-03 2.788116532240818568e+00 -5.228245370069333538e-04 -3.983973696622374397e-03 9.999919272714595797e-01 -1.297703186481421911e+00
9.998404533571586539e-01 -1.779914981111278133e-02 -1.502696427454251662e-03 3.707150478911859182e+01 1.780808537785577572e-02 9.998224562397372006e-01 6.158578887521385867e-03 2.816398035944452261e+00 1.392812164837438620e-03 -6.184356453212311658e-03 9.999799067028962707e-01 -1.319437702427771475e+00
9.998896702152719751e-01 -1.479115926712329734e-02 -1.367115331374709267e-03 3.778277237808378430e+01 1.480074546358949028e-02 9.998638863680178179e-01 7.290176319238229376e-03 2.818269044912614429e+00 1.259099089318353997e-03 -7.309606321693346183e-03 9.999724917841016358e-01 -1.322784216779502753e+00
9.999380392977558207e-01 -1.081885503470932271e-02 -2.621057248082192797e-03 3.851633440319085366e+01 1.083472996503536713e-02 9.999225731770304826e-01 6.120153397651886817e-03 2.868009670690052193e+00 2.554641255547272869e-03 -6.148172636155396081e-03 9.999778366450385869e-01 -1.332752237513975757e+00
9.999616745091447489e-01 -6.081140556775347684e-03 -6.298352355650295789e-03 3.922577060820498218e+01 6.112633589419886292e-03 9.999688519450821156e-01 4.993080235280797016e-03 2.906762581970469661e+00 6.267792551503229698e-03 -5.031388393197050793e-03 9.999676994320206846e-01 -1.369084200532966866e+00
9.999608674330371372e-01 -2.069018219336373875e-03 -8.601323513038858920e-03 3.993108107407226015e+01 2.128299739525722507e-03 9.999740076778678155e-01 6.888708796443708191e-03 2.893738538643007452e+00 8.586847080659799902e-03 -6.906745418177821089e-03 9.999392796189885413e-01 -1.389925458912065981e+00
9.999596549883008612e-01 3.074319515298889766e-03 -8.440198765198442254e-03 4.067278884112381121e+01 -2.994144137408184889e-03 9.999504341877647473e-01 9.495486748199459884e-03 2.926466234522392185e+00 8.468972580108469900e-03 -9.469832481024136397e-03 9.999192961315521710e-01 -1.424104269257119304e+00
9.999442316750550841e-01 7.974755879080544507e-03 -6.923641271245840369e-03 4.136580679888117373e+01 -7.899201848872949155e-03 9.999096961308077125e-01 1.087208322938128420e-02 2.954264267793873966e+00 7.009718249301508976e-03 -1.081678567158016017e-02 9.999169270483425631e-01 -1.432750706830461018e+00
9.998994951041899615e-01 1.247822614251810867e-02 -6.730049236242908149e-03 4.206585104070322956e+01 -1.240167032025407158e-02 9.998592504431346173e-01 1.129946355189991730e-02 2.936888105367069901e+00 6.870099246284973489e-03 -1.121486404862596237e-02 9.999135105401452117e-01 -1.464177304470099417e+00
9.998116464508850498e-01 1.868563918070288710e-02 -5.245808763102492896e-03 4.276756824756407127e+01 -1.861632511795374700e-02 9.997426383871798050e-01 1.296493076507789464e-02 2.963281651421528107e+00 5.486716711577715143e-03 -1.286483109291373418e-02 9.999021912470628104e-01 -1.463990212816965286e+00
9.996956775367749071e-01 2.453088661437313744e-02 -2.605362969218720428e-03 4.344224389321043134e+01 -2.449370782430600885e-02 9.996094495077109121e-01 1.345387423415962160e-02 2.962617156860186451e+00 2.934380906790706647e-03 -1.338596491866845227e-02 9.999060982671773568e-01 -1.476830133795697053e+00
9.995078266841745940e-01 3.134182560298783699e-02 1.339539081153391783e-03 4.412560001841993795e+01 -3.135656001234030793e-02 9.994244226010590149e-01 1.294564222942991283e-02 3.006219818218029083e+00 -9.330280116598146326e-04 -1.298127406735542777e-02 9.999153044044868377e-01 -1.507655500101379609e+00
9.992760248138781165e-01 3.767496897253606869e-02 5.293670285556856259e-03 4.483799147677518704e+01 -3.773638687462471664e-02 9.992153693158990491e-01 1.202542425613762483e-02 2.968021853514128061e+00 -4.836459223687727613e-03 -1.221648213725607182e-02 9.999136793875598173e-01 -1.516932266916283023e+00
9.990189606687269741e-01 4.371908421080188817e-02 7.053927994050764212e-03 4.553151278419277048e+01 -4.379364275608275264e-02 9.989823695025085160e-01 1.078620773516683964e-02 2.957976299904913731e+00 -6.575186577507947071e-03 -1.108454324374194902e-02 9.999169464623292036e-01 -1.556148050211774825e+00
9.987570824902025635e-01 4.938195619629726085e-02 6.761107741020286506e-03 4.623294476530170982e+01 -4.944680500859285899e-02 9.987288160868476039e-01 9.785979368763431455e-03 2.938197590996669550e+00 -6.269262325098667009e-03 -1.010813137976779817e-02 9.999292585127752542e-01 -1.582060753902079453e+00
9.984797664853949373e-01 5.481360553900458538e-02 5.798669423726387530e-03 4.691322091333901767e+01 -5.487077558526757409e-02 9.984412830305164910e-01 1.020795410683504427e-02 2.918399059697854181e+00 -5.230096169522882761e-03 -1.051061312152872483e-02 9.999310841782382830e-01 -1.598390331469780046e+00
9.981773013837621500e-01 6.023735213884735124e-02 3.679185987507578061e-03 4.761636659709389363e+01 -6.027168589892065859e-02 9.981312198742836594e-01 1.006934909397409240e-02 2.916671763814492113e+00 -3.065759470672608893e-03 -1.027274644751685791e-02 9.999425342484902224e-01 -1.631137042014085603e+00
9.978427778111264024e-01 6.561803667974888676e-02 2.015944560262763249e-03 4.832426720701794665e+01 -6.563559301322283157e-02 9.977890597178450394e-01 1.043844994149689329e-02 2.881997090272903517e+00 -1.326536836087021786e-03 -1.054824960236027884e-02 9.999434857682452105e-01 -1.646097132076810299e+00
9.975225592022121113e-01 7.032247610415566508e-02 1.869020398391432573e-03 4.898975162524492077e+01 -7.033890483717643305e-02 9.974619700155894497e-01 1.104793369485555267e-02 2.860398819361404943e+00 -1.087358715322064677e-03 -1.115202794112985819e-02 9.999372229914358368e-01 -1.681240619129178882e+00
9.971397173748897114e-01 7.544048906183699332e-02 4.595284935232538809e-03 4.967911609093890490e+01 -7.548602701545893690e-02 9.970893629729741248e-01 1.070803303927331598e-02 2.846343532287839651e+00 -3.774090479377228361e-03 -1.102428484118667118e-02 9.999321083877614758e-01 -1.696576585515085167e+00
9.967326343151194923e-01 8.061175158235367455e-02 5.079487972927496098e-03 5.036504730330982937e+01 -8.065389672465392290e-02 9.967039821899863483e-01 8.724725196371182351e-03 2.807967873033779593e+00 -4.359430509948801144e-03 -9.105898827037162135e-03 9.999490376875116437e-01 -1.717518405087064215e+00
9.962897867422364495e-01 8.595729222009471093e-02 4.243200124712079996e-03 5.105869093204093900e+01 -8.597974338281016982e-02 9.962821037815702274e-01 5.427099814333471647e-03 2.782734128240668792e+00 -3.760925542366087837e-03 -5.771793374495777160e-03 9.999762706386121636e-01 -1.743494033721333603e+00
9.959855045181310595e-01 8.950201515145063402e-02 1.504683884894002840e-03 5.175187776581609000e+01 -8.950607546630458267e-02 9.959820794341671668e-01 2.891349271982130049e-03 2.709513218490820385e+00 -1.239856598218729445e-03 -3.014420312747507873e-03 9.999946879987883230e-01 -1.769201161099350328e+00
