1.000000000000000000e+00 0.000000000000000000e+00 0.000000000000000000e+00 0.000000000000000000e+00 0.000000000000000000e+00 1.000000000000000000e+00 0.000000000000000000e+00 0.000000000000000000e+00 0.000000000000000000e+00 0.000000000000000000e+00 1.000000000000000000e+00 0.000000000000000000e+00
9.999999995969379718e-01 2.445824693239731889e-05 -1.441936943031338761e-05 -5.761853747959143346e-03 -2.445783138483980033e-05 9.999999992856635211e-01 2.881817725320430607e-05 2.467926568531917785e-03 1.442007426210850601e-05 -2.881782457508259368e-05 9.999999994807972081e-01 1.373867411082746806e-03
9.999999879963147320e-01 1.249787102051145887e-04 -9.158434537637267950e-05 2.796529006579740947e-03 -1.249760077099541528e-04 9.999999917549784456e-01 2.951339412703464171e-05 3.228408344901809689e-03 9.158803316718956700e-05 -2.950194792691127952e-05 9.999999953706336653e-01 -4.070154608978993407e-03
9.999999983636920220e-01 -1.068107059387407072e-05 -5.620080686382295844e-05 -8.519003696829155828e-03 1.068461820820215048e-05 9.999999979506009051e-01 6.312398224328844010e-05 -3.790949079642046485e-04 5.620013251693457021e-05 -6.312458262416249821e-05 9.999999964284160825e-01 -4.478580889618593436e-04
9.999999991031375268e-01 -1.867901454025935897e-05 -3.801077989813002133e-05 -2.061955182937336151e-03 1.868003502944026972e-05 9.999999994651425084e-01 2.684718442599591079e-05 -2.788004628525674392e-03 3.801027839885140692e-05 -2.684789444461767487e-05 9.999999989172047021e-01 -1.540552754133671896e-04
9.999999974505446865e-01 -4.460851669350680458e-05 -5.575832486498058955e-05 -4.608216335320364405e-03 4.461035594606019175e-05 9.999999984609416748e-01 3.298534310075368993e-05 1.980756780845249754e-04 5.575685335193691716e-05 -3.298783041537821993e-05 9.999999979014881912e-01 -2.112074663335982306e-03
9.999999782130877257e-01 2.087065989931476346e-04 -3.921682486179954128e-06 -7.558892039185883920e-03 -2.087066986865036898e-04 9.999999778972139541e-01 -2.543787753395102628e-05 2.967531414369486021e-03 3.916373346594129215e-06 2.543869546114320914e-05 9.999999996687674031e-01 6.284167529163001836e-05
9.999999851095120462e-01 1.400269071762078423e-04 -1.008634771815648102e-04 -9.605598944671129430e-04 -1.400240700337573982e-04 9.999999898008392618e-01 2.813505343571032517e-05 2.684905122634870158e-03 1.008674158173578360e-04 -2.812092970217292849e-05 9.999999945174888882e-01 -2.642870803503644117e-03
9.999999987149645886e-01 4.305767172889923410e-05 -2.676018925524843362e-05 -6.080853966503469918e-03 -4.305744068578777931e-05 9.999999990357523183e-01 8.634353117900294325e-06 -9.607455377606041041e-04 2.676056100458712984e-05 -8.633200881543247023e-06 9.999999996046701201e-01 -1.137654903533394900e-03
9.999999990225666435e-01 -4.035738057102469269e-05 -1.805958099565818404e-05 -1.948581450519291589e-03 4.035783444564549542e-05 9.999999988698036191e-01 2.513240952760901803e-05 -3.071521020556312962e-03 1.805856669703133767e-05 -2.513313834862374718e-05 9.999999995211067416e-01 -5.865629279842790459e-04
9.999999836720150359e-01 1.696079374858985942e-04 -6.236278657040890058e-05 -2.616784838015196769e-03 -1.696075225249556542e-04 9.999999855944714522e-01 6.659211732801063954e-06 4.035394762784602282e-03 6.236391512720728812e-05 -6.648634426341596013e-06 9.999999980332688887e-01 -1.333778459807154898e-03
9.999999919455994091e-01 1.242324229274659696e-04 -2.598280804931660603e-05 -2.733023761199394105e-03 -1.242324759341618446e-04 9.999999922810682840e-01 -2.038464019368644486e-06 3.446103247403170707e-03 2.598255460543290798e-05 2.041691911525726944e-06 9.999999996603691210e-01 -2.191903489778287625e-03
9.999999917116930703e-01 1.266228262038993579e-04 -2.330823285249997140e-05 2.199175306733352955e-03 -1.266234750991609374e-04 9.999999915957045182e-01 -2.784037499089423343e-05 8.765994439915475618e-04 2.330470742964676936e-05 2.784332612958686519e-05 9.999999993408199561e-01 -6.502883299328017334e-04
9.999999438408961883e-01 -1.180163188281220825e-04 3.136723656897258167e-04 -2.426955885571506835e-02 1.180887920185634977e-04 9.999999663380217951e-01 -2.310389414894536248e-04 1.788379113645033151e-03 -3.136450887655129892e-04 2.310759697052676279e-04 9.999999241153243457e-01 2.095754858118646907e-03
9.999993678003328279e-01 1.423752736435477133e-04 -1.115404956126730919e-03 -9.569431342090112258e-02 -1.434419857618449655e-04 9.999995324347428216e-01 -9.563235291307176740e-04 2.792906459834944982e-02 1.115268277777974005e-03 9.564829204451362693e-04 9.999989206579632528e-01 -9.608370063589957710e-03
9.999984394036056656e-01 8.487804752557263899e-05 -1.764648993479596721e-03 -1.241315476435865817e-01 -8.575820132019296648e-05 9.999998719718063978e-01 -4.987002121755622006e-04 4.040872409823247774e-02 1.764606438854463564e-03 4.988507670294515736e-04 9.999983186546006486e-01 1.887044175444461958e-03
9.999972817107685152e-01 -9.028883298130734373e-05 -2.329896778935440158e-03 -1.334730682919037514e-01 9.025811986696973216e-05 9.999999958384594434e-01 -1.328732094578709593e-05 3.509519879403720510e-02 2.329897968936182201e-03 1.307699272425483386e-05 9.999972856985396286e-01 -1.110393564159704513e-03
9.999963687244474153e-01 9.422692462653128030e-05 -2.693261815275012610e-03 -8.372270399186848566e-02 -9.403110876149341777e-05 9.999999929267979759e-01 7.283237385451659545e-05 3.231732707328026366e-02 2.693268658995628864e-03 -7.257885898542267662e-05 9.999963705115332280e-01 -9.744507672010804117e-03
9.999961995503762191e-01 4.843402392948830499e-04 -2.714092728101742073e-03 -3.726473838134099908e-02 -4.841068497292800926e-04 9.999998790663302550e-01 8.664804036369310196e-05 4.515530452665644789e-02 2.714134367009152660e-03 -8.533380018170621877e-05 9.999963130895935803e-01 -1.808694418843474414e-02
9.999967315961574288e-01 6.068910187961077101e-04 -2.483642545538869168e-03 -4.831875709402707816e-03 -6.063111794097713302e-04 9.999997887662924745e-01 2.342095730844538409e-04 4.659004036439975960e-02 2.483784160596266919e-03 -2.327029473519672681e-04 9.999968883279496401e-01 -1.797065905754000742e-02
9.999970771928624602e-01 1.462189108146139040e-04 -2.413343274859844605e-03 -1.679846000934728453e-02 -1.456238341965227564e-04 9.999999589536794353e-01 2.467515719492725801e-04 3.662130517805092800e-02 2.413379255547075473e-03 -2.463994104410994123e-04 9.999970574396204182e-01 -1.457226613043931425e-02
9.999968727376968847e-01 1.041346750770915069e-04 -2.498733838547828340e-03 -1.263473380161401344e-02 -1.038680982262933530e-04 9.999999889010611209e-01 1.068143047828375831e-04 4.444204956704475573e-02 2.498744933887456308e-03 -1.065544320147051476e-04 9.999968724550634125e-01 -1.162582271027650174e-02
9.999970413125907065e-01 -2.121806749735317496e-05 -2.432471142372089664e-03 -1.096026370192644539e-02 2.130396629831369612e-05 9.999999991504672225e-01 3.528748428456257542e-05 4.384544083045314317e-02 2.432470391573402554e-03 -3.533920116316582497e-05 9.999970409150894524e-01 -8.368840021243351482e-03
9.999972830573872207e-01 -2.328409372618492140e-04 -2.319410041733606636e-03 -9.588811577485423232e-03 2.329764514504493436e-04 9.999999711699182336e-01 5.815613252836214199e-05 5.661831618238311048e-02 2.319396433736420089e-03 -5.869634244246911770e-05 9.999973084738391638e-01 -7.923228652575806802e-04
9.999965341040958355e-01 -5.456287720906250914e-04 -2.575668658621922333e-03 -1.556059521857053665e-02 5.458612692118598600e-04 9.999998470068179879e-01 8.956458727998519310e-05 6.131503731724825129e-02 2.575619395546398065e-03 -9.097023462151356064e-05 9.999966789490581931e-01 3.830953858001793968e-03
9.999920158073531962e-01 4.161538689699535005e-04 -3.974309688943349940e-03 5.008987994491252704e-02 -4.188541028160226482e-04 9.999996820221290772e-01 -6.786139412954570556e-04 8.780461177918895410e-02 3.974026017383609603e-03 6.802731790300924107e-04 9.999918721397764720e-01 -7.370405033034869990e-03
9.999753511286396668e-01 5.391710148451942658e-04 -7.000459254259831614e-03 1.652808329489363626e-01 -5.475045091512208400e-04 9.999991437824968799e-01 -1.188559247796253408e-03 9.674710742351316783e-02 6.999812423648250383e-03 1.192362734160086870e-03 9.999747901308032594e-01 -3.985525682995051666e-02
9.999730847622007035e-01 1.377887676169354994e-04 -7.335582146228872974e-03 2.215832697643430327e-01 -1.444642125891003944e-04 9.999995759818389729e-01 -9.094867967498938572e-04 9.312921968585825827e-02 7.335453718743932885e-03 9.105220467951215778e-04 9.999726806609980923e-01 -3.594956113189595043e-02
9.999728479477797416e-01 -8.720472146740489714e-04 -7.317301474044787812e-03 2.926239263059154383e-01 8.661098494535981714e-04 9.999992931854844169e-01 -8.145442040107040002e-04 7.217115639524240844e-02 7.318006623074227793e-03 8.081845005858493422e-04 9.999728964411374044e-01 -3.084291471695807182e-02
9.999724661274870252e-01 -1.651012459051081314e-03 -7.234718016058627743e-03 3.723575692024658212e-01 1.646910411591779883e-03 9.999984797257124303e-01 -5.729156657694842603e-04 6.391784939935299392e-02 7.235652908205020273e-03 5.609849587570046089e-04 9.999736649646669973e-01 -3.103558785478705701e-02
9.999720583542155428e-01 -1.896057442533934014e-03 -7.231008021565002095e-03 4.648664891548860978e-01 1.892048935365439524e-03 9.999980526287276517e-01 -5.611502282610961742e-04 6.866117253037871959e-02 7.232057913174385136e-03 5.474531277713652567e-04 9.999736984708215148e-01 -3.007254276848970662e-02
9.999703917500559758e-01 -2.171779918529078302e-03 -7.382343477856305285e-03 5.870965891199313447e-01 2.166276376719705309e-03 9.999973698026937141e-01 -7.534151274286902218e-04 5.962542764897834496e-02 7.383960312680441611e-03 7.374006238443747393e-04 9.999724663061582142e-01 -3.331533251520730349e-02
9.999694834580488134e-01 -1.972890120524906175e-03 -7.559091031030644621e-03 7.396852546215696433e-01 1.966783184417976709e-03 9.999977335700973580e-01 -8.152414206978554276e-04 7.510708120276871069e-02 7.560682280625432607e-03 8.003494492195245384e-04 9.999710973444235762e-01 -3.831465916800956550e-02
9.999685409012188941e-01 -2.212953194183088588e-03 -7.617089079666060705e-03 8.805950784885266946e-01 2.209342094135379169e-03 9.999974430163645067e-01 -4.824606139367543928e-04 9.995589310453596721e-02 7.618137265650613138e-03 4.656166806221574521e-04 9.999708731686680618e-01 -4.874210491672397588e-02
9.999695119496641027e-01 -2.353276785532765203e-03 -7.445620156933715171e-03 1.012532488738236092e+00 2.349441520875625473e-03 9.999971028705645359e-01 -5.238081877454742880e-04 1.125036044776735189e-01 7.446831251656686919e-03 5.062991687097113339e-04 9.999721437947465263e-01 -6.064065542268544384e-02
9.999683035180915169e-01 -2.991434886924646853e-03 -7.378568727557455534e-03 1.150487377867222216e+00 2.986681771261822348e-03 9.999953252683271288e-01 -6.551133411670598001e-04 1.136282215488393366e-01 7.380493963632181117e-03 6.330551396622951729e-04 9.999725633986379369e-01 -6.301868547659990327e-02
9.999649372169993056e-01 -3.653459902360429393e-03 -7.535022716919043823e-03 1.327935167760758040e+00 3.648499341780601143e-03 9.999931184275158147e-01 -6.719748249759204635e-04 1.117460299369372745e-01 7.537425897192492549e-03 6.444597382454694259e-04 9.999713855318511646e-01 -7.433515202743294636e-02
9.999711934052242235e-01 -3.961947501242440300e-03 -6.474205104025000657e-03 1.499216762402799885e+00 3.963262429979767451e-03 9.999921281401519257e-01 1.902856826710130336e-04 1.139572840295360184e-01 6.473400238104814325e-03 -2.159391750412262582e-04 9.999790240098188621e-01 -6.846260970086534559e-02
9.999715436867704366e-01 -3.974111662608157368e-03 -6.412351611583875718e-03 1.669914821794534765e+00 3.977017737105092467e-03 9.999919946075240818e-01 4.405119571092565257e-04 1.506341196644820357e-01 6.410549634486265372e-03 -4.660014578588471488e-04 9.999793436346697817e-01 -8.158538012699943776e-02
9.999697407707057728e-01 -3.966962890034734374e-03 -6.691841928539285847e-03 1.866196192338260174e+00 3.975781448941936858e-03 9.999912450043972889e-01 1.305019703189656171e-03 2.065874775782885198e-01 6.686606376759310702e-03 -1.331585515297962216e-03 9.999767578174892924e-01 -8.587169121543858363e-02
9.999669703008186028e-01 -5.063786943415192129e-03 -6.357386978430541909e-03 2.074449126237974284e+00 5.085875784490011264e-03 9.999810699803463043e-01 3.463170291291401814e-03 1.966608494114806538e-01 6.339729876466229132e-03 -3.495388784304698324e-03 9.999737946978111136e-01 -9.737579805372756359e-02
9.999656920416208905e-01 -5.791167213138795518e-03 -5.922594197792166101e-03 2.269150349096334729e+00 5.816600617196921071e-03 9.999738977813238394e-01 4.286130339420012904e-03 2.145469792328542069e-01 5.897617907450396907e-03 -4.320432656105005313e-03 9.999732756252447397e-01 -9.875459515270085253e-02
9.999675718469956953e-01 -5.922228448653823162e-03 -5.457331273191220675e-03 2.506030683750561039e+00 5.951888646118870009e-03 9.999675184098205660e-01 5.434808814426309552e-03 2.311384097913673497e-01 5.424967831019540665e-03 -5.467114001657543375e-03 9.999703397543975303e-01 -9.746529886353544336e-02
9.999667298448630115e-01 -6.569547613307165704e-03 -4.835312557354633396e-03 2.726516798599891711e+00 6.599513463109751496e-03 9.999589549059880733e-01 6.207650551894190391e-03 2.275737182397196412e-01 4.794332635628698221e-03 -6.239354732717897548e-03 9.999690419343482128e-01 -1.028501344270452283e-01
9.999597157193645947e-01 -7.684512412569073636e-03 -4.638448817070137987e-03 2.976260535190260459e+00 7.715233978443925000e-03 9.999481775613463519e-01 6.642089761516472603e-03 2.221576600089502362e-01 4.587167220123095600e-03 -6.677608907629246741e-03 9.999671831796138610e-01 -1.097695053381538555e-01
9.999576304372218560e-01 -8.280232259457436655e-03 -4.021825966628659633e-03 3.241208984062952325e+00 8.305410586552892244e-03 9.999457605418301531e-01 6.284594609813707461e-03 2.232078307926852467e-01 3.969569921941583888e-03 -6.317731250248362004e-03 9.999721640058208960e-01 -1.233634458308645598e-01
9.999471115007616540e-01 -8.781737300640255275e-03 -5.353063727048259189e-03 3.497275825580159481e+00 8.807502707368746950e-03 9.999496504604258318e-01 4.808787802757018975e-03 2.731874786905767460e-01 5.310564691535956360e-03 -4.855680596455670683e-03 9.999741097991499128e-01 -1.310737121796382854e-01
9.999208719312657756e-01 -9.898843081781093234e-03 -7.762910656410123775e-03 3.748328460030136533e+00 9.937883523169033922e-03 9.999380835302313919e-01 5.006753136308659743e-03 2.479309277976739778e-01 7.712868940741614276e-03 -5.083503863506526332e-03 9.999573339103887681e-01 -1.256130345607735788e-01
9.998778833686789991e-01 -1.061729384973092959e-02 -1.146697089378265200e-02 4.035964083963739846e+00 1.063786557385525654e-02 9.999419119848086401e-01 1.734494796112060660e-03 2.748291078679833133e-01 1.144788915927202541e-02 -1.856267080357886347e-03 9.999327477917319129e-01 -1.193457176978874323e-01
9.998260766283064704e-01 -1.083719169120364589e-02 -1.517800284279901060e-02 4.325544371832381607e+00 1.080247723003485358e-02 9.999388493688506907e-01 -2.367278731702692797e-03 2.891346260533527723e-01 1.520272935174755979e-02 2.202906976497195739e-03 9.998820051491628114e-01 -1.280343962694414639e-01
9.997961968667350430e-01 -1.096205784322177093e-02 -1.695281742527175728e-02 4.638401411283808784e+00 1.088104692968786327e-02 9.999289721088108207e-01 -4.863492071634958024e-03 2.882330636577317695e-01 1.700492718380963719e-02 4.678036474717337488e-03 9.998444621170907709e-01 -1.231107519706628461e-01
9.997641837135295972e-01 -1.126467992627048359e-02 -1.856566588567417492e-02 4.952763361366710804e+00 1.111742019415612806e-02 9.999060685493188494e-01 -8.016049305701220332e-03 3.092562347602191841e-01 1.865422021544659720e-02 7.807756681886436970e-03 9.997955085935074093e-01 -1.367011561886485593e-01
9.997530193640968843e-01 -1.136707296421723967e-02 -1.909685640616742494e-02 5.262544548796540766e+00 1.116860279657708871e-02 9.998828397498085163e-01 -1.046752527730209111e-02 3.360981589141487924e-01 1.921360413727489155e-02 1.025165479738902007e-02 9.997628423731156344e-01 -1.441832501350119866e-01
9.997434509855843698e-01 -1.183029050265723033e-02 -1.931518672074131540e-02 5.565819107463169324e+00 1.160250675605091313e-02 9.998623188259053718e-01 -1.186276650108674877e-02 3.407914799900964575e-01 1.945286735702879063e-02 1.163561853561086851e-02 9.997430661589424838e-01 -1.562854472737749412e-01
9.997160253993908618e-01 -1.257328245347697979e-02 -2.024305135076032505e-02 5.913902022385827628e+00 1.235152897786150755e-02 9.998627413285088306e-01 -1.104256469070452433e-02 3.594849685337342393e-01 2.037911410129200976e-02 1.078939624744752572e-02 9.997341049684471681e-01 -1.706477670350043940e-01
9.997601576567454185e-01 -1.309889569653886060e-02 -1.755124194154924697e-02 6.248231906387380796e+00 1.296801551682401701e-02 9.998874060950504461e-01 -7.550212319337696633e-03 3.729330937087606546e-01 1.764816522234005994e-02 7.320796680885414097e-03 9.998174574392277858e-01 -1.865610948457114837e-01
9.998659544629392437e-01 -1.391040954684243623e-02 -8.635601435600144191e-03 6.606217946998715895e+00 1.388233489791547946e-02 9.998981819106574909e-01 -3.302512610691352157e-03 4.065296171840150907e-01 8.680661478109976195e-03 3.182187612440881379e-03 9.999572589857537164e-01 -1.899737081229003199e-01
9.998703688652342825e-01 -1.575818972086404438e-02 3.305286980224560970e-03 6.977053078385965001e+00 1.576071398907766610e-02 9.998755190997814513e-01 -7.390531083627517551e-04 4.404362233783916114e-01 -3.293229396030407635e-03 7.910509868168041176e-04 9.999942644227922672e-01 -2.035661751611634318e-01
9.997282784810711531e-01 -1.683541459790231440e-02 1.612259348214879762e-02 7.326962235321933470e+00 1.684737271703995801e-02 9.998578892054981182e-01 -6.061567940732501356e-04 4.535141976442441103e-01 -1.611009738664005708e-02 8.776154297875354143e-04 9.998698388057069009e-01 -2.187741512328966464e-01
9.995785526351581574e-01 -1.816550668795803222e-02 2.264357477458251236e-02 7.680714876409184377e+00 1.827889454308239195e-02 9.998213540550358047e-01 -4.810612210279469753e-03 4.649345695424230152e-01 -2.255214238349053171e-02 5.222484305823166598e-03 9.997320273611275399e-01 -2.409940306418057732e-01
9.995556064991273360e-01 -1.988308864698034792e-02 2.220928414015146610e-02 8.037506568366771020e+00 2.006738742484628565e-02 9.997657653485779727e-01 -8.106441815824960359e-03 4.681343525780637393e-01 -2.204290085498692917e-02 8.548521675035719927e-03 9.997204775831435297e-01 -2.428351700698804794e-01
9.996051157949882304e-01 -2.068019407021974912e-02 1.902477462957602103e-02 8.435935944426839583e+00 2.083915795687482295e-02 9.997492489624557610e-01 -8.195650959748468703e-03 5.153030723324968365e-01 -1.885051649521922792e-02 8.588874910234354718e-03 9.997854216058762455e-01 -2.709722882579193026e-01
9.995717067008919043e-01 -2.253175729965067528e-02 1.867412852199128864e-02 8.807878865951705549e+00 2.263667972796613512e-02 9.997290309166712019e-01 -5.426368334985614758e-03 5.209716502489616374e-01 -1.854680279616131855e-02 5.846764524340441679e-03 9.998108978455061413e-01 -2.868133141615847315e-01
9.995825700124770785e-01 -2.348292418366645928e-02 1.682967614173322760e-02 9.214678588362636091e+00 2.351938249727964642e-02 9.997214368387452588e-01 -1.971641960751849710e-03 5.804587009175816714e-01 -1.677868809526262064e-02 2.366642528755538450e-03 9.998564270078694749e-01 -3.194937322281656833e-01
9.996279161182630713e-01 -2.477832379840162400e-02 1.140455991260857366e-02 9.628334082781025316e+00 2.477663597373506651e-02 9.996929701793881851e-01 2.892814164197824562e-04 6.374298435766050375e-01 -1.140822628122935972e-02 -6.607150072092231059e-06 9.999349240472911182e-01 -3.419270801904393808e-01
9.996488022582644684e-01 -2.601787909394516138e-02 5.034094861060528676e-03 1.003686330778062619e+01 2.600315095076404306e-02 9.996574508806977954e-01 2.969349985618300984e-03 6.592720603826364156e-01 -5.109626625212813737e-03 -2.837404828036307024e-03 9.999829202789379812e-01 -3.415636133192392898e-01
9.996222725960288713e-01 -2.748012200934762603e-02 3.937312558929304636e-04 1.045993120462423676e+01 2.747878513620316196e-02 9.996176648971677459e-01 3.072522249248082950e-03 6.628659398721351570e-01 -4.780140048984928740e-04 -3.060542416813142024e-03 9.999952022798539453e-01 -3.733212643134696807e-01
9.995875445924217173e-01 -2.871827896166824490e-02 -3.389945583916746690e-05 1.090218704025066998e+01 2.871826893217761106e-02 9.995840954416247426e-01 2.626246311361332599e-03 6.763819144512123183e-01 -4.153591729076944612e-05 -2.626136635558022712e-03 9.999965508346211340e-01 -3.903574702308386657e-01
9.995916027742063337e-01 -2.857476644349605729e-02 3.322438758106187676e-04 1.136710655693842575e+01 2.857320223468484341e-02 9.995836207893351588e-01 4.019597459745406429e-03 7.591552077813619182e-01 -4.469645949769555059e-04 -4.008462595839265910e-03 9.999918661920549345e-01 -4.029677033649743390e-01
9.995489653682808617e-01 -3.001293702085983464e-02 1.043763661534447299e-03 1.181704209757984181e+01 3.000652746588650457e-02 9.995334899205239321e-01 5.693051619015587241e-03 7.942789462502272135e-01 -1.214141934963769561e-03 -5.659164132597518417e-03 9.999832497200551451e-01 -4.220208275898886807e-01
9.995087690471538000e-01 -3.133574498187537832e-02 5.400780261168848474e-04 1.231430719868283141e+01 3.133160465985885407e-02 9.994881349683343297e-01 6.465184216940745437e-03 8.150640760223106795e-01 -7.423929429438454316e-04 -6.445086807137760318e-03 9.999789546329296286e-01 -4.444892161829512855e-01
9.994747346326353643e-01 -3.240347949047756720e-02 -5.189874114769909858e-04 1.280047982182744271e+01 3.240568670868817364e-02 9.994620890709142724e-01 5.040236000633703181e-03 8.374429750944952788e-01 3.553870586025987166e-04 -5.054406682681302984e-03 9.999871632541712518e-01 -4.460156311239061866e-01
9.994550447448498076e-01 -3.290540869124869428e-02 -2.616794400040387512e-03 1.331315758910987235e+01 3.291523682794279815e-02 9.994509005611433849e-01 3.805857601099730050e-03 9.076892248735265456e-01 2.490124219918840760e-03 -3.889915986407021034e-03 9.999893338606107296e-01 -4.668883364469835207e-01
9.994336220412456395e-01 -3.341040972783888841e-02 -4.022394229123696895e-03 1.383415286564926738e+01 3.342659232355436882e-02 9.994330686613672743e-01 4.025443051101590050e-03 9.629455715147409167e-01 3.885622106105484676e-03 -4.157618060944761468e-03 9.999838079453625683e-01 -5.060017124653305443e-01
9.993649722933782842e-01 -3.541133307536779851e-02 -3.961015385054397243e-03 1.436773724041068689e+01 3.543304132032283615e-02 9.993566329904690626e-01 5.551547599118157421e-03 9.640644156097476491e-01 3.761879297315277090e-03 -5.688373034387155490e-03 9.999767450677911063e-01 -5.069169453991817509e-01
9.993249405672528507e-01 -3.648883662102137687e-02 -4.269421775945314752e-03 1.488668399855708735e+01 3.651620307116917180e-02 9.993118057738711313e-01 6.517802868301203999e-03 1.011935810383662426e+00 4.028656540540733084e-03 -6.669306036561062183e-03 9.999696446810117934e-01 -5.321539263116948915e-01
9.992645692321610040e-01 -3.831472055807320226e-02 -1.517519627715972026e-03 1.544150495161534309e+01 3.832350563344829458e-02 9.992457811825184999e-01 6.259209606759931314e-03 1.057009544699663461e+00 1.276555218859437265e-03 -6.312763063434408649e-03 9.999792594995549067e-01 -5.421865328358349556e-01
9.992208253116532379e-01 -3.944385054929746420e-02 1.387413904834493457e-03 1.600081706747952026e+01 3.943832629152354413e-02 9.992147577387726631e-01 3.806092007437478220e-03 1.085386465718307214e+00 -1.536451373120842259e-03 -3.748409114603504060e-03 9.999917943394773800e-01 -5.576335140257071554e-01
9.992106073230073715e-01 -3.965173300844268556e-02 2.429461383492311638e-03 1.656509221106335161e+01 3.964626664462636563e-02 9.992112256237974943e-01 2.258346415336147470e-03 1.129820285122177470e+00 -2.517092435706522364e-03 -2.160244619401009616e-03 9.999944987792954709e-01 -5.862763571331927048e-01
9.991817077362867838e-01 -4.036971157414828704e-02 2.490243485623639449e-03 1.714735513140590939e+01 4.036441286661707206e-02 9.991827277911422556e-01 2.142582037035003616e-03 1.183653618652082962e+00 -2.574703697688604607e-03 -2.040311562537611059e-03 9.999946040002399839e-01 -6.170975713161048759e-01
9.991400511540088347e-01 -4.138148737006663164e-02 2.594355990520766982e-03 1.772950975823134101e+01 4.137145145049684475e-02 9.991365724065044418e-01 3.809551766424783444e-03 1.245469424560740057e+00 -2.749760870279123037e-03 -3.698943473872367237e-03 9.999893782597559788e-01 -6.354437787818774108e-01
9.990627721747686873e-01 -4.323349228645119446e-02 2.107699974737023939e-03 1.830039824392337167e+01 4.322122120779255117e-02 9.990500764405907397e-01 5.556149868099949374e-03 1.283260343033081119e+00 -2.345909583339721334e-03 -5.459845122994643613e-03 9.999823432438493809e-01 -6.523769128439664833e-01
9.990274057857871925e-01 -4.394378225759967838e-02 3.631320671143291930e-03 1.887648185920069821e+01 4.392481309417774205e-02 9.990215751429454283e-01 5.148125246123683857e-03 1.359022163829147090e+00 -3.853995791585220366e-03 -4.983613127530268916e-03 9.999801549614040219e-01 -6.665173766871163030e-01
9.989584306925201052e-01 -4.545631719888414829e-02 3.972024049767776052e-03 1.945583144205735948e+01 4.544684352762976692e-02 9.989637694547820468e-01 2.443712353798885382e-03 1.418007996397674608e+00 -4.078990281018180300e-03 -2.260651102537080629e-03 9.999891255883135432e-01 -6.894754653685712942e-01
9.988896491057053240e-01 -4.699237308917186828e-02 3.344515051383412877e-03 2.006415605403936553e+01 4.698956541321361313e-02 9.988949628362222555e-01 9.132155821607944963e-04 1.433614805784868773e+00 -3.383733405304565397e-03 -7.550442836400001216e-04 9.999939901101263517e-01 -7.049862440654061091e-01
9.988715125809830564e-01 -4.743522411053402443e-02 2.366615254421036187e-03 2.068164297965818932e+01 4.743691901322395765e-02 9.988740141745581225e-01 -6.652227728019963681e-04 1.489288645628319196e+00 -2.332395487878989940e-03 7.767370134314767428e-04 9.999969783008847424e-01 -7.302514127353419982e-01
9.988438558408245793e-01 -4.806726628196760637e-02 6.996865102058291187e-04 2.129143716057815539e+01 4.806769710865346074e-02 9.988438923636014932e-01 -6.125215104271575575e-04 1.570231531363343258e+00 -6.694353627431600708e-04 6.454456665040925016e-04 9.999995676279999079e-01 -7.574845480732085301e-01
9.988130734779823161e-01 -4.870470133488270792e-02 -5.443503894665624931e-04 2.189844484533731261e+01 4.870464130170004680e-02 9.988132171654392488e-01 -1.230093403996281769e-04 1.629632522291099228e+00 5.496954969539219167e-04 9.635094688964232154e-05 9.999998442756656836e-01 -7.742948276540139174e-01
9.987849658213022730e-01 -4.925427638834645877e-02 -1.615025324989258562e-03 2.249449021854611530e+01 4.925468358538951513e-02 9.987862287016263663e-01 2.133093660345523727e-04 1.701924168909803914e+00 1.602558655132751454e-03 -2.925977492289208383e-04 9.999986730952766800e-01 -8.011173228953498704e-01
9.987297264200661884e-01 -5.033468083962748529e-02 -2.313756614815827735e-03 2.310767874597810234e+01 5.033774537696708573e-02 9.987314243274052483e-01 1.285865979045515417e-03 1.733953873106712784e+00 2.246097785804175920e-03 -1.400701868805870418e-03 9.999964965333685285e-01 -8.184476120213297623e-01
9.987299935569230458e-01 -5.030484779712573323e-02 -2.796829972743409935e-03 2.374980363210898915e+01 5.030867256516694669e-02 9.987328520961114009e-01 1.314385292703664204e-03 1.800454599076387607e+00 2.727166023409676593e-03 -1.453420818232437940e-03 9.999952250553029165e-01 -8.369346664165246974e-01
9.987009382508788002e-01 -5.090847899839059248e-02 -2.182361767614841332e-03 2.438667926093301475e+01 5.091052873319374533e-02 9.987028179304021647e-01 8.941599300800834272e-04 1.825213730057668071e+00 2.134010525038831409e-03 -1.004103552593698344e-03 9.999972188837000786e-01 -8.550977294855605093e-01
9.987008938770622901e-01 -5.094494043534113226e-02 -1.066589516291881158e-03 2.501603463419602136e+01 5.094593328628202467e-02 9.987009840860695542e-01 9.253470192402637627e-04 1.862508514525746728e+00 1.018062250759371084e-03 -9.784832936025806595e-04 9.999990030593519652e-01 -8.864866294906582622e-01
9.987312454729551092e-01 -5.033017602942314178e-02 1.665141701825642064e-03 2.566978435472665865e+01 5.032601480973444147e-02 9.987298306425178573e-01 2.453083394008603955e-03 1.923640217499757998e+00 -1.786490808895425421e-03 -2.366171087400852861e-03 9.999956048328286773e-01 -9.125206003122466880e-01
9.987601577936539021e-01 -4.959622815720916844e-02 4.285015352793686283e-03 2.633135925933578747e+01 4.958612623261576813e-02 9.987668892588561498e-01 2.432489554123772827e-03 2.012392903957568091e+00 -4.400373761252540997e-03 -2.216996338715750050e-03 9.999878607453169810e-01 -9.333780466967224188e-01
9.987946639157428974e-01 -4.882049009052374933e-02 5.077310386343574997e-03 2.700085149535324192e+01 4.881159733758448638e-02 9.988062699107451703e-01 1.860954684328569239e-03 2.082344177711924704e+00 -5.162102167888087123e-03 -1.610879978360242604e-03 9.999853787765616842e-01 -9.643469515980763740e-01
9.988106081406221692e-01 -4.852814845268445254e-02 4.731582559224772194e-03 2.767097652835455435e+01 4.852192627595706964e-02 9.988211066190012533e-01 1.421141394908727795e-03 2.121095275860723106e+00 -4.794969888448439438e-03 -1.189865600795289623e-03 9.999877961673436788e-01 -9.827188259555431626e-01
9.988703868080784920e-01 -4.746868455754791466e-02 2.162023185724804356e-03 2.838947308564247507e+01 4.746470641902326287e-02 9.988711920761462748e-01 1.855609046782312650e-03 2.186536715960128774e+00 -2.247665997325043984e-03 -1.750893130542469089e-03 9.999959411771679463e-01 -1.020625569603812233e+00
9.989245018312008506e-01 -4.636596203429341895e-02 -1.928883656573226720e-04 2.907175496171863216e+01 4.636631477080570968e-02 9.989208294015763379e-01 2.709509594260419655e-03 2.261735096489163599e+00 6.705118722529489780e-05 -2.715539044331142810e-03 9.999963106691128756e-01 -1.046691332368253846e+00
9.989566252329228346e-01 -4.558174792499582878e-02 -2.822261389705393777e-03 2.978982426098130176e+01 4.558995323797678662e-02 9.989559854983471876e-01 2.914652772632919664e-03 2.309497096649627323e+00 2.686459939916042549e-03 -3.040278462257179140e-03 9.999917697860634114e-01 -1.070323925588345881e+00
9.990167818525638177e-01 -4.413961589417313147e-02 -4.142932012696953076e-03 3.050003568874220505e+01 4.415049778633045596e-02 9.990215781253484195e-01 2.572933181710674189e-03 2.345930280296628645e+00 4.025310195028454149e-03 -2.753315937769769493e-03 9.999881079938803818e-01 -1.078220023258726457e+00
9.991206232087116446e-01 -4.160007347305440945e-02 -5.235853900944630046e-03 3.123372663589755760e+01 4.161375431842084111e-02 9.991305652006370330e-01 2.531626627620839776e-03 2.417097772285640822e+00 5.125985813643400488e-03 -2.747283911801357611e-03 9.999830882072687777e-01 -1.111253597280153160e+00
9.992570675008949355e-01 -3.846848568638890076e-02 -2.342788617880374631e-03 3.194919868704733901e+01 3.847974850139733449e-02 9.992470268270112754e-01 4.968735517947959861e-03 2.487645467938367716e+00 2.149884829749494283e-03 -5.055193999660191791e-03 9.999849113905892040e-01 -1.139504077344330568e+00
9.993668600565877025e-01 -3.555046474723439626e-02 1.429502323308068281e-03 3.266777627841783982e+01 3.554025241548617459e-02 9.993462703008213488e-01 6.627404777232025201e-03 2.551794819121058655e+00 -1.664175135082917017e-03 -6.572403829147505094e-03 9.999770167503982954e-01 -1.167804186207072936e+00
9.994277471416700420e-01 -3.340790587418068780e-02 5.300006455467606674e-03 3.340474218938934570e+01 3.337907406781046027e-02 9.994279678952298074e-01 5.438235300833051643e-03 2.595269975622764402e+00 -5.478654734671466360e-03 -5.258213947100951781e-03 9.999711673485315311e-01 -1.172036381730365839e+00
9.995099294295334280e-01 -3.090270026266045411e-02 4.992403053164881643e-03 3.414406169680253100e+01 3.089299937907689919e-02 9.995206789508427336e-01 2.008715761567960497e-03 2.618693314110040582e+00 -5.052084830388239162e-03 -1.853501044667259278e-03 9.999855203815423144e-01 -1.212632641549531876e+00
9.996291912633606946e-01 -2.698705652465486701e-02 3.630255403484855103e-03 3.488624101715014092e+01 2.698401501663322613e-02 9.996354741068611549e-01 8.842175824582558562e-04 2.696986930323590936e+00 -3.652794511269472511e-03 -7.859308405317411107e-04 9.999930196781237068e-01 -1.257195423756210184e+00
9.997135999822875929e-01 -2.378725269895061792e-02 2.623855844171887365e-03 3.559011976919018849e+01 2.378039700487491123e-02 9.997137894232092092e-01 2.613800944555691366e-03 2.731244597543276864e+00 -2.685280012450213562e-03 -2.550656018260905478e-03 9.999931416890474045e-01 -1.265746736375867210e+00
9.997895660047992905e-01 -2.050924714153754685e-02 4.410097759535962637e-04 3.632694591546197671e+01 2.050732460460544943e-02 9.997817255457672747e-01 3.993858070761758736e-03 2.788116532240820789e+00 -5.228245370069160066e-04 -3.983973696622379601e-03 9.999919272714595797e-01 -1.297703186481422577e+00
9.998404533571586539e-01 -1.779914981111280908e-02 -1.502696427454258601e-03 3.707150478911857761e+01 1.780808537785580348e-02 9.998224562397372006e-01 6.158578887521387601e-03 2.816398035944449596e+00 1.392812164837445126e-03 -6.184356453212313393e-03 9.999799067028962707e-01 -1.319437702427771697e+00
9.998896702152719751e-01 -1.479115926712328867e-02 -1.367115331374725096e-03 3.778277237808378430e+01 1.480074546358948161e-02 9.998638863680178179e-01 7.290176319238228508e-03 2.818269044912616206e+00 1.259099089318369826e-03 -7.309606321693345315e-03 9.999724917841016358e-01 -1.322784216779504085e+00
9.999380392977558207e-01 -1.081885503470939904e-02 -2.621057248082218818e-03 3.851633440319080393e+01 1.083472996503544346e-02 9.999225731770304826e-01 6.120153397651890287e-03 2.868009670690051305e+00 2.554641255547298890e-03 -6.148172636155399551e-03 9.999778366450385869e-01 -1.332752237513977311e+00
9.999616745091447489e-01 -6.081140556775326000e-03 -6.298352355650307932e-03 3.922577060820496087e+01 6.112633589419864608e-03 9.999688519450821156e-01 4.993080235280799618e-03 2.906762581970472326e+00 6.267792551503241841e-03 -5.031388393197053395e-03 9.999676994320206846e-01 -1.369084200532967532e+00
9.999608674330371372e-01 -2.069018219336294078e-03 -8.601323513038857185e-03 3.993108107407226015e+01 2.128299739525642709e-03 9.999740076778678155e-01 6.888708796443715129e-03 2.893738538643007452e+00 8.586847080659798168e-03 -6.906745418177826293e-03 9.999392796189885413e-01 -1.389925458912066425e+00
9.999596549883008612e-01 3.074319515298920558e-03 -8.440198765198459602e-03 4.067278884112381121e+01 -2.994144137408214813e-03 9.999504341877647473e-01 9.495486748199456414e-03 2.926466234522396181e+00 8.468972580108487247e-03 -9.469832481024132928e-03 9.999192961315521710e-01 -1.424104269257119970e+00
9.999442316750550841e-01 7.974755879080589610e-03 -6.923641271245862920e-03 4.136580679888115952e+01 -7.899201848872994258e-03 9.999096961308077125e-01 1.087208322938128247e-02 2.954264267793875742e+00 7.009718249301531527e-03 -1.081678567158015844e-02 9.999169270483425631e-01 -1.432750706830462351e+00
9.998994951041899615e-01 1.247822614251815725e-02 -6.730049236242934170e-03 4.206585104070325798e+01 -1.240167032025412015e-02 9.998592504431346173e-01 1.129946355189991904e-02 2.936888105367069457e+00 6.870099246284999510e-03 -1.121486404862596410e-02 9.999135105401452117e-01 -1.464177304470100749e+00
9.998116464508850498e-01 1.868563918070291138e-02 -5.245808763102562285e-03 4.276756824756404285e+01 -1.861632511795377129e-02 9.997426383871798050e-01 1.296493076507788771e-02 2.963281651421523666e+00 5.486716711577784532e-03 -1.286483109291372724e-02 9.999021912470628104e-01 -1.463990212816969505e+00
9.996956775367749071e-01 2.453088661437322765e-02 -2.605362969218721295e-03 4.344224389321042423e+01 -2.449370782430609905e-02 9.996094495077109121e-01 1.345387423415963027e-02 2.962617156860189116e+00 2.934380906790708381e-03 -1.338596491866846094e-02 9.999060982671773568e-01 -1.476830133795697053e+00
9.995078266841745940e-01 3.134182560298787862e-02 1.339539081153413684e-03 4.412560001841995927e+01 -3.135656001234034956e-02 9.994244226010590149e-01 1.294564222942989895e-02 3.006219818218028639e+00 -9.330280116598365335e-04 -1.298127406735541389e-02 9.999153044044868377e-01 -1.507655500101377610e+00
9.992760248138781165e-01 3.767496897253608951e-02 5.293670285556849320e-03 4.483799147677520835e+01 -3.773638687462473745e-02 9.992153693158990491e-01 1.202542425613761790e-02 2.968021853514126729e+00 -4.836459223687720674e-03 -1.221648213725606488e-02 9.999136793875598173e-01 -1.516932266916284133e+00
9.990189606687269741e-01 4.371908421080188817e-02 7.053927994050744263e-03 4.553151278419279180e+01 -4.379364275608275264e-02 9.989823695025085160e-01 1.078620773516683097e-02 2.957976299904911954e+00 -6.575186577507928856e-03 -1.108454324374194035e-02 9.999169464623292036e-01 -1.556148050211775491e+00
9.987570824902025635e-01 4.938195619629730942e-02 6.761107741020312527e-03 4.623294476530171693e+01 -4.944680500859290756e-02 9.987288160868476039e-01 9.785979368763434924e-03 2.938197590996672215e+00 -6.269262325098693030e-03 -1.010813137976780164e-02 9.999292585127752542e-01 -1.582060753902078343e+00
9.984797664853949373e-01 5.481360553900464089e-02 5.798669423726374519e-03 4.691322091333899635e+01 -5.487077558526762960e-02 9.984412830305164910e-01 1.020795410683504080e-02 2.918399059697855957e+00 -5.230096169522868016e-03 -1.051061312152872136e-02 9.999310841782382830e-01 -1.598390331469780934e+00
9.981773013837620390e-01 6.023735213884744144e-02 3.679185987507576326e-03 4.761636659709387942e+01 -6.027168589892074879e-02 9.981312198742836594e-01 1.006934909397407679e-02 2.916671763814491669e+00 -3.065759470672607158e-03 -1.027274644751684229e-02 9.999425342484902224e-01 -1.631137042014085603e+00
9.978427778111264024e-01 6.561803667974890064e-02 2.015944560262722049e-03 4.832426720701796796e+01 -6.563559301322284545e-02 9.977890597178450394e-01 1.043844994149688808e-02 2.881997090272903073e+00 -1.326536836086980803e-03 -1.054824960236027016e-02 9.999434857682452105e-01 -1.646097132076813407e+00
9.975225592022121113e-01 7.032247610415569283e-02 1.869020398391414792e-03 4.898975162524492788e+01 -7.033890483717646080e-02 9.974619700155894497e-01 1.104793369485555093e-02 2.860398819361407607e+00 -1.087358715322046896e-03 -1.115202794112985646e-02 9.999372229914358368e-01 -1.681240619129180214e+00
9.971397173748897114e-01 7.544048906183703496e-02 4.595284935232523196e-03 4.967911609093890490e+01 -7.548602701545897853e-02 9.970893629729740137e-01 1.070803303927331251e-02 2.846343532287837874e+00 -3.774090479377212749e-03 -1.102428484118666424e-02 9.999321083877614758e-01 -1.696576585515085833e+00
9.967326343151194923e-01 8.061175158235370231e-02 5.079487972927489159e-03 5.036504730330982937e+01 -8.065389672465395066e-02 9.967039821899863483e-01 8.724725196371170208e-03 2.807967873033774264e+00 -4.359430509948795940e-03 -9.105898827037149992e-03 9.999490376875116437e-01 -1.717518405087064437e+00
9.962897867422364495e-01 8.595729222009475257e-02 4.243200124712073924e-03 5.105869093204093190e+01 -8.597974338281021145e-02 9.962821037815702274e-01 5.427099814333469045e-03 2.782734128240671456e+00 -3.760925542366081765e-03 -5.771793374495774558e-03 9.999762706386121636e-01 -1.743494033721333158e+00
9.959855045181310595e-01 8.950201515145056463e-02 1.504683884893988745e-03 5.175187776581608290e+01 -8.950607546630451328e-02 9.959820794341671668e-01 2.891349271982114871e-03 2.709513218490819053e+00 -1.239856598218717085e-03 -3.014420312747490959e-03 9.999946879987883230e-01 -1.769201161099350328e+00
