1.000000000000000000e+00 0.000000000000000000e+00 0.000000000000000000e+00 0.000000000000000000e+00 0.000000000000000000e+00 1.000000000000000000e+00 0.000000000000000000e+00 0.000000000000000000e+00 0.000000000000000000e+00 0.000000000000000000e+00 1.000000000000000000e+00 0.000000000000000000e+00
9.999999999024742348e-01 -1.082566160091140576e-05 8.823634205901182903e-06 -3.360287789428634871e-03 1.082605176476344809e-05 9.999999989637295972e-01 -4.421919647071240487e-05 -2.821175310378454693e-03 -8.823155494700257585e-06 4.421929199152055992e-05 9.999999989834030822e-01 -1.444422461334175399e-03
9.999999996070149111e-01 1.953340860875835445e-05 -2.011009798216935370e-05 1.696177460323643020e-03 -1.953391677971213729e-05 9.999999994899377853e-01 -2.526955567042168835e-05 -3.100197327604255638e-03 2.010960437135567887e-05 2.526994848947154590e-05 9.999999994785168100e-01 -1.605943072959355438e-03
9.999999998486315267e-01 -1.015344306498891223e-05 1.412955988482925199e-05 1.132380293167823890e-03 1.015366307346619599e-05 9.999999998272265378e-01 -1.557081015822933318e-05 -2.683066908330198827e-03 -1.412940178505362036e-05 1.557095362266284921e-05 9.999999997789527084e-01 -8.116337228286196314e-04
9.999999999857311916e-01 4.388028343482983021e-07 -5.324002208814556583e-06 -1.491842620458717558e-03 -4.388959824454560851e-07 9.999999998468506179e-01 -1.749589020520866869e-05 -2.830858413667611782e-03 5.323994530752977176e-06 1.749589254164220556e-05 9.999999998327744333e-01 -1.136470605900968172e-03
9.999999999971279641e-01 1.095445296763877514e-06 2.131660216416153594e-06 -1.410192681191652780e-03 -1.095404584566463481e-06 9.999999998170193694e-01 -1.909872868164243633e-05 -2.868640971961000392e-03 -2.131681137638609832e-06 1.909872634655721327e-05 9.999999998153472625e-01 -1.352747244566810227e-03
9.999999998699053982e-01 -8.300677890746457996e-06 -1.383068501515994518e-05 6.446996830312395205e-04 8.300218504396798466e-06 9.999999994139437964e-01 -3.321473696395455379e-05 -1.602730269947672632e-03 1.383096071188714896e-05 3.321462216192580346e-05 9.999999993527467490e-01 -1.003039035239066930e-03
9.999999999743826029e-01 -3.747741403128010052e-06 6.098293055246321866e-06 7.948512571724513677e-04 3.747868990506499548e-06 9.999999997741129132e-01 -2.092194125295330730e-05 -1.876819476900437166e-05 -6.098214643843329062e-06 2.092196410802077560e-05 9.999999997625416137e-01 -1.212199765044674922e-03
9.999999997788107109e-01 -1.125931404617622039e-05 1.776531696206831351e-05 -1.012660910004749802e-04 1.125952062698951110e-05 9.999999998690033420e-01 -1.162826411580537890e-05 -2.555449315609121738e-03 -1.776518603346362456e-05 1.162846414218611206e-05 9.999999997745885327e-01 -8.393931610169327699e-04
9.999999999969420017e-01 6.226250488370711984e-07 -2.393402284717435270e-06 -4.016958809569788971e-04 -6.226825657013171828e-07 9.999999997110496919e-01 -2.403149801302941290e-05 -3.250037092402418941e-03 2.393387321413236765e-06 2.403149950328579718e-05 9.999999997083793835e-01 -1.288319570229996694e-03
9.999999999349974411e-01 -1.115886974644652205e-05 -2.341967047523110801e-06 1.743633386648946876e-03 1.115882757709325343e-05 9.999999997756467973e-01 -1.800519573434834398e-05 -3.633964322846011154e-04 2.342167964631641403e-06 1.800516959957148587e-05 9.999999998351640773e-01 -7.284110994338953513e-04
9.999999998951066837e-01 -1.354353732213247561e-05 5.134129383833617713e-06 1.730218292094552919e-03 1.354358212332777112e-05 9.999999998702122639e-01 -8.726218040160563347e-06 3.885009202027334130e-05 -5.134011199307561859e-06 8.726287573748184540e-06 9.999999999487468871e-01 -8.389045509430241836e-04
9.999999996331456753e-01 -7.762948642677676211e-06 2.595082396716641234e-05 -1.464477485390534243e-03 7.763067430160588194e-06 9.999999999593914835e-01 -4.577309390551845950e-06 -2.999552645393668577e-03 -2.595078843269486789e-05 4.577510846868965559e-06 9.999999996528015078e-01 -1.109624201106863177e-03
9.999999954457143847e-01 -4.308801151054116876e-05 8.515864347100491412e-05 -6.149454432914314150e-03 4.308830748548267788e-05 9.999999990656653903e-01 -3.473739735715698921e-06 -6.358718554071651589e-03 -8.515849371490053269e-05 3.477409061710220705e-06 9.999999963679693238e-01 -7.927758584647870074e-04
9.999999856259087494e-01 6.785170538054516396e-05 1.553844536171820130e-04 -2.367962490249546706e-02 -6.778966940166223179e-05 9.999999180170325852e-01 -3.992123354020019879e-04 8.227724734292396480e-04 -1.554115281160694238e-04 3.992017962029465253e-04 9.999999082425872210e-01 -9.387067382058054271e-03
9.999979656178410448e-01 -1.792065164813904231e-06 -2.017116002522891405e-03 1.246018453647775026e-02 1.005836992155555172e-06 9.999999240355361696e-01 -3.897793095679873837e-04 -4.960149601713096518e-03 2.017116547803678075e-03 3.897764877180212324e-04 9.999978896553343155e-01 -2.643383091488007292e-03
9.999960699625835003e-01 -3.087622980929773814e-05 -2.803409717868721694e-03 -5.579342655900251802e-03 3.039333220428287296e-05 9.999999846951483917e-01 -1.722961065279956583e-04 -3.842206692927800128e-03 2.803414994817132050e-03 1.722102244349903741e-04 9.999960555962235098e-01 -7.878655212792328930e-04
9.999949067919871037e-01 8.692441670727226821e-05 -3.190428534044928866e-03 -3.729327789167808521e-03 -8.725669994943988604e-05 9.999999907839912661e-01 -1.040109888685442888e-04 -5.342309247651421886e-05 3.190419463547372689e-03 1.042888453842476465e-04 9.999949051607629480e-01 -6.629885376496574226e-04
9.999950017540428782e-01 -3.822373655578651942e-05 -3.161487921500399142e-03 1.314488338198643684e-02 3.831425689140904373e-05 9.999999988578397447e-01 2.857163381401552126e-05 7.891299211052657178e-03 3.161486825774869735e-03 -2.869262106634577444e-05 9.999950020764023506e-01 3.640898210690377956e-04
9.999956835064672811e-01 8.850397736360444964e-06 -2.938178024518237324e-03 1.575296447192303662e-02 -8.669485125165339880e-06 9.999999980660152499e-01 6.158579035887943188e-05 7.492098781915524502e-03 2.938178563894585597e-03 -6.156005203353500581e-05 9.999956816492192591e-01 -1.097672880704748987e-03
9.999961400987775750e-01 1.120963240840526126e-05 -2.778427953016206296e-03 1.734845659968238876e-02 -1.097300284941901394e-05 9.999999963118154644e-01 8.518193609923959666e-05 4.000781358988824907e-03 2.778428897627042895e-03 -8.515111960753496141e-05 9.999961365336106356e-01 -1.411602274552056519e-03
9.999957590546664221e-01 6.100666222896926113e-06 -2.912359089024328922e-03 1.739598533504020314e-02 -6.044453662157985350e-06 9.999999997952906394e-01 1.931018530632867849e-05 9.438031353360080283e-07 2.912359206233136686e-03 -1.929249979332724264e-05 9.999957588868331193e-01 -1.579609673167356324e-03
9.999954821729771792e-01 6.939009298323150468e-05 -3.005132051978582231e-03 1.698309371762471084e-02 -6.952616512419202777e-05 9.999999965626443776e-01 -4.517547646599755006e-05 -3.885003506064244917e-04 3.005128906918362163e-03 4.538420767827506722e-05 9.999954835600641800e-01 -2.955686964969574636e-03
9.999953799444764035e-01 1.501279687179946257e-05 -3.039714512620164417e-03 2.591020273842557786e-02 -1.544195289885430530e-05 9.999999899177589580e-01 -1.411595838873151742e-04 6.245724659775911446e-04 3.039712362772870307e-03 1.412058708505297777e-04 9.999953700941087709e-01 -5.378655620001105558e-03
9.999946816850319165e-01 1.293315196554525822e-06 -3.261380072774721067e-03 4.079591670416489457e-02 -1.609923721238186939e-06 9.999999952868816600e-01 -9.707545935559341356e-05 -3.588245459361610705e-03 3.261379931854284289e-03 9.708019365086801797e-05 9.999946769740207797e-01 -6.996323697997794584e-03
9.999871317451574093e-01 -2.745613375078606716e-05 -5.073025749374890370e-03 7.690409596711986207e-02 2.484037805618085956e-05 9.999998667271380315e-01 -5.156827142234110452e-04 -6.081612778475466510e-03 5.073039231931805032e-03 5.155500624093234049e-04 9.999869991560312865e-01 -6.382998778105899995e-03
9.999831494023438960e-01 -1.422332016301426682e-04 -5.803505930548764381e-03 1.070388993792274063e-01 1.385875631005893433e-04 9.999997928428495664e-01 -6.285759662951794294e-04 -1.205248713335177121e-02 5.803594132683166130e-03 6.277610806701204409e-04 9.999829619604369002e-01 -1.184192839563796319e-02
9.999796649984027397e-01 -2.295707137876501199e-04 -6.373137921739155561e-03 1.616582938769265954e-01 2.260086587005062577e-04 9.999998178662812265e-01 -5.596315668684600456e-04 -1.405182235018046476e-02 6.373265235994110024e-03 5.581798024062482270e-04 9.999795347533567691e-01 -1.292577131777150092e-02
9.999767518499043106e-01 -1.461089054340932846e-03 -6.660403778318395480e-03 2.887455900969070344e-01 1.458593876104010735e-03 9.999988642522822380e-01 -3.794707500994206977e-04 -6.600372021223146687e-03 6.660950654339417402e-03 3.697471039430302582e-04 9.999777472641376841e-01 -1.316555011610918632e-02
9.999765750031179845e-01 -1.616460901351508090e-03 -6.651052487238279416e-03 3.437185811729687734e-01 1.614187937165369830e-03 9.999986369588876878e-01 -3.470989343863789827e-04 -8.426066075069583647e-03 6.651604493436636366e-03 3.363547549005694898e-04 9.999778212656227350e-01 -1.408198970573593285e-02
9.999760327765396806e-01 -1.757116856246898661e-03 -6.696746437370264086e-03 4.263126114036306369e-01 1.755265978933068715e-03 9.999984196863568320e-01 -2.822518946650269772e-04 -1.245493086609983022e-02 6.697231803972328486e-03 2.704905586797381263e-04 9.999775367082109900e-01 -1.592580704982553275e-02
9.999753982624073334e-01 -1.320056952963619265e-03 -6.889145054420356407e-03 5.484339248562246638e-01 1.317816938669840289e-03 9.999990773342104511e-01 -3.296805178243654194e-04 -1.030158445649375330e-02 6.889573895101705828e-03 3.205937750651077279e-04 9.999762152127296133e-01 -1.746300628695287432e-02
9.999722270227159315e-01 -2.367014113526632723e-03 -7.066995642863525828e-03 7.060552287044790098e-01 2.363071092110563976e-03 9.999970476255130025e-01 -5.662466521813765705e-04 -3.775156464200307531e-03 7.068315092263341426e-03 5.495311127142462693e-04 9.999748681528514149e-01 -2.078452039202302593e-02
9.999713602778638188e-01 -2.591833400272961895e-03 -7.110627515481453102e-03 8.148520014044963178e-01 2.588743133616614855e-03 9.999965507336097126e-01 -4.437678122878402570e-04 -3.497696394774226121e-04 7.111753161270803307e-03 4.253475147445953284e-04 9.999746207011780408e-01 -2.125924412333008925e-02
9.999726603017535798e-01 -2.906213299039011374e-03 -6.799453896756781253e-03 9.333633510343380957e-01 2.905565649953139196e-03 9.999957733094051449e-01 -1.051264881581780880e-04 1.023456867829485029e-02 6.799730677566911789e-03 8.536735435085761412e-05 9.999768779202483637e-01 -2.356034844773732817e-02
9.999702861796816444e-01 -3.843245446347936384e-03 -6.682531119621187322e-03 1.091120304221438797e+00 3.842939236963315366e-03 9.999926141611064079e-01 -5.866223320029913377e-05 8.626083471980381528e-03 6.682707216883556657e-03 3.297992907942169714e-05 9.999776699189726337e-01 -2.742923710231892284e-02
9.999696798814784460e-01 -3.751469082158390232e-03 -6.823913646815332225e-03 1.240863379235483288e+00 3.750991571974553618e-03 9.999929615806533167e-01 -8.277306975737656696e-05 4.512784241459335752e-03 6.824176137861529857e-03 5.717411749100467598e-05 9.999767134044470485e-01 -2.626171845958828049e-02
9.999695266134956961e-01 -3.839396114075805787e-03 -6.797417293402822913e-03 1.410792294869046337e+00 3.837848397457613737e-03 9.999926064591702080e-01 -2.407211523426760732e-04 1.559854623228081050e-02 6.798291260277406975e-03 2.146263596876242909e-04 9.999768683181957662e-01 -2.890394024551931965e-02
9.999688988475774476e-01 -4.741150971358901699e-03 -6.302604622717023625e-03 1.597780780918821808e+00 4.741294584309266834e-03 9.999887599688912498e-01 7.844996185928271336e-06 2.827196560865341546e-02 6.302496586933711148e-03 -3.772725736223691569e-05 9.999801383594705273e-01 -3.341888129658138890e-02
9.999693071658628529e-01 -5.031541881304360704e-03 -6.005690012056525209e-03 1.788401003107344289e+00 5.038711901477278647e-03 9.999866101823261522e-01 1.179338134078047537e-03 3.019445029614593878e-02 5.999675707748425291e-03 -1.209562878588639305e-03 9.999812702491205352e-01 -3.807309301594631601e-02
9.999640388071150410e-01 -5.982136927699380734e-03 -6.011250314264872906e-03 1.991135033846251901e+00 5.997971594799550270e-03 9.999785807719469011e-01 2.619605709058759301e-03 3.103789280948551083e-02 5.995450717875334089e-03 -2.655566813546763640e-03 9.999785010366913918e-01 -3.765953563835812423e-02
9.999641605900402297e-01 -6.470694956103093323e-03 -5.459637555844843934e-03 2.200522399129214435e+00 6.494881987190529934e-03 9.999691213804168255e-01 4.424115013163843445e-03 4.059164562307507329e-02 5.430841871072795979e-03 -4.459416157110224037e-03 9.999753094772435569e-01 -4.395461094337459185e-02
9.999608551057102002e-01 -6.959691140909187584e-03 -5.463602793032984462e-03 2.411306116303213898e+00 6.987590007408474996e-03 9.999625609892787148e-01 5.103940208447603315e-03 4.790819907885605911e-02 5.427876393696975943e-03 -5.141917831528728007e-03 9.999720490288058761e-01 -4.721071623231406361e-02
9.999585222515912086e-01 -7.512517323642342766e-03 -5.149355287402987251e-03 2.647621835414103231e+00 7.541960511199025281e-03 9.999551850737675718e-01 5.722471121356782937e-03 6.036849406117732186e-02 5.106134355992401376e-03 -5.761070000375062040e-03 9.999703682931756488e-01 -4.987836300575110293e-02
9.999547424695155451e-01 -8.194572565710746270e-03 -4.833424582034949110e-03 2.893916116988338061e+00 8.224329060664802016e-03 9.999471505742351107e-01 6.168992621958082137e-03 6.555381954287604895e-02 4.782616880623341560e-03 -6.208465102838997551e-03 9.999692902968770891e-01 -5.067503115576722089e-02
9.999545047501575690e-01 -8.571969138596601673e-03 -4.184468300036498466e-03 3.147343705210551956e+00 8.599365077799608209e-03 9.999414178676609977e-01 6.573564715629733914e-03 7.200164383932054768e-02 4.127874771087831733e-03 -6.609249420229134676e-03 9.999696387750857118e-01 -5.416749877231636506e-02
9.999495252870496120e-01 -9.249926408006987899e-03 -3.922466016497076595e-03 3.404483961071863796e+00 9.271326184092650718e-03 9.999420423541399705e-01 5.473065267244565067e-03 7.537843719785054797e-02 3.871613228652562907e-03 -5.509155477731204377e-03 9.999773296514925525e-01 -7.342613666398481453e-02
9.999288987055208189e-01 -9.943525245579081309e-03 -6.582084719504012124e-03 3.673069065578863590e+00 9.978914301697660097e-03 9.999358129652984317e-01 5.365744942415089092e-03 7.749190260518674933e-02 6.528307814707470444e-03 -5.431045490346283339e-03 9.999639418208829955e-01 -8.000977407588974466e-02
9.998924634623451713e-01 -1.060042164913492339e-02 -1.013373435922171675e-02 3.950061566378889832e+00 1.064106680503539536e-02 9.999355195468484503e-01 3.965406136215919933e-03 8.415448894108991384e-02 1.009104595438416185e-02 -4.072813454470596353e-03 9.999407897381282773e-01 -8.626042039164920350e-02
9.998361562730144758e-01 -1.147909409519215322e-02 -1.399610688576664701e-02 4.236498708388045209e+00 1.149036854021196451e-02 9.999337204228756493e-01 7.253909818645666672e-04 9.197699281861233811e-02 1.398685239838424153e-02 -8.860925573482335369e-04 9.999017865770445379e-01 -8.931692480292362235e-02
9.997846584287499727e-01 -1.166242124499926661e-02 -1.716463519017717362e-02 4.531857338467047747e+00 1.161610951673644823e-02 9.999286235310940185e-01 -2.795325188038903438e-03 9.045991323507743265e-02 1.719601029898690583e-02 2.595336956136830471e-03 9.998487692925771553e-01 -8.498901097824367035e-02
9.997534120029387683e-01 -1.208991110460914606e-02 -1.862657343594674095e-02 4.844387512970915743e+00 1.199398004059549008e-02 9.999142696319545109e-01 -5.253363606382874078e-03 9.364940713731609301e-02 1.868848927195200862e-02 5.028661439957909755e-03 9.998127089274543300e-01 -8.531200851209033709e-02
9.997299695476107306e-01 -1.257662823086607221e-02 -1.954012309776500048e-02 5.148224111360428346e+00 1.241979441972244566e-02 9.998898444015715814e-01 -8.126977862209460585e-03 9.648321363483532143e-02 1.964018062302528775e-02 7.882099018890458691e-03 9.997760428316690984e-01 -8.191602026772258627e-02
9.997201185657998979e-01 -1.262145291679630729e-02 -2.000958422986384364e-02 5.479798771538558988e+00 1.240302031255472240e-02 9.998625381359729225e-01 -1.100317769630647022e-02 1.085112405591491108e-01 2.014570976434627500e-02 1.075191883150329250e-02 9.997392393116975029e-01 -8.641720379707043542e-02
9.997002979102581621e-01 -1.335548520475718717e-02 -2.051695330907348999e-02 5.813236569973982526e+00 1.311482198921551032e-02 9.998441314145573022e-01 -1.182008122055934474e-02 1.189614221221249463e-01 2.067161828044382019e-02 1.154746252710707813e-02 9.997196308499961548e-01 -8.904601334969548809e-02
9.997025375551321646e-01 -1.367321508892823875e-02 -2.019602918797285332e-02 6.153113854679979511e+00 1.348213218831731397e-02 9.998633385599419166e-01 -9.567461284146136502e-03 1.275911578157372939e-01 2.032408712553369565e-02 9.292329788530010598e-03 9.997502608599884155e-01 -7.548840627896136191e-02
9.997943674216236420e-01 -1.425547297786920915e-02 -1.442235633218870439e-02 6.502236323679505325e+00 1.418005468801258363e-02 9.998853154446839531e-01 -5.318083031492515551e-03 1.508580472342540002e-01 1.449651409961564413e-02 5.112479658846290527e-03 9.998818498356181195e-01 -6.235087118176883131e-02
9.998694364596795170e-01 -1.569601668066172850e-02 -3.839934135269479788e-03 6.860564193001057021e+00 1.568768307121651273e-02 9.998745405660616203e-01 -2.190828077311552692e-03 1.619509972406823484e-01 3.873839653352452016e-03 2.130302365313091993e-03 9.999902275413357078e-01 -6.267238768091557000e-02
9.998079127688355161e-01 -1.747277876601459334e-02 8.879164770320557495e-03 7.228692979008103592e+00 1.747623730164006572e-02 9.998472302029527414e-01 -3.120661152978306398e-04 1.691563096851763370e-01 -8.872355639927676993e-03 4.671805619482873105e-04 9.999605307449495051e-01 -7.094053017822822549e-02
9.996300571592550144e-01 -1.888540000344527889e-02 1.957269757837415414e-02 7.607099541269493059e+00 1.894789917137885624e-02 9.998159335869127862e-01 -3.012650447911185535e-03 1.818080354055194581e-01 -1.951219979335710314e-02 3.382397439673238016e-03 9.998038974952959679e-01 -1.122211573534565437e-01
9.995420861627756226e-01 -2.041601034072651477e-02 2.233393183328460582e-02 7.980481851411748373e+00 2.058009075034978458e-02 9.997627001646762768e-01 -7.141654160126977534e-03 1.896822118328939655e-01 -2.218282790975539473e-02 7.598018241807506963e-03 9.997250583359023057e-01 -1.371053440847226634e-01
9.995791202311514745e-01 -2.154438788698383178e-02 1.942734537944914436e-02 8.357766009353159831e+00 2.173974734156684102e-02 9.997146322207471902e-01 -9.901389259142865176e-03 1.957267472654218299e-01 -1.920848207022244486e-02 1.031956754478677817e-02 9.997622421067153820e-01 -1.326429267913660781e-01
9.995773266122159884e-01 -2.271863398576236259e-02 1.813923351733279926e-02 8.733773795082848679e+00 2.287867685750528957e-02 9.997006991221387695e-01 -8.664774662783333511e-03 2.104893129639477944e-01 -1.793695258468445269e-02 9.076113955208115966e-03 9.997979245264749792e-01 -1.319026141737029978e-01
9.995489624264722872e-01 -2.425963675013271398e-02 1.770146143442025144e-02 9.134675272691561432e+00 2.436485531060202797e-02 9.996865805830942309e-01 -5.752775658241916605e-03 2.307204933536254887e-01 -1.755635320492514306e-02 6.181474486903824721e-03 9.998267669128045876e-01 -1.503854302809490839e-01
9.995621541692680800e-01 -2.565151512488157357e-02 1.474787185631951103e-02 9.542245316007354816e+00 2.568786506061242550e-02 9.996674109139721542e-01 -2.280601934431760857e-03 2.573519030688770082e-01 -1.468446598008305015e-02 2.658444724559550203e-03 9.998886433651130723e-01 -1.863244411371816345e-01
9.996115860244038087e-01 -2.688239206775469570e-02 7.349427358058490366e-03 9.946241492725995670e+00 2.687821556440226495e-02 9.996384933256585725e-01 6.664755665081095520e-04 2.888268647359899521e-01 -7.364686948498414855e-03 -4.686772052788729733e-04 9.999727704931908878e-01 -2.101360534502234589e-01
9.996089014808998696e-01 -2.794228868438466615e-02 1.128088306398791936e-03 1.036559016429794511e+01 2.793940570263761178e-02 9.996065042326732764e-01 2.495256443309744332e-03 3.035235334077799330e-01 -1.197367584305585216e-03 -2.462762435349113814e-03 9.999962505489983222e-01 -2.236334907925723037e-01
9.995728794851893584e-01 -2.920938955280355867e-02 -9.328234772290335767e-04 1.079472265273728482e+01 2.921145152788016605e-02 9.995706561380744981e-01 2.279141797607589070e-03 3.183648704401703111e-01 8.658506345824280945e-04 -2.305417457178813179e-03 9.999969676719158151e-01 -2.281064075013307102e-01
9.995534134428419870e-01 -2.987079795899823947e-02 -8.420831644022494988e-04 1.125199286001927845e+01 2.987250284267969902e-02 9.995515312003703245e-01 2.090466194220447042e-03 3.493195776025370125e-01 7.792616230486466974e-04 -2.114687751842293795e-03 9.999974604202928052e-01 -2.314117934964201873e-01
9.995223380061623031e-01 -3.090451009440248892e-02 -8.415770923616932003e-05 1.170850836152798635e+01 3.090458956041198385e-02 9.995133907231762427e-01 4.229433669147528510e-03 3.635007351696711853e-01 -4.659181820763677026e-05 -4.230014288890608307e-03 9.999910523641289961e-01 -2.400893273077885637e-01
9.994798917921773329e-01 -3.224619839786128234e-02 3.585972439101188774e-04 1.219291421007430998e+01 3.224357117523023869e-02 9.994631254425513367e-01 5.814894536864767191e-03 3.926697770098310225e-01 -5.459129650718732869e-04 -5.800307706731263127e-03 9.999830290607645278e-01 -2.599218613173842618e-01
9.994493466442482266e-01 -3.316944411097639406e-02 -8.896458587900701962e-04 1.267622117535412052e+01 3.317384856114937580e-02 9.994344422917607051e-01 5.503756226351950477e-03 4.187027350715600837e-01 7.065861781666090032e-04 -5.530238541509225302e-03 9.999844584780539503e-01 -2.746503567289610981e-01
9.994189213164824670e-01 -3.394121518529005788e-02 -3.132670800530467595e-03 1.317275603702825038e+01 3.395255927588468337e-02 9.994168097438791420e-01 3.641993957222452831e-03 4.428585139369978774e-01 3.007230156838350526e-03 -3.746239863215254651e-03 9.999884610602619572e-01 -2.835181790816243552e-01
9.993825517439148820e-01 -3.487523998614911608e-02 -4.270000670935658951e-03 1.369235323797351356e+01 3.488950293533828878e-02 9.993856859163381401e-01 3.312607802833914331e-03 4.611824177327418228e-01 4.151849557282434600e-03 -3.459540639865466699e-03 9.999853967552799761e-01 -2.928576342171644309e-01
9.993394985359962401e-01 -3.602037180593228860e-02 -4.806191921460319094e-03 1.421216324834792388e+01 3.603754505336660696e-02 9.993441820750461613e-01 3.535689364676883155e-03 4.964680485021190082e-01 4.675683089141515272e-03 -3.706557394580004168e-03 9.999821995515373318e-01 -3.021824450585791078e-01
9.992979532907549922e-01 -3.704998231169419343e-02 -5.558719241986607995e-03 1.473768527068912526e+01 3.707896458527897010e-02 9.992987852301210561e-01 5.204634750691515543e-03 5.235515395828949092e-01 5.361989760500566332e-03 -5.407092407905100817e-03 9.999710057884181325e-01 -3.091373228030397380e-01
9.992520240526335806e-01 -3.844469207348649026e-02 -4.171100345222510802e-03 1.529537396837628904e+01 3.847135492496007309e-02 9.992384823544493422e-01 6.512313890972541014e-03 5.576575909834262657e-01 3.917560076483934256e-03 -6.667910718629072031e-03 9.999700953977050943e-01 -3.100345151580530256e-01
9.992110259150528417e-01 -3.969134327099638204e-02 -1.386708019605233403e-03 1.586680642769124638e+01 3.969744054971445502e-02 9.992007504717869137e-01 4.687586843953271513e-03 5.784262003468340074e-01 1.199543075338839080e-03 -4.738937218580543780e-03 9.999880517138436398e-01 -3.239045102710344515e-01
9.991675425869988025e-01 -4.078565518670437123e-02 8.672782997544341375e-04 1.643329253610816565e+01 4.078344566693069967e-02 9.991650575174131355e-01 2.428661309661669931e-03 6.199096966274387777e-01 -9.656087149988942537e-04 -2.391268955134629587e-03 9.999966747107681408e-01 -3.434489436365480430e-01
9.991256162610782088e-01 -4.176914245353388622e-02 1.828023418093555888e-03 1.700555288241870855e+01 4.176692646032445499e-02 9.991266190438308215e-01 1.234087558350554841e-03 6.458773464069540449e-01 -1.877973636277639963e-03 -1.156657572585862792e-03 9.999975676761825305e-01 -3.546345176138817057e-01
9.990976783642135928e-01 -4.244340430362138206e-02 1.544836029428780762e-03 1.758773972317923651e+01 4.244105078250517971e-02 9.990978078124437278e-01 1.525658168150178509e-03 6.815787051772546068e-01 -1.608196416891895025e-03 -1.458717069400611776e-03 9.999976429216201890e-01 -3.637364062747179272e-01
9.990275605321407015e-01 -4.406972105499595144e-02 1.339023276456677378e-03 1.817612397443031824e+01 4.406437126468683990e-02 9.990214977217928283e-01 3.791869559176638382e-03 7.150431145716978909e-01 -1.504819672879936787e-03 -3.729178976774476500e-03 9.999919143382667297e-01 -3.769353213533194191e-01
9.989574106013249244e-01 -4.561773683973989468e-02 1.764621862102883510e-03 1.875455355940669477e+01 4.560781563565023677e-02 9.989453392898778317e-01 5.304362730379271786e-03 7.549177685286535544e-01 -2.004733807893666758e-03 -5.218351909476425139e-03 9.999843748007807287e-01 -3.858571645323413679e-01
9.988806238805008064e-01 -4.723201817527743901e-02 2.575984315103705628e-03 1.934335160124867414e+01 4.722274715305011666e-02 9.988780812523567754e-01 3.548372152010141178e-03 7.902944827885666212e-01 -2.740691047983346857e-03 -3.422755132977719963e-03 9.999903866337311875e-01 -4.156138134062825618e-01
9.988133948995541189e-01 -4.866322084339485404e-02 1.921745658053343247e-03 1.994555373867770953e+01 4.866178189265050330e-02 9.988150024439330643e-01 7.885911222633012075e-04 8.249914448025983393e-01 -1.957843778083007222e-03 -6.941398079501172672e-04 9.999978425065064735e-01 -4.237649594320972990e-01
9.987749449821644587e-01 -4.946369823986500325e-02 1.397079922563202120e-03 2.054841286335275186e+01 4.946521943824455647e-02 9.987752670468619254e-01 -1.076104732845383806e-03 8.652453568960583041e-01 -1.342140752963916607e-03 1.143893310285049383e-03 9.999984450819380255e-01 -4.411673256255273512e-01
9.987452333958152240e-01 -5.007947512771433740e-02 7.028564024354907688e-05 2.114014274470363475e+01 5.007952012007399478e-02 9.987435797775949808e-01 -1.817558136023030447e-03 9.026487959100093494e-01 2.082502552233777443e-05 1.818797395907513405e-03 9.999983457698072842e-01 -4.487365733869525530e-01
9.987153079738192440e-01 -5.065092177708824250e-02 -1.489208477872041312e-03 2.175601018560746525e+01 5.064826139222129708e-02 9.987149794525311819e-01 -1.772973512365201001e-03 9.391643622552147130e-01 1.577097557066170280e-03 1.695269967176460781e-03 9.999973194079241345e-01 -4.572858295135735496e-01
9.986636376958026862e-01 -5.162415307989630386e-02 -2.426017924506380669e-03 2.237385717223901338e+01 5.162187454029772138e-02 9.986662088411946137e-01 -9.926669638898996586e-04 9.854401223323350223e-01 2.474027714548778390e-03 8.661048082473532961e-04 9.999965645187631758e-01 -4.714889313012046723e-01
9.986373591055242027e-01 -5.205831165787832421e-02 -3.654748428488643203e-03 2.298715155835748902e+01 5.205609178325141390e-02 9.986439171875217680e-01 -6.999804395644765092e-04 1.034260710242492998e+00 3.686232086838104639e-03 5.087746979540941827e-04 9.999930763966862202e-01 -4.861808754468137650e-01
9.986003715101888778e-01 -5.270965601902169451e-02 -4.357772604118680636e-03 2.361230018603482961e+01 5.271159614873950627e-02 9.986097224392005423e-01 3.314835666171992703e-04 1.062788470737539681e+00 4.334241705879757385e-03 -5.607247623898024055e-04 9.999904499226859311e-01 -4.990484316199065296e-01
9.985957166189857181e-01 -5.277043161539968913e-02 -4.677210422751362784e-03 2.425300504409199931e+01 5.277244429391462349e-02 9.986065162727203459e-01 3.078650787388264882e-04 1.108652592259356195e+00 4.654446633053839835e-03 -5.542605754107221040e-04 9.999890144005355586e-01 -5.047686456472109118e-01
9.986152172314646247e-01 -5.246980650167869242e-02 -3.816715791244362169e-03 2.488566084708332582e+01 5.246859081687436921e-02 9.986224873479960795e-01 -4.180198473951132233e-04 1.149007916185368350e+00 3.833391637459502514e-03 2.171832815984313381e-04 9.999926289428218151e-01 -5.106258747910378260e-01
9.986368660068241088e-01 -5.217043085056671803e-02 -1.629722962555128600e-03 2.554512185364274401e+01 5.217111176267662243e-02 9.986380886679289137e-01 3.780993414214907562e-04 1.188606228961017086e+00 1.607777818838013791e-03 -4.626084001780657469e-04 9.999986005209974271e-01 -5.183150205930214804e-01
9.986668730101397884e-01 -5.160537621020915705e-02 1.167004006930573217e-03 2.620443419591896372e+01 5.160403720075604911e-02 9.986669621538996067e-01 1.149802976476306830e-03 1.239718882079763773e+00 -1.224784361591461880e-03 -1.088048024908267819e-03 9.999986580264811353e-01 -5.365924188611503887e-01
9.986777922321637968e-01 -5.130563694518721490e-02 3.224735638722166144e-03 2.687963012278896713e+01 5.130152017908325840e-02 9.986823020695575481e-01 1.346684953547662390e-03 1.278507826556947391e+00 -3.289578940551060680e-03 -1.179470515799139465e-03 9.999938937412049533e-01 -5.585250917359324552e-01
9.986943476330406577e-01 -5.098484510430579403e-02 3.185212003199654283e-03 2.755902103295985839e+01 5.098239333613694552e-02 9.986991936259204117e-01 8.462982073355085648e-04 1.324264977911324248e+00 -3.224217042136149746e-03 -6.828035048718380769e-04 9.999945690871721027e-01 -5.791457317531524263e-01
9.987477745017081521e-01 -4.999578066525909442e-02 1.817922868692729323e-03 2.824679008470648967e+01 4.999594922693969407e-02 9.987494194327171115e-01 -4.736779261240707279e-05 1.360988881331402389e+00 -1.813281219910275674e-03 1.381972568963542379e-04 9.999983464550007417e-01 -5.981551780654557060e-01
9.987871889192004859e-01 -4.923097967653990159e-02 -6.796256097965891994e-04 2.894429768517127854e+01 4.923164926545399445e-02 9.987868800971295702e-01 1.006407693404185377e-03 1.416266773224302167e+00 6.292547057425497848e-04 -1.038646200655148804e-03 9.999992626260206796e-01 -6.186729212965139668e-01
9.988231310125484930e-01 -4.837897178640328949e-02 -3.439192227803439077e-03 2.965247878160576889e+01 4.838428003798931482e-02 9.988277023178699920e-01 1.477338014754790837e-03 1.455702014788928578e+00 3.363688376591582666e-03 -1.642002221315760685e-03 9.999929946900679711e-01 -6.329477156266369864e-01
9.988764654298996071e-01 -4.705852718573288324e-02 -5.594803783896012093e-03 3.036432185930808103e+01 4.707237822723595727e-02 9.988886689847082945e-01 2.370270446579434299e-03 1.493056038561509924e+00 5.477044668678599827e-03 -2.630968085614939205e-03 9.999815398239257913e-01 -6.486368813815500678e-01
9.989628040319518121e-01 -4.494767614398071515e-02 -7.281659829743312475e-03 3.109176970705279430e+01 4.495916716175227951e-02 9.989878132487022278e-01 1.422064941409495508e-03 1.531268742719987808e+00 7.210370915694006531e-03 -1.747967342886409163e-03 9.999724772019609187e-01 -6.530872748949004825e-01
9.990800468186586958e-01 -4.236180101281800114e-02 -6.673669438715776510e-03 3.181859161084809884e+01 4.237827594003505671e-02 9.990988810683334442e-01 2.346822608194395164e-03 1.572756646459753327e+00 6.568240036500152222e-03 -2.627482246276418958e-03 9.999749769668581090e-01 -6.500097320294918601e-01
9.992199764814901908e-01 -3.941565615635171660e-02 -2.417571114673195722e-03 3.255896818938921200e+01 3.942652559694399816e-02 9.992117619120276517e-01 4.626438804842163480e-03 1.618554559986314034e+00 2.233311371880167262e-03 -4.718146503202534647e-03 9.999863756141332827e-01 -6.632891224182978496e-01
9.993187350174806971e-01 -3.687045822696261715e-02 1.623315494913086599e-03 3.331166319096101347e+01 3.686012623737553590e-02 9.993024755900258294e-01 5.991107861709190838e-03 1.656714166454926529e+00 -1.843078084878671313e-03 -5.927190715650927991e-03 9.999807355511372009e-01 -6.806145510495898998e-01
9.994076862887896207e-01 -3.426710422228157471e-02 3.168935958269277191e-03 3.405092813968229137e+01 3.425864894088098689e-02 9.994093933173840982e-01 2.685055255229629526e-03 1.688719131187848888e+00 -3.259073431789080103e-03 -2.574901395676117838e-03 9.999913741243815490e-01 -7.005790967716727380e-01
9.995105474638557030e-01 -3.118225187026956585e-02 2.516481035609155047e-03 3.477218285295919742e+01 3.118236977638344509e-02 9.995137116403276512e-01 -7.622651015884283508e-06 1.718425316757696164e+00 -2.515019608750306088e-03 8.608876227763346384e-05 9.999968336275333325e-01 -7.124057404982498953e-01
9.996197397828967546e-01 -2.753351304846370431e-02 1.510462043138677702e-03 3.551035176500977997e+01 2.753314611773912193e-02 9.996208564234119187e-01 2.631884948198562877e-04 1.746997556781352934e+00 -1.517135865013669385e-03 -2.215006425666410806e-04 9.999988246174255080e-01 -7.308240574719677696e-01
9.997045304519577291e-01 -2.430607732014458330e-02 -2.576803018384779716e-04 3.623889511988719647e+01 2.430656452174274548e-02 9.997023561053431928e-01 2.095260980394622087e-03 1.772645222066832060e+00 2.066760294745087826e-04 -2.100905217462332997e-03 9.999977717386604459e-01 -7.505514289932444516e-01
9.997763136582021870e-01 -2.100298208556755641e-02 -2.489456070999673289e-03 3.696772913616575096e+01 2.101057910135140094e-02 9.997745526465772192e-01 3.065851621040525943e-03 1.793715266736955360e+00 2.424502803043281432e-03 -3.117470745605998607e-03 9.999922015507463069e-01 -7.556275988741151250e-01
9.998320178667751135e-01 -1.794411333773110462e-02 -3.734279713049830623e-03 3.769363461678865690e+01 1.796660737991467166e-02 9.998201016675553054e-01 6.079911244032545382e-03 1.820770358838368574e+00 3.624509305910305051e-03 -6.145982265023101042e-03 9.999745445931558230e-01 -7.690681183648389041e-01
9.998839071876065576e-01 -1.463870995458291073e-02 -4.228512517591947843e-03 3.841227378286737348e+01 1.466464905551605712e-02 9.998734322947557818e-01 6.169883239005330422e-03 1.834941456571152374e+00 4.137658193276557740e-03 -6.231176612005317680e-03 9.999720257200725992e-01 -7.898898936184357567e-01
9.999219155275617110e-01 -1.055499861531176281e-02 -6.689906720011887589e-03 3.912163616122717968e+01 1.058492274543591447e-02 9.999340606319587765e-01 4.453515303138639095e-03 1.858566357079680431e+00 6.642458743932617288e-03 -4.523979698551196943e-03 9.999677051532825933e-01 -8.019059265047421281e-01
9.999309288783122529e-01 -5.971267418093110201e-03 -1.012331161118904498e-02 3.983746810762321644e+01 6.015776015340648479e-03 9.999723480425931621e-01 4.371909092843477909e-03 1.865882768309845119e+00 1.009692584348659446e-02 -4.432506695364929819e-03 9.999392006381720988e-01 -7.951974209475299871e-01
9.999435610318132550e-01 -7.066090824640030438e-04 -1.060072896648448122e-02 4.054760745158139201e+01 7.871710585950341278e-04 9.999708293808780013e-01 7.597417261373401627e-03 1.882932324528077350e+00 1.059505133261722833e-02 -7.605333058024713218e-03 9.999149482812704770e-01 -7.991410667227206721e-01
9.999453639907113223e-01 4.366277168036188268e-03 -9.497613235738956369e-03 4.127274768518873316e+01 -4.272728105243621920e-03 9.999423803142599709e-01 9.847834583828329186e-03 1.893153285864700441e+00 9.540064361546999813e-03 -9.806715818441457538e-03 9.999064033682522057e-01 -8.086534608264862589e-01
9.999201536025239534e-01 9.228289459104359327e-03 -8.632791736383810602e-03 4.197399858458863520e+01 -9.141109430962683635e-03 9.999073698775093888e-01 1.008423437910511283e-02 1.889686423255687364e+00 8.725052313651665906e-03 -1.000451589536164448e-02 9.999118876800212607e-01 -8.168967631844222810e-01
9.998662822565376196e-01 1.428511668146900150e-02 -7.959462788819987242e-03 4.268625697332716840e+01 -1.419797622965157484e-02 9.998398013488463132e-01 1.089904168639298579e-02 1.886169882525743580e+00 8.113881775823629169e-03 -1.078457602765631532e-02 9.999089247738673913e-01 -8.184737368053250917e-01
9.997720754978585145e-01 2.028960095245606679e-02 -6.642977336578235331e-03 4.338775249581448890e+01 -2.020631518629929443e-02 9.997192642651908656e-01 1.237325679266764074e-02 1.884828610805087346e+00 6.892160858259823927e-03 -1.223620653043496105e-02 9.999013818214516069e-01 -8.173922808904795501e-01
9.996475113182623495e-01 2.637038388934266273e-02 -3.075055891082190389e-03 4.409237858598380910e+01 -2.633022840039124859e-02 9.995758963441637723e-01 1.243971543664667070e-02 1.870869772623380278e+00 3.401791820175436177e-03 -1.235436365379505297e-02 9.999178953849771068e-01 -8.281299773839043699e-01
9.994601860138606630e-01 3.283411711885319412e-02 1.121305562503079013e-03 4.479137441538495068e+01 -3.284484548888098182e-02 9.993944405689961785e-01 1.148774497430669374e-02 1.855844475974039787e+00 -7.434365814267651206e-04 -1.151837283684659617e-02 9.999333849758397230e-01 -8.365715368231595450e-01
9.992165616473741574e-01 3.932836159676951493e-02 4.420735652919413269e-03 4.549171789300874735e+01 -3.937273019079985670e-02 9.991700255702757882e-01 1.044261074716459903e-02 1.835087346360720018e+00 -4.006375783888118866e-03 -1.060848603751097380e-02 9.999357024214458045e-01 -8.605587700550332286e-01
9.989670615743446724e-01 4.512288061346321488e-02 5.360553578002005305e-03 4.617701918457594701e+01 -4.517135256579690727e-02 9.989360161577789388e-01 9.294327851009717353e-03 1.806052403418290098e+00 -4.935463189606153871e-03 -9.526870838251542614e-03 9.999424383108935777e-01 -8.750204974844308925e-01
9.986931974888537678e-01 5.089714742057127594e-02 4.623599673187104957e-03 4.687575824332925833e+01 -5.093781265275411363e-02 9.986599096377941631e-01 9.150088763812014303e-03 1.771896498548151788e+00 -4.151690215103315783e-03 -9.373647458772393914e-03 9.999474477199671307e-01 -8.917147391225139774e-01
9.984054765866873238e-01 5.637739398445361372e-02 2.844955049099914812e-03 4.757487881352935233e+01 -5.640097587955096581e-02 9.983673494994406150e-01 9.031355008861171804e-03 1.739218217233974739e+00 -2.331145972266897813e-03 -9.177412542948295074e-03 9.999551694238459909e-01 -9.124024597441163786e-01
9.981084649833880107e-01 6.147399467289516722e-02 6.634059555199140010e-04 4.826001501158690843e+01 -6.147749044862094864e-02 9.980668020336503909e-01 9.120134125212080514e-03 1.705013496529299566e+00 -1.014723838464618518e-04 -9.143667605452076783e-03 9.999581906490272454e-01 -9.237162050498664012e-01
9.977746715182315151e-01 6.667428401385142034e-02 -4.946998337287424313e-04 4.895268656437217203e+01 -6.666631657258870192e-02 9.977277409630592730e-01 9.744595804539327513e-03 1.669319801950379434e+00 1.143289695833019266e-03 -9.689931062228396633e-03 9.999523979293617471e-01 -9.307808625226017263e-01
9.974214491334142396e-01 7.175591902600240990e-02 1.241327246840552958e-03 4.964799658324192677e+01 -7.176480784963791548e-02 9.973706710102775430e-01 1.007754746023033394e-02 1.628428243340134474e+00 -5.149397095877189436e-04 -1.014064560284172987e-02 9.999484497432120644e-01 -9.397034026498026771e-01
9.970307211214201049e-01 7.694641826030697296e-02 2.998309025268625083e-03 5.033678801881722364e+01 -7.697020782070716771e-02 9.969941122303277448e-01 8.850270396871114456e-03 1.576085649422862778e+00 -2.308299837165414883e-03 -9.054771944697592376e-03 9.999563404753686324e-01 -9.622945172088930299e-01
9.966391329841711721e-01 8.186532637772836463e-02 2.916666183764880099e-03 5.103245470170487863e+01 -8.188355024305496443e-02 9.966187009284785958e-01 6.800673439071187529e-03 1.522831867190800326e+00 -2.350064712427866499e-03 -7.016644262024921558e-03 9.999726215747847258e-01 -9.755141264486368868e-01
9.962296149479592522e-01 8.675130885772770750e-02 8.744781940851857876e-04 5.172610142112333165e+01 -8.675338423691895950e-02 9.962261326586088206e-01 2.709784403507209654e-03 1.470152963899019394e+00 -6.361006856612616122e-04 -2.775431415676251744e-03 9.999959461699705621e-01 -9.939459579005831547e-01
