1.000000000000000000e+00 0.000000000000000000e+00 0.000000000000000000e+00 0.000000000000000000e+00 0.000000000000000000e+00 1.000000000000000000e+00 0.000000000000000000e+00 0.000000000000000000e+00 0.000000000000000000e+00 0.000000000000000000e+00 1.000000000000000000e+00 0.000000000000000000e+00
9.999999999024742348e-01 -1.082566160091140068e-05 8.823634205901186291e-06 -3.360287789428634871e-03 1.082605176476344300e-05 9.999999989637295972e-01 -4.421919647071240487e-05 -2.821175310378455994e-03 -8.823155494700260973e-06 4.421929199152055992e-05 9.999999989834030822e-01 -1.444422461334175399e-03
9.999999996070149111e-01 1.953340860875833412e-05 -2.011009798216935370e-05 1.696177460323643020e-03 -1.953391677971211697e-05 9.999999994899377853e-01 -2.526955567042170190e-05 -3.100197327604258674e-03 2.010960437135567887e-05 2.526994848947155945e-05 9.999999994785168100e-01 -1.605943072959355655e-03
9.999999998486315267e-01 -1.015344306498891901e-05 1.412955988482927909e-05 1.132380293167822155e-03 1.015366307346620277e-05 9.999999998272265378e-01 -1.557081015822936028e-05 -2.683066908330203164e-03 -1.412940178505364747e-05 1.557095362266287632e-05 9.999999997789527084e-01 -8.116337228286188725e-04
9.999999999857311916e-01 4.388028343482983021e-07 -5.324002208814597241e-06 -1.491842620458721028e-03 -4.388959824454560851e-07 9.999999998468506179e-01 -1.749589020520866869e-05 -2.830858413667635635e-03 5.323994530753017834e-06 1.749589254164220556e-05 9.999999998327744333e-01 -1.136470605900966654e-03
9.999999999971279641e-01 1.095445296763862267e-06 2.131660216416150206e-06 -1.410192681191656684e-03 -1.095404584566448235e-06 9.999999998170193694e-01 -1.909872868164243294e-05 -2.868640971961060673e-03 -2.131681137638606444e-06 1.909872634655720988e-05 9.999999998153472625e-01 -1.352747244566807625e-03
9.999999998699053982e-01 -8.300677890747321970e-06 -1.383068501515995873e-05 6.446996830312278111e-04 8.300218504397662440e-06 9.999999994139437964e-01 -3.321473696395464865e-05 -1.602730269946913907e-03 1.383096071188716251e-05 3.321462216192589832e-05 9.999999993527467490e-01 -1.003039035239064979e-03
9.999999999743826029e-01 -3.747741403137566278e-06 6.098293055246149071e-06 7.948512571724717507e-04 3.747868990516055774e-06 9.999999997741129132e-01 -2.092194125295666156e-05 -1.876819477010640896e-05 -6.098214643843156268e-06 2.092196410802413663e-05 9.999999997625416137e-01 -1.212199765044690101e-03
9.999999997788107109e-01 -1.125931404617029455e-05 1.776531696206845582e-05 -1.012660910005030611e-04 1.125952062698358187e-05 9.999999998690033420e-01 -1.162826411580234653e-05 -2.555449315605989695e-03 -1.776518603346376686e-05 1.162846414218307969e-05 9.999999997745885327e-01 -8.393931610169320110e-04
9.999999999969420017e-01 6.226250488372575456e-07 -2.393402284717503032e-06 -4.016958809570403714e-04 -6.226825657015035300e-07 9.999999997110496919e-01 -2.403149801302947050e-05 -3.250037092402333072e-03 2.393387321413304528e-06 2.403149950328585478e-05 9.999999997083793835e-01 -1.288319570230007319e-03
9.999999999349974411e-01 -1.115886974644231738e-05 -2.341967047523151458e-06 1.743633386648797256e-03 1.115882757708904876e-05 9.999999997756467973e-01 -1.800519573434799500e-05 -3.633964322852034981e-04 2.342167964631682061e-06 1.800516959957113689e-05 9.999999998351640773e-01 -7.284110994339014229e-04
9.999999998951066837e-01 -1.354353732213267382e-05 5.134129383833656677e-06 1.730218292094575470e-03 1.354358212332796932e-05 9.999999998702122639e-01 -8.726218040160748000e-06 3.885009202009770055e-05 -5.134011199307600823e-06 8.726287573748369193e-06 9.999999999487468871e-01 -8.389045509430262436e-04
9.999999996331456753e-01 -7.762948642677732115e-06 2.595082396716639201e-05 -1.464477485390361204e-03 7.763067430160644098e-06 9.999999999593914835e-01 -4.577309390551815457e-06 -2.999552645393607862e-03 -2.595078843269484756e-05 4.577510846868935066e-06 9.999999996528015078e-01 -1.109624201106869899e-03
9.999999954457143847e-01 -4.308801151054202257e-05 8.515864347100540201e-05 -6.149454432913155355e-03 4.308830748548353169e-05 9.999999990656653903e-01 -3.473739735715182231e-06 -6.358718554069412061e-03 -8.515849371490102058e-05 3.477409061709704862e-06 9.999999963679693238e-01 -7.927758584647967652e-04
9.999999856259087494e-01 6.785170538055199443e-05 1.553844536171822299e-04 -2.367962490249643503e-02 -6.778966940166906226e-05 9.999999180170325852e-01 -3.992123354019990605e-04 8.227724734311808036e-04 -1.554115281160696406e-04 3.992017962029435979e-04 9.999999082425872210e-01 -9.387067382058014373e-03
9.999979656178410448e-01 -1.792065164812600012e-06 -2.017116002522894875e-03 1.246018453647589064e-02 1.005836992154249259e-06 9.999999240355361696e-01 -3.897793095679876006e-04 -4.960149601713113865e-03 2.017116547803681544e-03 3.897764877180214492e-04 9.999978896553343155e-01 -2.643383091487953515e-03
9.999960699625835003e-01 -3.087622980929022326e-05 -2.803409717868722995e-03 -5.579342655903034298e-03 3.039333220427535809e-05 9.999999846951483917e-01 -1.722961065279954415e-04 -3.842206692927023839e-03 2.803414994817133351e-03 1.722102244349902115e-04 9.999960555962235098e-01 -7.878655212792736590e-04
9.999949067919871037e-01 8.692441670727972210e-05 -3.190428534044928866e-03 -3.729327789165657464e-03 -8.725669994944733993e-05 9.999999907839912661e-01 -1.040109888685441532e-04 -5.342309247557399873e-05 3.190419463547372689e-03 1.042888453842475381e-04 9.999949051607629480e-01 -6.629885376495197290e-04
9.999950017540428782e-01 -3.822373655579294332e-05 -3.161487921500398708e-03 1.314488338198642470e-02 3.831425689141545408e-05 9.999999988578397447e-01 2.857163381401318344e-05 7.891299211053449947e-03 3.161486825774869301e-03 -2.869262106634345695e-05 9.999950020764023506e-01 3.640898210688935967e-04
9.999956835064672811e-01 8.850397736366890885e-06 -2.938178024518236457e-03 1.575296447192216925e-02 -8.669485125171782412e-06 9.999999980660152499e-01 6.158579035888010950e-05 7.492098781915632055e-03 2.938178563894584729e-03 -6.156005203353565633e-05 9.999956816492192591e-01 -1.097672880705004642e-03
9.999961400987775750e-01 1.120963240840627092e-05 -2.778427953016208030e-03 1.734845659968259693e-02 -1.097300284942002021e-05 9.999999963118154644e-01 8.518193609923994903e-05 4.000781358989145831e-03 2.778428897627044630e-03 -8.515111960753531377e-05 9.999961365336106356e-01 -1.411602274552282033e-03
9.999957590546664221e-01 6.100666222896254416e-06 -2.912359089024331958e-03 1.739598533503987701e-02 -6.044453662157317041e-06 9.999999997952906394e-01 1.931018530632734018e-05 9.438031351760882079e-07 2.912359206233139722e-03 -1.929249979332590433e-05 9.999957588868331193e-01 -1.579609673167239447e-03
9.999954821729771792e-01 6.939009298323468953e-05 -3.005132051978585267e-03 1.698309371762397879e-02 -6.952616512419523972e-05 9.999999965626443776e-01 -4.517547646599843098e-05 -3.885003506065862547e-04 3.005128906918365199e-03 4.538420767827596169e-05 9.999954835600641800e-01 -2.955686964969594585e-03
9.999953799444764035e-01 1.501279687180159031e-05 -3.039714512620165718e-03 2.591020273842305557e-02 -1.544195289885643644e-05 9.999999899177589580e-01 -1.411595838873152826e-04 6.245724659778981907e-04 3.039712362772871608e-03 1.412058708505298861e-04 9.999953700941087709e-01 -5.378655620001163672e-03
9.999946816850319165e-01 1.293315196551531138e-06 -3.261380072774722368e-03 4.079591670416336108e-02 -1.609923721235199878e-06 9.999999952868816600e-01 -9.707545935559566328e-05 -3.588245459361279373e-03 3.261379931854285590e-03 9.708019365087026769e-05 9.999946769740207797e-01 -6.996323697997787645e-03
9.999871317451574093e-01 -2.745613375078226906e-05 -5.073025749374892104e-03 7.690409596711834939e-02 2.484037805617705469e-05 9.999998667271380315e-01 -5.156827142234120210e-04 -6.081612778475230588e-03 5.073039231931806767e-03 5.155500624093243807e-04 9.999869991560312865e-01 -6.382998778105808055e-03
9.999831494023438960e-01 -1.422332016301384669e-04 -5.803505930548766116e-03 1.070388993792253385e-01 1.385875631005851420e-04 9.999997928428495664e-01 -6.285759662951805136e-04 -1.205248713335196377e-02 5.803594132683167865e-03 6.277610806701215251e-04 9.999829619604369002e-01 -1.184192839563802738e-02
9.999796649984027397e-01 -2.295707137876459457e-04 -6.373137921739155561e-03 1.616582938769257904e-01 2.260086587005020835e-04 9.999998178662812265e-01 -5.596315668684608046e-04 -1.405182235018046302e-02 6.373265235994110024e-03 5.581798024062492028e-04 9.999795347533567691e-01 -1.292577131777161367e-02
9.999767518499043106e-01 -1.461089054340932629e-03 -6.660403778318396348e-03 2.887455900969093658e-01 1.458593876104010518e-03 9.999988642522822380e-01 -3.794707500994212398e-04 -6.600372021222796273e-03 6.660950654339418270e-03 3.697471039430308003e-04 9.999777472641376841e-01 -1.316555011610921408e-02
9.999765750031179845e-01 -1.616460901351505705e-03 -6.651052487238280284e-03 3.437185811729667195e-01 1.614187937165367445e-03 9.999986369588876878e-01 -3.470989343863793621e-04 -8.426066075069108333e-03 6.651604493436637233e-03 3.363547549005698693e-04 9.999778212656227350e-01 -1.408198970573588428e-02
9.999760327765396806e-01 -1.757116856246894107e-03 -6.696746437370271025e-03 4.263126114036305814e-01 1.755265978933064162e-03 9.999984196863568320e-01 -2.822518946650280072e-04 -1.245493086609964287e-02 6.697231803972335425e-03 2.704905586797392647e-04 9.999775367082109900e-01 -1.592580704982538703e-02
9.999753982624073334e-01 -1.320056952963603652e-03 -6.889145054420357274e-03 5.484339248562251079e-01 1.317816938669825111e-03 9.999990773342104511e-01 -3.296805178243601068e-04 -1.030158445649373769e-02 6.889573895101706695e-03 3.205937750651025237e-04 9.999762152127296133e-01 -1.746300628695279800e-02
9.999722270227159315e-01 -2.367014113526631422e-03 -7.066995642863526696e-03 7.060552287044792319e-01 2.363071092110562675e-03 9.999970476255130025e-01 -5.662466521813759200e-04 -3.775156464199515196e-03 7.068315092263342293e-03 5.495311127142456188e-04 9.999748681528514149e-01 -2.078452039202306409e-02
9.999713602778638188e-01 -2.591833400272957992e-03 -7.110627515481456572e-03 8.148520014044960957e-01 2.588743133616610952e-03 9.999965507336097126e-01 -4.437678122878380344e-04 -3.497696394725731926e-04 7.111753161270806776e-03 4.253475147445932142e-04 9.999746207011780408e-01 -2.125924412333033212e-02
9.999726603017535798e-01 -2.906213299039017445e-03 -6.799453896756783855e-03 9.333633510343356532e-01 2.905565649953145268e-03 9.999957733094051449e-01 -1.051264881581797820e-04 1.023456867829646011e-02 6.799730677566914391e-03 8.536735435085928108e-05 9.999768779202483637e-01 -2.356034844773741491e-02
9.999702861796816444e-01 -3.843245446347941154e-03 -6.682531119621192527e-03 1.091120304221437909e+00 3.842939236963320137e-03 9.999926141611064079e-01 -5.866223320030120053e-05 8.626083471977408212e-03 6.682707216883561861e-03 3.297992907942370969e-05 9.999776699189726337e-01 -2.742923710231894713e-02
9.999696798814784460e-01 -3.751469082158383293e-03 -6.823913646815333960e-03 1.240863379235483732e+00 3.750991571974546680e-03 9.999929615806533167e-01 -8.277306975737359896e-05 4.512784241459537847e-03 6.824176137861531592e-03 5.717411749100175542e-05 9.999767134044470485e-01 -2.626171845958830478e-02
9.999695266134956961e-01 -3.839396114075805787e-03 -6.797417293402824648e-03 1.410792294869045671e+00 3.837848397457613737e-03 9.999926064591702080e-01 -2.407211523426759105e-04 1.559854623228332411e-02 6.798291260277408710e-03 2.146263596876240741e-04 9.999768683181957662e-01 -2.890394024551928842e-02
9.999688988475774476e-01 -4.741150971358886954e-03 -6.302604622717020155e-03 1.597780780918822696e+00 4.741294584309252089e-03 9.999887599688912498e-01 7.844996185931147860e-06 2.827196560865321770e-02 6.302496586933707678e-03 -3.772725736223968718e-05 9.999801383594705273e-01 -3.341888129658148604e-02
9.999693071658628529e-01 -5.031541881304354633e-03 -6.005690012056526077e-03 1.788401003107344511e+00 5.038711901477272576e-03 9.999866101823261522e-01 1.179338134078048187e-03 3.019445029614705248e-02 5.999675707748426158e-03 -1.209562878588639522e-03 9.999812702491205352e-01 -3.807309301594620499e-02
9.999640388071150410e-01 -5.982136927699372060e-03 -6.011250314264873773e-03 1.991135033846249458e+00 5.997971594799541596e-03 9.999785807719469011e-01 2.619605709058759734e-03 3.103789280948277690e-02 5.995450717875334956e-03 -2.655566813546764073e-03 9.999785010366913918e-01 -3.765953563835808954e-02
9.999641605900402297e-01 -6.470694956103079445e-03 -5.459637555844842199e-03 2.200522399129217543e+00 6.494881987190516057e-03 9.999691213804168255e-01 4.424115013163846047e-03 4.059164562307693291e-02 5.430841871072794244e-03 -4.459416157110226639e-03 9.999753094772435569e-01 -4.395461094337461960e-02
9.999608551057102002e-01 -6.959691140909176309e-03 -5.463602793032982727e-03 2.411306116303213454e+00 6.987590007408463720e-03 9.999625609892787148e-01 5.103940208447604182e-03 4.790819907885803669e-02 5.427876393696974208e-03 -5.141917831528728874e-03 9.999720490288058761e-01 -4.721071623231420239e-02
9.999585222515912086e-01 -7.512517323642346236e-03 -5.149355287402985516e-03 2.647621835414104119e+00 7.541960511199028751e-03 9.999551850737675718e-01 5.722471121356784672e-03 6.036849406118040273e-02 5.106134355992399641e-03 -5.761070000375063775e-03 9.999703682931756488e-01 -4.987836300575110987e-02
9.999547424695155451e-01 -8.194572565710737597e-03 -4.833424582034949978e-03 2.893916116988339393e+00 8.224329060664793342e-03 9.999471505742351107e-01 6.168992621958083872e-03 6.555381954287688162e-02 4.782616880623342427e-03 -6.208465102838999286e-03 9.999692902968770891e-01 -5.067503115576711681e-02
9.999545047501575690e-01 -8.571969138596591264e-03 -4.184468300036497598e-03 3.147343705210553289e+00 8.599365077799597801e-03 9.999414178676609977e-01 6.573564715629735648e-03 7.200164383932045054e-02 4.127874771087830866e-03 -6.609249420229136411e-03 9.999696387750857118e-01 -5.416749877231646915e-02
9.999495252870496120e-01 -9.249926408006980960e-03 -3.922466016497075728e-03 3.404483961071864240e+00 9.271326184092643780e-03 9.999420423541399705e-01 5.473065267244565935e-03 7.537843719785175534e-02 3.871613228652562473e-03 -5.509155477731205244e-03 9.999773296514925525e-01 -7.342613666398500882e-02
9.999288987055208189e-01 -9.943525245579065697e-03 -6.582084719504014726e-03 3.673069065578861370e+00 9.978914301697644484e-03 9.999358129652984317e-01 5.365744942415092561e-03 7.749190260518651341e-02 6.528307814707473046e-03 -5.431045490346286808e-03 9.999639418208829955e-01 -8.000977407588995283e-02
9.998924634623451713e-01 -1.060042164913492166e-02 -1.013373435922171675e-02 3.950061566378889832e+00 1.064106680503539362e-02 9.999355195468484503e-01 3.965406136215920800e-03 8.415448894109056610e-02 1.009104595438416185e-02 -4.072813454470597221e-03 9.999407897381282773e-01 -8.626042039164903696e-02
9.998361562730144758e-01 -1.147909409519216536e-02 -1.399610688576664180e-02 4.236498708388045209e+00 1.149036854021197665e-02 9.999337204228756493e-01 7.253909818645642819e-04 9.197699281861204668e-02 1.398685239838423980e-02 -8.860925573482311517e-04 9.999017865770445379e-01 -8.931692480292367786e-02
9.997846584287499727e-01 -1.166242124499925967e-02 -1.716463519017717015e-02 4.531857338467047747e+00 1.161610951673644129e-02 9.999286235310940185e-01 -2.795325188038901704e-03 9.045991323507748816e-02 1.719601029898690236e-02 2.595336956136828736e-03 9.998487692925771553e-01 -8.498901097824394790e-02
9.997534120029387683e-01 -1.208991110460913565e-02 -1.862657343594673748e-02 4.844387512970913079e+00 1.199398004059547967e-02 9.999142696319545109e-01 -5.253363606382873210e-03 9.364940713731358113e-02 1.868848927195200516e-02 5.028661439957910623e-03 9.998127089274543300e-01 -8.531200851209050362e-02
9.997299695476107306e-01 -1.257662823086606700e-02 -1.954012309776500048e-02 5.148224111360427457e+00 1.241979441972244046e-02 9.998898444015715814e-01 -8.126977862209458850e-03 9.648321363484002600e-02 1.964018062302528775e-02 7.882099018890456957e-03 9.997760428316690984e-01 -8.191602026772276668e-02
9.997201185657998979e-01 -1.262145291679631944e-02 -2.000958422986384364e-02 5.479798771538558988e+00 1.240302031255473454e-02 9.998625381359729225e-01 -1.100317769630647022e-02 1.085112405591531215e-01 2.014570976434627500e-02 1.075191883150329250e-02 9.997392393116975029e-01 -8.641720379707056032e-02
9.997002979102581621e-01 -1.335548520475718717e-02 -2.051695330907348999e-02 5.813236569973983414e+00 1.311482198921551032e-02 9.998441314145573022e-01 -1.182008122055934300e-02 1.189614221221241969e-01 2.067161828044382019e-02 1.154746252710707639e-02 9.997196308499961548e-01 -8.904601334969569626e-02
9.997025375551321646e-01 -1.367321508892822834e-02 -2.019602918797284985e-02 6.153113854679981287e+00 1.348213218831730356e-02 9.998633385599419166e-01 -9.567461284146134767e-03 1.275911578157358783e-01 2.032408712553369218e-02 9.292329788530008863e-03 9.997502608599884155e-01 -7.548840627896141742e-02
9.997943674216236420e-01 -1.425547297786919181e-02 -1.442235633218870092e-02 6.502236323679500885e+00 1.418005468801256629e-02 9.998853154446839531e-01 -5.318083031492513817e-03 1.508580472342550272e-01 1.449651409961564066e-02 5.112479658846288792e-03 9.998818498356181195e-01 -6.235087118176868559e-02
9.998694364596795170e-01 -1.569601668066172503e-02 -3.839934135269480655e-03 6.860564193001055244e+00 1.568768307121650926e-02 9.998745405660616203e-01 -2.190828077311553559e-03 1.619509972406800447e-01 3.873839653352452884e-03 2.130302365313092861e-03 9.999902275413357078e-01 -6.267238768091561163e-02
9.998079127688355161e-01 -1.747277876601459334e-02 8.879164770320564434e-03 7.228692979008104480e+00 1.747623730164006572e-02 9.998472302029527414e-01 -3.120661152978291761e-04 1.691563096851782244e-01 -8.872355639927683932e-03 4.671805619482859552e-04 9.999605307449495051e-01 -7.094053017822823937e-02
9.996300571592550144e-01 -1.888540000344526154e-02 1.957269757837415067e-02 7.607099541269493059e+00 1.894789917137883889e-02 9.998159335869127862e-01 -3.012650447911185969e-03 1.818080354055202075e-01 -1.951219979335709967e-02 3.382397439673238450e-03 9.998038974952959679e-01 -1.122211573534562801e-01
9.995420861627756226e-01 -2.041601034072651130e-02 2.233393183328460582e-02 7.980481851411747485e+00 2.058009075034978111e-02 9.997627001646762768e-01 -7.141654160126979269e-03 1.896822118328938267e-01 -2.218282790975539473e-02 7.598018241807508698e-03 9.997250583359023057e-01 -1.371053440847228022e-01
9.995791202311514745e-01 -2.154438788698382484e-02 1.942734537944914436e-02 8.357766009353159831e+00 2.173974734156683408e-02 9.997146322207471902e-01 -9.901389259142861707e-03 1.957267472654238283e-01 -1.920848207022244486e-02 1.031956754478677470e-02 9.997622421067153820e-01 -1.326429267913664112e-01
9.995773266122159884e-01 -2.271863398576235912e-02 1.813923351733280273e-02 8.733773795082846902e+00 2.287867685750528610e-02 9.997006991221387695e-01 -8.664774662783333511e-03 2.104893129639485161e-01 -1.793695258468445616e-02 9.076113955208115966e-03 9.997979245264749792e-01 -1.319026141737032198e-01
9.995489624264722872e-01 -2.425963675013272092e-02 1.770146143442025144e-02 9.134675272691561432e+00 2.436485531060203491e-02 9.996865805830942309e-01 -5.752775658241915738e-03 2.307204933536250724e-01 -1.755635320492514306e-02 6.181474486903823853e-03 9.998267669128045876e-01 -1.503854302809491950e-01
9.995621541692680800e-01 -2.565151512488158397e-02 1.474787185631951103e-02 9.542245316007356593e+00 2.568786506061243591e-02 9.996674109139721542e-01 -2.280601934431759990e-03 2.573519030688785070e-01 -1.468446598008305015e-02 2.658444724559549336e-03 9.998886433651130723e-01 -1.863244411371816067e-01
9.996115860244038087e-01 -2.688239206775469917e-02 7.349427358058486896e-03 9.946241492725993893e+00 2.687821556440226842e-02 9.996384933256585725e-01 6.664755665081092267e-04 2.888268647359902297e-01 -7.364686948498411385e-03 -4.686772052788727022e-04 9.999727704931908878e-01 -2.101360534502233757e-01
9.996089014808998696e-01 -2.794228868438466962e-02 1.128088306398793671e-03 1.036559016429794511e+01 2.793940570263761525e-02 9.996065042326732764e-01 2.495256443309746067e-03 3.035235334077806546e-01 -1.197367584305586950e-03 -2.462762435349115549e-03 9.999962505489983222e-01 -2.236334907925724702e-01
9.995728794851893584e-01 -2.920938955280355520e-02 -9.328234772290310830e-04 1.079472265273728482e+01 2.921145152788016258e-02 9.995706561380744981e-01 2.279141797607589937e-03 3.183648704401708107e-01 8.658506345824256009e-04 -2.305417457178814047e-03 9.999969676719158151e-01 -2.281064075013307380e-01
9.995534134428419870e-01 -2.987079795899823947e-02 -8.420831644022464630e-04 1.125199286001927845e+01 2.987250284267969902e-02 9.995515312003703245e-01 2.090466194220448777e-03 3.493195776025401766e-01 7.792616230486436616e-04 -2.114687751842295529e-03 9.999974604202928052e-01 -2.314117934964203815e-01
9.995223380061623031e-01 -3.090451009440248545e-02 -8.415770923616835780e-05 1.170850836152798458e+01 3.090458956041198038e-02 9.995133907231762427e-01 4.229433669147531112e-03 3.635007351696734057e-01 -4.659181820763779347e-05 -4.230014288890610909e-03 9.999910523641289961e-01 -2.400893273077887580e-01
9.994798917921773329e-01 -3.224619839786128234e-02 3.585972439101184437e-04 1.219291421007431175e+01 3.224357117523023869e-02 9.994631254425513367e-01 5.814894536864768926e-03 3.926697770098330764e-01 -5.459129650718729616e-04 -5.800307706731264862e-03 9.999830290607645278e-01 -2.599218613173843173e-01
9.994493466442482266e-01 -3.316944411097639406e-02 -8.896458587900713888e-04 1.267622117535412052e+01 3.317384856114937580e-02 9.994344422917607051e-01 5.503756226351951344e-03 4.187027350715602503e-01 7.065861781666101958e-04 -5.530238541509226169e-03 9.999844584780539503e-01 -2.746503567289610981e-01
9.994189213164824670e-01 -3.394121518529005094e-02 -3.132670800530468463e-03 1.317275603702825215e+01 3.395255927588467643e-02 9.994168097438791420e-01 3.641993957222451530e-03 4.428585139369971557e-01 3.007230156838351393e-03 -3.746239863215253350e-03 9.999884610602619572e-01 -2.835181790816241332e-01
9.993825517439148820e-01 -3.487523998614911608e-02 -4.270000670935657217e-03 1.369235323797351178e+01 3.488950293533828878e-02 9.993856859163381401e-01 3.312607802833913463e-03 4.611824177327418228e-01 4.151849557282432865e-03 -3.459540639865465832e-03 9.999853967552799761e-01 -2.928576342171643754e-01
9.993394985359962401e-01 -3.602037180593228166e-02 -4.806191921460315625e-03 1.421216324834792566e+01 3.603754505336660002e-02 9.993441820750461613e-01 3.535689364676883589e-03 4.964680485021196743e-01 4.675683089141511803e-03 -3.706557394580004602e-03 9.999821995515373318e-01 -3.021824450585792188e-01
9.992979532907549922e-01 -3.704998231169419343e-02 -5.558719241986607128e-03 1.473768527068912526e+01 3.707896458527897010e-02 9.992987852301210561e-01 5.204634750691513809e-03 5.235515395828922447e-01 5.361989760500565465e-03 -5.407092407905099082e-03 9.999710057884181325e-01 -3.091373228030398490e-01
9.992520240526334696e-01 -3.844469207348650414e-02 -4.171100345222510802e-03 1.529537396837628727e+01 3.847135492496008696e-02 9.992384823544493422e-01 6.512313890972544483e-03 5.576575909834312617e-01 3.917560076483932521e-03 -6.667910718629075500e-03 9.999700953977050943e-01 -3.100345151580534142e-01
9.992110259150528417e-01 -3.969134327099637510e-02 -1.386708019605234488e-03 1.586680642769124461e+01 3.969744054971444808e-02 9.992007504717869137e-01 4.687586843953274116e-03 5.784262003468364499e-01 1.199543075338839731e-03 -4.738937218580546382e-03 9.999880517138436398e-01 -3.239045102710343960e-01
9.991675425869988025e-01 -4.078565518670436429e-02 8.672782997544380406e-04 1.643329253610816565e+01 4.078344566693069273e-02 9.991650575174131355e-01 2.428661309661671666e-03 6.199096966274397769e-01 -9.656087149988981568e-04 -2.391268955134631322e-03 9.999966747107681408e-01 -3.434489436365480985e-01
9.991256162610782088e-01 -4.176914245353387928e-02 1.828023418093555237e-03 1.700555288241871210e+01 4.176692646032444806e-02 9.991266190438308215e-01 1.234087558350555492e-03 6.458773464069550441e-01 -1.877973636277639313e-03 -1.156657572585863443e-03 9.999975676761825305e-01 -3.546345176138817057e-01
9.990976783642135928e-01 -4.244340430362137512e-02 1.544836029428782063e-03 1.758773972317924006e+01 4.244105078250517277e-02 9.990978078124437278e-01 1.525658168150183713e-03 6.815787051772611571e-01 -1.608196416891896760e-03 -1.458717069400616980e-03 9.999976429216201890e-01 -3.637364062747183158e-01
9.990275605321407015e-01 -4.406972105499595838e-02 1.339023276456680848e-03 1.817612397443031824e+01 4.406437126468684684e-02 9.990214977217928283e-01 3.791869559176638815e-03 7.150431145716970027e-01 -1.504819672879940257e-03 -3.729178976774476066e-03 9.999919143382667297e-01 -3.769353213533194746e-01
9.989574106013249244e-01 -4.561773683973988081e-02 1.764621862102887196e-03 1.875455355940669477e+01 4.560781563565022290e-02 9.989453392898778317e-01 5.304362730379275255e-03 7.549177685286566630e-01 -2.004733807893670661e-03 -5.218351909476428609e-03 9.999843748007807287e-01 -3.858571645323415900e-01
9.988806238805008064e-01 -4.723201817527743901e-02 2.575984315103705194e-03 1.934335160124867414e+01 4.722274715305011666e-02 9.988780812523567754e-01 3.548372152010142479e-03 7.902944827885682866e-01 -2.740691047983347291e-03 -3.422755132977721264e-03 9.999903866337311875e-01 -4.156138134062826173e-01
9.988133948995541189e-01 -4.866322084339485404e-02 1.921745658053342814e-03 1.994555373867770953e+01 4.866178189265050330e-02 9.988150024439330643e-01 7.885911222633031591e-04 8.249914448026032243e-01 -1.957843778083007222e-03 -6.941398079501194356e-04 9.999978425065064735e-01 -4.237649594320972435e-01
9.987749449821644587e-01 -4.946369823986500325e-02 1.397079922563202337e-03 2.054841286335275186e+01 4.946521943824455647e-02 9.987752670468619254e-01 -1.076104732845383589e-03 8.652453568960576380e-01 -1.342140752963916824e-03 1.143893310285049167e-03 9.999984450819380255e-01 -4.411673256255275177e-01
9.987452333958152240e-01 -5.007947512771435822e-02 7.028564024354841280e-05 2.114014274470363475e+01 5.007952012007401560e-02 9.987435797775949808e-01 -1.817558136023029146e-03 9.026487959100086833e-01 2.082502552233841139e-05 1.818797395907512104e-03 9.999983457698072842e-01 -4.487365733869526085e-01
9.987153079738192440e-01 -5.065092177708824250e-02 -1.489208477872038926e-03 2.175601018560746525e+01 5.064826139222129708e-02 9.987149794525311819e-01 -1.772973512365200351e-03 9.391643622552157122e-01 1.577097557066167461e-03 1.695269967176460130e-03 9.999973194079241345e-01 -4.572858295135741047e-01
9.986636376958026862e-01 -5.162415307989629693e-02 -2.426017924506381537e-03 2.237385717223900983e+01 5.162187454029771444e-02 9.986662088411946137e-01 -9.926669638898996586e-04 9.854401223323339121e-01 2.474027714548779257e-03 8.661048082473532961e-04 9.999965645187631758e-01 -4.714889313012045613e-01
9.986373591055242027e-01 -5.205831165787831727e-02 -3.654748428488642335e-03 2.298715155835748902e+01 5.205609178325140696e-02 9.986439171875217680e-01 -6.999804395644720640e-04 1.034260710242494996e+00 3.686232086838102905e-03 5.087746979540897375e-04 9.999930763966862202e-01 -4.861808754468139315e-01
9.986003715101888778e-01 -5.270965601902169451e-02 -4.357772604118681503e-03 2.361230018603482961e+01 5.271159614873950627e-02 9.986097224392005423e-01 3.314835666172010593e-04 1.062788470737539015e+00 4.334241705879758252e-03 -5.607247623898041402e-04 9.999904499226859311e-01 -4.990484316199065851e-01
9.985957166189857181e-01 -5.277043161539969607e-02 -4.677210422751365386e-03 2.425300504409199576e+01 5.277244429391463043e-02 9.986065162727203459e-01 3.078650787388265966e-04 1.108652592259356640e+00 4.654446633053842437e-03 -5.542605754107223209e-04 9.999890144005355586e-01 -5.047686456472105787e-01
9.986152172314646247e-01 -5.246980650167867855e-02 -3.816715791244362169e-03 2.488566084708332582e+01 5.246859081687435533e-02 9.986224873479960795e-01 -4.180198473951145786e-04 1.149007916185367018e+00 3.833391637459502514e-03 2.171832815984328017e-04 9.999926289428218151e-01 -5.106258747910378260e-01
9.986368660068241088e-01 -5.217043085056672497e-02 -1.629722962555127516e-03 2.554512185364274046e+01 5.217111176267662936e-02 9.986380886679289137e-01 3.780993414214921114e-04 1.188606228961017086e+00 1.607777818838012707e-03 -4.626084001780671022e-04 9.999986005209974271e-01 -5.183150205930215915e-01
9.986668730101397884e-01 -5.160537621020917093e-02 1.167004006930574952e-03 2.620443419591896017e+01 5.160403720075606299e-02 9.986669621538996067e-01 1.149802976476307914e-03 1.239718882079766216e+00 -1.224784361591463614e-03 -1.088048024908268904e-03 9.999986580264811353e-01 -5.365924188611504997e-01
9.986777922321637968e-01 -5.130563694518718715e-02 3.224735638722165277e-03 2.687963012278896713e+01 5.130152017908323064e-02 9.986823020695575481e-01 1.346684953547663691e-03 1.278507826556948501e+00 -3.289578940551059812e-03 -1.179470515799140766e-03 9.999938937412049533e-01 -5.585250917359323442e-01
9.986943476330406577e-01 -5.098484510430580791e-02 3.185212003199655150e-03 2.755902103295985839e+01 5.098239333613695939e-02 9.986991936259204117e-01 8.462982073355084563e-04 1.324264977911324026e+00 -3.224217042136150613e-03 -6.828035048718377516e-04 9.999945690871721027e-01 -5.791457317531526483e-01
9.987477745017081521e-01 -4.999578066525910830e-02 1.817922868692727154e-03 2.824679008470648967e+01 4.999594922693970794e-02 9.987494194327171115e-01 -4.736779261240777752e-05 1.360988881331405054e+00 -1.813281219910273506e-03 1.381972568963548884e-04 9.999983464550007417e-01 -5.981551780654552619e-01
9.987871889192004859e-01 -4.923097967653992935e-02 -6.796256097965887658e-04 2.894429768517127854e+01 4.923164926545402220e-02 9.987868800971295702e-01 1.006407693404188413e-03 1.416266773224303499e+00 6.292547057425491343e-04 -1.038646200655151839e-03 9.999992626260206796e-01 -6.186729212965140778e-01
9.988231310125484930e-01 -4.837897178640333806e-02 -3.439192227803439510e-03 2.965247878160576533e+01 4.838428003798936339e-02 9.988277023178699920e-01 1.477338014754795391e-03 1.455702014788926801e+00 3.363688376591583099e-03 -1.642002221315765238e-03 9.999929946900679711e-01 -6.329477156266372084e-01
9.988764654298996071e-01 -4.705852718573284854e-02 -5.594803783896009491e-03 3.036432185930808458e+01 4.707237822723592258e-02 9.988886689847082945e-01 2.370270446579437768e-03 1.493056038561511478e+00 5.477044668678597225e-03 -2.630968085614941807e-03 9.999815398239257913e-01 -6.486368813815500678e-01
9.989628040319518121e-01 -4.494767614398065270e-02 -7.281659829743307270e-03 3.109176970705279786e+01 4.495916716175221706e-02 9.989878132487022278e-01 1.422064941409494640e-03 1.531268742719988696e+00 7.210370915694001327e-03 -1.747967342886407429e-03 9.999724772019609187e-01 -6.530872748949004825e-01
9.990800468186586958e-01 -4.236180101281801502e-02 -6.673669438715774775e-03 3.181859161084809884e+01 4.237827594003507059e-02 9.990988810683334442e-01 2.346822608194395164e-03 1.572756646459754215e+00 6.568240036500150487e-03 -2.627482246276418958e-03 9.999749769668581090e-01 -6.500097320294921932e-01
9.992199764814901908e-01 -3.941565615635175129e-02 -2.417571114673195722e-03 3.255896818938921200e+01 3.942652559694403286e-02 9.992117619120276517e-01 4.626438804842163480e-03 1.618554559986315589e+00 2.233311371880166395e-03 -4.718146503202534647e-03 9.999863756141332827e-01 -6.632891224182979606e-01
9.993187350174806971e-01 -3.687045822696261022e-02 1.623315494913088117e-03 3.331166319096101347e+01 3.686012623737552896e-02 9.993024755900258294e-01 5.991107861709190838e-03 1.656714166454926973e+00 -1.843078084878672831e-03 -5.927190715650927991e-03 9.999807355511372009e-01 -6.806145510495900108e-01
9.994076862887896207e-01 -3.426710422228157471e-02 3.168935958269278493e-03 3.405092813968228427e+01 3.425864894088098689e-02 9.994093933173840982e-01 2.685055255229626923e-03 1.688719131187849776e+00 -3.259073431789081404e-03 -2.574901395676115236e-03 9.999913741243815490e-01 -7.005790967716729600e-01
9.995105474638557030e-01 -3.118225187026957279e-02 2.516481035609156348e-03 3.477218285295919031e+01 3.118236977638345203e-02 9.995137116403276512e-01 -7.622651015885991126e-06 1.718425316757696608e+00 -2.515019608750306522e-03 8.608876227763521212e-05 9.999968336275333325e-01 -7.124057404982498953e-01
9.996197397828967546e-01 -2.753351304846372513e-02 1.510462043138677702e-03 3.551035176500977286e+01 2.753314611773914275e-02 9.996208564234119187e-01 2.631884948198555288e-04 1.746997556781353156e+00 -1.517135865013669385e-03 -2.215006425666402403e-04 9.999988246174255080e-01 -7.308240574719677696e-01
9.997045304519577291e-01 -2.430607732014457636e-02 -2.576803018384782426e-04 3.623889511988719647e+01 2.430656452174273854e-02 9.997023561053431928e-01 2.095260980394621653e-03 1.772645222066828952e+00 2.066760294745091078e-04 -2.100905217462332563e-03 9.999977717386604459e-01 -7.505514289932448957e-01
9.997763136582021870e-01 -2.100298208556753560e-02 -2.489456070999672421e-03 3.696772913616574385e+01 2.101057910135138013e-02 9.997745526465772192e-01 3.065851621040521606e-03 1.793715266736955805e+00 2.424502803043281432e-03 -3.117470745605994270e-03 9.999922015507463069e-01 -7.556275988741150140e-01
9.998320178667751135e-01 -1.794411333773108380e-02 -3.734279713049830623e-03 3.769363461678864979e+01 1.796660737991465084e-02 9.998201016675553054e-01 6.079911244032543648e-03 1.820770358838369019e+00 3.624509305910305051e-03 -6.145982265023099307e-03 9.999745445931558230e-01 -7.690681183648389041e-01
9.998839071876065576e-01 -1.463870995458291246e-02 -4.228512517591947843e-03 3.841227378286736638e+01 1.466464905551605885e-02 9.998734322947557818e-01 6.169883239005328687e-03 1.834941456571151930e+00 4.137658193276557740e-03 -6.231176612005315946e-03 9.999720257200725992e-01 -7.898898936184359787e-01
9.999219155275617110e-01 -1.055499861531181832e-02 -6.689906720011882385e-03 3.912163616122717968e+01 1.058492274543596998e-02 9.999340606319587765e-01 4.453515303138644299e-03 1.858566357079680653e+00 6.642458743932612084e-03 -4.523979698551202147e-03 9.999677051532825933e-01 -8.019059265047424612e-01
9.999309288783122529e-01 -5.971267418093091119e-03 -1.012331161118904151e-02 3.983746810762321644e+01 6.015776015340629397e-03 9.999723480425931621e-01 4.371909092843480511e-03 1.865882768309846007e+00 1.009692584348659099e-02 -4.432506695364930686e-03 9.999392006381720988e-01 -7.951974209475305422e-01
9.999435610318132550e-01 -7.066090824640183310e-04 -1.060072896648448122e-02 4.054760745158139201e+01 7.871710585950494150e-04 9.999708293808780013e-01 7.597417261373400760e-03 1.882932324528078905e+00 1.059505133261722833e-02 -7.605333058024712350e-03 9.999149482812704770e-01 -7.991410667227208942e-01
9.999453639907113223e-01 4.366277168036177860e-03 -9.497613235738949430e-03 4.127274768518872605e+01 -4.272728105243611511e-03 9.999423803142599709e-01 9.847834583828334390e-03 1.893153285864699553e+00 9.540064361546992874e-03 -9.806715818441462743e-03 9.999064033682522057e-01 -8.086534608264862589e-01
9.999201536025239534e-01 9.228289459104347184e-03 -8.632791736383810602e-03 4.197399858458863520e+01 -9.141109430962671492e-03 9.999073698775093888e-01 1.008423437910511283e-02 1.889686423255686476e+00 8.725052313651665906e-03 -1.000451589536164448e-02 9.999118876800212607e-01 -8.168967631844223920e-01
9.998662822565376196e-01 1.428511668146901711e-02 -7.959462788819988976e-03 4.268625697332716840e+01 -1.419797622965159045e-02 9.998398013488463132e-01 1.089904168639298579e-02 1.886169882525745134e+00 8.113881775823630904e-03 -1.078457602765631532e-02 9.999089247738673913e-01 -8.184737368053250917e-01
9.997720754978585145e-01 2.028960095245605638e-02 -6.642977336578233596e-03 4.338775249581448179e+01 -2.020631518629928403e-02 9.997192642651908656e-01 1.237325679266764421e-02 1.884828610805091120e+00 6.892160858259822193e-03 -1.223620653043496452e-02 9.999013818214516069e-01 -8.173922808904798831e-01
9.996475113182623495e-01 2.637038388934265232e-02 -3.075055891082188655e-03 4.409237858598380200e+01 -2.633022840039123819e-02 9.995758963441637723e-01 1.243971543664667244e-02 1.870869772623382277e+00 3.401791820175434442e-03 -1.235436365379505470e-02 9.999178953849771068e-01 -8.281299773839042588e-01
9.994601860138606630e-01 3.283411711885315248e-02 1.121305562503061232e-03 4.479137441538494357e+01 -3.284484548888094019e-02 9.993944405689961785e-01 1.148774497430668853e-02 1.855844475974038232e+00 -7.434365814267480986e-04 -1.151837283684659097e-02 9.999333849758397230e-01 -8.365715368231601001e-01
9.992165616473741574e-01 3.932836159676951493e-02 4.420735652919421076e-03 4.549171789300874735e+01 -3.937273019079985670e-02 9.991700255702757882e-01 1.044261074716460770e-02 1.835087346360723792e+00 -4.006375783888126672e-03 -1.060848603751098247e-02 9.999357024214458045e-01 -8.605587700550333397e-01
9.989670615743446724e-01 4.512288061346320794e-02 5.360553578002007907e-03 4.617701918457594701e+01 -4.517135256579690034e-02 9.989360161577789388e-01 9.294327851009719088e-03 1.806052403418293428e+00 -4.935463189606156473e-03 -9.526870838251544349e-03 9.999424383108935777e-01 -8.750204974844310035e-01
9.986931974888537678e-01 5.089714742057130370e-02 4.623599673187104957e-03 4.687575824332925833e+01 -5.093781265275414138e-02 9.986599096377941631e-01 9.150088763812021242e-03 1.771896498548154231e+00 -4.151690215103315783e-03 -9.373647458772400853e-03 9.999474477199671307e-01 -8.917147391225137554e-01
9.984054765866873238e-01 5.637739398445360678e-02 2.844955049099913945e-03 4.757487881352934522e+01 -5.640097587955095887e-02 9.983673494994406150e-01 9.031355008861171804e-03 1.739218217233973185e+00 -2.331145972266897813e-03 -9.177412542948295074e-03 9.999551694238459909e-01 -9.124024597441164897e-01
9.981084649833880107e-01 6.147399467289504926e-02 6.634059555199016411e-04 4.826001501158688711e+01 -6.147749044862083068e-02 9.980668020336503909e-01 9.120134125212077045e-03 1.705013496529303119e+00 -1.014723838464507929e-04 -9.143667605452073313e-03 9.999581906490272454e-01 -9.237162050498661792e-01
9.977746715182315151e-01 6.667428401385137871e-02 -4.946998337287545743e-04 4.895268656437216492e+01 -6.666631657258866028e-02 9.977277409630592730e-01 9.744595804539317105e-03 1.669319801950377435e+00 1.143289695833030325e-03 -9.689931062228386224e-03 9.999523979293617471e-01 -9.307808625226015042e-01
9.974214491334142396e-01 7.175591902600239602e-02 1.241327246840551657e-03 4.964799658324192677e+01 -7.176480784963790160e-02 9.973706710102775430e-01 1.007754746023033741e-02 1.628428243340134918e+00 -5.149397095877174257e-04 -1.014064560284173334e-02 9.999484497432120644e-01 -9.397034026498028991e-01
9.970307211214201049e-01 7.694641826030693132e-02 2.998309025268622481e-03 5.033678801881722364e+01 -7.697020782070712608e-02 9.969941122303277448e-01 8.850270396871116191e-03 1.576085649422866775e+00 -2.308299837165412281e-03 -9.054771944697594110e-03 9.999563404753686324e-01 -9.622945172088931409e-01
9.966391329841711721e-01 8.186532637772836463e-02 2.916666183764881400e-03 5.103245470170487152e+01 -8.188355024305496443e-02 9.966187009284785958e-01 6.800673439071194468e-03 1.522831867190800326e+00 -2.350064712427867800e-03 -7.016644262024928497e-03 9.999726215747847258e-01 -9.755141264486367758e-01
9.962296149479592522e-01 8.675130885772769362e-02 8.744781940851881728e-04 5.172610142112333875e+01 -8.675338423691894563e-02 9.962261326586088206e-01 2.709784403507215726e-03 1.470152963899020060e+00 -6.361006856612633469e-04 -2.775431415676258683e-03 9.999959461699705621e-01 -9.939459579005829326e-01
