1.000000000000000000e+00 0.000000000000000000e+00 0.000000000000000000e+00 0.000000000000000000e+00 0.000000000000000000e+00 1.000000000000000000e+00 0.000000000000000000e+00 0.000000000000000000e+00 0.000000000000000000e+00 0.000000000000000000e+00 1.000000000000000000e+00 0.000000000000000000e+00
9.999999210722472220e-01 3.972360751776794329e-04 7.681133442547876162e-06 2.754426811501899022e-03 -3.972358552484900980e-04 9.999999206924898854e-01 -2.861274579415462287e-05 -3.539028643478971033e-05 -7.692498848215633086e-06 2.860969231420256849e-05 9.999999995611554837e-01 -6.484240410728241621e-04
9.999999928729048637e-01 -1.193790609143711594e-04 -1.682297430842689327e-06 1.011724873002431933e-03 1.193790326695008225e-04 9.999999927335462280e-01 -1.677957364187445969e-05 -1.261327372063696713e-04 1.684300548362263488e-06 1.677937269124488311e-05 9.999999998578078531e-01 -5.801395531451854952e-04
9.999999009760657254e-01 4.449679548882301701e-04 7.167842084309827701e-06 1.294312583527569950e-03 -4.449679818035301286e-04 9.999999009946969331e-01 3.753850404045471955e-06 -2.064660176723797768e-03 -7.166171031518205169e-06 -3.757039492550577651e-06 9.999999999672652962e-01 -4.060287365746112096e-04
9.999999866508708646e-01 -1.621017632183307914e-04 -2.052502186152782392e-05 1.560491179579881569e-03 1.621014828577636727e-04 9.999999867682515253e-01 -1.366037965281652196e-05 1.026944633851969296e-04 2.052723596157384964e-05 1.365705233398290790e-05 9.999999996960587945e-01 -4.139155963023347096e-04
9.999999942648837292e-01 -1.065466072426325943e-04 -1.086521579984900229e-05 -2.098155724793270092e-03 1.065465192040045031e-04 9.999999942910898776e-01 -8.103053024172257100e-06 -1.917327544987313011e-03 1.086607909062849526e-05 8.101895326776433254e-06 9.999999999081438107e-01 -7.465007805996085911e-04
9.999999981963404450e-01 -5.715810484559173942e-05 -1.844641415394848727e-05 -1.703804372062129105e-03 5.715765046029699540e-05 9.999999980631263385e-01 -2.463230391875214457e-05 -1.173312021701238602e-03 1.844782205403008700e-05 2.463124952063139596e-05 9.999999995264896580e-01 -1.434147028369588996e-04
9.999999889892509097e-01 1.472137789055653868e-04 -1.869762947310261720e-05 -2.432556871982880647e-03 -1.472136160500084388e-04 9.999999891261345253e-01 8.711035081610490313e-06 -1.360966239064871110e-03 1.869891165417965394e-05 -8.708282440049171062e-06 9.999999997872582869e-01 -4.535954885547053683e-04
9.999999299982668122e-01 3.741662737568413012e-04 -1.749608508175430577e-06 -3.441513120989265692e-04 -3.741662884271923896e-04 9.999999299645778716e-01 -8.392137608372100439e-06 -3.036789707289201407e-04 1.746468330783080714e-06 8.392791665429627894e-06 9.999999999632555037e-01 -1.276382030500103045e-04
9.999998781891374922e-01 4.932829383878094580e-04 1.713629976670060800e-05 1.683564532775331905e-03 -4.932824197651323192e-04 9.999998778785184061e-01 -3.025562098384625118e-05 2.156845631514323373e-04 -1.715122225561195436e-05 3.024716426296822475e-05 9.999999993954723498e-01 -2.112219474453752631e-04
9.999999993080525007e-01 3.562743826971557961e-05 -1.070423933287757007e-05 9.919428687944656202e-04 -3.562751343693764923e-05 9.999999993406852861e-01 -7.022083219049735526e-06 -1.771722692894627622e-04 1.070398914698369720e-05 7.022464579621487177e-06 9.999999999180547716e-01 -5.428933678651235838e-04
9.999999542606943237e-01 -3.022922663871447225e-04 -9.899241780422285270e-06 -1.270252311521734333e-03 3.022921432937993101e-04 9.999999542324298218e-01 -1.243375991521250006e-05 -1.561271483102973025e-04 9.902999956822524196e-06 1.243076688348616546e-05 9.999999998737033602e-01 -6.164031110893964304e-04
9.999998632181628100e-01 5.230030102268638098e-04 5.613110618233635264e-06 6.793049296506970675e-04 -5.230030036722222147e-04 9.999998632332363080e-01 -1.169142151530832444e-06 -4.203689996485021705e-04 -5.613721315411295969e-06 1.166206317900140317e-06 9.999999999835630371e-01 -1.660367383396154067e-04
9.999999388754829965e-01 -3.145865362265865169e-04 1.525920755028650874e-04 -2.454977996166601579e-03 3.145997299454973174e-04 9.999999467769019601e-01 -8.644768990057497622e-05 3.194113067090749349e-04 -1.525648721021114992e-04 8.649569004224672225e-05 9.999999846212276333e-01 8.542496943015808137e-04
9.999997461380661923e-01 4.319494712038511597e-04 5.666952068569607948e-04 -1.054051320304452526e-02 -4.316995017327760007e-04 9.999998095117201835e-01 -4.411485730050237856e-04 -4.463599649751144767e-04 -5.668856528009974397e-04 4.409038189757594726e-04 9.999997421222063254e-01 4.561988611250394378e-03
9.999998233539373338e-01 -2.907070515301542961e-04 5.184414184468624657e-04 -1.378392262514682200e-02 2.908681909091350251e-04 9.999999094098699359e-01 -3.107667090570757212e-04 -1.750526937039689410e-03 -5.183510294074832958e-04 3.109174522788362002e-04 9.999998173212574226e-01 3.026326447490842314e-03
9.999999662189297256e-01 1.557917799384158123e-04 2.080650398774169416e-04 -6.995382903672230437e-03 -1.557774197287314628e-04 9.999999854839676239e-01 -6.903231096508644353e-05 -3.199159993716393924e-03 -2.080757915237366120e-04 6.899989679805323885e-05 9.999999759717392855e-01 -8.999652211647657211e-04
9.999999646082498028e-01 6.440322439585993914e-05 -2.581389623464451413e-04 6.254886776062935569e-03 -6.442029121859404941e-05 9.999999957399389183e-01 -6.610709593701009511e-05 -1.273283170175975362e-03 2.581347037366235869e-04 6.612372298449348447e-05 9.999999644970634094e-01 -1.261614510325385127e-03
9.999999162537823727e-01 -2.768191192287297879e-04 -3.014359026400945216e-04 1.825621881538226632e-02 2.768171170531166596e-04 9.999999616638043376e-01 -6.683828270236762352e-06 -3.470083639021447411e-04 3.014377412956436241e-04 6.600385092946290884e-06 9.999999545458604366e-01 -1.420967764743574432e-03
9.999999939129843307e-01 1.311301347810014432e-05 -1.095540055070793321e-04 3.929708410506010940e-02 -1.312025794374110046e-05 9.999999977275768615e-01 -6.612643273538032203e-05 2.512504704784159892e-03 1.095531381413225586e-04 6.612786970967871752e-05 9.999999918126073473e-01 -2.794795112563467319e-04
9.999999917581305908e-01 1.252134800001901708e-04 2.837821816436355318e-05 5.726478624672944051e-02 -1.252118345435563219e-04 9.999999904803060780e-01 -5.797744628982562886e-05 1.549643921328943980e-03 -2.838547745202307435e-05 5.797389252322565037e-05 9.999999979166461772e-01 5.829294651680181879e-04
9.999999884410946116e-01 3.358984487481483699e-05 -1.482886808704923386e-04 8.037865316765925583e-02 -3.360028487810136398e-05 9.999999969573383218e-01 -7.040130807874515136e-05 5.142635718604759033e-04 1.482863156502827091e-04 7.040628980690453813e-05 9.999999865270613464e-01 7.480363667210088033e-04
9.999999546845667053e-01 -1.804504993720028913e-04 -2.409740274497677468e-04 1.046634341953866232e-01 1.804168480956943688e-04 9.999999739722353898e-01 -1.396613386480058947e-04 -1.189197248353071092e-03 2.409992231360544887e-04 1.396178565446864171e-04 9.999999612131135196e-01 1.247391408889246935e-03
9.999998975908760412e-01 -3.786197417912921435e-04 -2.479220209217365949e-04 1.396071296257881678e-01 3.785525821726820682e-04 9.999998916607056865e-01 -2.708810060639104929e-04 -2.697845088434182650e-04 2.480245549586118431e-04 2.707871268020265419e-04 9.999999325790738247e-01 2.342439729906825065e-03
9.999997463217386029e-01 -6.910096813873754752e-04 -1.728064774233857765e-04 1.717631387418312727e-01 6.909776811943258356e-04 9.999997441308224877e-01 -1.851705530068734930e-04 -1.957315484324225092e-03 1.729343878523701425e-04 1.850511006140641594e-04 9.999999679248933182e-01 2.437334138140138853e-03
9.999995564429352557e-01 -8.918968672917386301e-04 -3.027109361873237155e-04 2.123166718560905442e-01 8.918326266817924600e-04 9.999995797844475343e-01 -2.122863497531468884e-04 -5.255834099306182228e-03 3.029001465137940883e-04 2.120162881026914543e-04 9.999999316502951041e-01 3.055738068607809655e-03
9.999994793348054856e-01 -8.197991465322409469e-04 -6.076672422360616076e-04 2.572553560178020837e-01 8.196419375415388373e-04 9.999996305755306514e-01 -2.589129130729106595e-04 -4.319923254216663164e-03 6.078792743340764772e-04 2.584147087101615705e-04 9.999997818522893267e-01 3.322164379290907556e-03
9.999989155247394068e-01 -1.022068433313570463e-03 -1.060342144231614207e-03 3.158907281696646807e-01 1.021819950451086090e-03 9.999994503628364395e-01 -2.348574330480889428e-04 -5.901270989384263879e-03 1.060581601796813014e-03 2.337736995937330687e-04 9.999994102580878064e-01 3.145987884630122890e-03
9.999978554419387544e-01 -1.455009663980185667e-03 -1.473790487529983827e-03 3.940588610215090548e-01 1.454746274853692574e-03 9.999989256971322238e-01 -1.797716809350334403e-04 -3.011164287503587979e-03 1.474050473765706974e-03 1.776273041825768577e-04 9.999988978112633875e-01 3.023239562064757198e-03
9.999971312956036362e-01 -1.699124173807229883e-03 -1.688306134953042759e-03 4.742414515424929200e-01 1.698706062338496475e-03 9.999985261836815686e-01 -2.490545693362194090e-04 -3.373657637548667463e-03 1.688726821339266767e-03 2.461859190057534433e-04 9.999985437960478007e-01 3.840497832076125023e-03
9.999963003190095456e-01 -1.922178865441675653e-03 -1.924727695668174100e-03 5.703235268458957119e-01 1.921876883974059412e-03 9.999981405948192847e-01 -1.587329419829086651e-04 -7.377729112002578624e-03 1.925029229925854157e-03 1.550332650554113532e-04 9.999981351118364392e-01 2.792223665935063964e-03
9.999943872620357110e-01 -2.263331200085323246e-03 -2.470379789519180913e-03 6.783387584343982812e-01 2.263063506711733824e-03 9.999974330911970410e-01 -1.111511648665103026e-04 -1.096219244701134715e-02 2.470625020178920765e-03 1.055599146547684118e-04 9.999969424298826848e-01 1.627301674894197003e-03
9.999922923688157050e-01 -2.504549180459940839e-03 -3.023646203459332341e-03 7.914553093209002466e-01 2.503422332490961352e-03 9.999967955925326279e-01 -3.764057539598877531e-04 -9.259587341672460836e-03 3.024579241187460091e-03 3.688333893318689331e-04 9.999953579303979545e-01 2.721041765926818061e-03
9.999895406137162546e-01 -3.048388938786164223e-03 -3.409690315345306234e-03 9.119571940686018729e-01 3.046646092592711352e-03 9.999952257196343952e-01 -5.162223590882100048e-04 -1.013811623217594597e-03 3.411247683057179458e-03 5.058288400429500732e-04 9.999940537455357381e-01 2.798193054679923384e-03
9.999880639497537027e-01 -3.511352222026073010e-03 -3.397405421233033740e-03 1.044766685476035128e+00 3.510457482989213975e-03 9.999938020671949035e-01 -2.692869396506633053e-04 -2.552002566727157654e-04 3.398329925636426295e-03 2.573572781445053622e-04 9.999941925436106605e-01 7.114009330796062548e-04
9.999866200142387695e-01 -3.837964746808739547e-03 -3.468402961120286860e-03 1.183795777743068767e+00 3.837308288362634764e-03 9.999926183162907156e-01 -1.959031122200306969e-04 -6.243390478010564862e-03 3.469129227705142118e-03 1.825911596090902544e-04 9.999939658832296407e-01 1.208625650911380632e-03
9.999831653284999566e-01 -4.041544793258563216e-03 -4.163529185428583961e-03 1.334539469690371405e+00 4.040815105584250229e-03 9.999918190087441205e-01 -1.836542011692054804e-04 -7.299407743928889788e-03 4.164237370313219645e-03 1.668270577860385211e-04 9.999913156102189227e-01 -1.424911387614532544e-03
9.999774404570140884e-01 -4.603893466082459481e-03 -4.891088017184318237e-03 1.502477922882176298e+00 4.601670940542400452e-03 9.999893038821686675e-01 -4.655596747496671024e-04 -4.947181826842624031e-03 4.893179088675213978e-03 4.430419943398598284e-04 9.999879301832584888e-01 6.106060750697009723e-04
9.999730431811206799e-01 -5.286332379529813316e-03 -5.095841545975814298e-03 1.672799627686053725e+00 5.282726673474459969e-03 9.999857865374075505e-01 -7.207787841937044826e-04 -1.779860002064017873e-03 5.099579392647984356e-03 6.938394162318411171e-04 9.999867563507441881e-01 6.000631473825118224e-03
9.999654332133781631e-01 -5.978327939168237397e-03 -5.778578841960534639e-03 1.865105524419751415e+00 5.972537288689351055e-03 9.999816452266845346e-01 -1.018826809812746178e-03 3.114512418059452344e-03 5.784563658238082474e-03 9.842788146345660735e-04 9.999827848610689518e-01 1.018864761009995526e-02
9.999557988314896617e-01 -6.957778345521250900e-03 -6.323741279643315359e-03 2.062862238746356880e+00 6.952608582855650775e-03 9.999754782443045498e-01 -8.391328667203435277e-04 1.179524513779655476e-02 6.329424710893657470e-03 7.951292781704923877e-04 9.999796528691271558e-01 1.094022451016016251e-02
9.999502654687686398e-01 -7.558836271401362522e-03 -6.506195751844393374e-03 2.272599031906093803e+00 7.554868770145899484e-03 9.999712604833116414e-01 -6.341650279926332873e-04 1.615642564814986221e-02 6.510802316538650755e-03 5.849800329941776209e-04 9.999786333975121400e-01 1.232850775309595262e-02
9.999398525797318360e-01 -8.176155463526860179e-03 -7.310383345653838176e-03 2.490273181578430250e+00 8.172256451245099584e-03 9.999664480278758205e-01 -5.630657231298325611e-04 1.487975048105973433e-02 7.314741780764101413e-03 5.032895287215506707e-04 9.999731202649054795e-01 1.427286284792450913e-02
9.999329191986408016e-01 -8.838636656873784941e-03 -7.485693350137320040e-03 2.726361357391168916e+00 8.835264291575689599e-03 9.999608514200986065e-01 -4.834584672838111242e-04 2.009603834485574475e-02 7.489673409604095944e-03 4.172879573482480035e-04 9.999718649356981182e-01 1.558651753299723081e-02
9.999204853631219470e-01 -9.673044993479186504e-03 -8.090435818463623252e-03 2.965887975528175957e+00 9.669551605220497170e-03 9.999531379624998495e-01 -4.707979435958289265e-04 1.731192877996396220e-02 8.094610733848147527e-03 3.925296216129426741e-04 9.999671610595838311e-01 1.443008716378255639e-02
9.999119033235954745e-01 -1.011244667472393187e-02 -8.597907538210207423e-03 3.226823282968380280e+00 1.011056790851425601e-02 9.999488525905521064e-01 -2.619530599015904601e-04 1.881456628639810447e-02 8.600116763862492020e-03 1.750002546714382059e-04 9.999630029988904045e-01 1.597616284082726060e-02
9.999105395308632849e-01 -1.063469555910600585e-02 -8.112717514062707524e-03 3.485425668432803548e+00 1.062509659160574584e-02 9.999428012411782918e-01 -1.225384986264961996e-03 1.953995067867901614e-02 8.125285072961858229e-03 1.139076955541889688e-03 9.999663405566071583e-01 2.743409115191359701e-02
9.999028150968743978e-01 -1.124123556471020094e-02 -8.245907125628669163e-03 3.756076155607617650e+00 1.123240209902872169e-02 9.999362909361801943e-01 -1.116786407733430389e-03 2.492895920832360196e-02 8.257935845690149088e-03 1.024056528448275558e-03 9.999653783025664877e-01 1.745192952333150110e-02
9.998882695213721084e-01 -1.197226700369993617e-02 -8.950603127611034271e-03 4.033995342395863659e+00 1.196767357314703663e-02 9.999282243101476064e-01 -5.665837992928048550e-04 1.573313475859314595e-02 8.956743984422060878e-03 4.594025980996892721e-04 9.999597820344827692e-01 6.964265219392473671e-03
9.998580330886043255e-01 -1.258674755280987829e-02 -1.120211829205808828e-02 4.325925434406709513e+00 1.258177104349317114e-02 9.999207139625057028e-01 -5.146125940595410462e-04 -2.378048177014880846e-03 1.120770741929609342e-02 3.735970485461955273e-04 9.999371218829955499e-01 -1.711733320225253870e-03
9.998371441266874493e-01 -1.259660193255942272e-02 -1.292326755671158699e-02 4.611770432897286831e+00 1.258267595465948317e-02 9.999201640754902254e-01 -1.158335471620216758e-03 -1.293770612213707497e-02 1.293682690653887198e-02 9.955375419439310355e-04 9.999158201641740185e-01 -5.965385044227992928e-03
9.998188456229872845e-01 -1.297573125916183512e-02 -1.392502550830928935e-02 4.913993609510142413e+00 1.296052869017319184e-02 9.999153108667715451e-01 -1.181435685421594909e-03 -2.728756346352415735e-02 1.393917620192282152e-02 1.000745970564185594e-03 9.999023441688263958e-01 -8.237241136141756903e-03
9.997987169030700949e-01 -1.306683397838214085e-02 -1.522443853664562884e-02 5.236947508540803042e+00 1.304480096243597169e-02 9.999137183819764019e-01 -1.545625886168628402e-03 -2.999993130440915812e-02 1.524332138430244295e-02 1.346715007328183047e-03 9.998829069005349401e-01 -1.024865484378650188e-02
9.997722546212245431e-01 -1.324252095599745202e-02 -1.673542734211609997e-02 5.538509363498784310e+00 1.319638278755343522e-02 9.999088213288270799e-01 -2.864351605533950462e-03 -3.187082043938126164e-02 1.677183266425116490e-02 2.642852157372750470e-03 9.998558500911801650e-01 -2.145383415279887573e-03
9.997330573509132234e-01 -1.396137472141994670e-02 -1.840907536200162703e-02 5.879206566491402164e+00 1.389427282109192627e-02 9.998963705822411230e-01 -3.767927710899524052e-03 -3.084529410682713621e-02 1.845977309093547319e-02 3.511141174831116339e-03 9.998234387456025329e-01 9.079798008414857388e-04
9.996758483228066483e-01 -1.456663182300156102e-02 -2.088088880795060595e-02 6.226485976978316295e+00 1.450350583301096737e-02 9.998897891554395789e-01 -3.171413130207325921e-03 -1.865351945930453920e-02 2.092478431498627153e-02 2.867539018697531483e-03 9.997769404328885612e-01 -4.179760722043159016e-04
9.996877593292605724e-01 -1.511093525308506574e-02 -1.990084126411523560e-02 6.606328813117564813e+00 1.508899234808411260e-02 9.998853704372928641e-01 -1.252316013257295715e-03 -6.098828552223304993e-03 1.991748370557635747e-02 9.516413477106671487e-04 9.998011743449711775e-01 -6.831403521699884462e-03
9.997129822117878373e-01 -1.731646820321315963e-02 -1.655575809743374191e-02 6.988268264728834112e+00 1.732006536690937001e-02 9.998499936858181725e-01 7.390639592107372418e-05 6.670464375018626477e-03 1.655199483142807612e-02 -3.606319959170731313e-04 9.998629413132901211e-01 2.904869826096207960e-02
9.997205595733187344e-01 -1.870219292552120424e-02 -1.445789563480941523e-02 7.375714026569666792e+00 1.872121276710253177e-02 9.998240448803059621e-01 1.181300856213872734e-03 -2.636006139211128502e-04 1.443325877753647360e-02 -1.451640093342403603e-03 9.998947813555684183e-01 4.817122636257671620e-02
9.997274031542627837e-01 -1.982552065024556845e-02 -1.233159005889873303e-02 7.760642206519682063e+00 1.982601889001997866e-02 9.998034418198075146e-01 -8.185498977293534329e-05 -4.539331866223926537e-03 1.233078900178794651e-02 -1.626536610907934523e-04 9.999239597021265524e-01 7.017428559238308994e-02
9.997084130357372089e-01 -2.128337002997772801e-02 -1.140644842774577589e-02 8.147634156647226789e+00 2.126752718412476192e-02 9.997726825908944681e-01 -1.508453671509006480e-03 -1.119675875621015636e-02 1.143596052110588956e-02 1.265426874070799948e-03 9.999338065601073300e-01 8.874312818686187765e-02
9.996547434823342959e-01 -2.223365981396948146e-02 -1.400207857945077149e-02 8.521839094226002942e+00 2.219353807137195919e-02 9.997491488819274519e-01 -3.014328737269538101e-03 -6.105040442507045709e-03 1.406558570209569779e-02 2.702532356595226115e-03 9.998974225477924582e-01 1.006393275032665957e-01
9.995828419780022900e-01 -2.409399085462858234e-02 -1.592550243719467046e-02 8.894885625931820528e+00 2.403216993333781235e-02 9.997029335551603779e-01 -4.061951440113404331e-03 4.440091330013870574e-03 1.601864012565340500e-02 3.677532583640747994e-03 9.998649303394039345e-01 1.134801451017134061e-01
9.995450904381891766e-01 -2.544473923921160285e-02 -1.619189383490127199e-02 9.291323277721190266e+00 2.536917879944972087e-02 9.996663611763074719e-01 -4.855007678883110911e-03 2.227744592351455985e-02 1.631002599488239058e-02 4.442024039668004270e-03 9.998571155292526047e-01 1.410287324378743656e-01
9.995137179301356589e-01 -2.689525146557805377e-02 -1.577888202885668195e-02 9.676520367907118114e+00 2.681257291159891767e-02 9.996257401552356425e-01 -5.428218212033755416e-03 4.436932921527839135e-02 1.591896992074068318e-02 5.002506141983694213e-03 9.998607709721198944e-01 1.633236577892049068e-01
9.994782212551144296e-01 -2.772096936072007689e-02 -1.657809079522251303e-02 1.009273425375645594e+01 2.766521200972505562e-02 9.996108223131099368e-01 -3.583288847556158514e-03 5.199596155340761167e-02 1.667097121254748973e-02 3.122782767032416043e-03 9.998561531273487679e-01 1.407598036527486218e-01
9.993990000941095353e-01 -2.871856534695237453e-02 -1.941346479397521377e-02 1.051222852143162001e+01 2.868896963747151821e-02 9.995867637180009257e-01 -1.801338644897648288e-03 6.207990929667309143e-02 1.945717430754851859e-02 1.243303738509110926e-03 9.998099182163474596e-01 1.160978353554604214e-01
9.993097357719161744e-01 -2.984960299674687886e-02 -2.211454707652123208e-02 1.094873459245719438e+01 2.981478731119585265e-02 9.995536299495899613e-01 -1.902448997029716543e-03 6.509283629930896764e-02 2.216146315231078828e-02 1.241795286971404287e-03 9.997536333994561097e-01 1.159687592918772214e-01
9.992478820174822696e-01 -3.055849140547003961e-02 -2.387150784088953176e-02 1.140387248217658112e+01 3.050157614782518511e-02 9.995309499512862184e-01 -2.744802721099092943e-03 8.001263736871098986e-02 2.394418793933630885e-02 2.014619691441792322e-03 9.997112669023114906e-01 1.292319882612988913e-01
9.992048112826663608e-01 -3.137015959478712396e-02 -2.461012386333707655e-02 1.187190575378257762e+01 3.131317451285172554e-02 9.995059820808203099e-01 -2.697570496321723132e-03 1.060287868072505302e-01 2.468258923814315928e-02 1.924804315383265088e-03 9.996934854828496420e-01 1.434067379750625926e-01
9.991813997641960654e-01 -3.237813453144355175e-02 -2.425256212290747074e-02 1.235097513497156285e+01 3.233465653658717381e-02 9.994747146420774886e-01 -2.182837098504249868e-03 1.263605656851420900e-01 2.431049880036779617e-02 1.396851961164236478e-03 9.997034802643611773e-01 1.499518057378749769e-01
9.991406943297322929e-01 -3.321675338404956462e-02 -2.478951852948669751e-02 1.284503740654667148e+01 3.318710920769166878e-02 9.994478652017618758e-01 -1.606401592861486606e-03 1.327715438162698769e-01 2.482919081922082064e-02 7.823287442198427564e-04 9.996914020061384853e-01 1.553363676174085994e-01
9.990503359321820653e-01 -3.409474360047937136e-02 -2.712885424436127513e-02 1.334213386646170107e+01 3.404613986012015869e-02 9.994177257810384907e-01 -2.251611707645404230e-03 1.410549486557831633e-01 2.718982593580483026e-02 1.325840667063636971e-03 9.996294090872407390e-01 1.635437578072898024e-01
9.989622737303421873e-01 -3.516437914418744926e-02 -2.894550229152415693e-02 1.385369287609423417e+01 3.510588631860403486e-02 9.993804044191074709e-01 -2.526659630111184694e-03 1.515786461298119503e-01 2.901641620341915973e-02 1.507880136157395325e-03 9.995777978167607047e-01 1.720871823553150326e-01
9.988978122800377113e-01 -3.621983146693547040e-02 -2.985438712587054275e-02 1.438056138281635832e+01 3.614844813748563368e-02 9.993421433788407526e-01 -2.927484284516786595e-03 1.769926778943149426e-01 2.994078020703643331e-02 1.845067882592059481e-03 9.995499714396987034e-01 1.835272455072533282e-01
9.988106086794216187e-01 -3.733727208125438984e-02 -3.135755256670665764e-02 1.492691450292144850e+01 3.728520588128290264e-02 9.993021461163850150e-01 -2.243699974910663957e-03 1.955228533048367634e-01 3.141944321329926543e-02 1.071858534251714668e-03 9.995057126937538783e-01 1.839645987651188364e-01
9.987443152726022122e-01 -3.878665292792338182e-02 -3.170785810031434560e-02 1.547872581944887216e+01 3.878879734264785439e-02 9.992472813156236811e-01 -5.477079932237560950e-04 1.987643634708180229e-01 3.170523476291969844e-02 -6.828894373609367468e-04 9.994970293856028087e-01 1.888373042747445441e-01
9.987128421288995472e-01 -3.930254498685938069e-02 -3.206195446899215429e-02 1.603949688967781739e+01 3.929543124281370536e-02 9.992272728702826790e-01 -8.521946132850642458e-04 2.099633737035436765e-01 3.207067274406839863e-02 -4.087906230656397936e-04 9.994855200751882052e-01 2.132262693582482604e-01
9.986280136577081468e-01 -4.076719961597915359e-02 -3.286526697793827612e-02 1.662867715700150129e+01 4.072869542907853885e-02 9.991685473700933073e-01 -1.840465968970901025e-03 2.150353987140157241e-01 3.291297170882033496e-02 4.993814258582196953e-04 9.994580966261096266e-01 2.393100429615134805e-01
9.985666088127158613e-01 -4.116147425774518281e-02 -3.421199791303287246e-02 1.720839173644823106e+01 4.109649531756056490e-02 9.991517976526670397e-01 -2.600638394230704673e-03 2.371152180597273507e-01 3.429002532641391848e-02 1.190917450037754996e-03 9.994112146052499535e-01 2.667410488129690060e-01
9.984927195468866756e-01 -4.203181961335977768e-02 -3.529327346467509008e-02 1.779147674166510740e+01 4.194052094804918973e-02 9.991145813686265198e-01 -3.323552196147894384e-03 2.740547571757918632e-01 3.540171908917137678e-02 1.838324395817304835e-03 9.993714719006877578e-01 2.925713146686639843e-01
9.984005003804230505e-01 -4.357489090939487691e-02 -3.602318312358465668e-02 1.837645766996597274e+01 4.350785569077520593e-02 9.990495886850043750e-01 -2.643074254405657596e-03 2.955318804942625999e-01 3.610411795504299415e-02 1.071555205277931666e-03 9.993474593133913064e-01 3.072534538722356823e-01
9.983127369547023511e-01 -4.517138449558078667e-02 -3.648595972101765367e-02 1.895840067975812460e+01 4.515261004028570807e-02 9.989792036759895799e-01 -1.338816430888786074e-03 3.174791826205753953e-01 3.650919117922512419e-02 -3.108788158281712956e-04 9.993332688917149209e-01 3.194289674633167819e-01
9.982313277784568006e-01 -4.678193890409382272e-02 -3.668332637633708870e-02 1.956007435742528600e+01 4.675782840789781403e-02 9.989051051851431939e-01 -1.515360562872959064e-03 3.306810883035040671e-01 3.671405349776593607e-02 -2.025522933958979034e-04 9.993257913455109165e-01 3.479203533708064011e-01
9.981044206569932298e-01 -4.815771331961239687e-02 -3.831970919506093309e-02 2.016267774089153875e+01 4.810123537840939323e-02 9.988395943279894107e-01 -2.394985964144966204e-03 3.438330817069114587e-01 3.839057983462697277e-02 5.472207266007172652e-04 9.992626601296765720e-01 3.655054458801310080e-01
9.980067870503512850e-01 -4.882261508164578712e-02 -3.998506293635580716e-02 2.077075505441502301e+01 4.873134914916657512e-02 9.988066196339357994e-01 -3.254563800636638398e-03 3.638428084922338268e-01 4.009624186300885657e-02 1.299550699220797158e-03 9.991949772474055802e-01 3.943577490252530016e-01
9.979078247260390055e-01 -4.959102305776084962e-02 -4.148136669192112325e-02 2.137974114433366069e+01 4.947337678411353745e-02 9.987679894904122335e-01 -3.858517702050404466e-03 3.960913404889032097e-01 4.162160905253577126e-02 1.798221722850643078e-03 9.991318271672229301e-01 4.187918407067287574e-01
9.977773110239620546e-01 -5.052088082855556855e-02 -4.345202188734731408e-02 2.199374734183457747e+01 5.040193710883868888e-02 9.987216736672731576e-01 -3.829266629187682864e-03 4.159507159641930296e-01 4.358993394659245457e-02 1.630689286046716532e-03 9.990481762712867253e-01 4.365233378708262002e-01
9.976885883175796721e-01 -5.117800474667637267e-02 -4.470226583769896372e-02 2.261363499906903485e+01 5.106689931194671739e-02 9.986886570370020477e-01 -3.624651747804648501e-03 4.435350371042940942e-01 4.482914828031683147e-02 1.333467576860419097e-03 9.989937784234108609e-01 4.606637245992273311e-01
9.975981360604720960e-01 -5.164853663834689107e-02 -4.615612193186450357e-02 2.323177333094180597e+01 5.153679768121361554e-02 9.986645772158219136e-01 -3.608420583776056345e-03 4.737978847548079964e-01 4.628085363773510458e-02 1.221014930745306865e-03 9.989277209633845578e-01 4.805462053619876661e-01
9.975257457724369115e-01 -5.182782974997408865e-02 -4.750013246877564377e-02 2.386509405790287985e+01 5.174301333708149209e-02 9.986558839898582729e-01 -3.014289838980954879e-03 5.012619438787457860e-01 4.759251088083228665e-02 5.490317317587607455e-04 9.988666835330004545e-01 4.987515148029846301e-01
9.974759469245538801e-01 -5.182163030151385602e-02 -4.854126017995100822e-02 2.448903388223992295e+01 5.176224929143723869e-02 9.986563558869816504e-01 -2.480402149937691210e-03 5.276388550197187444e-01 4.860457648468487907e-02 -3.846332709234157564e-05 9.988180983869470175e-01 5.206882908543313260e-01
9.974136067269954165e-01 -5.181523769122936551e-02 -4.981243076630555849e-02 2.515194450472873200e+01 5.173882126759069000e-02 9.986566598227335501e-01 -2.823148161407294798e-03 5.544995632202046609e-01 4.989179781975076194e-02 2.386099376718178820e-04 9.987546002775710141e-01 5.533999988842508433e-01
9.973987271387250164e-01 -5.146772646426651943e-02 -5.046634754616886182e-02 2.581191376018460915e+01 5.140296015201732682e-02 9.986746581092924568e-01 -2.581266723534651492e-03 5.901915755896649518e-01 5.053231431135311175e-02 -1.956750747456612385e-05 9.987224263164672378e-01 5.895089010641006988e-01
9.974244264536413773e-01 -5.090504037407318078e-02 -5.052910426811985101e-02 2.647413007174864674e+01 5.084865859065550858e-02 9.987034828165559652e-01 -2.401526517050318540e-03 6.315505076235330417e-01 5.058584222048205514e-02 -1.739959629391354696e-04 9.987197015640821851e-01 6.310208023343456540e-01
9.974315596341463142e-01 -5.049960646334426817e-02 -5.079442482046387514e-02 2.715472327208500403e+01 5.043496867674431006e-02 9.987240807893719152e-01 -2.554287767657884012e-03 6.595568768450716934e-01 5.085860576510350256e-02 -1.408799292391396327e-05 9.987058636160890401e-01 6.656346999814805043e-01
9.974175006080064909e-01 -4.992353087823968305e-02 -5.163303734554910984e-02 2.783518510623390085e+01 4.984891208061978385e-02 9.987530315381933921e-01 -2.732756419269902898e-03 6.892479519477854311e-01 5.170508142587205980e-02 1.518483383850365714e-04 9.986623861429978488e-01 7.034928709190245710e-01
9.973642903760464584e-01 -4.945222250488691407e-02 -5.309378468344900376e-02 2.850735964473573247e+01 4.932128862244231082e-02 9.987758332223355406e-01 -3.774315785834063929e-03 7.154714673684472448e-01 5.321543734018382293e-02 1.145713906963306784e-03 9.985823974857239715e-01 7.390161665603967034e-01
9.973111552107667421e-01 -4.851906286783246730e-02 -5.492140047916899137e-02 2.923780573572682684e+01 4.840734199569526192e-02 9.988220143632632331e-01 -3.363460156606645594e-03 7.443808819878091620e-01 5.501989579304690514e-02 6.958173184130852281e-04 9.984850158641248585e-01 7.674223590115641924e-01
9.972332402480779123e-01 -4.728077208695610073e-02 -5.736194849532701839e-02 2.995825806370240940e+01 4.717347837842546937e-02 9.988815092431682086e-01 -3.223884267567391198e-03 7.757773859764479640e-01 5.745021742343071197e-02 5.090019172423669407e-04 9.983482425662143500e-01 7.933691434292270417e-01
9.972411982577554790e-01 -4.575063847585453258e-02 -5.845401249262332372e-02 3.067650123092841241e+01 4.571557571889738047e-02 9.989526172821281413e-01 -1.937669186375140084e-03 7.993693117793410075e-01 5.848143837257992889e-02 -7.399352929320194032e-04 9.982882218385812356e-01 8.139935675443188412e-01
9.972031585508277507e-01 -4.350938715856051547e-02 -6.076836187803017625e-02 3.140282268042659553e+01 4.346492490210777243e-02 9.990528421975019002e-01 -2.053971846822154421e-03 8.209870224814764805e-01 6.080017170622854100e-02 -5.930650722271610343e-04 9.981497820439141355e-01 8.440280862153891617e-01
9.972046847597049180e-01 -4.099841891447480319e-02 -6.246556123025601148e-02 3.214475824772743806e+01 4.096354524539865677e-02 9.991589486370423545e-01 -1.839380180488081780e-03 8.552608917087952678e-01 6.248843616402802170e-02 -7.245723106979452778e-04 9.980454249886328011e-01 8.785527685780478713e-01
9.974223609881495145e-01 -3.829901865103482045e-02 -6.067799412631515177e-02 3.289306082306271861e+01 3.827432645504912773e-02 9.992660368111251357e-01 -1.569589181711821511e-03 8.918519601711747402e-01 6.069357243759651577e-02 -7.568660084236763889e-04 9.981561588341814062e-01 9.335652065037323144e-01
9.976402311097796183e-01 -3.550402709807887885e-02 -5.876591980939712551e-02 3.362905059943921060e+01 3.553381193303042224e-02 9.993683296606783450e-01 -5.384057334125374539e-04 9.047709168698039317e-01 5.874791469263940941e-02 -1.551041922266150133e-03 9.982716447882418187e-01 9.693920492502882125e-01
9.977354330586124531e-01 -3.267372996584881617e-02 -5.879143636161599656e-02 3.436859205943144246e+01 3.262706231650409905e-02 9.994660569628760483e-01 -1.753791229303061985e-03 9.125010688739487730e-01 5.881734798457092378e-02 -1.683722061841431842e-04 9.982687469949472758e-01 1.014982797798395175e+00
9.976854709387146247e-01 -2.955754681593111832e-02 -6.123767226160053978e-02 3.510266462602130844e+01 2.940826818874658216e-02 9.995619106307053192e-01 -3.337750504849601799e-03 9.221625470324736895e-01 6.130950040518937105e-02 1.529131295183091925e-03 9.981176318037610073e-01 1.061964110349940205e+00
9.977083079808787280e-01 -2.612620697387973631e-02 -6.241436929978545073e-02 3.583624536236058589e+01 2.595578634506107499e-02 9.996568244286175853e-01 -3.539848655173386850e-03 9.490492657782164665e-01 6.248543303155979639e-02 1.911722377854458907e-03 9.980440451084353626e-01 1.105989419015445119e+00
9.976992264458094395e-01 -2.258831073785501006e-02 -6.392199752388535994e-02 3.655632184246722005e+01 2.244842973342075707e-02 9.997437794477711526e-01 -2.905762892929579337e-03 9.664755932792141735e-01 6.397125566953623665e-02 1.464128920675942689e-03 9.979506675054465870e-01 1.139098246149796045e+00
9.976013312243766640e-01 -2.014940014571696067e-02 -6.622375414546732841e-02 3.729111067846258010e+01 1.999272934307046515e-02 9.997955409395685722e-01 -3.027720391669738980e-03 9.820156199058431845e-01 6.627122084861761242e-02 1.696464300592553844e-03 9.978002040970479491e-01 1.187115371631099370e+00
9.976294598819901438e-01 -1.669371075423878303e-02 -6.675912519515458943e-02 3.800934946937052672e+01 1.662386824225116355e-02 9.998605312058767014e-01 -1.601605871129728768e-03 9.978480210988643906e-01 6.677655112562180806e-02 4.880142989467761271e-04 9.977678357522912211e-01 1.217881625582471816e+00
9.976560648342335247e-01 -1.296667385574688282e-02 -6.718810660072532803e-02 3.872545196583428861e+01 1.288916102903937301e-02 9.999156718481921891e-01 -1.587047682308124347e-03 9.964017053874927310e-01 6.720301948156223726e-02 7.173294202228020335e-04 9.977390638894838570e-01 1.256300748654305188e+00
9.975351563737895333e-01 -8.702765733907272955e-03 -6.962667353033677453e-02 3.944807349006273967e+01 8.572829346483564622e-03 9.999609093844187280e-01 -2.164786382642672462e-03 9.939395445450541766e-01 6.964279140955967340e-02 1.562552932586407008e-03 9.975707694359420286e-01 1.294751626745041184e+00
9.972844980881685473e-01 -3.971815013711459119e-03 -7.353811636509785532e-02 4.016454532167978186e+01 3.787672823022006623e-03 9.999893331227338589e-01 -2.643326566231488876e-03 1.003537456016502905e+00 7.354783074717810565e-02 2.357610283074980991e-03 9.972889041126135057e-01 1.344190575418817257e+00
9.972236681796970981e-01 7.689120872089258039e-04 -7.446048882750913589e-02 4.086996688899738217e+01 -8.471507180684462483e-04 9.999991218213898359e-01 -1.019162455168658946e-03 1.015242078783562762e+00 7.445963979156994261e-02 1.079412178592267790e-03 9.972234438236289300e-01 1.387866158131295213e+00
9.971686032262881971e-01 5.765886162074613727e-03 -7.497687174388803499e-02 4.159432605995006327e+01 -5.779847968819319323e-03 9.999832960658687764e-01 3.076846380006836596e-05 1.008494032364551263e+00 7.497579674262072613e-02 4.026735737864051471e-04 9.971852725330444533e-01 1.428392031432969889e+00
9.970718532445160820e-01 1.124576827253887835e-02 -7.563895929682373787e-02 4.230169621656731493e+01 -1.127442482906186767e-02 9.999364404933831496e-01 4.814765447727392851e-05 9.863697920931415730e-01 7.563469317925494706e-02 8.047790896614775025e-04 9.971352694184960619e-01 1.486722938941734018e+00
9.969561677227442020e-01 1.708812596200257744e-02 -7.606836129880908959e-02 4.301355322125383651e+01 -1.710443917135463787e-02 9.998536128439946546e-01 4.370851685685900019e-04 9.759978935048008175e-01 7.606469483415320698e-02 8.653519040755162624e-04 9.971025089557589149e-01 1.539420353439086009e+00
9.967976128635435140e-01 2.301120484493232934e-02 -7.658331046073783843e-02 4.372940686182129610e+01 -2.297656346934577945e-02 9.997351145366166758e-01 1.333526751559766053e-03 9.645473865014612125e-01 7.659371071230534900e-02 4.303650108493044094e-04 9.970622940745864637e-01 1.590267412706298344e+00
9.966500190139584436e-01 2.903144442927724916e-02 -7.645858247329698210e-02 4.443136229821632099e+01 -2.897867222306205193e-02 9.995784097529790690e-01 1.799808849227994530e-03 9.356683617713604795e-01 7.647859933121486931e-02 4.218886763290585502e-04 9.970711337985270761e-01 1.649349702682294305e+00
9.965061442678443404e-01 3.558561199323964641e-02 -7.555904085879371068e-02 4.513126653404057720e+01 -3.559801736891589352e-02 9.993654894837556979e-01 1.183041967034364822e-03 9.057512670304735947e-01 7.555319712518208941e-02 1.510843459793502963e-03 9.971406278736231199e-01 1.705545677424908924e+00
9.962972218307160066e-01 4.199924788391540265e-02 -7.501939049060980802e-02 4.582896639025995711e+01 -4.205496132734903858e-02 9.991149476796254980e-01 8.375863503394032940e-04 8.653369355490806436e-01 7.498817240173509535e-02 2.320452611997414309e-03 9.971817234082879233e-01 1.766263672899622605e+00
9.960137459019375861e-01 4.780982297715800217e-02 -7.530497195592951443e-02 4.651889200231643429e+01 -4.794944487683521633e-02 9.988497627799269862e-01 -4.615719679939471812e-05 8.298060081855188619e-01 7.521614660692114984e-02 3.656804804236962227e-03 9.971605482911113372e-01 1.821791363400737884e+00
9.956511539265026078e-01 5.360477596732599742e-02 -7.619256970542928609e-02 4.723865205179987470e+01 -5.376791145975378522e-02 9.985534555632809006e-01 -8.988819092816020817e-05 7.947799253015250809e-01 7.607753533126576651e-02 4.186212622834628409e-03 9.970931171369084023e-01 1.861329927413610141e+00
9.952924629377253307e-01 5.839490370038364492e-02 -7.734952127311145453e-02 4.789945693453628195e+01 -5.859609532914116653e-02 9.982817174154748896e-01 -3.320936435236565565e-04 7.565422634097652699e-01 7.719722036145343358e-02 4.862910222571293663e-03 9.970039825761141117e-01 1.905610560806663578e+00
9.948219492923939811e-01 6.377685953156275733e-02 -7.913154487543343218e-02 4.859037171989717052e+01 -6.398544814522202917e-02 9.979508265994669891e-01 -1.005738324526355386e-04 7.050483490204111359e-01 7.896297633534672678e-02 5.163320417326693057e-03 9.968641775540595384e-01 1.943715804833679561e+00
9.943646376136676679e-01 6.879935278585394554e-02 -8.065740213822339411e-02 4.928609403292642099e+01 -6.897975207490564253e-02 9.976179079337655908e-01 5.509750822419575908e-04 6.588713232304792555e-01 8.050317550956623269e-02 5.015857464512928424e-03 9.967417317975463265e-01 1.996215011267441719e+00
9.940652005995935792e-01 7.384855333741931205e-02 -7.987971035788786478e-02 4.999325620632028944e+01 -7.399804874998523740e-02 9.972577892385382503e-01 1.091138972787551861e-03 5.960525330477493000e-01 7.974124239115244761e-02 4.826279419331594780e-03 9.968039131588930513e-01 2.045481815114995605e+00
9.936823453837776432e-01 7.928683657859535161e-02 -7.942917611277386380e-02 5.068404943377372973e+01 -7.948427808473733369e-02 9.968358892357862544e-01 6.778413144046002183e-04 5.210282328843451882e-01 7.923159729516421335e-02 5.639811775093707749e-03 9.968402813456117562e-01 2.097422969325401176e+00
9.932664047051602552e-01 8.412208223985268019e-02 -7.965754555417939309e-02 5.137630083927491143e+01 -8.433182106696282543e-02 9.964374571089585908e-01 7.335023940536582188e-04 4.487974586330938931e-01 7.943546588026326183e-02 5.989102592524189923e-03 9.968220189233992778e-01 2.138986180780737101e+00
9.927331694024335018e-01 8.826158059080541074e-02 -8.179699114155776496e-02 5.206130982703726318e+01 -8.862441929746317504e-02 9.960647862100807659e-01 -8.086881064112588259e-04 3.755907731206405975e-01 8.140372640356675904e-02 8.052022347135995989e-03 9.966486834706271836e-01 2.192049492463964633e+00
