1.000000000000000000e+00 0.000000000000000000e+00 0.000000000000000000e+00 0.000000000000000000e+00 0.000000000000000000e+00 1.000000000000000000e+00 0.000000000000000000e+00 0.000000000000000000e+00 0.000000000000000000e+00 0.000000000000000000e+00 1.000000000000000000e+00 0.000000000000000000e+00
9.999999210722472220e-01 3.972360751776799750e-04 7.681133442547891408e-06 2.754426811501884276e-03 -3.972358552484906401e-04 9.999999206924898854e-01 -2.861274579415463303e-05 -3.539028643476411638e-05 -7.692498848215648333e-06 2.860969231420257866e-05 9.999999995611554837e-01 -6.484240410728267642e-04
9.999999928729048637e-01 -1.193790609143725688e-04 -1.682297430842563966e-06 1.011724873002406780e-03 1.193790326695022319e-04 9.999999927335462280e-01 -1.677957364187429028e-05 -1.261327372071234629e-04 1.684300548362138127e-06 1.677937269124471370e-05 9.999999998578078531e-01 -5.801395531451928678e-04
9.999999009760657254e-01 4.449679548882401448e-04 7.167842084309653212e-06 1.294312583527696368e-03 -4.449679818035401032e-04 9.999999009946969331e-01 3.753850404045343206e-06 -2.064660176725913263e-03 -7.166171031518030680e-06 -3.757039492550448902e-06 9.999999999672652962e-01 -4.060287365746158717e-04
9.999999866508708646e-01 -1.621017632183305746e-04 -2.052502186152758675e-05 1.560491179580231116e-03 1.621014828577634558e-04 9.999999867682515253e-01 -1.366037965281679301e-05 1.026944633852880026e-04 2.052723596157361247e-05 1.365705233398317895e-05 9.999999996960587945e-01 -4.139155963023312401e-04
9.999999942648837292e-01 -1.065466072426315101e-04 -1.086521579984857369e-05 -2.098155724793468284e-03 1.065465192040034189e-04 9.999999942910898776e-01 -8.103053024170288595e-06 -1.917327544985937375e-03 1.086607909062806666e-05 8.101895326774464750e-06 9.999999999081438107e-01 -7.465007805995955807e-04
9.999999981963404450e-01 -5.715810484558672499e-05 -1.844641415394676610e-05 -1.703804372062030226e-03 5.715765046029198097e-05 9.999999980631263385e-01 -2.463230391875278154e-05 -1.173312021701721289e-03 1.844782205402836582e-05 2.463124952063203293e-05 9.999999995264896580e-01 -1.434147028369474070e-04
9.999999889892509097e-01 1.472137789055654410e-04 -1.869762947310222757e-05 -2.432556871982926618e-03 -1.472136160500084931e-04 9.999999891261345253e-01 8.711035081610339541e-06 -1.360966239064680290e-03 1.869891165417926431e-05 -8.708282440049020290e-06 9.999999997872582869e-01 -4.535954885547131203e-04
9.999999299982668122e-01 3.741662737568408133e-04 -1.749608508176260458e-06 -3.441513120989070536e-04 -3.741662884271919017e-04 9.999999299645778716e-01 -8.392137608370704529e-06 -3.036789707290107800e-04 1.746468330783911441e-06 8.392791665428231984e-06 9.999999999632555037e-01 -1.276382030497675516e-04
9.999998781891374922e-01 4.932829383878113011e-04 1.713629976669934422e-05 1.683564532775384381e-03 -4.932824197651341624e-04 9.999998778785184061e-01 -3.025562098384812143e-05 2.156845631513441917e-04 -1.715122225561069058e-05 3.024716426297009499e-05 9.999999993954723498e-01 -2.112219474453302145e-04
9.999999993080525007e-01 3.562743826971579645e-05 -1.070423933287746165e-05 9.919428687945397796e-04 -3.562751343693786607e-05 9.999999993406852861e-01 -7.022083219049552567e-06 -1.771722692896569428e-04 1.070398914698358878e-05 7.022464579621304218e-06 9.999999999180547716e-01 -5.428933678651279206e-04
9.999999542606943237e-01 -3.022922663871430420e-04 -9.899241780422481782e-06 -1.270252311521663209e-03 3.022921432937976296e-04 9.999999542324298218e-01 -1.243375991521250006e-05 -1.561271483101156986e-04 9.902999956822720708e-06 1.243076688348616546e-05 9.999999998737033602e-01 -6.164031110893932863e-04
9.999998632181628100e-01 5.230030102268687971e-04 5.613110618233808906e-06 6.793049296508649020e-04 -5.230030036722272020e-04 9.999998632332363080e-01 -1.169142151532085629e-06 -4.203689996488528015e-04 -5.613721315411469611e-06 1.166206317901393503e-06 9.999999999835630371e-01 -1.660367383395900363e-04
9.999999388754829965e-01 -3.145865362265852158e-04 1.525920755028656024e-04 -2.454977996166504001e-03 3.145997299454960164e-04 9.999999467769019601e-01 -8.644768990057330926e-05 3.194113067101520898e-04 -1.525648721021120142e-04 8.649569004224505529e-05 9.999999846212276333e-01 8.542496943015758263e-04
9.999997461380661923e-01 4.319494712038453050e-04 5.666952068569575422e-04 -1.054051320304480802e-02 -4.316995017327701460e-04 9.999998095117201835e-01 -4.411485730050212920e-04 -4.463599649724059228e-04 -5.668856528009941871e-04 4.409038189757569790e-04 9.999997421222063254e-01 4.561988611250377031e-03
9.999998233539373338e-01 -2.907070515301519108e-04 5.184414184468625741e-04 -1.378392262514717935e-02 2.908681909091326398e-04 9.999999094098699359e-01 -3.107667090570751791e-04 -1.750526937038440626e-03 -5.183510294074834043e-04 3.109174522788356581e-04 9.999998173212574226e-01 3.026326447490819763e-03
9.999999662189297256e-01 1.557917799384188481e-04 2.080650398774101654e-04 -6.995382903672381358e-03 -1.557774197287344986e-04 9.999999854839676239e-01 -6.903231096508647064e-05 -3.199159993716174915e-03 -2.080757915237298357e-04 6.899989679805326596e-05 9.999999759717392855e-01 -8.999652211649285683e-04
9.999999646082498028e-01 6.440322439586405911e-05 -2.581389623464441655e-04 6.254886776062629390e-03 -6.442029121859816937e-05 9.999999957399389183e-01 -6.610709593701260232e-05 -1.273283170177544419e-03 2.581347037366226111e-04 6.612372298449599168e-05 9.999999644970634094e-01 -1.261614510325710821e-03
9.999999162537823727e-01 -2.768191192287213311e-04 -3.014359026400971237e-04 1.825621881538207203e-02 2.768171170531082029e-04 9.999999616638043376e-01 -6.683828270232666101e-06 -3.470083639029217888e-04 3.014377412956462262e-04 6.600385092942196326e-06 9.999999545458604366e-01 -1.420967764743866516e-03
9.999999939129843307e-01 1.311301347810318178e-05 -1.095540055070795218e-04 3.929708410505983185e-02 -1.312025794374413792e-05 9.999999977275768615e-01 -6.612643273538015940e-05 2.512504704784950058e-03 1.095531381413227483e-04 6.612786970967855489e-05 9.999999918126073473e-01 -2.794795112564078809e-04
9.999999917581305908e-01 1.252134800001975976e-04 2.837821816436189300e-05 5.726478624672916296e-02 -1.252118345435637486e-04 9.999999904803060780e-01 -5.797744628982660464e-05 1.549643921328854208e-03 -2.838547745202141416e-05 5.797389252322662616e-05 9.999999979166461772e-01 5.829294651680643749e-04
9.999999884410946116e-01 3.358984487481871302e-05 -1.482886808704941275e-04 8.037865316765961665e-02 -3.360028487810524001e-05 9.999999969573383218e-01 -7.040130807874569346e-05 5.142635718598826278e-04 1.482863156502844980e-04 7.040628980690508023e-05 9.999999865270613464e-01 7.480363667211433528e-04
9.999999546845667053e-01 -1.804504993719998013e-04 -2.409740274497629221e-04 1.046634341953862485e-01 1.804168480956912788e-04 9.999999739722353898e-01 -1.396613386480063826e-04 -1.189197248352589055e-03 2.409992231360496640e-04 1.396178565446869050e-04 9.999999612131135196e-01 1.247391408889380942e-03
9.999998975908760412e-01 -3.786197417912892161e-04 -2.479220209217382212e-04 1.396071296257869188e-01 3.785525821726791408e-04 9.999998916607056865e-01 -2.708810060639095713e-04 -2.697845088432161698e-04 2.480245549586134694e-04 2.707871268020256204e-04 9.999999325790738247e-01 2.342439729906499370e-03
9.999997463217386029e-01 -6.910096813873722226e-04 -1.728064774233849363e-04 1.717631387418313005e-01 6.909776811943225830e-04 9.999997441308224877e-01 -1.851705530068719209e-04 -1.957315484324396830e-03 1.729343878523693023e-04 1.850511006140625873e-04 9.999999679248933182e-01 2.437334138140123240e-03
9.999995564429352557e-01 -8.918968672917284386e-04 -3.027109361873243118e-04 2.123166718560902666e-01 8.918326266817822685e-04 9.999995797844475343e-01 -2.122863497531471595e-04 -5.255834099309254423e-03 3.029001465137946846e-04 2.120162881026917254e-04 9.999999316502951041e-01 3.055738068607710342e-03
9.999994793348054856e-01 -8.197991465322433322e-04 -6.076672422360757022e-04 2.572553560178009180e-01 8.196419375415412226e-04 9.999996305755306514e-01 -2.589129130728995464e-04 -4.319923254214341236e-03 6.078792743340905719e-04 2.584147087101503490e-04 9.999997818522893267e-01 3.322164379290809110e-03
9.999989155247394068e-01 -1.022068433313569379e-03 -1.060342144231619845e-03 3.158907281696649028e-01 1.021819950451085006e-03 9.999994503628364395e-01 -2.348574330480872080e-04 -5.901270989384231787e-03 1.060581601796818652e-03 2.337736995937313340e-04 9.999994102580878064e-01 3.145987884630214830e-03
9.999978554419387544e-01 -1.455009663980174608e-03 -1.473790487529984695e-03 3.940588610215085552e-01 1.454746274853681515e-03 9.999989256971322238e-01 -1.797716809350309467e-04 -3.011164287504744172e-03 1.474050473765707841e-03 1.776273041825743640e-04 9.999988978112633875e-01 3.023239562064906818e-03
9.999971312956036362e-01 -1.699124173807219041e-03 -1.688306134953048180e-03 4.742414515424927535e-01 1.698706062338485633e-03 9.999985261836815686e-01 -2.490545693362200596e-04 -3.373657637552505972e-03 1.688726821339272188e-03 2.461859190057540938e-04 9.999985437960478007e-01 3.840497832076290689e-03
9.999963003190095456e-01 -1.922178865441676520e-03 -1.924727695668177353e-03 5.703235268458952678e-01 1.921876883974060280e-03 9.999981405948192847e-01 -1.587329419829038675e-04 -7.377729112003066948e-03 1.925029229925857410e-03 1.550332650554065556e-04 9.999981351118364392e-01 2.792223665934953809e-03
9.999943872620357110e-01 -2.263331200085326716e-03 -2.470379789519182214e-03 6.783387584343970600e-01 2.263063506711737293e-03 9.999974330911970410e-01 -1.111511648665020220e-04 -1.096219244700818649e-02 2.470625020178922066e-03 1.055599146547601312e-04 9.999969424298826848e-01 1.627301674894486702e-03
9.999922923688157050e-01 -2.504549180459938237e-03 -3.023646203459333642e-03 7.914553093208989143e-01 2.503422332490958750e-03 9.999967955925326279e-01 -3.764057539598867773e-04 -9.259587341672238792e-03 3.024579241187461392e-03 3.688333893318679574e-04 9.999953579303979545e-01 2.721041765926568261e-03
9.999895406137162546e-01 -3.048388938786160754e-03 -3.409690315345304500e-03 9.119571940686022060e-01 3.046646092592707883e-03 9.999952257196343952e-01 -5.162223590882116311e-04 -1.013811623217475769e-03 3.411247683057177724e-03 5.058288400429516996e-04 9.999940537455357381e-01 2.798193054679909073e-03
9.999880639497537027e-01 -3.511352222026070842e-03 -3.397405421233025066e-03 1.044766685476034684e+00 3.510457482989211807e-03 9.999938020671949035e-01 -2.692869396506623295e-04 -2.552002566722170324e-04 3.398329925636417621e-03 2.573572781445043864e-04 9.999941925436106605e-01 7.114009330798428277e-04
9.999866200142387695e-01 -3.837964746808736078e-03 -3.468402961120284692e-03 1.183795777743068323e+00 3.837308288362631294e-03 9.999926183162907156e-01 -1.959031122200276069e-04 -6.243390478010478993e-03 3.469129227705139949e-03 1.825911596090871644e-04 9.999939658832296407e-01 1.208625650911397328e-03
9.999831653284999566e-01 -4.041544793258559747e-03 -4.163529185428582226e-03 1.334539469690371405e+00 4.040815105584246759e-03 9.999918190087441205e-01 -1.836542011692039083e-04 -7.299407743928125643e-03 4.164237370313217911e-03 1.668270577860369490e-04 9.999913156102189227e-01 -1.424911387614399838e-03
9.999774404570140884e-01 -4.603893466082458613e-03 -4.891088017184317370e-03 1.502477922882175632e+00 4.601670940542399585e-03 9.999893038821686675e-01 -4.655596747496671024e-04 -4.947181826843204296e-03 4.893179088675213111e-03 4.430419943398598284e-04 9.999879301832584888e-01 6.106060750696055625e-04
9.999730431811206799e-01 -5.286332379529802908e-03 -5.095841545975809961e-03 1.672799627686053503e+00 5.282726673474449561e-03 9.999857865374075505e-01 -7.207787841937066510e-04 -1.779860002067371744e-03 5.099579392647980020e-03 6.938394162318435024e-04 9.999867563507441881e-01 6.000631473825470373e-03
9.999654332133781631e-01 -5.978327939168237397e-03 -5.778578841960534639e-03 1.865105524419751415e+00 5.972537288689351055e-03 9.999816452266845346e-01 -1.018826809812744009e-03 3.114512418061778608e-03 5.784563658238082474e-03 9.842788146345639051e-04 9.999827848610689518e-01 1.018864761010002465e-02
9.999557988314896617e-01 -6.957778345521250900e-03 -6.323741279643308420e-03 2.062862238746356436e+00 6.952608582855650775e-03 9.999754782443045498e-01 -8.391328667203463466e-04 1.179524513779926613e-02 6.329424710893650531e-03 7.951292781704952066e-04 9.999796528691271558e-01 1.094022451016050251e-02
9.999502654687686398e-01 -7.558836271401359920e-03 -6.506195751844389905e-03 2.272599031906092915e+00 7.554868770145896882e-03 9.999712604833116414e-01 -6.341650279926381662e-04 1.615642564814874851e-02 6.510802316538647286e-03 5.849800329941824998e-04 9.999786333975121400e-01 1.232850775309601854e-02
9.999398525797318360e-01 -8.176155463526854975e-03 -7.310383345653841645e-03 2.490273181578431139e+00 8.172256451245094380e-03 9.999664480278758205e-01 -5.630657231298268148e-04 1.487975048106113078e-02 7.314741780764103148e-03 5.032895287215449244e-04 9.999731202649054795e-01 1.427286284792458199e-02
9.999329191986408016e-01 -8.838636656873776268e-03 -7.485693350137316571e-03 2.726361357391169804e+00 8.835264291575680926e-03 9.999608514200986065e-01 -4.834584672838129673e-04 2.009603834485591128e-02 7.489673409604092474e-03 4.172879573482499551e-04 9.999718649356981182e-01 1.558651753299730366e-02
9.999204853631219470e-01 -9.673044993479181300e-03 -8.090435818463623252e-03 2.965887975528175957e+00 9.669551605220491966e-03 9.999531379624998495e-01 -4.707979435958288181e-04 1.731192877996456242e-02 8.094610733848147527e-03 3.925296216129425656e-04 9.999671610595838311e-01 1.443008716378265527e-02
9.999119033235954745e-01 -1.011244667472392493e-02 -8.597907538210198750e-03 3.226823282968380724e+00 1.011056790851424907e-02 9.999488525905521064e-01 -2.619530599015926827e-04 1.881456628639847570e-02 8.600116763862483346e-03 1.750002546714405640e-04 9.999630029988904045e-01 1.597616284082717733e-02
9.999105395308632849e-01 -1.063469555910600411e-02 -8.112717514062705790e-03 3.485425668432803104e+00 1.062509659160574410e-02 9.999428012411782918e-01 -1.225384986264961779e-03 1.953995067867953656e-02 8.125285072961856495e-03 1.139076955541889471e-03 9.999663405566071583e-01 2.743409115191373232e-02
9.999028150968743978e-01 -1.124123556471019747e-02 -8.245907125628665693e-03 3.756076155607617206e+00 1.123240209902871822e-02 9.999362909361801943e-01 -1.116786407733429305e-03 2.492895920832442422e-02 8.257935845690145618e-03 1.024056528448274474e-03 9.999653783025664877e-01 1.745192952333177519e-02
9.998882695213721084e-01 -1.197226700369993270e-02 -8.950603127611027332e-03 4.033995342395863659e+00 1.196767357314703316e-02 9.999282243101476064e-01 -5.665837992928098423e-04 1.573313475859171306e-02 8.956743984422053939e-03 4.594025980996944221e-04 9.999597820344827692e-01 6.964265219392567347e-03
9.998580330886043255e-01 -1.258674755280987309e-02 -1.120211829205808307e-02 4.325925434406709513e+00 1.258177104349316594e-02 9.999207139625057028e-01 -5.146125940595405041e-04 -2.378048177014368235e-03 1.120770741929608821e-02 3.735970485461950936e-04 9.999371218829955499e-01 -1.711733320225305045e-03
9.998371441266874493e-01 -1.259660193255941751e-02 -1.292326755671158352e-02 4.611770432897286831e+00 1.258267595465947797e-02 9.999201640754902254e-01 -1.158335471620214156e-03 -1.293770612213504187e-02 1.293682690653886851e-02 9.955375419439288671e-04 9.999158201641740185e-01 -5.965385044228147318e-03
9.998188456229872845e-01 -1.297573125916182818e-02 -1.392502550830928588e-02 4.913993609510142413e+00 1.296052869017318490e-02 9.999153108667715451e-01 -1.181435685421593391e-03 -2.728756346352375489e-02 1.393917620192281805e-02 1.000745970564184510e-03 9.999023441688263958e-01 -8.237241136141802006e-03
9.997987169030700949e-01 -1.306683397838213564e-02 -1.522443853664563577e-02 5.236947508540803042e+00 1.304480096243596648e-02 9.999137183819764019e-01 -1.545625886168629703e-03 -2.999993130440905403e-02 1.524332138430244989e-02 1.346715007328184348e-03 9.998829069005349401e-01 -1.024865484378658168e-02
9.997722546212245431e-01 -1.324252095599745029e-02 -1.673542734211609651e-02 5.538509363498783422e+00 1.319638278755343348e-02 9.999088213288270799e-01 -2.864351605533946559e-03 -3.187082043938038040e-02 1.677183266425116143e-02 2.642852157372746567e-03 9.998558500911801650e-01 -2.145383415279736652e-03
9.997330573509132234e-01 -1.396137472141993803e-02 -1.840907536200162009e-02 5.879206566491402164e+00 1.389427282109191759e-02 9.998963705822411230e-01 -3.767927710899521450e-03 -3.084529410682916237e-02 1.845977309093546626e-02 3.511141174831114604e-03 9.998234387456025329e-01 9.079798008417277327e-04
9.996758483228066483e-01 -1.456663182300155061e-02 -2.088088880795059554e-02 6.226485976978317183e+00 1.450350583301095696e-02 9.998897891554395789e-01 -3.171413130207321584e-03 -1.865351945930419919e-02 2.092478431498626112e-02 2.867539018697527146e-03 9.997769404328885612e-01 -4.179760722040713056e-04
9.996877593292605724e-01 -1.511093525308506748e-02 -1.990084126411522866e-02 6.606328813117563037e+00 1.508899234808411434e-02 9.998853704372928641e-01 -1.252316013257290944e-03 -6.098828552221589351e-03 1.991748370557635053e-02 9.516413477106623782e-04 9.998011743449711775e-01 -6.831403521699332820e-03
9.997129822117878373e-01 -1.731646820321315616e-02 -1.655575809743373844e-02 6.988268264728834112e+00 1.732006536690936654e-02 9.998499936858181725e-01 7.390639592107239603e-05 6.670464375018706274e-03 1.655199483142807265e-02 -3.606319959170717218e-04 9.998629413132901211e-01 2.904869826096238145e-02
9.997205595733187344e-01 -1.870219292552120077e-02 -1.445789563480941523e-02 7.375714026569666792e+00 1.872121276710252830e-02 9.998240448803059621e-01 1.181300856213873384e-03 -2.636006139200026271e-04 1.443325877753647360e-02 -1.451640093342403820e-03 9.998947813555684183e-01 4.817122636257699375e-02
9.997274031542627837e-01 -1.982552065024556498e-02 -1.233159005889873649e-02 7.760642206519682063e+00 1.982601889001997519e-02 9.998034418198075146e-01 -8.185498977293058636e-05 -4.539331866222369623e-03 1.233078900178794998e-02 -1.626536610907982770e-04 9.999239597021265524e-01 7.017428559238322872e-02
9.997084130357372089e-01 -2.128337002997772454e-02 -1.140644842774577936e-02 8.147634156647226789e+00 2.126752718412475845e-02 9.997726825908944681e-01 -1.508453671509004312e-03 -1.119675875620886052e-02 1.143596052110589303e-02 1.265426874070797779e-03 9.999338065601073300e-01 8.874312818686221072e-02
9.996547434823342959e-01 -2.223365981396947799e-02 -1.400207857945076455e-02 8.521839094226002942e+00 2.219353807137195572e-02 9.997491488819274519e-01 -3.014328737269538101e-03 -6.105040442505267617e-03 1.406558570209569085e-02 2.702532356595226115e-03 9.998974225477924582e-01 1.006393275032665124e-01
9.995828419780022900e-01 -2.409399085462857193e-02 -1.592550243719467046e-02 8.894885625931820528e+00 2.403216993333780194e-02 9.997029335551603779e-01 -4.061951440113406933e-03 4.440091330010762817e-03 1.601864012565340500e-02 3.677532583640751029e-03 9.998649303394039345e-01 1.134801451017136559e-01
9.995450904381891766e-01 -2.544473923921159592e-02 -1.619189383490127546e-02 9.291323277721190266e+00 2.536917879944971393e-02 9.996663611763074719e-01 -4.855007678883114380e-03 2.227744592351227348e-02 1.631002599488239405e-02 4.442024039668007740e-03 9.998571155292526047e-01 1.410287324378743379e-01
9.995137179301356589e-01 -2.689525146557806071e-02 -1.577888202885667848e-02 9.676520367907116338e+00 2.681257291159892461e-02 9.996257401552356425e-01 -5.428218212033754549e-03 4.436932921528115303e-02 1.591896992074067971e-02 5.002506141983693345e-03 9.998607709721198944e-01 1.633236577892048791e-01
9.994782212551144296e-01 -2.772096936072008383e-02 -1.657809079522251303e-02 1.009273425375645594e+01 2.766521200972506256e-02 9.996108223131099368e-01 -3.583288847556156346e-03 5.199596155340814596e-02 1.667097121254748973e-02 3.122782767032413875e-03 9.998561531273487679e-01 1.407598036527486218e-01
9.993990000941095353e-01 -2.871856534695238494e-02 -1.941346479397519989e-02 1.051222852143162001e+01 2.868896963747152862e-02 9.995867637180009257e-01 -1.801338644897644385e-03 6.207990929667746988e-02 1.945717430754850472e-02 1.243303738509107456e-03 9.998099182163474596e-01 1.160978353554602271e-01
9.993097357719161744e-01 -2.984960299674689274e-02 -2.211454707652122514e-02 1.094873459245719260e+01 2.981478731119586653e-02 9.995536299495899613e-01 -1.902448997029715242e-03 6.509283629931114645e-02 2.216146315231078134e-02 1.241795286971402986e-03 9.997536333994561097e-01 1.159687592918771104e-01
9.992478820174822696e-01 -3.055849140547004308e-02 -2.387150784088953870e-02 1.140387248217658112e+01 3.050157614782518858e-02 9.995309499512862184e-01 -2.744802721099091642e-03 8.001263736871308541e-02 2.394418793933631578e-02 2.014619691441791021e-03 9.997112669023114906e-01 1.292319882612990023e-01
9.992048112826663608e-01 -3.137015959478713090e-02 -2.461012386333707655e-02 1.187190575378257762e+01 3.131317451285173248e-02 9.995059820808203099e-01 -2.697570496321724867e-03 1.060287868072511963e-01 2.468258923814315928e-02 1.924804315383266823e-03 9.996934854828496420e-01 1.434067379750626758e-01
9.991813997641960654e-01 -3.237813453144356562e-02 -2.425256212290747074e-02 1.235097513497156108e+01 3.233465653658718769e-02 9.994747146420774886e-01 -2.182837098504248133e-03 1.263605656851445325e-01 2.431049880036779617e-02 1.396851961164234093e-03 9.997034802643611773e-01 1.499518057378750047e-01
9.991406943297322929e-01 -3.321675338404957156e-02 -2.478951852948669057e-02 1.284503740654667325e+01 3.318710920769167572e-02 9.994478652017618758e-01 -1.606401592861484654e-03 1.327715438162722361e-01 2.482919081922081370e-02 7.823287442198408048e-04 9.996914020061384853e-01 1.553363676174087105e-01
9.990503359321820653e-01 -3.409474360047937830e-02 -2.712885424436127166e-02 1.334213386646170107e+01 3.404613986012016563e-02 9.994177257810384907e-01 -2.251611707645401195e-03 1.410549486557848842e-01 2.718982593580482679e-02 1.325840667063633502e-03 9.996294090872407390e-01 1.635437578072899689e-01
9.989622737303421873e-01 -3.516437914418747007e-02 -2.894550229152415000e-02 1.385369287609423594e+01 3.510588631860405567e-02 9.993804044191074709e-01 -2.526659630111182525e-03 1.515786461298142818e-01 2.901641620341914585e-02 1.507880136157392940e-03 9.995777978167607047e-01 1.720871823553151436e-01
9.988978122800377113e-01 -3.621983146693549122e-02 -2.985438712587053234e-02 1.438056138281635832e+01 3.614844813748565450e-02 9.993421433788407526e-01 -2.927484284516785294e-03 1.769926778943171075e-01 2.994078020703642290e-02 1.845067882592057529e-03 9.995499714396987034e-01 1.835272455072532449e-01
9.988106086794216187e-01 -3.733727208125441066e-02 -3.135755256670665070e-02 1.492691450292144850e+01 3.728520588128292346e-02 9.993021461163850150e-01 -2.243699974910663524e-03 1.955228533048397332e-01 3.141944321329925849e-02 1.071858534251713801e-03 9.995057126937538783e-01 1.839645987651188364e-01
9.987443152726022122e-01 -3.878665292792342345e-02 -3.170785810031433866e-02 1.547872581944887216e+01 3.878879734264789603e-02 9.992472813156236811e-01 -5.477079932237525171e-04 1.987643634708210483e-01 3.170523476291969150e-02 -6.828894373609414089e-04 9.994970293856028087e-01 1.888373042747442110e-01
9.987128421288995472e-01 -3.930254498685940151e-02 -3.206195446899214735e-02 1.603949688967781739e+01 3.929543124281372618e-02 9.992272728702826790e-01 -8.521946132850621858e-04 2.099633737035447312e-01 3.207067274406839169e-02 -4.087906230656420704e-04 9.994855200751882052e-01 2.132262693582483160e-01
9.986280136577081468e-01 -4.076719961597915359e-02 -3.286526697793826224e-02 1.662867715700150129e+01 4.072869542907853885e-02 9.991685473700933073e-01 -1.840465968970900158e-03 2.150353987140161682e-01 3.291297170882032108e-02 4.993814258582192616e-04 9.994580966261096266e-01 2.393100429615135361e-01
9.985666088127158613e-01 -4.116147425774520363e-02 -3.421199791303286553e-02 1.720839173644823106e+01 4.109649531756058571e-02 9.991517976526670397e-01 -2.600638394230705974e-03 2.371152180597301817e-01 3.429002532641391154e-02 1.190917450037755430e-03 9.994112146052499535e-01 2.667410488129691726e-01
9.984927195468866756e-01 -4.203181961335979849e-02 -3.529327346467509008e-02 1.779147674166510740e+01 4.194052094804921055e-02 9.991145813686265198e-01 -3.323552196147891782e-03 2.740547571757947498e-01 3.540171908917137678e-02 1.838324395817301365e-03 9.993714719006877578e-01 2.925713146686642063e-01
9.984005003804230505e-01 -4.357489090939489773e-02 -3.602318312358464975e-02 1.837645766996597274e+01 4.350785569077522674e-02 9.990495886850043750e-01 -2.643074254405655861e-03 2.955318804942651534e-01 3.610411795504298721e-02 1.071555205277929714e-03 9.993474593133913064e-01 3.072534538722360153e-01
9.983127369547023511e-01 -4.517138449558080748e-02 -3.648595972101765367e-02 1.895840067975812460e+01 4.515261004028572889e-02 9.989792036759895799e-01 -1.338816430888788676e-03 3.174791826205760614e-01 3.650919117922512419e-02 -3.108788158281693441e-04 9.993332688917149209e-01 3.194289674633170040e-01
9.982313277784568006e-01 -4.678193890409383660e-02 -3.668332637633708870e-02 1.956007435742528600e+01 4.675782840789782790e-02 9.989051051851431939e-01 -1.515360562872958630e-03 3.306810883035041781e-01 3.671405349776593607e-02 -2.025522933958987708e-04 9.993257913455109165e-01 3.479203533708064011e-01
9.981044206569932298e-01 -4.815771331961241769e-02 -3.831970919506093309e-02 2.016267774089153875e+01 4.810123537840941405e-02 9.988395943279894107e-01 -2.394985964144965337e-03 3.438330817069133460e-01 3.839057983462697277e-02 5.472207266007156389e-04 9.992626601296765720e-01 3.655054458801310080e-01
9.980067870503512850e-01 -4.882261508164581487e-02 -3.998506293635580716e-02 2.077075505441502301e+01 4.873134914916660287e-02 9.988066196339357994e-01 -3.254563800636636230e-03 3.638428084922366579e-01 4.009624186300885657e-02 1.299550699220793472e-03 9.991949772474055802e-01 3.943577490252532236e-01
9.979078247260390055e-01 -4.959102305776086350e-02 -4.148136669192112325e-02 2.137974114433366069e+01 4.947337678411355133e-02 9.987679894904122335e-01 -3.858517702050402731e-03 3.960913404889037093e-01 4.162160905253577126e-02 1.798221722850640693e-03 9.991318271672229301e-01 4.187918407067288684e-01
9.977773110239620546e-01 -5.052088082855558243e-02 -4.345202188734731408e-02 2.199374734183457747e+01 5.040193710883870276e-02 9.987216736672731576e-01 -3.829266629187681563e-03 4.159507159641936402e-01 4.358993394659245457e-02 1.630689286046715014e-03 9.990481762712867253e-01 4.365233378708263112e-01
9.976885883175795611e-01 -5.117800474667638655e-02 -4.470226583769896372e-02 2.261363499906903485e+01 5.106689931194673127e-02 9.986886570370020477e-01 -3.624651747804648501e-03 4.435350371042958151e-01 4.482914828031683147e-02 1.333467576860417796e-03 9.989937784234108609e-01 4.606637245992276086e-01
9.975981360604720960e-01 -5.164853663834691189e-02 -4.615612193186450357e-02 2.323177333094180597e+01 5.153679768121363636e-02 9.986645772158219136e-01 -3.608420583776054610e-03 4.737978847548103278e-01 4.628085363773510458e-02 1.221014930745304263e-03 9.989277209633845578e-01 4.805462053619876106e-01
9.975257457724369115e-01 -5.182782974997410252e-02 -4.750013246877564377e-02 2.386509405790288341e+01 5.174301333708150596e-02 9.986558839898582729e-01 -3.014289838980954012e-03 5.012619438787454529e-01 4.759251088083228665e-02 5.490317317587587939e-04 9.988666835330004545e-01 4.987515148029847412e-01
9.974759469245538801e-01 -5.182163030151389072e-02 -4.854126017995100129e-02 2.448903388223992295e+01 5.176224929143727338e-02 9.986563558869816504e-01 -2.480402149937688608e-03 5.276388550197216309e-01 4.860457648468487213e-02 -3.846332709234569561e-05 9.988180983869470175e-01 5.206882908543312150e-01
9.974136067269954165e-01 -5.181523769122937939e-02 -4.981243076630556543e-02 2.515194450472872845e+01 5.173882126759070388e-02 9.986566598227335501e-01 -2.823148161407292196e-03 5.544995632202047720e-01 4.989179781975076888e-02 2.386099376718139788e-04 9.987546002775710141e-01 5.533999988842513984e-01
9.973987271387250164e-01 -5.146772646426656106e-02 -5.046634754616886875e-02 2.581191376018460915e+01 5.140296015201736846e-02 9.986746581092924568e-01 -2.581266723534648456e-03 5.901915755896662841e-01 5.053231431135311869e-02 -1.956750747457176171e-05 9.987224263164672378e-01 5.895089010641011429e-01
9.974244264536413773e-01 -5.090504037407318771e-02 -5.052910426811985795e-02 2.647413007174865029e+01 5.084865859065551552e-02 9.987034828165559652e-01 -2.401526517050315505e-03 6.315505076235333748e-01 5.058584222048206208e-02 -1.739959629391391559e-04 9.987197015640821851e-01 6.310208023343457651e-01
9.974315596341463142e-01 -5.049960646334428899e-02 -5.079442482046389595e-02 2.715472327208500047e+01 5.043496867674433087e-02 9.987240807893719152e-01 -2.554287767657878808e-03 6.595568768450714714e-01 5.085860576510352338e-02 -1.408799292392133584e-05 9.987058636160890401e-01 6.656346999814816146e-01
9.974175006080064909e-01 -4.992353087823968305e-02 -5.163303734554913760e-02 2.783518510623390085e+01 4.984891208061978385e-02 9.987530315381933921e-01 -2.732756419269901163e-03 6.892479519477852090e-01 5.170508142587208755e-02 1.518483383850333188e-04 9.986623861429978488e-01 7.034928709190251261e-01
9.973642903760464584e-01 -4.945222250488692795e-02 -5.309378468344902458e-02 2.850735964473572892e+01 4.932128862244232470e-02 9.987758332223355406e-01 -3.774315785834061326e-03 7.154714673684456905e-01 5.321543734018384375e-02 1.145713906963302447e-03 9.985823974857239715e-01 7.390161665603973695e-01
9.973111552107667421e-01 -4.851906286783248812e-02 -5.492140047916899137e-02 2.923780573572682684e+01 4.840734199569528273e-02 9.988220143632632331e-01 -3.363460156606653834e-03 7.443808819878084959e-01 5.501989579304690514e-02 6.958173184130919502e-04 9.984850158641248585e-01 7.674223590115643034e-01
9.972332402480779123e-01 -4.728077208695611461e-02 -5.736194849532701839e-02 2.995825806370240940e+01 4.717347837842548325e-02 9.988815092431682086e-01 -3.223884267567389897e-03 7.757773859764514057e-01 5.745021742343071197e-02 5.090019172423645554e-04 9.983482425662143500e-01 7.933691434292274858e-01
9.972411982577554790e-01 -4.575063847585453952e-02 -5.845401249262333065e-02 3.067650123092841241e+01 4.571557571889738741e-02 9.989526172821281413e-01 -1.937669186375140734e-03 7.993693117793413405e-01 5.848143837257993582e-02 -7.399352929320192947e-04 9.982882218385812356e-01 8.139935675443190632e-01
9.972031585508277507e-01 -4.350938715856052935e-02 -6.076836187803018319e-02 3.140282268042659908e+01 4.346492490210778631e-02 9.990528421975019002e-01 -2.053971846822152687e-03 8.209870224814770356e-01 6.080017170622854794e-02 -5.930650722271636364e-04 9.981497820439141355e-01 8.440280862153897168e-01
9.972046847597049180e-01 -4.099841891447474768e-02 -6.246556123025605312e-02 3.214475824772743806e+01 4.096354524539860126e-02 9.991589486370423545e-01 -1.839380180488083081e-03 8.552608917087924922e-01 6.248843616402806334e-02 -7.245723106979424588e-04 9.980454249886328011e-01 8.785527685780484264e-01
9.974223609881495145e-01 -3.829901865103478575e-02 -6.067799412631518646e-02 3.289306082306271861e+01 3.827432645504909303e-02 9.992660368111251357e-01 -1.569589181711821728e-03 8.918519601711755174e-01 6.069357243759655046e-02 -7.568660084236753047e-04 9.981561588341814062e-01 9.335652065037328695e-01
9.976402311097796183e-01 -3.550402709807885804e-02 -5.876591980939715326e-02 3.362905059943921060e+01 3.553381193303040142e-02 9.993683296606783450e-01 -5.384057334125370202e-04 9.047709168698021553e-01 5.874791469263943716e-02 -1.551041922266150133e-03 9.982716447882418187e-01 9.693920492502888786e-01
9.977354330586124531e-01 -3.267372996584880923e-02 -5.879143636161601738e-02 3.436859205943144246e+01 3.262706231650409211e-02 9.994660569628760483e-01 -1.753791229303062202e-03 9.125010688739496612e-01 5.881734798457094460e-02 -1.683722061841432926e-04 9.982687469949472758e-01 1.014982797798395620e+00
9.976854709387146247e-01 -2.955754681593112526e-02 -6.123767226160056060e-02 3.510266462602130844e+01 2.940826818874658910e-02 9.995619106307053192e-01 -3.337750504849600064e-03 9.221625470324759100e-01 6.130950040518939187e-02 1.529131295183088672e-03 9.981176318037610073e-01 1.061964110349940871e+00
9.977083079808787280e-01 -2.612620697387973631e-02 -6.241436929978547848e-02 3.583624536236058589e+01 2.595578634506107499e-02 9.996568244286175853e-01 -3.539848655173385549e-03 9.490492657782158004e-01 6.248543303155982415e-02 1.911722377854456738e-03 9.980440451084353626e-01 1.105989419015446007e+00
9.976992264458094395e-01 -2.258831073785501006e-02 -6.392199752388538769e-02 3.655632184246722005e+01 2.244842973342075707e-02 9.997437794477711526e-01 -2.905762892929581939e-03 9.664755932792138404e-01 6.397125566953626441e-02 1.464128920675944641e-03 9.979506675054465870e-01 1.139098246149796934e+00
9.976013312243766640e-01 -2.014940014571696067e-02 -6.622375414546734229e-02 3.729111067846258010e+01 1.999272934307046515e-02 9.997955409395685722e-01 -3.027720391669743751e-03 9.820156199058431845e-01 6.627122084861762630e-02 1.696464300592557747e-03 9.978002040970479491e-01 1.187115371631099814e+00
9.976294598819901438e-01 -1.669371075423878650e-02 -6.675912519515461718e-02 3.800934946937052672e+01 1.662386824225116702e-02 9.998605312058767014e-01 -1.601605871129731153e-03 9.978480210988656118e-01 6.677655112562183581e-02 4.880142989467779703e-04 9.977678357522912211e-01 1.217881625582472482e+00
9.976560648342335247e-01 -1.296667385574687761e-02 -6.718810660072534191e-02 3.872545196583428861e+01 1.288916102903936781e-02 9.999156718481921891e-01 -1.587047682308125865e-03 9.964017053874913987e-01 6.720301948156225114e-02 7.173294202228038766e-04 9.977390638894838570e-01 1.256300748654305854e+00
9.975351563737895333e-01 -8.702765733907266016e-03 -6.962667353033676065e-02 3.944807349006273967e+01 8.572829346483557683e-03 9.999609093844187280e-01 -2.164786382642674631e-03 9.939395445450538435e-01 6.964279140955965952e-02 1.562552932586409394e-03 9.975707694359420286e-01 1.294751626745041850e+00
9.972844980881685473e-01 -3.971815013711449578e-03 -7.353811636509786920e-02 4.016454532167978186e+01 3.787672823021997516e-03 9.999893331227338589e-01 -2.643326566231484973e-03 1.003537456016504237e+00 7.354783074717811953e-02 2.357610283074977955e-03 9.972889041126135057e-01 1.344190575418817923e+00
9.972236681796970981e-01 7.689120872089332849e-04 -7.446048882750916365e-02 4.086996688899738217e+01 -8.471507180684539461e-04 9.999991218213898359e-01 -1.019162455168660030e-03 1.015242078783565649e+00 7.445963979156997037e-02 1.079412178592269742e-03 9.972234438236289300e-01 1.387866158131295657e+00
9.971686032262881971e-01 5.765886162074611125e-03 -7.497687174388804887e-02 4.159432605995006327e+01 -5.779847968819316721e-03 9.999832960658687764e-01 3.076846380006703781e-05 1.008494032364549042e+00 7.497579674262074001e-02 4.026735737864063939e-04 9.971852725330444533e-01 1.428392031432971221e+00
9.970718532445160820e-01 1.124576827253888529e-02 -7.563895929682376562e-02 4.230169621656731493e+01 -1.127442482906187808e-02 9.999364404933831496e-01 4.814765447726975433e-05 9.863697920931395746e-01 7.563469317925497482e-02 8.047790896614827067e-04 9.971352694184960619e-01 1.486722938941734906e+00
9.969561677227442020e-01 1.708812596200258438e-02 -7.606836129880910347e-02 4.301355322125383651e+01 -1.710443917135464481e-02 9.998536128439946546e-01 4.370851685685842015e-04 9.759978935048002624e-01 7.606469483415322086e-02 8.653519040755228760e-04 9.971025089557589149e-01 1.539420353439086897e+00
9.967976128635435140e-01 2.301120484493233975e-02 -7.658331046073786619e-02 4.372940686182129610e+01 -2.297656346934578986e-02 9.997351145366166758e-01 1.333526751559765619e-03 9.645473865014611015e-01 7.659371071230537675e-02 4.303650108493062526e-04 9.970622940745864637e-01 1.590267412706299233e+00
9.966500190139584436e-01 2.903144442927725610e-02 -7.645858247329700985e-02 4.443136229821632099e+01 -2.897867222306205887e-02 9.995784097529790690e-01 1.799808849227994313e-03 9.356683617713607015e-01 7.647859933121489706e-02 4.218886763290603933e-04 9.970711337985270761e-01 1.649349702682295415e+00
9.965061442678443404e-01 3.558561199323966029e-02 -7.555904085879375232e-02 4.513126653404057720e+01 -3.559801736891590740e-02 9.993654894837556979e-01 1.183041967034366990e-03 9.057512670304718183e-01 7.555319712518213104e-02 1.510843459793503396e-03 9.971406278736231199e-01 1.705545677424909590e+00
9.962972218307158956e-01 4.199924788391541652e-02 -7.501939049060983578e-02 4.582896639025995711e+01 -4.205496132734905246e-02 9.991149476796254980e-01 8.375863503394039445e-04 8.653369355490797554e-01 7.498817240173512311e-02 2.320452611997416044e-03 9.971817234082878123e-01 1.766263672899623494e+00
9.960137459019375861e-01 4.780982297715802298e-02 -7.530497195592955606e-02 4.651889200231643429e+01 -4.794944487683523715e-02 9.988497627799269862e-01 -4.615719679939753704e-05 8.298060081855178627e-01 7.521614660692119148e-02 3.656804804236968298e-03 9.971605482911113372e-01 1.821791363400738994e+00
9.956511539265026078e-01 5.360477596732598354e-02 -7.619256970542932772e-02 4.723865205179987470e+01 -5.376791145975377134e-02 9.985534555632809006e-01 -8.988819092816411130e-05 7.947799253015255250e-01 7.607753533126580814e-02 4.186212622834632746e-03 9.970931171369082913e-01 1.861329927413611696e+00
9.952924629377253307e-01 5.839490370038365186e-02 -7.734952127311149617e-02 4.789945693453628195e+01 -5.859609532914117347e-02 9.982817174154748896e-01 -3.320936435236574238e-04 7.565422634097650478e-01 7.719722036145347521e-02 4.862910222571297132e-03 9.970039825761141117e-01 1.905610560806664244e+00
9.948219492923939811e-01 6.377685953156277121e-02 -7.913154487543345994e-02 4.859037171989717052e+01 -6.398544814522204305e-02 9.979508265994669891e-01 -1.005738324526416101e-04 7.050483490204095816e-01 7.896297633534675453e-02 5.163320417326701731e-03 9.968641775540595384e-01 1.943715804833680227e+00
9.943646376136676679e-01 6.879935278585394554e-02 -8.065740213822342186e-02 4.928609403292642099e+01 -6.897975207490564253e-02 9.976179079337655908e-01 5.509750822419541214e-04 6.588713232304788114e-01 8.050317550956626045e-02 5.015857464512933628e-03 9.967417317975462154e-01 1.996215011267442385e+00
9.940652005995935792e-01 7.384855333741933980e-02 -7.987971035788787866e-02 4.999325620632028944e+01 -7.399804874998526516e-02 9.972577892385382503e-01 1.091138972787549259e-03 5.960525330477509653e-01 7.974124239115246149e-02 4.826279419331600852e-03 9.968039131588930513e-01 2.045481815114996493e+00
9.936823453837776432e-01 7.928683657859537937e-02 -7.942917611277389156e-02 5.068404943377372973e+01 -7.948427808473736145e-02 9.968358892357862544e-01 6.778413144046071571e-04 5.210282328843478528e-01 7.923159729516424110e-02 5.639811775093704280e-03 9.968402813456117562e-01 2.097422969325402509e+00
9.932664047051602552e-01 8.412208223985268019e-02 -7.965754555417940697e-02 5.137630083927491143e+01 -8.433182106696282543e-02 9.964374571089585908e-01 7.335023940536599535e-04 4.487974586330932825e-01 7.943546588026327571e-02 5.989102592524190791e-03 9.968220189233992778e-01 2.138986180780737989e+00
9.927331694024335018e-01 8.826158059080542462e-02 -8.179699114155775108e-02 5.206130982703726318e+01 -8.862441929746318892e-02 9.960647862100807659e-01 -8.086881064112640301e-04 3.755907731206420408e-01 8.140372640356674516e-02 8.052022347136001193e-03 9.966486834706271836e-01 2.192049492463965077e+00
