1.000000000000000000e+00 0.000000000000000000e+00 0.000000000000000000e+00 0.000000000000000000e+00 0.000000000000000000e+00 1.000000000000000000e+00 0.000000000000000000e+00 0.000000000000000000e+00 0.000000000000000000e+00 0.000000000000000000e+00 1.000000000000000000e+00 0.000000000000000000e+00
9.999999995969379718e-01 2.445824693239733583e-05 -1.441936943031330290e-05 -5.761853747959143346e-03 -2.445783138483981727e-05 9.999999992856635211e-01 2.881817725320424847e-05 2.467926568531916918e-03 1.442007426210842131e-05 -2.881782457508253608e-05 9.999999994807972081e-01 1.373867411082752661e-03
9.999999879963147320e-01 1.249787102051145345e-04 -9.158434537637266594e-05 2.796529006579694110e-03 -1.249760077099540986e-04 9.999999917549784456e-01 2.951339412703469592e-05 3.228408344901794076e-03 9.158803316718955344e-05 -2.950194792691133373e-05 9.999999953706336653e-01 -4.070154608979046316e-03
9.999999983636920220e-01 -1.068107059387436887e-05 -5.620080686382755274e-05 -8.519003696827889480e-03 1.068461820820244864e-05 9.999999979506009051e-01 6.312398224329386111e-05 -3.790949079642280672e-04 5.620013251693916452e-05 -6.312458262416791922e-05 9.999999964284160825e-01 -4.478580889623381273e-04
9.999999991031375268e-01 -1.867901454032863949e-05 -3.801077989812707365e-05 -2.061955182938154940e-03 1.868003502950955024e-05 9.999999994651425084e-01 2.684718442600042378e-05 -2.788004628527723100e-03 3.801027839884845924e-05 -2.684789444462218786e-05 9.999999989172047021e-01 -1.540552754133411688e-04
9.999999974505446865e-01 -4.460851669352983032e-05 -5.575832486498321196e-05 -4.608216335316882815e-03 4.461035594608321749e-05 9.999999984609416748e-01 3.298534310076182822e-05 1.980756780857852520e-04 5.575685335193953957e-05 -3.298783041538635823e-05 9.999999979014881912e-01 -2.112074663336300628e-03
9.999999782130877257e-01 2.087065989932054225e-04 -3.921682486185060890e-06 -7.558892039183413673e-03 -2.087066986865614778e-04 9.999999778972139541e-01 -2.543787753394590004e-05 2.967531414373181849e-03 3.916373346599235977e-06 2.543869546113808290e-05 9.999999996687674031e-01 6.284167529136113622e-05
9.999999851095120462e-01 1.400269071761877304e-04 -1.008634771815643765e-04 -9.605598944675240725e-04 -1.400240700337372862e-04 9.999999898008392618e-01 2.813505343571625440e-05 2.684905122635312079e-03 1.008674158173574023e-04 -2.812092970217886450e-05 9.999999945174888882e-01 -2.642870803503807615e-03
9.999999987149645886e-01 4.305767172884791068e-05 -2.676018925524713596e-05 -6.080853966495158858e-03 -4.305744068573645589e-05 9.999999990357523183e-01 8.634353117902159491e-06 -9.607455377604028762e-04 2.676056100458582541e-05 -8.633200881545112189e-06 9.999999996046701201e-01 -1.137654903533136426e-03
9.999999990225666435e-01 -4.035738057108276527e-05 -1.805958099566097586e-05 -1.948581450513518429e-03 4.035783444570356800e-05 9.999999988698036191e-01 2.513240952761265688e-05 -3.071521020560033944e-03 1.805856669703412949e-05 -2.513313834862738604e-05 9.999999995211067416e-01 -5.865629279844920916e-04
9.999999836720150359e-01 1.696079374858179025e-04 -6.236278657040473996e-05 -2.616784838011844850e-03 -1.696075225248749624e-04 9.999999855944714522e-01 6.659211732797512345e-06 4.035394762780235983e-03 6.236391512720312750e-05 -6.648634426338049486e-06 9.999999980332688887e-01 -1.333778459806761983e-03
9.999999919455994091e-01 1.242324229274519292e-04 -2.598280804931633498e-05 -2.733023761198196712e-03 -1.242324759341478042e-04 9.999999922810682840e-01 -2.038464019369505495e-06 3.446103247402913100e-03 2.598255460543263693e-05 2.041691911526587953e-06 9.999999996603691210e-01 -2.191903489778231247e-03
9.999999917116930703e-01 1.266228262038848024e-04 -2.330823285250507732e-05 2.199175306731571394e-03 -1.266234750991463820e-04 9.999999915957045182e-01 -2.784037499088976109e-05 8.765994439916902428e-04 2.330470742965187528e-05 2.784332612958239286e-05 9.999999993408199561e-01 -6.502883299332631699e-04
9.999999438408961883e-01 -1.180163188281546627e-04 3.136723656897278225e-04 -2.426955885571480467e-02 1.180887920185960780e-04 9.999999663380217951e-01 -2.310389414894480954e-04 1.788379113646237483e-03 -3.136450887655149950e-04 2.310759697052620985e-04 9.999999241153243457e-01 2.095754858118672927e-03
9.999993678003328279e-01 1.423752736435287126e-04 -1.115404956126730919e-03 -9.569431342090095605e-02 -1.434419857618259649e-04 9.999995324347428216e-01 -9.563235291307139877e-04 2.792906459834981758e-02 1.115268277777974005e-03 9.564829204451325831e-04 9.999989206579632528e-01 -9.608370063590082610e-03
9.999984394036056656e-01 8.487804752548643136e-05 -1.764648993479594119e-03 -1.241315476435939646e-01 -8.575820132010675886e-05 9.999998719718063978e-01 -4.987002121755563459e-04 4.040872409823087485e-02 1.764606438854461395e-03 4.988507670294455021e-04 9.999983186546006486e-01 1.887044175444441141e-03
9.999972817107685152e-01 -9.028883298140497613e-05 -2.329896778935434520e-03 -1.334730682919036404e-01 9.025811986706736457e-05 9.999999958384594434e-01 -1.328732094578376370e-05 3.509519879403538017e-02 2.329897968936176563e-03 1.307699272425127463e-05 9.999972856985396286e-01 -1.110393564159617777e-03
9.999963687244474153e-01 9.422692462641695118e-05 -2.693261815275007839e-03 -8.372270399187164980e-02 -9.403110876137908865e-05 9.999999929267979759e-01 7.283237385452232817e-05 3.231732707327751586e-02 2.693268658995624093e-03 -7.257885898542873460e-05 9.999963705115332280e-01 -9.744507672010764218e-03
9.999961995503762191e-01 4.843402392948472170e-04 -2.714092728101737736e-03 -3.726473838134340688e-02 -4.841068497292442597e-04 9.999998790663302550e-01 8.664804036369279025e-05 4.515530452665670463e-02 2.714134367009148324e-03 -8.533380018170601549e-05 9.999963130895935803e-01 -1.808694418843456372e-02
9.999967315961574288e-01 6.068910187961619202e-04 -2.483642545538866132e-03 -4.831875709406699415e-03 -6.063111794098255403e-04 9.999997887662924745e-01 2.342095730844523231e-04 4.659004036440243801e-02 2.483784160596263883e-03 -2.327029473519655876e-04 9.999968883279496401e-01 -1.797065905753990334e-02
9.999970771928624602e-01 1.462189108145765803e-04 -2.413343274859838967e-03 -1.679846000934522715e-02 -1.456238341964854327e-04 9.999999589536794353e-01 2.467515719492729596e-04 3.662130517805020635e-02 2.413379255547069835e-03 -2.463994104410999002e-04 9.999970574396204182e-01 -1.457226613043911476e-02
9.999968727376968847e-01 1.041346750770787675e-04 -2.498733838547821835e-03 -1.263473380161617143e-02 -1.038680982262806137e-04 9.999999889010611209e-01 1.068143047828362278e-04 4.444204956704669862e-02 2.498744933887449803e-03 -1.065544320147038195e-04 9.999968724550634125e-01 -1.162582271027633694e-02
9.999970413125907065e-01 -2.121806749732936656e-05 -2.432471142372094001e-03 -1.096026370192513047e-02 2.130396629828989449e-05 9.999999991504672225e-01 3.528748428456554342e-05 4.384544083045453094e-02 2.432470391573406891e-03 -3.533920116316873876e-05 9.999970409150894524e-01 -8.368840021243870164e-03
9.999972830573872207e-01 -2.328409372617631554e-04 -2.319410041733608804e-03 -9.588811577494044808e-03 2.329764514503632851e-04 9.999999711699182336e-01 5.815613252836337527e-05 5.661831618238599706e-02 2.319396433736422257e-03 -5.869634244247014769e-05 9.999973084738391638e-01 -7.923228652578972672e-04
9.999965341040958355e-01 -5.456287720906695437e-04 -2.575668658621927103e-03 -1.556059521857252118e-02 5.458612692119043123e-04 9.999998470068179879e-01 8.956458727999309422e-05 6.131503731724760597e-02 2.575619395546402835e-03 -9.097023462152157018e-05 9.999966789490581931e-01 3.830953858001174238e-03
9.999920158073531962e-01 4.161538689699223297e-04 -3.974309688943350807e-03 5.008987994490826656e-02 -4.188541028159914774e-04 9.999996820221290772e-01 -6.786139412954512009e-04 8.780461177919064719e-02 3.974026017383610471e-03 6.802731790300863392e-04 9.999918721397764720e-01 -7.370405033035052136e-03
9.999753511286396668e-01 5.391710148454111062e-04 -7.000459254259833348e-03 1.652808329489363348e-01 -5.475045091514376804e-04 9.999991437824968799e-01 -1.188559247796262515e-03 9.674710742351991244e-02 6.999812423648252117e-03 1.192362734160097712e-03 9.999747901308032594e-01 -3.985525682995051666e-02
9.999730847622007035e-01 1.377887676168722633e-04 -7.335582146228870372e-03 2.215832697643396743e-01 -1.444642125890371041e-04 9.999995759818389729e-01 -9.094867967498871351e-04 9.312921968585900767e-02 7.335453718743930283e-03 9.105220467951144220e-04 9.999726806609980923e-01 -3.594956113189622104e-02
9.999728479477797416e-01 -8.720472146740553682e-04 -7.317301474044783476e-03 2.926239263059149387e-01 8.661098494536045682e-04 9.999992931854844169e-01 -8.145442040107043254e-04 7.217115639524510073e-02 7.318006623074223456e-03 8.081845005858496675e-04 9.999728964411374044e-01 -3.084291471695807529e-02
9.999724661274870252e-01 -1.651012459051034477e-03 -7.234718016058632080e-03 3.723575692024675421e-01 1.646910411591733046e-03 9.999984797257124303e-01 -5.729156657694819835e-04 6.391784939935574172e-02 7.235652908205024610e-03 5.609849587570027657e-04 9.999736649646669973e-01 -3.103558785478735885e-02
9.999720583542155428e-01 -1.896057442533963288e-03 -7.231008021565003829e-03 4.648664891548913158e-01 1.892048935365468797e-03 9.999980526287276517e-01 -5.611502282610942227e-04 6.866117253037760937e-02 7.232057913174386871e-03 5.474531277713630883e-04 9.999736984708215148e-01 -3.007254276849009519e-02
9.999703917500559758e-01 -2.171779918528976821e-03 -7.382343477856307887e-03 5.870965891199272368e-01 2.166276376719603828e-03 9.999973698026937141e-01 -7.534151274286885955e-04 5.962542764898463854e-02 7.383960312680444213e-03 7.374006238443739803e-04 9.999724663061582142e-01 -3.331533251520747696e-02
9.999694834580488134e-01 -1.972890120524893164e-03 -7.559091031030642886e-03 7.396852546215765267e-01 1.966783184417963699e-03 9.999977335700973580e-01 -8.152414206978588970e-04 7.510708120276700372e-02 7.560682280625430872e-03 8.003494492195280079e-04 9.999710973444235762e-01 -3.831465916800964877e-02
9.999685409012188941e-01 -2.212953194183110706e-03 -7.617089079666060705e-03 8.805950784885282490e-01 2.209342094135401287e-03 9.999974430163645067e-01 -4.824606139367515196e-04 9.995589310453804888e-02 7.618137265650613138e-03 4.656166806221543621e-04 9.999708731686680618e-01 -4.874210491672420487e-02
9.999695119496641027e-01 -2.353276785532718799e-03 -7.445620156933715171e-03 1.012532488738233427e+00 2.349441520875579070e-03 9.999971028705645359e-01 -5.238081877454766732e-04 1.125036044776719785e-01 7.446831251656686919e-03 5.062991687097141529e-04 9.999721437947465263e-01 -6.064065542268563119e-02
9.999683035180915169e-01 -2.991434886924716676e-03 -7.378568727557452064e-03 1.150487377867221994e+00 2.986681771261892170e-03 9.999953252683271288e-01 -6.551133411670627274e-04 1.136282215488374769e-01 7.380493963632177648e-03 6.330551396622974497e-04 9.999725633986379369e-01 -6.301868547659998654e-02
9.999649372169993056e-01 -3.653459902360406408e-03 -7.535022716919046425e-03 1.327935167760765811e+00 3.648499341780578158e-03 9.999931184275158147e-01 -6.719748249759116814e-04 1.117460299369435611e-01 7.537425897192495151e-03 6.444597382454608607e-04 9.999713855318511646e-01 -7.433515202743304351e-02
9.999711934052242235e-01 -3.961947501242401269e-03 -6.474205104025003259e-03 1.499216762402799885e+00 3.963262429979728420e-03 9.999921281401519257e-01 1.902856826710206230e-04 1.139572840295429157e-01 6.473400238104816927e-03 -2.159391750412335766e-04 9.999790240098188621e-01 -6.846260970086552600e-02
9.999715436867704366e-01 -3.974111662608183389e-03 -6.412351611583866177e-03 1.669914821794532767e+00 3.977017737105118488e-03 9.999919946075240818e-01 4.405119571092508879e-04 1.506341196644793712e-01 6.410549634486255831e-03 -4.660014578588416194e-04 9.999793436346697817e-01 -8.158538012699854958e-02
9.999697407707057728e-01 -3.966962890034609474e-03 -6.691841928539289316e-03 1.866196192338259729e+00 3.975781448941811957e-03 9.999912450043972889e-01 1.305019703189655086e-03 2.065874775782945705e-01 6.686606376759314171e-03 -1.331585515297960265e-03 9.999767578174892924e-01 -8.587169121543894446e-02
9.999669703008186028e-01 -5.063786943415248508e-03 -6.357386978430539307e-03 2.074449126237972951e+00 5.085875784490067643e-03 9.999810699803463043e-01 3.463170291291402681e-03 1.966608494114793770e-01 6.339729876466226530e-03 -3.495388784304700059e-03 9.999737946978111136e-01 -9.737579805372749420e-02
9.999656920416208905e-01 -5.791167213138846692e-03 -5.922594197792166101e-03 2.269150349096334285e+00 5.816600617196972245e-03 9.999738977813238394e-01 4.286130339420013771e-03 2.145469792328577596e-01 5.897617907450396907e-03 -4.320432656105006181e-03 9.999732756252447397e-01 -9.875459515270081090e-02
9.999675718469956953e-01 -5.922228448653808416e-03 -5.457331273191216338e-03 2.506030683750554822e+00 5.951888646118855264e-03 9.999675184098205660e-01 5.434808814426306083e-03 2.311384097913671831e-01 5.424967831019536328e-03 -5.467114001657539905e-03 9.999703397543975303e-01 -9.746529886353517969e-02
9.999667298448630115e-01 -6.569547613307129275e-03 -4.835312557354632529e-03 2.726516798599887270e+00 6.599513463109715067e-03 9.999589549059880733e-01 6.207650551894192993e-03 2.275737182397231939e-01 4.794332635628697353e-03 -6.239354732717900150e-03 9.999690419343482128e-01 -1.028501344270451590e-01
9.999597157193645947e-01 -7.684512412569095320e-03 -4.638448817070137987e-03 2.976260535190262235e+00 7.715233978443946684e-03 9.999481775613463519e-01 6.642089761516472603e-03 2.221576600089484876e-01 4.587167220123095600e-03 -6.677608907629246741e-03 9.999671831796138610e-01 -1.097695053381541747e-01
9.999576304372218560e-01 -8.280232259457502575e-03 -4.021825966628654429e-03 3.241208984062939447e+00 8.305410586552958163e-03 9.999457605418301531e-01 6.284594609813699655e-03 2.232078307926824157e-01 3.969569921941578684e-03 -6.317731250248355933e-03 9.999721640058208960e-01 -1.233634458308644627e-01
9.999471115007616540e-01 -8.781737300640263949e-03 -5.353063727048258322e-03 3.497275825580157260e+00 8.807502707368755623e-03 9.999496504604258318e-01 4.808787802757021577e-03 2.731874786905783559e-01 5.310564691535955492e-03 -4.855680596455673285e-03 9.999741097991499128e-01 -1.310737121796383964e-01
9.999208719312657756e-01 -9.898843081781041192e-03 -7.762910656410110764e-03 3.748328460030144083e+00 9.937883523168981881e-03 9.999380835302313919e-01 5.006753136308648468e-03 2.479309277976759485e-01 7.712868940741603001e-03 -5.083503863506515057e-03 9.999573339103887681e-01 -1.256130345607725241e-01
9.998778833686789991e-01 -1.061729384973086020e-02 -1.146697089378265720e-02 4.035964083963739846e+00 1.063786557385518715e-02 9.999419119848086401e-01 1.734494796112066081e-03 2.748291078679878097e-01 1.144788915927203062e-02 -1.856267080357890901e-03 9.999327477917319129e-01 -1.193457176978882095e-01
9.998260766283064704e-01 -1.083719169120360253e-02 -1.517800284279900887e-02 4.325544371832381607e+00 1.080247723003481021e-02 9.999388493688506907e-01 -2.367278731702692363e-03 2.891346260533551593e-01 1.520272935174755806e-02 2.202906976497196172e-03 9.998820051491628114e-01 -1.280343962694416304e-01
9.997961968667350430e-01 -1.096205784322177440e-02 -1.695281742527175381e-02 4.638401411283807896e+00 1.088104692968786674e-02 9.999289721088108207e-01 -4.863492071634955421e-03 2.882330636577313809e-01 1.700492718380963372e-02 4.678036474717334886e-03 9.998444621170907709e-01 -1.231107519706630127e-01
9.997641837135295972e-01 -1.126467992627042114e-02 -1.856566588567417145e-02 4.952763361366709027e+00 1.111742019415606561e-02 9.999060685493188494e-01 -8.016049305701216862e-03 3.092562347602234030e-01 1.865422021544659373e-02 7.807756681886434368e-03 9.997955085935074093e-01 -1.367011561886487536e-01
9.997530193640968843e-01 -1.136707296421715294e-02 -1.909685640616742841e-02 5.262544548796539878e+00 1.116860279657700197e-02 9.998828397498085163e-01 -1.046752527730209111e-02 3.360981589141517900e-01 1.921360413727489502e-02 1.025165479738902007e-02 9.997628423731156344e-01 -1.441832501350124585e-01
9.997434509855843698e-01 -1.183029050265729971e-02 -1.931518672074131193e-02 5.565819107463163107e+00 1.160250675605098251e-02 9.998623188259053718e-01 -1.186276650108674703e-02 3.407914799900980674e-01 1.945286735702879410e-02 1.163561853561086330e-02 9.997430661589424838e-01 -1.562854472737750522e-01
9.997160253993908618e-01 -1.257328245347694683e-02 -2.024305135076032505e-02 5.913902022385837398e+00 1.235152897786147459e-02 9.998627413285088306e-01 -1.104256469070453300e-02 3.594849685337354606e-01 2.037911410129200976e-02 1.078939624744753439e-02 9.997341049684471681e-01 -1.706477670350046161e-01
9.997601576567454185e-01 -1.309889569653891438e-02 -1.755124194154924003e-02 6.248231906387376355e+00 1.296801551682407079e-02 9.998874060950504461e-01 -7.550212319337694031e-03 3.729330937087619313e-01 1.764816522234005300e-02 7.320796680885409760e-03 9.998174574392277858e-01 -1.865610948457115392e-01
9.998659544629392437e-01 -1.391040954684243797e-02 -8.635601435600132048e-03 6.606217946998724777e+00 1.388233489791548120e-02 9.998981819106574909e-01 -3.302512610691360831e-03 4.065296171840157569e-01 8.680661478109964052e-03 3.182187612440890052e-03 9.999572589857537164e-01 -1.899737081228994595e-01
9.998703688652342825e-01 -1.575818972086404091e-02 3.305286980224562705e-03 6.977053078385970331e+00 1.576071398907766263e-02 9.998755190997814513e-01 -7.390531083627528393e-04 4.404362233783937208e-01 -3.293229396030409369e-03 7.910509868168052018e-04 9.999942644227922672e-01 -2.035661751611633485e-01
9.997282784810711531e-01 -1.683541459790235950e-02 1.612259348214879415e-02 7.326962235321933470e+00 1.684737271704000311e-02 9.998578892054981182e-01 -6.061567940732404862e-04 4.535141976442456091e-01 -1.611009738664005361e-02 8.776154297875264155e-04 9.998698388057069009e-01 -2.187741512328970073e-01
9.995785526351581574e-01 -1.816550668795818835e-02 2.264357477458252624e-02 7.680714876409190595e+00 1.827889454308254807e-02 9.998213540550358047e-01 -4.810612210279464548e-03 4.649345695424184632e-01 -2.255214238349054559e-02 5.222484305823164863e-03 9.997320273611275399e-01 -2.409940306418050238e-01
9.995556064991273360e-01 -1.988308864698029935e-02 2.220928414015146263e-02 8.037506568366772797e+00 2.006738742484623708e-02 9.997657653485779727e-01 -8.106441815824958624e-03 4.681343525780694570e-01 -2.204290085498692570e-02 8.548521675035714723e-03 9.997204775831435297e-01 -2.428351700698804794e-01
9.996051157949882304e-01 -2.068019407021965891e-02 1.902477462957602103e-02 8.435935944426844912e+00 2.083915795687473274e-02 9.997492489624557610e-01 -8.195650959748475642e-03 5.153030723324988349e-01 -1.885051649521922792e-02 8.588874910234358187e-03 9.997854216058762455e-01 -2.709722882579192471e-01
9.995717067008919043e-01 -2.253175729965072385e-02 1.867412852199129558e-02 8.807878865951714431e+00 2.263667972796618369e-02 9.997290309166712019e-01 -5.426368334985617360e-03 5.209716502489571965e-01 -1.854680279616131855e-02 5.846764524340446016e-03 9.998108978455061413e-01 -2.868133141615848425e-01
9.995825700124770785e-01 -2.348292418366634479e-02 1.682967614173322760e-02 9.214678588362648526e+00 2.351938249727953192e-02 9.997214368387452588e-01 -1.971641960751866190e-03 5.804587009175808943e-01 -1.677868809526262064e-02 2.366642528755553195e-03 9.998564270078694749e-01 -3.194937322281655168e-01
9.996279161182630713e-01 -2.477832379840166216e-02 1.140455991260857366e-02 9.628334082781032421e+00 2.477663597373510468e-02 9.996929701793881851e-01 2.892814164197869556e-04 6.374298435766052595e-01 -1.140822628122935972e-02 -6.607150072096269712e-06 9.999349240472911182e-01 -3.419270801904397139e-01
9.996488022582644684e-01 -2.601787909394515444e-02 5.034094861060528676e-03 1.003686330778062263e+01 2.600315095076403613e-02 9.996574508806977954e-01 2.969349985618304020e-03 6.592720603826385251e-01 -5.109626625212813737e-03 -2.837404828036310060e-03 9.999829202789379812e-01 -3.415636133192396784e-01
9.996222725960288713e-01 -2.748012200934758092e-02 3.937312558929273194e-04 1.045993120462422787e+01 2.747878513620311686e-02 9.996176648971677459e-01 3.072522249248081216e-03 6.628659398721378215e-01 -4.780140048984895130e-04 -3.060542416813140289e-03 9.999952022798539453e-01 -3.733212643134699582e-01
9.995875445924217173e-01 -2.871827896166812694e-02 -3.389945583916020275e-05 1.090218704025066643e+01 2.871826893217749310e-02 9.995840954416247426e-01 2.626246311361330864e-03 6.763819144512190906e-01 -4.153591729077635791e-05 -2.626136635558020977e-03 9.999965508346211340e-01 -3.903574702308383326e-01
9.995916027742063337e-01 -2.857476644349603648e-02 3.322438758106234296e-04 1.136710655693842753e+01 2.857320223468482259e-02 9.995836207893351588e-01 4.019597459745406429e-03 7.591552077813654709e-01 -4.469645949769600595e-04 -4.008462595839265910e-03 9.999918661920549345e-01 -4.029677033649739504e-01
9.995489653682808617e-01 -3.001293702085983464e-02 1.043763661534452070e-03 1.181704209757985424e+01 3.000652746588650457e-02 9.995334899205239321e-01 5.693051619015582904e-03 7.942789462502284348e-01 -1.214141934963774332e-03 -5.659164132597514080e-03 9.999832497200551451e-01 -4.220208275898885142e-01
9.995087690471538000e-01 -3.133574498187546853e-02 5.400780261168851726e-04 1.231430719868283141e+01 3.133160465985894427e-02 9.994881349683343297e-01 6.465184216940755846e-03 8.150640760223102355e-01 -7.423929429438466242e-04 -6.445086807137770726e-03 9.999789546329296286e-01 -4.444892161829515076e-01
9.994747346326353643e-01 -3.240347949047758108e-02 -5.189874114769901185e-04 1.280047982182744093e+01 3.240568670868818751e-02 9.994620890709142724e-01 5.040236000633710120e-03 8.374429750944999418e-01 3.553870586025975782e-04 -5.054406682681309923e-03 9.999871632541712518e-01 -4.460156311239062421e-01
9.994550447448498076e-01 -3.290540869124871509e-02 -2.616794400040391849e-03 1.331315758910987412e+01 3.291523682794281896e-02 9.994509005611433849e-01 3.805857601099737857e-03 9.076892248735304314e-01 2.490124219918844230e-03 -3.889915986407029708e-03 9.999893338606107296e-01 -4.668883364469837427e-01
9.994336220412456395e-01 -3.341040972783879820e-02 -4.022394229123691690e-03 1.383415286564926738e+01 3.342659232355427862e-02 9.994330686613672743e-01 4.025443051101588315e-03 9.629455715147433592e-01 3.885622106105480773e-03 -4.157618060944757998e-03 9.999838079453625683e-01 -5.060017124653306553e-01
9.993649722933782842e-01 -3.541133307536778463e-02 -3.961015385054403315e-03 1.436773724041067624e+01 3.543304132032282228e-02 9.993566329904690626e-01 5.551547599118160023e-03 9.640644156097465389e-01 3.761879297315283161e-03 -5.688373034387158092e-03 9.999767450677911063e-01 -5.069169453991821950e-01
9.993249405672528507e-01 -3.648883662102134912e-02 -4.269421775945314752e-03 1.488668399855708735e+01 3.651620307116914405e-02 9.993118057738711313e-01 6.517802868301207468e-03 1.011935810383664869e+00 4.028656540540733084e-03 -6.669306036561065652e-03 9.999696446810117934e-01 -5.321539263116952245e-01
9.992645692321610040e-01 -3.831472055807317451e-02 -1.517519627715972243e-03 1.544150495161533776e+01 3.832350563344826683e-02 9.992457811825184999e-01 6.259209606759930447e-03 1.057009544699664128e+00 1.276555218859437481e-03 -6.312763063434407781e-03 9.999792594995549067e-01 -5.421865328358351777e-01
9.992208253116532379e-01 -3.944385054929747114e-02 1.387413904834485434e-03 1.600081706747953092e+01 3.943832629152355107e-02 9.992147577387726631e-01 3.806092007437482556e-03 1.085386465718305438e+00 -1.536451373120834669e-03 -3.748409114603509264e-03 9.999917943394773800e-01 -5.576335140257082656e-01
9.992106073230073715e-01 -3.965173300844267862e-02 2.429461383492317276e-03 1.656509221106335517e+01 3.964626664462635869e-02 9.992112256237974943e-01 2.258346415336146603e-03 1.129820285122177914e+00 -2.517092435706527135e-03 -2.160244619401008748e-03 9.999944987792954709e-01 -5.862763571331925938e-01
9.991817077362867838e-01 -4.036971157414842581e-02 2.490243485623642485e-03 1.714735513140589873e+01 4.036441286661721084e-02 9.991827277911422556e-01 2.142582037035001882e-03 1.183653618652079187e+00 -2.574703697688607643e-03 -2.040311562537608456e-03 9.999946040002399839e-01 -6.170975713161049869e-01
9.991400511540088347e-01 -4.138148737006655531e-02 2.594355990520777824e-03 1.772950975823134812e+01 4.137145145049676842e-02 9.991365724065044418e-01 3.809551766424776071e-03 1.245469424560744054e+00 -2.749760870279133011e-03 -3.698943473872359864e-03 9.999893782597559788e-01 -6.354437787818766337e-01
9.990627721747686873e-01 -4.323349228645116671e-02 2.107699974737036082e-03 1.830039824392337167e+01 4.322122120779252341e-02 9.990500764405907397e-01 5.556149868099941568e-03 1.283260343033084894e+00 -2.345909583339732610e-03 -5.459845122994635806e-03 9.999823432438493809e-01 -6.523769128439653731e-01
9.990274057857871925e-01 -4.394378225759973389e-02 3.631320671143283257e-03 1.887648185920070887e+01 4.392481309417779756e-02 9.990215751429454283e-01 5.148125246123691663e-03 1.359022163829143093e+00 -3.853995791585211692e-03 -4.983613127530276722e-03 9.999801549614040219e-01 -6.665173766871178573e-01
9.989584306925201052e-01 -4.545631719888426625e-02 3.972024049767788195e-03 1.945583144205737014e+01 4.544684352762988488e-02 9.989637694547820468e-01 2.443712353798881045e-03 1.418007996397670167e+00 -4.078990281018192443e-03 -2.260651102537075425e-03 9.999891255883135432e-01 -6.894754653685702950e-01
9.988896491057053240e-01 -4.699237308917188216e-02 3.344515051383416347e-03 2.006415605403935842e+01 4.698956541321362701e-02 9.988949628362222555e-01 9.132155821607888585e-04 1.433614805784858559e+00 -3.383733405304568866e-03 -7.550442836399942669e-04 9.999939901101263517e-01 -7.049862440654059981e-01
9.988715125809830564e-01 -4.743522411053401056e-02 2.366615254421037054e-03 2.068164297965818932e+01 4.743691901322394378e-02 9.988740141745581225e-01 -6.652227728019966934e-04 1.489288645628323637e+00 -2.332395487878990807e-03 7.767370134314770681e-04 9.999969783008847424e-01 -7.302514127353418871e-01
9.988438558408245793e-01 -4.806726628196754392e-02 6.996865102058270587e-04 2.129143716057816960e+01 4.806769710865339829e-02 9.988438923636014932e-01 -6.125215104271537628e-04 1.570231531363345034e+00 -6.694353627431582276e-04 6.454456665040884901e-04 9.999995676279999079e-01 -7.574845480732086411e-01
9.988130734779823161e-01 -4.870470133488293690e-02 -5.443503894665596742e-04 2.189844484533730551e+01 4.870464130170027578e-02 9.988132171654392488e-01 -1.230093403996349261e-04 1.629632522291087460e+00 5.496954969539195315e-04 9.635094688964905714e-05 9.999998442756656836e-01 -7.742948276540134733e-01
9.987849658213022730e-01 -4.925427638834648653e-02 -1.615025324989260514e-03 2.249449021854611530e+01 4.925468358538954289e-02 9.987862287016263663e-01 2.133093660345551374e-04 1.701924168909805690e+00 1.602558655132752972e-03 -2.925977492289237114e-04 9.999986730952766800e-01 -8.011173228953504255e-01
9.987297264200661884e-01 -5.033468083962735345e-02 -2.313756614815817327e-03 2.310767874597812366e+01 5.033774537696695389e-02 9.987314243274052483e-01 1.285865979045510213e-03 1.733953873106722332e+00 2.246097785804166379e-03 -1.400701868805864780e-03 9.999964965333685285e-01 -8.184476120213294292e-01
9.987299935569230458e-01 -5.030484779712574017e-02 -2.796829972743393889e-03 2.374980363210901757e+01 5.030867256516695363e-02 9.987328520961114009e-01 1.314385292703663987e-03 1.800454599076387163e+00 2.727166023409660547e-03 -1.453420818232436856e-03 9.999952250553029165e-01 -8.369346664165240313e-01
9.987009382508788002e-01 -5.090847899839040513e-02 -2.182361767614849138e-03 2.438667926093302896e+01 5.091052873319355798e-02 9.987028179304021647e-01 8.941599300800876556e-04 1.825213730057676953e+00 2.134010525038839215e-03 -1.004103552593702681e-03 9.999972188837000786e-01 -8.550977294855612865e-01
9.987008938770622901e-01 -5.094494043534107675e-02 -1.066589516291872484e-03 2.501603463419601425e+01 5.094593328628196915e-02 9.987009840860695542e-01 9.253470192402620280e-04 1.862508514525750281e+00 1.018062250759362410e-03 -9.784832936025782742e-04 9.999990030593519652e-01 -8.864866294906578181e-01
9.987312454729551092e-01 -5.033017602942294055e-02 1.665141701825651821e-03 2.566978435472667996e+01 5.032601480973424024e-02 9.987298306425178573e-01 2.453083394008598317e-03 1.923640217499766880e+00 -1.786490808895434311e-03 -2.366171087400847223e-03 9.999956048328286773e-01 -9.125206003122465770e-01
9.987601577936539021e-01 -4.959622815720918232e-02 4.285015352793694089e-03 2.633135925933579458e+01 4.958612623261578201e-02 9.987668892588561498e-01 2.432489554123773694e-03 2.012392903957571200e+00 -4.400373761252548803e-03 -2.216996338715750050e-03 9.999878607453169810e-01 -9.333780466967225298e-01
9.987946639157428974e-01 -4.882049009052359667e-02 5.077310386343584538e-03 2.700085149535326323e+01 4.881159733758433372e-02 9.988062699107451703e-01 1.860954684328566203e-03 2.082344177711938027e+00 -5.162102167888096664e-03 -1.610879978360240002e-03 9.999853787765616842e-01 -9.643469515980758189e-01
9.988106081406221692e-01 -4.852814845268431376e-02 4.731582559224780000e-03 2.767097652835454014e+01 4.852192627595693086e-02 9.988211066190012533e-01 1.421141394908725843e-03 2.121095275860729323e+00 -4.794969888448445509e-03 -1.189865600795288105e-03 9.999877961673436788e-01 -9.827188259555430516e-01
9.988703868080784920e-01 -4.746868455754806038e-02 2.162023185724780937e-03 2.838947308564246441e+01 4.746470641902340859e-02 9.988711920761462748e-01 1.855609046782323275e-03 2.186536715960125665e+00 -2.247665997325021432e-03 -1.750893130542480582e-03 9.999959411771679463e-01 -1.020625569603814453e+00
9.989245018312008506e-01 -4.636596203429337038e-02 -1.928883656573233225e-04 2.907175496171864282e+01 4.636631477080566111e-02 9.989208294015763379e-01 2.709509594260422691e-03 2.261735096489172481e+00 6.705118722529554833e-05 -2.715539044331145846e-03 9.999963106691128756e-01 -1.046691332368254290e+00
9.989566252329228346e-01 -4.558174792499593980e-02 -2.822261389705395512e-03 2.978982426098128755e+01 4.558995323797689764e-02 9.989559854983471876e-01 2.914652772632910557e-03 2.309497096649624659e+00 2.686459939916044284e-03 -3.040278462257170900e-03 9.999917697860634114e-01 -1.070323925588345659e+00
9.990167818525638177e-01 -4.413961589417320086e-02 -4.142932012696954810e-03 3.050003568874220861e+01 4.415049778633052535e-02 9.990215781253484195e-01 2.572933181710672888e-03 2.345930280296627313e+00 4.025310195028455884e-03 -2.753315937769769059e-03 9.999881079938803818e-01 -1.078220023258726457e+00
9.991206232087116446e-01 -4.160007347305447883e-02 -5.235853900944633516e-03 3.123372663589755049e+01 4.161375431842091049e-02 9.991305652006370330e-01 2.531626627620836307e-03 2.417097772285639490e+00 5.125985813643403957e-03 -2.747283911801355009e-03 9.999830882072687777e-01 -1.111253597280153382e+00
9.992570675008949355e-01 -3.846848568638881055e-02 -2.342788617880368126e-03 3.194919868704733901e+01 3.847974850139724429e-02 9.992470268270112754e-01 4.968735517947967667e-03 2.487645467938374821e+00 2.149884829749487778e-03 -5.055193999660199597e-03 9.999849113905892040e-01 -1.139504077344331234e+00
9.993668600565877025e-01 -3.555046474723428523e-02 1.429502323308079340e-03 3.266777627841785403e+01 3.554025241548606356e-02 9.993462703008213488e-01 6.627404777232024334e-03 2.551794819121065760e+00 -1.664175135082927208e-03 -6.572403829147504227e-03 9.999770167503982954e-01 -1.167804186207072492e+00
9.994277471416700420e-01 -3.340790587418077107e-02 5.300006455467611011e-03 3.340474218938933859e+01 3.337907406781054354e-02 9.994279678952296964e-01 5.438235300833044704e-03 2.595269975622759517e+00 -5.478654734671470697e-03 -5.258213947100944842e-03 9.999711673485315311e-01 -1.172036381730364951e+00
9.995099294295334280e-01 -3.090270026266028064e-02 4.992403053164887715e-03 3.414406169680253811e+01 3.089299937907672572e-02 9.995206789508427336e-01 2.008715761567963533e-03 2.618693314110045911e+00 -5.052084830388245233e-03 -1.853501044667263398e-03 9.999855203815423144e-01 -1.212632641549532320e+00
9.996291912633606946e-01 -2.698705652465471089e-02 3.630255403484873317e-03 3.488624101715016934e+01 2.698401501663307001e-02 9.996354741068611549e-01 8.842175824582520615e-04 2.696986930323596710e+00 -3.652794511269489858e-03 -7.859308405317373160e-04 9.999930196781237068e-01 -1.257195423756209074e+00
9.997135999822875929e-01 -2.378725269895057975e-02 2.623855844171890835e-03 3.559011976919019560e+01 2.378039700487487307e-02 9.997137894232092092e-01 2.613800944555682692e-03 2.731244597543279085e+00 -2.685280012450216164e-03 -2.550656018260896805e-03 9.999931416890474045e-01 -1.265746736375867432e+00
9.997895660047992905e-01 -2.050924714153751910e-02 4.410097759536081357e-04 3.632694591546199092e+01 2.050732460460542167e-02 9.997817255457672747e-01 3.993858070761756134e-03 2.788116532240823009e+00 -5.228245370069276076e-04 -3.983973696622375264e-03 9.999919272714595797e-01 -1.297703186481422133e+00
9.998404533571586539e-01 -1.779914981111288194e-02 -1.502696427454260986e-03 3.707150478911855629e+01 1.780808537785587634e-02 9.998224562397372006e-01 6.158578887521374591e-03 2.816398035944447376e+00 1.392812164837447511e-03 -6.184356453212300382e-03 9.999799067028962707e-01 -1.319437702427771475e+00
9.998896702152719751e-01 -1.479115926712329734e-02 -1.367115331374727264e-03 3.778277237808379141e+01 1.480074546358949028e-02 9.998638863680178179e-01 7.290176319238228508e-03 2.818269044912619758e+00 1.259099089318371995e-03 -7.309606321693345315e-03 9.999724917841016358e-01 -1.322784216779504085e+00
9.999380392977558207e-01 -1.081885503470934873e-02 -2.621057248082207976e-03 3.851633440319083945e+01 1.083472996503539315e-02 9.999225731770304826e-01 6.120153397651886817e-03 2.868009670690054858e+00 2.554641255547288048e-03 -6.148172636155396081e-03 9.999778366450385869e-01 -1.332752237513976867e+00
9.999616745091447489e-01 -6.081140556775352889e-03 -6.298352355650300126e-03 3.922577060820496797e+01 6.112633589419891496e-03 9.999688519450821156e-01 4.993080235280794414e-03 2.906762581970471881e+00 6.267792551503234035e-03 -5.031388393197048191e-03 9.999676994320206846e-01 -1.369084200532966866e+00
9.999608674330371372e-01 -2.069018219336366069e-03 -8.601323513038869328e-03 3.993108107407223173e+01 2.128299739525714700e-03 9.999740076778678155e-01 6.888708796443704721e-03 2.893738538643007452e+00 8.586847080659810311e-03 -6.906745418177817619e-03 9.999392796189885413e-01 -1.389925458912067535e+00
9.999596549883008612e-01 3.074319515298953951e-03 -8.440198765198452663e-03 4.067278884112380410e+01 -2.994144137408248207e-03 9.999504341877647473e-01 9.495486748199452945e-03 2.926466234522394849e+00 8.468972580108480308e-03 -9.469832481024129459e-03 9.999192961315521710e-01 -1.424104269257119748e+00
9.999442316750550841e-01 7.974755879080605223e-03 -6.923641271245860318e-03 4.136580679888117373e+01 -7.899201848873009871e-03 9.999096961308077125e-01 1.087208322938127379e-02 2.954264267793878851e+00 7.009718249301528925e-03 -1.081678567158014977e-02 9.999169270483425631e-01 -1.432750706830461906e+00
9.998994951041899615e-01 1.247822614251815378e-02 -6.730049236242942844e-03 4.206585104070325798e+01 -1.240167032025411668e-02 9.998592504431346173e-01 1.129946355189991210e-02 2.936888105367069901e+00 6.870099246285008183e-03 -1.121486404862595716e-02 9.999135105401452117e-01 -1.464177304470101193e+00
9.998116464508850498e-01 1.868563918070292873e-02 -5.245808763102552744e-03 4.276756824756404995e+01 -1.861632511795378864e-02 9.997426383871798050e-01 1.296493076507788944e-02 2.963281651421524554e+00 5.486716711577774991e-03 -1.286483109291372898e-02 9.999021912470628104e-01 -1.463990212816968839e+00
9.996956775367749071e-01 2.453088661437315132e-02 -2.605362969218729535e-03 4.344224389321046687e+01 -2.449370782430602272e-02 9.996094495077109121e-01 1.345387423415961639e-02 2.962617156860186451e+00 2.934380906790715754e-03 -1.338596491866844707e-02 9.999060982671773568e-01 -1.476830133795697053e+00
9.995078266841745940e-01 3.134182560298784392e-02 1.339539081153397204e-03 4.412560001841995216e+01 -3.135656001234031487e-02 9.994244226010590149e-01 1.294564222942990589e-02 3.006219818218028195e+00 -9.330280116598201621e-04 -1.298127406735542083e-02 9.999153044044868377e-01 -1.507655500101379387e+00
9.992760248138781165e-01 3.767496897253599930e-02 5.293670285556834575e-03 4.483799147677522257e+01 -3.773638687462464725e-02 9.992153693158990491e-01 1.202542425613762136e-02 2.968021853514128505e+00 -4.836459223687705929e-03 -1.221648213725606488e-02 9.999136793875598173e-01 -1.516932266916284799e+00
9.990189606687270851e-01 4.371908421080183266e-02 7.053927994050732987e-03 4.553151278419277759e+01 -4.379364275608269713e-02 9.989823695025085160e-01 1.078620773516683271e-02 2.957976299904912842e+00 -6.575186577507917580e-03 -1.108454324374194208e-02 9.999169464623292036e-01 -1.556148050211776379e+00
9.987570824902025635e-01 4.938195619629727473e-02 6.761107741020291710e-03 4.623294476530170982e+01 -4.944680500859287287e-02 9.987288160868476039e-01 9.785979368763431455e-03 2.938197590996674435e+00 -6.269262325098672213e-03 -1.010813137976779817e-02 9.999292585127752542e-01 -1.582060753902079453e+00
9.984797664853949373e-01 5.481360553900457844e-02 5.798669423726377121e-03 4.691322091333901767e+01 -5.487077558526756715e-02 9.984412830305164910e-01 1.020795410683503733e-02 2.918399059697856845e+00 -5.230096169522872353e-03 -1.051061312152871789e-02 9.999310841782382830e-01 -1.598390331469781156e+00
9.981773013837621500e-01 6.023735213884726797e-02 3.679185987507559846e-03 4.761636659709396469e+01 -6.027168589892057532e-02 9.981312198742836594e-01 1.006934909397408200e-02 2.916671763814487228e+00 -3.065759470672592413e-03 -1.027274644751684403e-02 9.999425342484902224e-01 -1.631137042014087157e+00
9.978427778111264024e-01 6.561803667974885901e-02 2.015944560262753274e-03 4.832426720701796796e+01 -6.563559301322280382e-02 9.977890597178450394e-01 1.043844994149688808e-02 2.881997090272903073e+00 -1.326536836087012245e-03 -1.054824960236027016e-02 9.999434857682452105e-01 -1.646097132076811409e+00
9.975225592022121113e-01 7.032247610415567896e-02 1.869020398391392892e-03 4.898975162524491367e+01 -7.033890483717644693e-02 9.974619700155894497e-01 1.104793369485555267e-02 2.860398819361407607e+00 -1.087358715322024995e-03 -1.115202794112985472e-02 9.999372229914358368e-01 -1.681240619129181324e+00
9.971397173748897114e-01 7.544048906183699332e-02 4.595284935232516257e-03 4.967911609093891201e+01 -7.548602701545893690e-02 9.970893629729741248e-01 1.070803303927331078e-02 2.846343532287840095e+00 -3.774090479377207111e-03 -1.102428484118666251e-02 9.999321083877614758e-01 -1.696576585515086277e+00
9.967326343151194923e-01 8.061175158235360516e-02 5.079487972927467475e-03 5.036504730330984358e+01 -8.065389672465385351e-02 9.967039821899863483e-01 8.724725196371165004e-03 2.807967873033769823e+00 -4.359430509948774256e-03 -9.105898827037144788e-03 9.999490376875116437e-01 -1.717518405087065325e+00
9.962897867422364495e-01 8.595729222009476644e-02 4.243200124712066118e-03 5.105869093204091058e+01 -8.597974338281022533e-02 9.962821037815702274e-01 5.427099814333456035e-03 2.782734128240670124e+00 -3.760925542366075694e-03 -5.771793374495761547e-03 9.999762706386121636e-01 -1.743494033721333825e+00
9.959855045181310595e-01 8.950201515145070341e-02 1.504683884894003273e-03 5.175187776581606869e+01 -8.950607546630465206e-02 9.959820794341671668e-01 2.891349271982114003e-03 2.709513218490823050e+00 -1.239856598218731180e-03 -3.014420312747491826e-03 9.999946879987883230e-01 -1.769201161099349662e+00
