-5.096649978298865014e-01 -8.603341584208024084e-01 8.168588704989923274e-03 1.211200000000000010e+01 8.602007878508187710e-01 -5.097299704669153719e-01 -1.516449104414868687e-02 -1.805069999999999908e+01 1.721030411969835111e-02 -7.021838554457529667e-04 9.998516451803941552e-01 -4.284179999999999933e-02
-5.096626332283198391e-01 -8.603354295432928955e-01 8.182234617276356800e-03 1.211250000000000071e+01 8.602016565640557832e-01 -5.097278252427249745e-01 -1.518730449342950949e-02 -1.805049999999999955e+01 1.723688879204948385e-02 -7.020298275847044979e-04 9.998511873368415293e-01 -4.283730000000000177e-02
-5.096727779945418035e-01 -8.603294967933603488e-01 8.174124944665838235e-03 1.211289999999999978e+01 8.601958478316830137e-01 -5.097378335519872072e-01 -1.518039587293499963e-02 -1.805030000000000001e+01 1.722680308296339197e-02 -7.056861985567397001e-04 9.998513585841294349e-01 -4.288379999999999970e-02
-5.096670968770385945e-01 -8.603329144251807836e-01 8.168642335493048537e-03 1.211309999999999931e+01 8.601993539382727372e-01 -5.097320623422536556e-01 -1.517551002407715316e-02 -1.805020000000000024e+01 1.721980967110996880e-02 -7.077972780558511572e-04 9.998514775594943282e-01 -4.275459999999999677e-02
-5.096629573963303850e-01 -8.603352511572146533e-01 8.180799122233463685e-03 1.211330000000000062e+01 8.602019168653536330e-01 -5.097281423234426567e-01 -1.516189779224522138e-02 -1.805020000000000024e+01 1.721429868440861599e-02 -6.903185821009598681e-04 9.998515846769754356e-01 -4.267529999999999935e-02
-5.096704463604333490e-01 -8.603308293878528801e-01 8.179248838736684346e-03 1.211340000000000039e+01 8.601972372275337175e-01 -5.097355930032250182e-01 -1.517689993934113676e-02 -1.805020000000000024e+01 1.722640916948418865e-02 -6.994501127738304283e-04 9.998513697528577104e-01 -4.257799999999999779e-02
-5.096591698158918771e-01 -8.603377576372097657e-01 8.153122490979148457e-03 1.211350000000000016e+01 8.602043163213569654e-01 -5.097238738183867968e-01 -1.516926635285893547e-02 -1.805010000000000048e+01 1.720653377883799018e-02 -7.178045378769973370e-04 9.998516989793850840e-01 -4.250020000000000187e-02
-5.096678247952995955e-01 -8.603324919323674935e-01 8.167722685682127920e-03 1.211369999999999969e+01 8.601988241551689063e-01 -5.097327698625742087e-01 -1.518177362143970435e-02 -1.805010000000000048e+01 1.722472903972845776e-02 -7.117960879245795094e-04 9.998513899854504228e-01 -4.243899999999999756e-02
-5.096610874611690045e-01 -8.603365951478034734e-01 8.155916710144432008e-03 1.211389999999999922e+01 8.602032905623262504e-01 -5.097258450054004131e-01 -1.516119517967738466e-02 -1.805000000000000071e+01 1.720101257612696721e-02 -7.113248308668911795e-04 9.998517986098441890e-01 -4.239919999999999800e-02
-5.096639966804265010e-01 -8.603347508180458902e-01 8.168661003173510737e-03 1.211410000000000053e+01 8.602011805816124346e-01 -5.097289625385217349e-01 -1.517608893628930554e-02 -1.805000000000000071e+01 1.722031979187148634e-02 -7.080143025459252441e-04 9.998514686202210067e-01 -4.234940000000000232e-02
-5.096588155601501358e-01 -8.603380760493989365e-01 8.141659624716792928e-03 1.211420000000000030e+01 8.602041187852312865e-01 -5.097233000177777695e-01 -1.519971854707953020e-02 -1.805010000000000048e+01 1.722689022281903917e-02 -7.431814086236065075e-04 9.998513299159258461e-01 -4.228599999999999720e-02
-5.096578657429743364e-01 -8.603387133818780619e-01 8.133765593659322488e-03 1.211439999999999984e+01 8.602054731463222303e-01 -5.097222449344832595e-01 -1.515839661914237732e-02 -1.805000000000000071e+01 1.718731670241604656e-02 -7.288863880426364218e-04 9.998520214857818944e-01 -4.229399999999999826e-02
-5.096540488902633337e-01 -8.603404965761132228e-01 8.184155480374162572e-03 1.211459999999999937e+01 8.602070745820988851e-01 -5.097192895364314191e-01 -1.516689531127087161e-02 -1.805000000000000071e+01 1.722031616052871819e-02 -6.898011607867147576e-04 9.998514814139597418e-01 -4.219420000000000115e-02
-5.096439761208050312e-01 -8.603466352494371083e-01 8.166077317036474215e-03 1.211449999999999960e+01 8.602131628307225775e-01 -5.097089044845188877e-01 -1.517060255743714337e-02 -1.805020000000000024e+01 1.721429918820014532e-02 -7.070390107126227558e-04 9.998515729843591160e-01 -4.197820000000000024e-02
-5.095241686955939153e-01 -8.604131053880155200e-01 8.626099443938717304e-03 1.211389999999999922e+01 8.602667378133838083e-01 -5.095967383290793684e-01 -1.588408311118886043e-02 -1.804980000000000118e+01 1.806270541707284683e-02 -6.725778140293520039e-04 9.998366298111405204e-01 -4.240950000000000275e-02
-5.095661677981501159e-01 -8.603792060033603750e-01 9.483802641120409743e-03 1.211209999999999987e+01 8.602071498916673553e-01 -5.096540430720776227e-01 -1.721672604010835231e-02 -1.804739999999999966e+01 1.964637144011041614e-02 -6.150262702356656215e-04 9.998068022532778931e-01 -4.357799999999999868e-02
-5.094369016940101247e-01 -8.604495212689166062e-01 1.003317200585912734e-02 1.210839999999999961e+01 8.602599330253966059e-01 -5.095353676732945480e-01 -1.807088047607207509e-02 -1.804169999999999874e+01 2.066133644147884890e-02 -5.748374828198056464e-04 9.997863665495343444e-01 -4.444889999999999952e-02
-5.094516594602990223e-01 -8.604397424595626731e-01 1.012206842836028443e-02 1.210180000000000078e+01 8.602495944279773266e-01 -5.095519484724527759e-01 -1.809549928648603034e-02 -1.803160000000000096e+01 2.072780643598372621e-02 -5.112768799937799551e-04 9.997850252110720426e-01 -4.421479999999999855e-02
-5.095338807834113304e-01 -8.603963468924484825e-01 9.661810799480365433e-03 1.209280000000000044e+01 8.602101466685131426e-01 -5.096248191115998472e-01 -1.791779322361541915e-02 -1.801879999999999882e+01 2.034030241494867025e-02 -8.185350313990478674e-04 9.997927795788841276e-01 -4.320310000000000122e-02
-5.095268161196105927e-01 -8.604038322894895785e-01 9.363174492187398626e-03 1.208220000000000027e+01 8.602205919555091507e-01 -5.096118428224102326e-01 -1.778490457830958146e-02 -1.800309999999999988e+01 2.007378466371186054e-02 -1.007490300524986398e-03 9.997979936630044806e-01 -4.252600000000000130e-02
-5.095680150248926843e-01 -8.603774961839231183e-01 9.539503334779814506e-03 1.207029999999999959e+01 8.601923840778299413e-01 -5.096565063793960793e-01 -1.786918799630890509e-02 -1.798450000000000060e+01 2.023611716930253171e-02 -8.997585409231023852e-04 9.997948239496333711e-01 -4.240229999999999694e-02
-5.095511516158798271e-01 -8.603838513570617463e-01 9.861653559148007148e-03 1.205690000000000062e+01 8.601945082979955970e-01 -5.096460612935360679e-01 -1.806377872857728439e-02 -1.796340000000000003e+01 2.056773640681628865e-02 -7.214790193644876832e-04 9.997882014142417395e-01 -4.225290000000000296e-02
-5.096047600971203018e-01 -8.603507476056129200e-01 9.978956900424685098e-03 1.204119999999999990e+01 8.601577809367709770e-01 -5.097019603764852969e-01 -1.823467801466461050e-02 -1.793929999999999936e+01 2.077451275692302965e-02 -7.090012915783202013e-04 9.997839351264254937e-01 -4.195560000000000261e-02
-5.097057872361702158e-01 -8.602888954966285695e-01 1.015020901989285504e-02 1.202260000000000062e+01 8.600882415112234280e-01 -5.098062938225620400e-01 -1.859461193558988729e-02 -1.791159999999999997e+01 2.117137860621296983e-02 -7.477058880899237420e-04 9.997755816501106008e-01 -4.132729999999999737e-02
-5.097395917586342584e-01 -8.602636381671453503e-01 1.058401819572582329e-02 1.200169999999999959e+01 8.600486229404911143e-01 -5.098489701019224274e-01 -1.924561935022246761e-02 -1.787999999999999901e+01 2.195255729763327668e-02 -7.074838763132036039e-04 9.997587632497443311e-01 -4.078430000000000250e-02
-5.097919714869597607e-01 -8.602229800788520064e-01 1.133888670451473936e-02 1.197719999999999985e+01 8.599917790695772446e-01 -5.099178857307596902e-01 -1.994717385030018997e-02 -1.784189999999999898e+01 2.294091846856280079e-02 -4.175597330534281987e-04 9.997367352976920252e-01 -4.051369999999999971e-02
-5.098630589984146644e-01 -8.601702861227125130e-01 1.211362622628655086e-02 1.194720000000000049e+01 8.599196656922131199e-01 -5.100069117760165360e-01 -2.076339318325780628e-02 -1.779560000000000031e+01 2.403808695739853216e-02 -1.697417487740126012e-04 9.997110290294729529e-01 -4.001760000000000039e-02
-5.099756388048847233e-01 -8.600978330612114586e-01 1.251260919865807356e-02 1.191230000000000011e+01 8.598327292238550079e-01 -5.101291016809704759e-01 -2.135362670890476877e-02 -1.774259999999999948e+01 2.474925415052360578e-02 -1.310785046810524499e-04 9.996936817032597844e-01 -3.920160000000000311e-02
-5.102351264328384151e-01 -8.599440496995239824e-01 1.250388501421637565e-02 1.187040000000000006e+01 8.596735839164114656e-01 -5.103882504578086676e-01 -2.156763572879696195e-02 -1.767909999999999826e+01 2.492879600739733234e-02 -2.553056998900476060e-04 9.996891966749573699e-01 -3.815059999999999979e-02
-5.104991292177777362e-01 -8.597886944317788549e-01 1.241128499342192791e-02 1.182189999999999941e+01 8.595152176027723856e-01 -5.106498192053950946e-01 -2.168761984995179123e-02 -1.760559999999999903e+01 2.498459079412031561e-02 -4.038227263553472585e-04 9.996877548265036273e-01 -3.736300000000000038e-02
-5.107640032049349799e-01 -8.596281596646097034e-01 1.263171174881880070e-02 1.176890000000000036e+01 8.593499803522501868e-01 -5.109200796271694545e-01 -2.186969369593955159e-02 -1.752469999999999928e+01 2.525359971680318782e-02 -3.151910578410866684e-04 9.996810273061805807e-01 -3.693199999999999955e-02
-5.110002075861501680e-01 -8.594830958256616249e-01 1.294588107656721720e-02 1.171020000000000039e+01 8.592055345746043571e-01 -5.111641679202111321e-01 -2.184130927409662012e-02 -1.743420000000000059e+01 2.538970664028376845e-02 -3.774090208545242617e-05 9.996776287245527914e-01 -3.634620000000000212e-02
-5.112277729279113281e-01 -8.593485917113546924e-01 1.289038831377446216e-02 1.164700000000000024e+01 8.590754626205896471e-01 -5.113902599002597693e-01 -2.166452405118689598e-02 -1.733749999999999858e+01 2.520939726348064500e-02 -1.690078216636009820e-06 9.996821926426198157e-01 -3.541529999999999678e-02
-5.116744011468135067e-01 -8.590915932539169297e-01 1.228582970323293874e-02 1.157740000000000080e+01 8.588173642681397046e-01 -5.118215732160878995e-01 -2.171202482807239528e-02 -1.723280000000000101e+01 2.494077068929096211e-02 -5.582034180109788669e-04 9.996887747526072010e-01 -3.456999999999999656e-02
-5.120177066111500919e-01 -8.588935854904183875e-01 1.181849906170930574e-02 1.150280000000000058e+01 8.586191753343056510e-01 -5.121531505686525154e-01 -2.173159245983172921e-02 -1.712040000000000006e+01 2.471800689568847895e-02 -9.793702142371115815e-04 9.996939836615441610e-01 -3.401280000000000275e-02
-5.123254811231662265e-01 -8.587076984447337136e-01 1.198707736126660393e-02 1.142539999999999978e+01 8.584366258003364170e-01 -5.124651162977430507e-01 -2.158851691233515738e-02 -1.700159999999999982e+01 2.468118466463812763e-02 -7.702010706344722098e-04 9.996950764677499102e-01 -3.365579999999999961e-02
-5.125723867262417244e-01 -8.585571624563503867e-01 1.221258206375953372e-02 1.134089999999999954e+01 8.582908638586682626e-01 -5.127176296231024111e-01 -2.138750313637000078e-02 -1.687160000000000082e+01 2.462400013209647964e-02 -4.806959192750511053e-04 9.996966677692424863e-01 -3.324909999999999671e-02
-5.130297238195525855e-01 -8.582907578811614924e-01 1.172507626474846888e-02 1.124959999999999916e+01 8.580372582164816908e-01 -5.131632858520727147e-01 -2.086877010860812426e-02 -1.673300000000000054e+01 2.392835117544970039e-02 -6.457470746890947621e-04 9.997134674599217341e-01 -3.248390000000000305e-02
-5.135706021836219382e-01 -8.579788578608044114e-01 1.084048138328257312e-02 1.115169999999999995e+01 8.577299071864283864e-01 -5.136832576704157827e-01 -2.071031402633170121e-02 -1.658599999999999852e+01 2.333758536593071725e-02 -1.338003355175828137e-03 9.997267460943060069e-01 -3.115139999999999923e-02
-5.140509793629677304e-01 -8.577017465984483335e-01 9.965164220668842887e-03 1.104690000000000083e+01 8.574412191830014240e-01 -5.141420004052468240e-01 -2.127343567127425866e-02 -1.642970000000000041e+01 2.336977239818311194e-02 -2.391087882504166606e-03 9.997240301387153583e-01 -2.884779999999999983e-02
-5.146958455694563561e-01 -8.573331937384530699e-01 8.245087492988804195e-03 1.093379999999999974e+01 8.570593805435863244e-01 -5.147438988104233726e-01 -2.208929287437049957e-02 -1.626320000000000121e+01 2.318199248958222394e-02 -4.302737694736834088e-03 9.997220021948818314e-01 -2.575090000000000018e-02
-5.152398584465435194e-01 -8.570164711302722393e-01 7.117336538384197615e-03 1.081540000000000035e+01 8.567350044851126389e-01 -5.152588262990062118e-01 -2.265996493519652905e-02 -1.608810000000000073e+01 2.308723365584066170e-02 -5.577645774479644478e-03 9.997178949632418155e-01 -2.338869999999999838e-02
-5.156759964994216405e-01 -8.567585862490263438e-01 6.556792119481676812e-03 1.069200000000000017e+01 8.564761121806203636e-01 -5.156808218671048438e-01 -2.284642690743515087e-02 -1.590240000000000009e+01 2.295508436704195299e-02 -6.165618139072644339e-03 9.997174847198908587e-01 -2.112599999999999895e-02
-5.162511714999206136e-01 -8.564192871484009872e-01 5.543692378181423915e-03 1.056230000000000047e+01 8.561410991131261916e-01 -5.162320616000463103e-01 -2.295380111296974057e-02 -1.570860000000000056e+01 2.251990973178081071e-02 -7.103743829145490150e-03 9.997211563677550483e-01 -1.818159999999999915e-02
-5.168109398034025359e-01 -8.560840852615378971e-01 5.146985665383136364e-03 1.042580000000000062e+01 8.558071576106980327e-01 -5.167822069697701748e-01 -2.302736506313634440e-02 -1.550399999999999956e+01 2.237323136745699576e-02 -7.495967006920891892e-03 9.997215857411548834e-01 -1.525379999999999965e-02
-5.172742265770507997e-01 -8.558062300064527284e-01 4.803249031168712463e-03 1.028330000000000055e+01 8.555439115315836007e-01 -5.172418591127484477e-01 -2.248276279340446007e-02 -1.528889999999999993e+01 2.172532992501598550e-02 -7.520363271087291898e-03 9.997356921586424416e-01 -1.435220000000000072e-02
-5.178400604922994699e-01 -8.554611961113928187e-01 5.273869262279265620e-03 1.013630000000000031e+01 8.551898713978018929e-01 -5.178159802244554077e-01 -2.273531356275216436e-02 -1.506620000000000026e+01 2.218007231598228407e-02 -7.263096574469505087e-03 9.997276088116238135e-01 -1.314569999999999975e-02
-5.182658227030755294e-01 -8.551931603242315383e-01 6.722763758830806007e-03 9.986700000000000799e+00 8.548383194735995616e-01 -5.182534683627877392e-01 -2.578352360507159963e-02 -1.484200000000000053e+01 2.553398867111334250e-02 -7.615842999549611754e-03 9.996449441466449537e-01 -8.166539999999999910e-03
-5.186880444844172988e-01 -8.548927766953913210e-01 1.100240260008881858e-02 9.833349999999999369e+00 8.544365843083998602e-01 -5.187771743514324463e-01 -2.843179149013272747e-02 -1.460640000000000072e+01 3.001392850537488652e-02 -5.346375032399907842e-03 9.995351821570300777e-01 -1.630319999999999990e-03
-5.187789519457418619e-01 -8.547468077628815886e-01 1.662208281899137455e-02 9.679729999999999279e+00 8.542381006194584847e-01 -5.190439936145273547e-01 -2.950593402592714340e-02 -1.436320000000000086e+01 3.384769516728408645e-02 -1.107841074516136568e-03 9.994263885949863369e-01 3.795139999999999798e-03
-5.185642037654345504e-01 -8.547958644150031038e-01 2.037637730629520555e-02 9.519550000000000622e+00 8.542771069088417324e-01 -5.189607790335716286e-01 -2.983847241947348503e-02 -1.411299999999999955e+01 3.608034346538403769e-02 1.933908962723544355e-03 9.993470212151253085e-01 8.689270000000000674e-03
-5.188964965482855130e-01 -8.545077109705042639e-01 2.372757387225475981e-02 9.351850000000000662e+00 8.540117718698672089e-01 -5.194151895015780562e-01 -2.952548767978718097e-02 -1.385469999999999935e+01 3.755421917181271663e-02 4.942955288896363174e-03 9.992823664087181479e-01 1.327599999999999961e-02
-5.188819278396544776e-01 -8.544269461440401336e-01 2.676076726052263946e-02 9.180970000000000297e+00 8.539897781886296446e-01 -5.195089044557249514e-01 -2.849485814227428748e-02 -1.358980000000000032e+01 3.824923150521973569e-02 8.067954770590258715e-03 9.992356600897909225e-01 1.679840000000000153e-02
-5.189706004909108161e-01 -8.543148516066005893e-01 2.855958946648910063e-02 9.005190000000000694e+00 8.539516699505111941e-01 -5.196521080428665451e-01 -2.698577394364014281e-02 -1.331949999999999967e+01 3.789539833325015344e-02 1.038368580976647970e-02 9.992277607503546877e-01 1.896979999999999847e-02
-5.195767974286785718e-01 -8.539308466678320331e-01 2.901828187396330791e-02 8.816549999999999443e+00 8.535551172478508253e-01 -5.202801804740820879e-01 -2.742618504028929496e-02 -1.303710000000000058e+01 3.851770234275630339e-02 1.051869359834207811e-02 9.992025538854564237e-01 2.120199999999999863e-02
-5.201669046719906708e-01 -8.536511544060476631e-01 2.657250204971545876e-02 8.627950000000000230e+00 8.532875911623825083e-01 -5.207689396707497753e-01 -2.645747989700873021e-02 -1.276060000000000016e+01 3.642359197358546741e-02 8.911680841710864151e-03 9.992967046339721326e-01 2.382480000000000014e-02
-5.214371111960922622e-01 -8.530443827318612282e-01 2.046020911654502714e-02 8.426429999999999865e+00 8.527883815675624257e-01 -5.218027446748482179e-01 -2.176859924690226211e-02 -1.246790000000000020e+01 2.924577458114545336e-02 6.097273112942034473e-03 9.995536543526489792e-01 2.514900000000000121e-02
-5.235780868899750917e-01 -8.518801794314529996e-01 1.288979520664436731e-02 8.217249999999999943e+00 8.517877841391908733e-01 -5.237208906376588091e-01 -1.319088704162393010e-02 -1.216179999999999950e+01 1.798771024563940862e-02 4.072910695440277312e-03 9.998299123743928929e-01 2.297870000000000121e-02
-5.253431546340172620e-01 -8.508745084483503307e-01 5.209678680843971184e-03 8.006840000000000401e+00 8.508731841163785781e-01 -5.253616555553473066e-01 -3.155221672131187666e-03 -1.185210000000000008e+01 5.421663105999788117e-03 2.775201780585892074e-03 9.999814517401021119e-01 1.650420000000000012e-02
-5.269550236584266134e-01 -8.498914022536826485e-01 1.734190421035202182e-03 7.799389999999999823e+00 8.498874390012340907e-01 -5.269428779143922048e-01 4.748098906100220104e-03 -1.154030000000000022e+01 -3.121549146032842875e-03 3.975901227070613615e-03 9.999872239885676528e-01 1.107230000000000020e-02
-5.281330559292759519e-01 -8.491533385250337185e-01 3.752719892978578949e-03 7.594369999999999621e+00 8.491537844259148260e-01 -5.281040205309194269e-01 6.632789324711712425e-03 -1.122710000000000008e+01 -3.650428735403806260e-03 6.689631594408272305e-03 9.999709611779630247e-01 1.227349999999999969e-02
-5.290319976883158803e-01 -8.485777794225460857e-01 6.395130351342808751e-03 7.387450000000000294e+00 8.486002092735365210e-01 -5.290009952887970712e-01 5.969238173527907296e-03 -1.091520000000000046e+01 -1.682332553274662121e-03 8.584826950099874038e-03 9.999617345195852547e-01 1.602989999999999970e-02
-5.303179011737396698e-01 -8.477866757535432729e-01 4.547099013226784010e-03 7.166330000000000311e+00 8.477970187434350491e-01 -5.302979077148710640e-01 4.933972332133121363e-03 -1.059539999999999971e+01 -1.771638908832575895e-03 6.471590838971015211e-03 9.999774896504369792e-01 1.822309999999999902e-02
-5.316433175870163286e-01 -8.469678836425454937e-01 8.870981562260669235e-04 6.933410000000000295e+00 8.469673962570188896e-01 -5.316408581014371304e-01 2.056131020605925924e-03 -1.026759999999999984e+01 -1.269859314018122404e-03 1.844471532791751777e-03 9.999974926879002801e-01 1.732910000000000006e-02
-5.324680129189183209e-01 -8.464499953928186216e-01 -4.695930970344490266e-04 6.700510000000000410e+00 8.464440995157351821e-01 -5.324620467696662418e-01 -4.068801402671559653e-03 -9.941839999999999122e+00 3.193996426949758695e-03 -2.563990904000351505e-03 9.999916121335562513e-01 1.261879999999999946e-02
-5.330519537474406322e-01 -8.460799708460255975e-01 2.073050704973310523e-03 6.462889999999999802e+00 8.459940108949373094e-01 -5.330300346821494895e-01 -1.315734230930252872e-02 -9.605029999999999291e+00 1.223716208663580551e-02 -5.259758543408881055e-03 9.999112894672859131e-01 4.134299999999999607e-03
-5.338768730180361022e-01 -8.455424032172041970e-01 5.790407425899851863e-03 6.222579999999999778e+00 8.453729987510328892e-01 -5.338897493159215912e-01 -1.749938736265286426e-02 -9.254080000000000084e+00 1.788791321449706428e-02 -4.447464115281255827e-03 9.998301068800508062e-01 -3.419249999999999980e-03
-5.347779312282120445e-01 -8.449630650826412959e-01 7.069859788031969058e-03 5.973729999999999762e+00 8.447901881621340259e-01 -5.348142288138982847e-01 -1.741489716253601105e-02 -8.888460000000000250e+00 1.849600649491417795e-02 -3.340554496521625383e-03 9.998233536177258962e-01 -4.515390000000000202e-03
-5.355043875844400780e-01 -8.445107470466906019e-01 6.053841792962951288e-03 5.710950000000000415e+00 8.443480818651437625e-01 -5.355235039379797612e-01 -1.705559675416645077e-02 -8.509119999999999351e+00 1.764560932544192301e-02 -4.021797188923761750e-03 9.998362153967542687e-01 -5.830749999999999562e-04
-5.364188099985455205e-01 -8.439450865073409025e-01 3.398711500121532735e-03 5.440559999999999619e+00 8.437869938999572605e-01 -5.363892410446474690e-01 -1.760940137598129493e-02 -8.125799999999999912e+00 1.668440004967488080e-02 -6.578225571069762703e-03 9.998391659378618179e-01 2.861380000000000173e-03
-5.373746609620357884e-01 -8.433400141940216033e-01 2.468646423623656674e-03 5.164290000000000269e+00 8.431637985809986580e-01 -5.373182199516766122e-01 -1.907719241458718726e-02 -7.732829999999999870e+00 1.741500842373149699e-02 -8.170126510000381981e-03 9.998149661384404530e-01 4.393560000000000347e-03
-5.380677960678151850e-01 -8.428899677308794303e-01 4.421440190863724570e-03 4.884640000000000093e+00 8.426767647135456896e-01 -5.380380327891175485e-01 -2.027179035823075889e-02 -7.327499999999999680e+00 1.946579170328335828e-02 -7.181752644990437376e-03 9.997847295204649321e-01 3.902420000000000194e-03
-5.388159657666421465e-01 -8.423952361992727011e-01 6.900801673187404069e-03 4.603189999999999671e+00 8.421560823866556245e-01 -5.388332377048111743e-01 -2.078159868035432331e-02 -6.916960000000000441e+00 2.122470103725788634e-02 -5.385905060711042823e-03 9.997602232998453742e-01 2.783429999999999932e-03
-5.395332124522300710e-01 -8.419297037563376884e-01 7.634565720625052961e-03 4.314490000000000158e+00 8.416797014947271505e-01 -5.395644062498393678e-01 -2.110761947747766612e-02 -6.501579999999999693e+00 2.189047173369881513e-02 -4.962402747125171064e-03 9.997480591660341531e-01 3.601679999999999899e-03
-5.405497967227462786e-01 -8.412858689952171787e-01 6.633542941755654447e-03 3.996970000000000134e+00 8.410173363341973962e-01 -5.405523348229684943e-01 -2.220390287242456073e-02 -6.051199999999999690e+00 2.226560684842754725e-02 -6.423390568806798713e-03 9.997314553445196816e-01 6.410049999999999602e-03
-5.414948160392487608e-01 -8.406810714750287961e-01 6.220953802888228544e-03 3.685589999999999922e+00 8.403939986962370989e-01 -5.414812291928746690e-01 -2.315179014942463781e-02 -5.610019999999999563e+00 2.283180146132332902e-02 -7.308522105828170468e-03 9.997126058756384825e-01 9.664509999999999421e-03
-5.427599239063990444e-01 -8.398696887833770885e-01 5.529092514416918992e-03 3.364900000000000002e+00 8.396101427019055929e-01 -5.427379667949389086e-01 -2.214289211872414245e-02 -5.153710000000000235e+00 2.159799234201249460e-02 -7.375992286384720244e-03 9.997395268091513465e-01 1.153359999999999976e-02
-5.437396618443200991e-01 -8.392332698668831803e-01 5.890576029895077531e-03 3.039530000000000065e+00 8.390449945853103442e-01 -5.437475093661396919e-01 -1.849711111110411907e-02 -4.685039999999999871e+00 1.872637708585033270e-02 -5.115154607540885884e-03 9.998115612427073140e-01 1.064189999999999928e-02
-5.444558396406175005e-01 -8.387651345173815498e-01 6.394356829991761429e-03 2.713639999999999830e+00 8.386249287564206956e-01 -5.444842016339752622e-01 -1.565832172682352086e-02 -4.217190000000000438e+00 1.661528060305628510e-02 -3.162797662145512209e-03 9.998569543496859113e-01 1.002300000000000066e-02
-5.452377038926229380e-01 -8.382591211298292544e-01 6.123079008748633784e-03 2.379109999999999836e+00 8.381399079005098507e-01 -5.452653150992069486e-01 -1.439551785410219699e-02 -3.742490000000000094e+00 1.540587674967112963e-02 -2.716982224655801938e-03 9.998776309974960474e-01 1.061819999999999951e-02
-5.461540424058066723e-01 -8.376736479268531710e-01 4.315267397862777680e-03 2.040589999999999904e+00 8.375479547219989440e-01 -5.461506985551978222e-01 -1.525903039731053325e-02 -3.269690000000000207e+00 1.513887396053701859e-02 -4.719537751525959730e-03 9.998742623243279670e-01 1.334029999999999938e-02
-5.473417935792680433e-01 -8.369020072204452765e-01 3.462847357221174750e-03 1.696530000000000094e+00 8.367543470236254999e-01 -5.473154382766193260e-01 -1.696978966099991701e-02 -2.791220000000000034e+00 1.609732084840214544e-02 -6.390722530480522079e-03 9.998500062144529688e-01 1.700720000000000010e-02
-5.487534525469468516e-01 -8.359784150940555714e-01 3.120547169446998958e-03 1.354030000000000067e+00 8.358338144175438966e-01 -5.487216979294839980e-01 -1.692137398688959779e-02 -2.311640000000000139e+00 1.585821534806180350e-02 -6.677403553435027998e-03 9.998519536850243306e-01 1.743120000000000086e-02
-5.500000867866435827e-01 -8.351505119423177081e-01 4.850457418559995550e-03 1.012229999999999963e+00 8.350201732317941161e-01 -5.500037057590209111e-01 -1.540240069888449380e-02 -1.827090000000000103e+00 1.553109238364844442e-02 -4.421091927209610563e-03 9.998696110571325679e-01 1.519030000000000033e-02
-5.509462255339714343e-01 -8.345105879909591184e-01 7.094723451501325738e-03 6.699880000000000280e-01 8.343829297642793019e-01 -5.509874561891043854e-01 -1.476311756498001858e-02 -1.342370000000000063e+00 1.622908154663902855e-02 -2.213967760209112953e-03 9.998658486311596816e-01 1.372720000000000017e-02
-5.514981541971872847e-01 -8.341328088450858935e-01 8.499595596451194404e-03 3.177409999999999957e-01 8.340116022619091796e-01 -5.515631176276635239e-01 -1.423989344676854056e-02 -8.478269999999999973e-01 1.656602576416067035e-02 -7.645136098831057997e-04 9.998624816990194786e-01 1.551199999999999975e-02
-5.520871084379462834e-01 -8.337362744106522339e-01 9.146006148724719967e-03 -3.474309999999999898e-02 8.335973352674658221e-01 -5.521622953139687651e-01 -1.524080931542516094e-02 -3.576139999999999874e-01 1.775689532568127879e-02 -7.901679912904399639e-04 9.998420216728932663e-01 1.998849999999999932e-02
-5.526288596250917839e-01 -8.333697487264630777e-01 9.808436015125897300e-03 -3.946410000000000196e-01 8.332061088700981610e-01 -5.527150459507469415e-01 -1.654261530757747747e-02 1.414539999999999964e-01 1.920738532495958745e-02 -9.694778263787469548e-04 9.998150511278188768e-01 2.383269999999999833e-02
-5.532228355751256377e-01 -8.329735832568102571e-01 9.975158872259691153e-03 -7.584389999999999743e-01 8.327868162406696362e-01 -5.533107658565705744e-01 -1.770070854355805870e-02 6.455459999999999532e-01 2.026358541686301695e-02 -1.485255373431970021e-03 9.997935692544380748e-01 2.577250000000000027e-02
-5.535887620321117142e-01 -8.327308704555412833e-01 9.938809894080833512e-03 -1.121769999999999934e+00 8.325174683264414677e-01 -5.536734631181369215e-01 -1.898318124290817449e-02 1.149129999999999985e+00 2.131073633375069401e-02 -2.234642952494658458e-03 9.997704030865230962e-01 2.757690000000000141e-02
-5.538809022511537172e-01 -8.325305754172880324e-01 1.043010627016551298e-02 -1.487989999999999924e+00 8.323007298704120371e-01 -5.539746355247711085e-01 -1.968751513971091910e-02 1.658730000000000038e+00 2.216847262729956802e-02 -2.223553587381570541e-03 9.997517765079574348e-01 3.146109999999999879e-02
-5.539689562902077036e-01 -8.324687409819504502e-01 1.068600742391366890e-02 -1.857240000000000002e+00 8.322451103678697448e-01 -5.540689444824911103e-01 -1.938249284355705176e-02 2.174850000000000172e+00 2.205610426866762286e-02 -1.843921902940924822e-03 9.997550341041070432e-01 3.641740000000000255e-02
-5.537816658158888350e-01 -8.325959143007521934e-01 1.048380159451507178e-02 -2.231869999999999798e+00 8.324105161219664817e-01 -5.538799551041734270e-01 -1.759909041287956513e-02 2.700000000000000178e+00 2.045969832966412771e-02 -1.019226909478541119e-03 9.997901589437484526e-01 3.851000000000000256e-02
-5.535934869022760552e-01 -8.327457761132436298e-01 8.289971346843836783e-03 -2.617680000000000007e+00 8.325958482138644534e-01 -5.536522631172345887e-01 -1.591618931152582669e-02 3.236969999999999903e+00 1.784390081834900596e-02 -1.908903013970272410e-03 9.998389626799247809e-01 3.753959999999999936e-02
-5.532248753618583814e-01 -8.330099943892581571e-01 6.048679894352489150e-03 -3.007769999999999833e+00 8.328947502750275733e-01 -5.532509549377004898e-01 -1.413208494249246563e-02 3.779580000000000162e+00 1.511860592631712741e-02 -2.780307200813259775e-03 9.998818418426816956e-01 3.622170000000000251e-02
-5.529961921847694750e-01 -8.331680750002944391e-01 5.115684650996249645e-03 -3.396269999999999900e+00 8.330696899134329980e-01 -5.530116519984458190e-01 -1.315311755771230579e-02 4.322639999999999816e+00 1.378779085576229205e-02 -3.011902098873181673e-03 9.999004076752165959e-01 3.638439999999999730e-02
-5.526098310530662694e-01 -8.334218013682841431e-01 5.520473489294752852e-03 -3.793010000000000215e+00 8.333217323476412863e-01 -5.526308597616039764e-01 -1.319178669764363085e-02 4.879819999999999602e+00 1.404510664349640885e-02 -2.689580486794051692e-03 9.998977453400809123e-01 3.660569999999999796e-02
-5.518099797075226576e-01 -8.339468005796421002e-01 6.203232879889514044e-03 -4.189390000000000391e+00 8.338255663897087278e-01 -5.518376014357500026e-01 -1.449780936969112706e-02 5.437039999999999651e+00 1.551357889285307629e-02 -2.827621724571638146e-03 9.998756589823148966e-01 3.592109999999999748e-02
-5.509690076747594256e-01 -8.344990750416200198e-01 6.666808574758628474e-03 -4.601519999999999833e+00 8.343289146857948424e-01 -5.509949856574534177e-01 -1.731438418100051183e-02 6.015200000000000102e+00 1.812221567899039223e-02 -3.977377908109016626e-03 9.998278680672291197e-01 3.613600000000000145e-02
-5.500549017527919249e-01 -8.350917801437968135e-01 7.830951027226775579e-03 -5.014370000000000438e+00 8.348659253116756940e-01 -5.500929044825184633e-01 -1.991690717621177539e-02 6.597669999999999924e+00 2.094019606416895954e-02 -4.417598244614487531e-03 9.997709702799654208e-01 3.830750000000000127e-02
-5.487271156561147611e-01 -8.359508114838288817e-01 9.208329015011198354e-03 -5.430790000000000006e+00 8.356671670082148617e-01 -5.487858703668364591e-01 -2.223633221054270928e-02 7.188550000000000217e+00 2.364188080895419930e-02 -4.506580215808337828e-03 9.997103341501345497e-01 4.275570000000000065e-02
-5.467830906987788397e-01 -8.372012140199516228e-01 1.106250285469240549e-02 -5.840989999999999682e+00 8.369181229368823915e-01 -5.468881293645831976e-01 -2.194150085823198468e-02 7.779530000000000278e+00 2.441940264822471326e-02 -2.738832529700913846e-03 9.996980501984975565e-01 4.620090000000000308e-02
-5.444189448979517287e-01 -8.387667293757254949e-01 8.853594103565001414e-03 -6.270340000000000025e+00 8.385335972186974685e-01 -5.444796180973394684e-01 -2.008362049151253895e-02 8.396280000000000854e+00 2.166607420998716005e-02 -3.509867365743562020e-03 9.997591020137814866e-01 4.885960000000000303e-02
-5.422590301573585458e-01 -8.401982055945980132e-01 4.703140272052457570e-03 -6.684230000000000338e+00 8.400280935563314566e-01 -5.422491628931513930e-01 -1.785069684331514958e-02 8.989670000000000272e+00 1.754839733185603948e-02 -5.728931601428852508e-03 9.998296020291607134e-01 5.205130000000000173e-02
-5.402510538601127399e-01 -8.415001605964431697e-01 2.505697347287191065e-03 -7.105590000000000295e+00 8.413734673699493349e-01 -5.402173491674056027e-01 -1.599700173188706512e-02 9.601219999999999644e+00 1.481510070521184323e-02 -6.534169778987342775e-03 9.998689001146063848e-01 5.658989999999999854e-02
-5.379270690494561968e-01 -8.429770474423345927e-01 4.915879297263580673e-03 -7.518500000000000405e+00 8.428770816126684995e-01 -5.379410134362504481e-01 -1.333009209609386549e-02 1.021710000000000029e+01 1.388141476840005703e-02 -3.027135375773773885e-03 9.998990662939153395e-01 5.861279999999999962e-02
-5.350492464615493882e-01 -8.447992770382932726e-01 6.040312616474157251e-03 -7.925810000000000244e+00 8.447080566332955121e-01 -5.350809647147833914e-01 -1.251639959005879793e-02 1.082429999999999914e+01 1.380590162680588560e-02 -1.594589437353192713e-03 9.999034225187936054e-01 5.834530000000000272e-02
-5.321600301920255127e-01 -8.466268154870015827e-01 5.360742892546259929e-03 -8.334519999999999484e+00 8.465135212812032739e-01 -5.321785529769701428e-01 -1.417201606814153837e-02 1.142910000000000004e+01 1.485128122823815670e-02 -3.003839156051537045e-03 9.998852016087667050e-01 6.028479999999999950e-02
-5.292999672895268848e-01 -8.484191470433848359e-01 5.147383556883788382e-03 -8.739990000000000592e+00 8.482696550047488238e-01 -5.293069091670112858e-01 -1.651630425337538566e-02 1.203320000000000078e+01 1.673729444774903208e-02 -4.375710027080532798e-03 9.998503468701342989e-01 6.487719999999999598e-02
-5.267930721525357907e-01 -8.499807786567006307e-01 4.662086039845973057e-03 -9.135229999999999961e+00 8.497915901640044067e-01 -5.267795365702825361e-01 -1.890960436738713113e-02 1.262689999999999912e+01 1.852869176780270327e-02 -5.999647068602752265e-03 9.998103279204640925e-01 6.980050000000000143e-02
-5.239516665741693613e-01 -8.517404949732692021e-01 3.574956900602613112e-03 -9.536160000000000636e+00 8.515132810724634904e-01 -5.239011955541245102e-01 -2.127603003773949342e-02 1.323140000000000072e+01 1.999458054969066589e-02 -8.103488116230855506e-03 9.997672480277557394e-01 7.470179999999999876e-02
-5.206613390411362063e-01 -8.537494074725279214e-01 4.870243135541596838e-03 -9.932209999999999539e+00 8.534970971510700277e-01 -5.206329688745150452e-01 -2.200038353313567979e-02 1.384239999999999959e+01 2.131842354838065293e-02 -7.298010771176330867e-03 9.997460996954152801e-01 8.056869999999999310e-02
-5.170101929391243134e-01 -8.559474489823866161e-01 7.377328621788161594e-03 -1.031160000000000032e+01 8.556446307480164437e-01 -5.170298551594247893e-01 -2.350307949853734646e-02 1.443689999999999962e+01 2.393170008878987148e-02 -5.838960041705682120e-03 9.996965440955024595e-01 8.941480000000000261e-02
-5.126814981499656643e-01 -8.585416375044381265e-01 7.996131933904762623e-03 -1.069469999999999921e+01 8.581862845784333782e-01 -5.127064554655499373e-01 -2.546353246146775343e-02 1.503839999999999932e+01 2.596117131738316652e-02 -6.192511215178823913e-03 9.996437717450551430e-01 9.912089999999999790e-02
-5.083811999422563899e-01 -8.611146443969619479e-01 5.488601858906407005e-03 -1.107719999999999949e+01 8.607404575239149258e-01 -5.083318606103240933e-01 -2.691810301577387404e-02 1.563809999999999967e+01 2.596960390135607741e-02 -8.960395836126729824e-03 9.996225742647407708e-01 1.069999999999999979e-01
-5.043517289653661750e-01 -8.634910246467580874e-01 3.547371440542939052e-03 -1.145049999999999990e+01 8.631369037998299909e-01 -5.042552295453488487e-01 -2.685793690903007930e-02 1.623460000000000036e+01 2.498036806151008801e-02 -1.048397971469400454e-02 9.996329663335701277e-01 1.152050000000000018e-01
-4.999633489652927643e-01 -8.660413268439839385e-01 3.011625760289635915e-03 -1.182199999999999918e+01 8.657119712500129793e-01 -4.998638233307603485e-01 -2.605649553510095209e-02 1.684100000000000108e+01 2.407140473310296486e-02 -1.042009229642061087e-02 9.996559353851244278e-01 1.251609999999999945e-01
-4.951882559435450415e-01 -8.687843832666026778e-01 1.512140092118369715e-03 -1.218529999999999980e+01 8.684730867857369807e-01 -4.950560117656057080e-01 -2.596233316915444803e-02 1.743949999999999889e+01 2.330426365376091213e-02 -1.154298950880428346e-02 9.996617781473667863e-01 1.340649999999999897e-01
-4.900127239845202820e-01 -8.717152177310840688e-01 3.309219230172680574e-04 -1.254439999999999955e+01 8.714484513636437946e-01 -4.898720894879601828e-01 -2.455468502357024269e-02 1.804139999999999944e+01 2.156680201552557338e-02 -1.174372669764577395e-02 9.996984334958588514e-01 1.394340000000000024e-01
-4.847159288365003871e-01 -8.746710430015359750e-01 -1.017284018398379418e-03 -1.289460000000000051e+01 8.744928847024088236e-01 -4.845930313860822292e-01 -2.077952205674131123e-02 1.864010000000000034e+01 1.768227748418700965e-02 -1.096177297032284101e-02 9.997835648760782234e-01 1.405270000000000130e-01
-4.792970224361178810e-01 -8.776476097089004336e-01 -3.006236205790928373e-03 -1.324890000000000079e+01 8.775503336340757521e-01 -4.791859464340178509e-01 -1.691864884843048700e-02 1.925379999999999825e+01 1.340806557985322126e-02 -1.074718160206964736e-02 9.998523500322525903e-01 1.405939999999999968e-01
-4.738110906482921325e-01 -8.806175696116090856e-01 -3.968182205895252022e-03 -1.359110000000000085e+01 8.805635222550609598e-01 -4.737184967988037343e-01 -1.409500139918910301e-02 1.985529999999999973e+01 1.053250456622568075e-02 -1.017260448581196880e-02 9.998927864853998093e-01 1.416000000000000036e-01
-4.684742350958245316e-01 -8.834693117932841400e-01 -3.723730774762079761e-03 -1.393089999999999939e+01 8.834202621813397327e-01 -4.683920695294628844e-01 -1.332327172127626726e-02 2.046140000000000114e+01 1.002653573446972771e-02 -9.531228745931825952e-03 9.999043075513565082e-01 1.426119999999999888e-01
-4.635820140425591096e-01 -8.860473426065120783e-01 -3.438446768729923851e-03 -1.426260000000000083e+01 8.859827877022984355e-01 -4.634920541818736694e-01 -1.447810780215305626e-02 2.105770000000000053e+01 1.123459618803468105e-02 -9.758195027972690894e-03 9.998892746090877193e-01 1.424110000000000098e-01
-4.588548915091538172e-01 -8.885081088554089845e-01 -2.351390292419999316e-03 -1.458990000000000009e+01 8.884173793089348292e-01 -4.587663606112447057e-01 -1.574758754085294962e-02 2.165459999999999852e+01 1.291312045812810158e-02 -9.314873573913201241e-03 9.998732341903826537e-01 1.405460000000000043e-01
-4.540503597858117080e-01 -8.909751324765389224e-01 -1.258605096170450389e-03 -1.492500000000000071e+01 8.908478716706795808e-01 -4.539606425134538048e-01 -1.760126667576789733e-02 2.227289999999999992e+01 1.511093373006887688e-02 -9.113087138015821612e-03 9.998442935400591036e-01 1.404019999999999990e-01
-4.495448170793445719e-01 -8.932572022354152708e-01 -1.013948547405417629e-03 -1.524849999999999994e+01 8.931269450518689590e-01 -4.494592569954478645e-01 -1.762487796880645927e-02 2.287689999999999912e+01 1.528782062340822839e-02 -8.828757311116902651e-03 9.998441556487326354e-01 1.402410000000000045e-01
-4.450590270989657204e-01 -8.954976999209915967e-01 -2.516313560946649430e-03 -1.557460000000000022e+01 8.954029791860581566e-01 -4.449668130806370137e-01 -1.606362728629498818e-02 2.349020000000000152e+01 1.326526526133926104e-02 -9.402376990756577957e-03 9.998678052845136888e-01 1.387269999999999892e-01
-4.404014298473263866e-01 -8.977998475713786508e-01 -1.419256579805406194e-03 -1.589540000000000042e+01 8.977163451926281068e-01 -4.403376644846391796e-01 -1.442583828424505964e-02 2.410770000000000124e+01 1.232656328502865911e-02 -7.627249636841255086e-03 9.998949349309446122e-01 1.376799999999999968e-01
-4.360686089611973681e-01 -8.999129328591872756e-01 9.389096985481403717e-04 -1.620550000000000068e+01 8.998228416980553757e-01 -4.360392819222558281e-01 -1.373310522641265317e-02 2.471420000000000172e+01 1.276800051230960256e-02 -5.143723699754017102e-03 9.999052556464630426e-01 1.386910000000000087e-01
