1.000000000000000000e+00 0.000000000000000000e+00 0.000000000000000000e+00 0.000000000000000000e+00 0.000000000000000000e+00 1.000000000000000000e+00 0.000000000000000000e+00 0.000000000000000000e+00 0.000000000000000000e+00 0.000000000000000000e+00 1.000000000000000000e+00 0.000000000000000000e+00
9.999999383849531576e-01 2.452305367488846321e-04 2.511813562861932628e-04 -1.882447254466178624e-02 -2.452709845761989055e-04 9.999999569586022208e-01 1.610122287502931040e-04 1.058719617684152764e-02 -2.511418603597169821e-04 -1.610738263280805807e-04 9.999999554914932309e-01 2.959496322724075156e-03
9.999998377728346322e-01 2.088618347712423021e-04 5.299349379602579912e-04 -1.447614236500638710e-02 -2.085438364317489756e-04 9.999997982218050696e-01 -6.000548452772699838e-04 1.529704469333665467e-02 -5.300601595868907438e-04 5.999442332670518749e-04 9.999996795515208037e-01 8.446388933798341589e-03
9.999999351027953898e-01 3.484063485467967284e-04 9.169199175044389413e-05 -8.703864736805639463e-03 -3.483498635557387662e-04 9.999997500128812167e-01 -6.153263748995630236e-04 1.713790302202921473e-02 -9.190635244407034492e-05 6.152943940737859267e-04 9.999998064829968003e-01 -3.530725859118687832e-03
9.999999821238745312e-01 1.791347600226905442e-04 6.052262625855031548e-05 -6.604208832960701582e-03 -1.791382159601031989e-04 9.999999823244885011e-01 5.710098235314784788e-05 1.029912431785399984e-04 -6.051239641801104671e-05 -5.711182324769670010e-05 9.999999965382447842e-01 -5.930946036546256780e-03
9.999999929506835361e-01 -6.680812562823746921e-05 -9.815960070687536213e-05 -7.895549378963535869e-03 6.680358651183714816e-05 9.999999966993516898e-01 -4.624475626562834753e-05 -2.006474078194497163e-03 9.816268990837128988e-05 4.623819852625663879e-05 9.999999941130576220e-01 -6.157254430296309027e-03
9.999999698136836646e-01 -3.573915525743637418e-05 2.430953404449807758e-04 -2.175480575303242146e-03 3.565720288807529195e-05 9.999999425405936559e-01 3.371162607231955178e-04 6.455202122490125843e-03 -2.431073747272486361e-04 -3.371075824470219921e-04 9.999999136286373824e-01 -7.857421082156819392e-05
9.999999373362469246e-01 2.350883184108525580e-04 2.646903563898705654e-04 -3.310762972335684704e-03 -2.350950058088729390e-04 9.999999720467874775e-01 2.523415529693893284e-05 1.504149589018186246e-02 -2.646844167357894880e-04 -2.529638109654508497e-05 9.999999646511257279e-01 2.372759364283535521e-03
9.999999268759864890e-01 3.622901698651540903e-04 -1.224493960499015122e-04 -1.336400730091781910e-02 -3.622971038385950889e-04 9.999999327680660910e-01 -5.660982017925349929e-05 1.817982006482992546e-02 1.224288786360230158e-04 5.665417910127190936e-05 9.999999909007367682e-01 -7.055664716385602435e-03
9.999999799164702718e-01 1.736499401117347471e-04 1.000637659786398850e-04 -2.500701386573003782e-03 -1.736301183159764852e-04 9.999999653111623088e-01 -1.980662925829921467e-04 -1.693495789555261172e-03 -1.000981567073893366e-04 1.980489145215958877e-04 9.999999753784929446e-01 -2.255043359946216908e-03
9.999999208686751739e-01 1.826840928813565378e-04 3.533966122637952892e-04 -1.729131745519044139e-02 -1.826600691941564973e-04 9.999999810049370330e-01 -6.801047436048366745e-05 1.280294370147572885e-02 -3.534090299828193454e-04 6.794591752907563984e-05 9.999999352427028088e-01 1.380730883867421245e-03
9.999998687224304073e-01 7.336130967161753631e-05 5.071225100554692562e-04 -1.720391699486283760e-02 -7.327962825990347990e-05 9.999999843408423628e-01 -1.610851052545692952e-04 6.739032889683978234e-04 -5.071343195286479120e-04 1.610479223586890648e-04 9.999998584391642797e-01 5.252140798973316954e-03
9.999999984105822914e-01 4.444722339277968747e-05 3.468832277948557109e-05 -5.536151095855377027e-03 -4.446661996261181001e-05 9.999998425657299350e-01 5.593668161937639938e-04 -1.209898694995157828e-03 -3.466345501651692696e-05 -5.593683577771626884e-04 9.999998429527302557e-01 -5.951313484921142913e-03
9.999999996088001497e-01 2.576066981129765456e-05 1.089897160840863378e-05 1.568880914205559272e-03 -2.575997485645376583e-05 9.999999976356274134e-01 -6.375867727069038508e-05 3.204051033592511446e-03 -1.090061404887217840e-05 6.375839648851341641e-05 9.999999979080217427e-01 -7.364690356631073756e-03
9.999998509682691550e-01 3.829637908838979220e-04 -3.891043232930193425e-04 -9.192628994453312663e-03 -3.831559710594494711e-04 9.999998046026555842e-01 -4.939495445210153376e-04 9.331704744722125675e-03 3.889150824729927219e-04 4.940985585516945860e-04 9.999998023058169760e-01 7.700184534851665236e-03
9.999972255931607323e-01 1.540273577040766125e-04 -2.350549202688426327e-03 -5.914628688045767829e-03 -1.555763030853668245e-04 9.999997708872359059e-01 -6.588030734236223398e-04 1.323700979197124997e-02 2.350447190450954786e-03 6.591669353910442272e-04 9.999970204440392640e-01 -6.547123646196799374e-03
9.999952351148062579e-01 2.538755851887725254e-04 -3.076571934896935208e-03 5.822231850254103863e-03 -2.552161389546327977e-04 9.999998726697458817e-01 -4.353449373665208271e-04 2.460522992898303216e-03 3.076461019705515818e-03 4.361280538083151534e-04 9.999951725783055023e-01 -4.236734095268805678e-03
9.999934024089948137e-01 2.338589072037347246e-04 -3.624975654208252573e-03 3.943924796359122437e-03 -2.357389391690464179e-04 9.999998379404849702e-01 -5.182143921676660939e-04 1.519243344150526115e-02 3.624853877695006880e-03 5.190655211162902884e-04 9.999932954801997731e-01 -1.143085928069080548e-02
9.999949980889379919e-01 1.651677852845348537e-05 -3.162834851980416556e-03 2.158792011190901333e-02 -1.560806621117637687e-05 9.999999585978054384e-01 2.873339096526730872e-04 3.402470978724425610e-03 3.162839466862662000e-03 -2.872831066982271787e-04 9.999949569447454945e-01 -9.587975796260918629e-03
9.999964083142858229e-01 2.146141733597798620e-04 -2.671572436723460443e-03 4.544690332009549555e-02 -2.129057894402416071e-04 9.999997727047574836e-01 6.397355377480189653e-04 1.176156738732579699e-02 2.671709125801358022e-03 -6.391644467803398377e-04 9.999962267124596904e-01 -4.002180470974590204e-03
9.999962767941320552e-01 1.717741998123796673e-04 -2.723397051076150051e-03 7.133317155422357059e-02 -1.705441290407373636e-04 9.999998833534290421e-01 4.518936029495087669e-04 1.537857013686512453e-02 2.723474357063269610e-03 -4.514274610784867105e-04 9.999961894430767773e-01 -3.694579304695147937e-03
9.999939997615140408e-01 -1.514683005609389376e-04 -3.460852253865347519e-03 9.752144112916598384e-02 1.498253786292569041e-04 9.999998759777635193e-01 -4.749703291759255186e-04 7.653243655231973391e-03 3.460923767591287704e-03 4.744489557413613594e-04 9.999938984338171410e-01 -1.151291931746880638e-02
9.999944407291486703e-01 2.955983915192161881e-04 -3.321314858320960437e-03 1.277781640969648524e-01 -2.972469096753648540e-04 9.999998328823750393e-01 -4.958623768063331145e-04 2.423651411931068700e-02 3.321167727149710539e-03 4.968468707507702137e-04 9.999943614781611201e-01 -2.243370544706677072e-03
9.999934196401020214e-01 -3.538623211284990986e-04 -3.610465060419070556e-03 1.534287292805792402e-01 3.527014709842131337e-04 9.999998859087914083e-01 -3.221553608350552706e-04 6.090068442947127458e-04 3.610578647140497578e-03 3.208798245990909835e-04 9.999934303574053995e-01 -1.929277943292210043e-03
9.999877853011277518e-01 2.760719179135430129e-05 -4.942518223388439602e-03 1.947234595018863812e-01 -2.964046706195743952e-05 9.999999149720607550e-01 -4.113116991630357141e-04 2.358042297011761837e-02 4.942506447975336670e-03 4.114531736630913324e-04 9.999877010925172227e-01 -1.478374227639431271e-02
9.999839276344244521e-01 -1.763079862360559342e-04 -5.666867593666468327e-03 2.469457455907350940e-01 1.727793178522203134e-04 9.999997909046794975e-01 -6.231676376148280070e-04 1.987940623947057062e-02 5.666976278182247855e-03 6.221785043195488278e-04 9.999837490048382183e-01 -9.437905068001441189e-03
9.999798746341136413e-01 -4.251389806029096715e-04 -6.330053995786019162e-03 3.012642046433116616e-01 4.191254124966273600e-04 9.999994596819929971e-01 -9.512989071377772740e-04 1.655480177111372242e-02 6.330455009791488390e-03 9.486266754070940164e-04 9.999795125135313434e-01 -8.531133457724700796e-04
9.999733777637127563e-01 -3.785553130839372309e-04 -7.287006223817552551e-03 3.667186720630650765e-01 3.744274245018739040e-04 9.999997686874770864e-01 -5.678284038405196580e-04 2.419835074589268137e-02 7.287219492700951380e-03 5.650848320058689169e-04 9.999732881988387945e-01 -6.822003041298737094e-03
9.999712225253305498e-01 -6.604035300783306752e-04 -7.557644366691113752e-03 4.477262202553241033e-01 6.568324480654366302e-04 9.999996714801807629e-01 -4.749849109337997638e-04 2.406895881753022895e-02 7.557955565567067019e-03 4.700071360165753234e-04 9.999713277894326513e-01 -9.262564252557061242e-03
9.999683261971352710e-01 -1.032976750761064330e-03 -7.891740082647914073e-03 5.271369474916898223e-01 1.029640196029639422e-03 9.999993788233171310e-01 -4.268419455869686043e-04 2.401737291704270430e-02 7.892176098289030439e-03 4.187027730736171292e-04 9.999687686345115623e-01 -1.553595944383025923e-02
9.999692013315718553e-01 -1.461079200286961388e-03 -7.711137132022809204e-03 6.296990717498036627e-01 1.460736584785987885e-03 9.999989318705861940e-01 -5.006312485827324807e-05 3.141507036620412585e-02 7.711202041720856271e-03 3.879764286164284688e-05 9.999702674868962138e-01 -5.730228918048231590e-03
9.999657909352355212e-01 -1.887035666582056494e-03 -8.053325751626868451e-03 7.334621365176257068e-01 1.885821169574989232e-03 9.999982092927042210e-01 -1.583979211070587177e-04 2.261816736308425863e-02 8.053610233004330349e-03 1.432053702744156296e-04 9.999675589010059706e-01 -1.396410559324541556e-02
9.999648343038310960e-01 -2.084709401324033595e-03 -8.123062379646934020e-03 8.535298895984482215e-01 2.081268868462023483e-03 9.999977408533994305e-01 -4.319814747846121347e-04 3.556960489527476177e-02 8.123944584299854291e-03 4.150600070079850943e-04 9.999669140774517517e-01 -1.563523202073967971e-02
9.999649786510600435e-01 -2.682517781735814684e-03 -7.927519772013502664e-03 9.764968200561267020e-01 2.680664256944798908e-03 9.999963771411295443e-01 -2.444253614918826976e-04 3.494680470849100690e-02 7.928146727106684388e-03 2.231657824869483328e-04 9.999685468486031459e-01 -1.989017967452500271e-02
9.999710137323524206e-01 -2.721649956191745170e-03 -7.110859062554040697e-03 1.116596300785684948e+00 2.722274207779987881e-03 9.999962915540305808e-01 7.811097173634607533e-05 5.507062230977236017e-02 7.110620101594607514e-03 -9.746641581196255788e-05 9.999747144713553304e-01 -1.333290981261800977e-02
9.999699369933818804e-01 -3.136876364569139014e-03 -7.091199907301095652e-03 1.250741379489326954e+00 3.134355215922887336e-03 9.999950206921323081e-01 -3.666174058938107667e-04 6.800201721407701794e-02 7.092314631508994140e-03 3.443800448557099458e-04 9.999747899200021051e-01 -1.304896634555414991e-02
9.999656625488264616e-01 -3.666294204462400199e-03 -7.431824143021297999e-03 1.404109295718505512e+00 3.667677317251263284e-03 9.999932591730645859e-01 1.724863140083701836e-04 6.710993123029335150e-02 7.431141660807537644e-03 -1.997379241031443638e-04 9.999723687374459935e-01 -2.232247481888582907e-02
9.999706183761203349e-01 -3.885341915711767319e-03 -6.608063458943564533e-03 1.561324144428253069e+00 3.886221301513656523e-03 9.999924413843013227e-01 1.202425068450391020e-04 7.007854434388303966e-02 6.607546327879470702e-03 -1.459193709008291436e-04 9.999781592810225161e-01 -1.941764327611563215e-02
9.999720629923141146e-01 -4.515183407917513006e-03 -5.957042360792619805e-03 1.745118140334679602e+00 4.517506835802794288e-03 9.999897250872112897e-01 3.766324363575528013e-04 8.474775971452024048e-02 5.955280588174359339e-03 -4.035328939603310115e-04 9.999821857384858514e-01 -1.391078375730313808e-02
9.999695997103692502e-01 -5.133920715650781841e-03 -5.868774418001859033e-03 1.927384042317065171e+00 5.145769183389997323e-03 9.999847492260933723e-01 2.005585884107532677e-03 9.225511007188037793e-02 5.858388395732664483e-03 -2.035724272260197934e-03 9.999807673710989775e-01 -7.498894357344568738e-03
9.999659617262499633e-01 -5.444558309333982424e-03 -6.199368815631534774e-03 2.142960645149430299e+00 5.464616808748370622e-03 9.999798741325651719e-01 3.223242614619562137e-03 1.175398300332859830e-01 6.181694915596145506e-03 -3.257010076038613193e-03 9.999755889687182986e-01 -1.946983043294482976e-02
9.999660571716301183e-01 -5.990339913033342414e-03 -5.656883625321293581e-03 2.342747410258077423e+00 6.019094147134992565e-03 9.999689826812789839e-01 5.079781591365011006e-03 1.318901189725275591e-01 5.626278545542672850e-03 -5.113658484330494206e-03 9.999710973256344948e-01 -1.452731788984156641e-02
9.999609990231398404e-01 -6.743606447525194933e-03 -5.702999625203741471e-03 2.576520615650105483e+00 6.773297268047196590e-03 9.999635250242903117e-01 5.202986172788534071e-03 1.323221807816983842e-01 5.667704717329738115e-03 -5.241411363026272745e-03 9.999702019211176296e-01 -1.748863637002238958e-02
9.999604291457749872e-01 -7.244753090729361134e-03 -5.162721690346743636e-03 2.804421176519413805e+00 7.275908726210152111e-03 9.999552783861451744e-01 6.041719945072869004e-03 1.434111434172091470e-01 5.118720035855480258e-03 -6.079044360851442071e-03 9.999684214638246971e-01 -1.646311727484974299e-02
9.999576499343237890e-01 -7.767988294755889811e-03 -4.935250315522153944e-03 3.045668898503438360e+00 7.799796175383205687e-03 9.999487221085046063e-01 6.458818250350515343e-03 1.571814683072844110e-01 4.884825221725293265e-03 -6.497038665508990916e-03 9.999669629398423298e-01 -1.798084629442872617e-02
9.999558411898077370e-01 -8.517592328372415242e-03 -3.970678948442830404e-03 3.299841166271112680e+00 8.543565159233381182e-03 9.999419147402895947e-01 6.570741198168869937e-03 1.661463491842943563e-01 3.914481415703639951e-03 -6.604374796377895582e-03 9.999705291001306229e-01 -1.500294511633504767e-02
9.999438908515285718e-01 -9.186416579374915431e-03 -5.274931197324172691e-03 3.576205747654329414e+00 9.212646172528513727e-03 9.999452120233587316e-01 4.969919723683731590e-03 1.708892946730705409e-01 5.228986441569138596e-03 -5.018236940425443819e-03 9.999737371545333042e-01 -2.578267183759050396e-02
9.999196301779289531e-01 -9.868142127850317025e-03 -7.959457002734756509e-03 3.843467077041720525e+00 9.906555998056662538e-03 9.999394020391834115e-01 4.801291261490473437e-03 1.710516751723132056e-01 7.911594851305589482e-03 -4.879756189077791469e-03 9.999567963899460565e-01 -1.801377141184092034e-02
9.998775751835301540e-01 -1.045745807354514327e-02 -1.163942506072112096e-02 4.123809504570606244e+00 1.048595353313372912e-02 9.999421650159355801e-01 2.389853916985005232e-03 1.932864803702765699e-01 1.161376009761944453e-02 -2.511611809896942445e-03 9.999294036993368051e-01 -1.575247630302209489e-02
9.998195744491589210e-01 -1.074093694066943425e-02 -1.566687020241614922e-02 4.421641064645039698e+00 1.071700412225275179e-02 9.999412739029146513e-01 -1.610766295832974024e-03 2.087326288201325208e-01 1.568325128748531902e-02 1.442573759894679244e-03 9.998759696132319963e-01 -2.013149419547264826e-02
9.997792259294003836e-01 -1.072335359082381666e-02 -1.806956246772764216e-02 4.712252827551765222e+00 1.065433492085654348e-02 9.999355903473640117e-01 -3.911560310529815961e-03 2.144522888650714221e-01 1.811034365778745395e-02 3.718177569033154824e-03 9.998290806973769707e-01 -1.962462584278888700e-02
9.997439562616993181e-01 -1.174993001562132586e-02 -1.933807288313335593e-02 5.025467034605503258e+00 1.161688513313966289e-02 9.999081737884190080e-01 -6.977963235239364667e-03 2.101858437392357670e-01 1.941828772082686283e-02 6.751528400067246388e-03 9.997886511489587624e-01 -1.655353047073943387e-02
9.997261042532586961e-01 -1.195441907940922657e-02 -2.011984938006165444e-02 5.338281030140121786e+00 1.176406332515037706e-02 9.998851668161319317e-01 -9.553009743417554406e-03 2.211970524519730474e-01 2.023173963564088920e-02 9.313702032480719595e-03 9.997519350647768865e-01 -1.879655174024904771e-02
9.997302681552294734e-01 -1.196302523211130106e-02 -1.990670644704430406e-02 5.667264135343843989e+00 1.171969044253795209e-02 9.998557200178485038e-01 -1.229585310260752906e-02 2.469034358626575332e-01 2.005092990871025840e-02 1.205923608217730064e-02 9.997262300424603065e-01 -7.601327905695402093e-03
9.997054079764282619e-01 -1.272465214969533374e-02 -2.066834512853626959e-02 5.993737770222828054e+00 1.247411630585971466e-02 9.998476964724420935e-01 -1.220574787300112915e-02 2.619922972717264043e-01 2.082051116257523093e-02 1.194433281605300490e-02 9.997118781071416826e-01 -5.858147968851156601e-03
9.997307452661473581e-01 -1.327195625464221672e-02 -1.903397348870044040e-02 6.335674464211705548e+00 1.310499545429613839e-02 9.998747850331501930e-01 -8.869799831707960575e-03 2.715713070756237690e-01 1.914930974569489450e-02 8.617971460068336170e-03 9.997794929404067998e-01 -1.917587603082750169e-02
9.998396885376770182e-01 -1.415883452420983735e-02 -1.096013821979207985e-02 6.697029547827423990e+00 1.410996470221934779e-02 9.998902177109358913e-01 -4.523430344258794374e-03 3.030055188997661242e-01 1.102298149245600246e-02 4.368058023112878115e-03 9.999297045033334053e-01 -1.023542224553411484e-02
9.998697601244148636e-01 -1.613424518463743920e-02 3.859029245260159986e-04 7.065738672611597160e+00 1.613501666074138377e-02 9.998676432627123800e-01 -2.087389189156716156e-03 3.235189498724710955e-01 -3.521733987003999563e-04 2.093343877965078790e-03 9.999977469401147845e-01 -2.132406070440017246e-02
9.997580312227015709e-01 -1.751566175369177053e-02 1.330716344823392253e-02 7.426785215980681976e+00 1.754029822192611221e-02 9.998446484734967443e-01 -1.736910243959635192e-03 3.637109931539128094e-01 -1.327467302774909194e-02 1.969901581281564579e-03 9.999099472171313341e-01 -3.188481347890376183e-02
9.995781868871702613e-01 -1.946254888376035622e-02 2.155591543647926780e-02 7.796282618793282992e+00 1.956766892006367789e-02 9.997975980401176965e-01 -4.676460867586663440e-03 3.694990915567064604e-01 -2.146053662870947218e-02 5.096287291600995646e-03 9.997567070159866232e-01 -3.731096912482904926e-02
9.995495392656525979e-01 -2.064934050971799911e-02 2.177896439997390604e-02 8.176819113257591809e+00 2.083984818480812129e-02 9.997462077467611508e-01 -8.556916711300878789e-03 3.777646257327648693e-01 -2.159674238064068080e-02 9.006932468033154379e-03 9.997261904571973501e-01 -3.953296159097158258e-02
9.995850747775503198e-01 -2.159859002863661823e-02 1.905726084026798314e-02 8.553239479480854612e+00 2.177396698843336517e-02 9.997220150834492669e-01 -9.043612059032934275e-03 4.082096905677402576e-01 -1.885663393996252560e-02 9.454811804713549733e-03 9.997774921902331524e-01 -3.802562283240852603e-02
9.995535759805579401e-01 -2.344736481355636643e-02 1.851674452432044635e-02 8.945753691241161931e+00 2.357125206876995588e-02 9.997010227727005649e-01 -6.500857107095641893e-03 4.134047746522118705e-01 -1.835878047119307924e-02 6.934417821011847061e-03 9.998074159702428076e-01 -3.472838996102815129e-02
9.995412085619496123e-01 -2.479317551597967281e-02 1.739743758003054266e-02 9.341094603155196907e+00 2.485524992494685462e-02 9.996854110367421331e-01 -3.360879567665202381e-03 4.518595841231561883e-01 -1.730863766116970751e-02 3.791755284000560434e-03 9.998430045032973279e-01 -3.838631454565158418e-02
9.995858729111383179e-01 -2.585253647270941910e-02 1.263839524642593540e-02 9.731761700168860330e+00 2.586596842002059429e-02 9.996650143163726687e-01 -9.004607381487632041e-04 4.831103239280656880e-01 -1.261088237087912636e-02 1.226992165288431046e-03 9.999197268461375021e-01 -5.544797804079727027e-02
9.996246299239046618e-01 -2.696397772328966436e-02 4.852128897157765436e-03 1.015640202444191864e+01 2.695235181454933016e-02 9.996337275630233776e-01 2.445700333221958577e-03 5.017996326794841311e-01 -4.916297505384917971e-03 -2.314006005416033036e-03 9.999852375885582845e-01 -7.625220326425494188e-02
9.996073476153599646e-01 -2.801922689057712024e-02 -2.711417328233352428e-04 1.056570303167086067e+01 2.801993559262227346e-02 9.996025222453488457e-01 3.111387170081861969e-03 5.272618751852405916e-01 1.838552969532260273e-04 -3.117762850380173013e-03 9.999951228641260625e-01 -9.304246118441734936e-02
9.995808554034207871e-01 -2.892661919298604792e-02 -1.167995303751964351e-03 1.101174122674543909e+01 2.892841860145716967e-02 9.995802773434001587e-01 1.554266164462721330e-03 5.743688538994898840e-01 1.122545404196221164e-03 -1.587402959269713703e-03 9.999981100200442397e-01 -9.947884409556170815e-02
9.995449606559854150e-01 -3.015918241213758066e-02 -5.434551094782224742e-04 1.148237009861476210e+01 3.016032157298068755e-02 9.995425941987989837e-01 2.226518571557968736e-03 5.751985108162986915e-01 4.760565502148260495e-04 -2.241896198870073353e-03 9.999973736323483076e-01 -9.346784456121359774e-02
9.995298416801009500e-01 -3.066070581192329586e-02 1.292674241778195179e-04 1.194247231752841110e+01 3.065964853467365719e-02 9.995168742274900264e-01 5.099420186477501317e-03 6.358622148910589855e-01 -2.855567939026229648e-04 -5.093059357857893966e-03 9.999869895172111001e-01 -9.648782274652778490e-02
9.994899797405244479e-01 -3.193347957789789693e-02 1.824289836536964146e-04 1.242173937274076145e+01 3.193193173415365127e-02 9.994739441212948661e-01 5.673337496396027232e-03 6.668866621359464952e-01 -3.635024228940840940e-04 -5.664618669481662552e-03 9.999838898508904839e-01 -9.723555926681776151e-02
9.994538508875133731e-01 -3.302316090158576023e-02 -1.212761389658412008e-03 1.291592166877442693e+01 3.302861420181432694e-02 9.994429194719354204e-01 4.791801469402538587e-03 6.742467656940198673e-01 1.053845352970509460e-03 -4.829240259340695889e-03 9.999877838496276095e-01 -1.003682094555695403e-01
9.994264059962705282e-01 -3.369795775715159897e-02 -3.362534813943929540e-03 1.341795582957403177e+01 3.370858060257152927e-02 9.994267271536243502e-01 3.154147231001568075e-03 7.262726125666204569e-01 3.254318843889974795e-03 -3.265684306867767776e-03 9.999893723009610769e-01 -1.064398743241476708e-01
9.993828418488188703e-01 -3.485361264008464410e-02 -4.377339844436255352e-03 1.392223393347443228e+01 3.486955703525938810e-02 9.993853138702680772e-01 3.620554182789920573e-03 7.446645380366804234e-01 4.248459761319358687e-03 -3.770955629632502266e-03 9.999838651114806298e-01 -1.097597901766866474e-01
9.993658464072725511e-01 -3.526592170558921768e-02 -4.921361694798543317e-03 1.446662655191183866e+01 3.528843900427022784e-02 9.993667377467013724e-01 4.566131640435623119e-03 8.326833361900534136e-01 4.757216341273381825e-03 -4.736903183635825069e-03 9.999774650665439468e-01 -1.178410441417143684e-01
9.993118117433239522e-01 -3.672355623543816644e-02 -5.223344493524901058e-03 1.500737695130082727e+01 3.675079775426678269e-02 9.993108349684929337e-01 5.218618495199141630e-03 8.477176972527233900e-01 5.028098517372705384e-03 -5.406989180317069502e-03 9.999727409751245633e-01 -1.207179127742021713e-01
9.992547993659957051e-01 -3.851580664213522659e-02 -2.525585621053102504e-03 1.557202971221890309e+01 3.852998391252588500e-02 9.992404481292654905e-01 5.828135390083104619e-03 8.641513760683579015e-01 2.299191972001304873e-03 -5.921103033244234232e-03 9.999798269240962600e-01 -1.192902263991736239e-01
9.992180093467956103e-01 -3.953946574656928836e-02 2.110694291156403818e-05 1.613829778356754829e+01 3.953906633127934889e-02 9.992100470988481975e-01 3.992995162559223078e-03 9.124819494668570119e-01 -1.789711648770038596e-04 -3.989038128847980334e-03 9.999920277402859492e-01 -1.193845379374019883e-01
9.991738414016756442e-01 -4.061986736721323599e-02 1.288810959389662591e-03 1.670989849993000576e+01 4.061766310132648716e-02 9.991733283663837284e-01 1.692727216602655507e-03 9.458950171885620595e-01 -1.356503890955713292e-03 -1.638980266108254957e-03 9.999977368178796233e-01 -1.376475599231160307e-01
9.991440740627662853e-01 -4.132784332551715789e-02 1.768793746844057142e-03 1.729313180512993853e+01 4.132647148677413840e-02 9.991453719764907815e-01 8.052405930597265806e-04 9.878579879498352589e-01 -1.800560943209515144e-03 -7.314533624054779873e-04 9.999981114763509815e-01 -1.456189811372225196e-01
9.990957707536233245e-01 -4.248802308601636046e-02 1.552016902469689720e-03 1.787789301576398060e+01 4.248366732139849389e-02 9.990934062993136466e-01 2.739251751736654101e-03 1.032008109961736864e+00 -1.666995245388749576e-03 -2.670839470427835514e-03 9.999950438594058522e-01 -1.488374219521935438e-01
9.990440629899521863e-01 -4.368781419672551625e-02 1.528101842441562282e-03 1.846337123065082508e+01 4.368113564212021405e-02 9.990368608818319673e-01 4.160407238464444886e-03 1.095137309088184185e+00 -1.708389166197308781e-03 -4.089680927353661795e-03 9.999901779099479304e-01 -1.419828886754475328e-01
9.989765243949974005e-01 -4.515527060885580340e-02 2.627783083178013811e-03 1.903692732684251254e+01 4.514184622128023655e-02 9.989682663651628935e-01 4.961503312033791954e-03 1.151280333278740242e+00 -2.849109935667662984e-03 -4.837802354586081405e-03 9.999842389962716460e-01 -1.517233795227107274e-01
9.988914317901407269e-01 -4.699245694656473821e-02 2.759798247676439192e-03 1.963336487863490731e+01 4.698615005025156416e-02 9.988928760951318875e-01 2.307333926999422490e-03 1.178087283005093466e+00 -2.865170099289692136e-03 -2.175103795384675069e-03 9.999935298409592388e-01 -1.665469845230013179e-01
9.988350830790658774e-01 -4.820377805600178922e-02 2.207394745664362397e-03 2.022024652043734605e+01 4.820303965472483299e-02 9.988374830576332020e-01 3.865321944302703644e-04 1.215132860347121646e+00 -2.223460923985852260e-03 -2.796787800776023413e-04 9.999974889974971859e-01 -1.680288415911588007e-01
9.988098811070251770e-01 -4.875172131941943321e-02 1.446053720935237385e-03 2.082340176528785847e+01 4.875392179622499433e-02 9.988096522871261485e-01 -1.527614990031875546e-03 1.279192761786985599e+00 -1.369858553918427892e-03 1.596297736594663730e-03 9.999977876580919967e-01 -1.745227719857991577e-01
9.987656613645782278e-01 -4.967038728449107293e-02 7.941023432719119613e-05 2.142910294468103061e+01 4.967044615820333936e-02 9.987636039690384049e-01 -2.027354242049416409e-03 1.323480359381807414e+00 2.138741853679903318e-05 2.028796142149327277e-03 9.999979417622777422e-01 -1.755158648814468536e-01
9.987363998835716572e-01 -5.023133158423147976e-02 -1.554630141673745422e-03 2.203826067040623116e+01 5.022913207335142488e-02 9.987367068084908039e-01 -1.422942194373395808e-03 1.377415512024414701e+00 1.624142469191218073e-03 1.343056441739571161e-03 9.999977791778510428e-01 -1.808156341173285386e-01
9.987016795602632335e-01 -5.088588869612305915e-02 -2.362535738378956744e-03 2.266100717997214176e+01 5.088394925204688807e-02 9.987041904153478589e-01 -8.739309696434652145e-04 1.428522330876459856e+00 2.403945095974454292e-03 7.525811785848362601e-04 9.999968273297397126e-01 -1.807098664166515989e-01
9.986615128538610664e-01 -5.161196012669961447e-02 -3.374657955624942984e-03 2.327167437376375148e+01 5.161210911434987308e-02 9.986672060027793618e-01 -4.298105013119560242e-05 1.473387276930447909e+00 3.372378568004587903e-03 -1.312496940812559875e-04 9.999943049019388575e-01 -1.849974197830717426e-01
9.986457409562493615e-01 -5.187783814475015187e-02 -3.920966637307132102e-03 2.389426447129622488e+01 5.187919814519723061e-02 9.986533374224271231e-01 2.458756986491743746e-04 1.515334661320772991e+00 3.902930918570509788e-03 -4.489593243582045974e-04 9.999922827531070313e-01 -1.857870959155252799e-01
9.986380783350928825e-01 -5.204743917016053240e-02 -3.612834762538947881e-03 2.453930376075606290e+01 5.204761749618470185e-02 9.986446032068854173e-01 -4.470719538303559421e-05 1.573286492796780456e+00 3.610264832919916813e-03 -1.433931341124802502e-04 9.999934726918197070e-01 -1.951461835581198012e-01
9.986687764155489644e-01 -5.152624012388543062e-02 -2.391984817253506399e-03 2.517818200626163261e+01 5.152608732541498482e-02 9.986716410183830162e-01 -1.255013296220020328e-04 1.633299622768461523e+00 2.395274014383586090e-03 2.084640717258276986e-06 9.999971313249105265e-01 -1.985718904889980929e-01
9.986755428122300327e-01 -5.145009223639243623e-02 2.195394369926947833e-04 2.584658302036502420e+01 5.144983508744224721e-02 9.986750289179342488e-01 1.049326087619551319e-03 1.680690823620901275e+00 -2.732364775813851893e-04 -1.036641032312024839e-03 9.999994253584336690e-01 -2.038629617875246658e-01
9.987062562531442422e-01 -5.076953952127686437e-02 2.875339567153079035e-03 2.650222773099671159e+01 5.076388238181337581e-02 9.987086654005208342e-01 2.007460942548872692e-03 1.730104712916426202e+00 -2.973544409344917178e-03 -1.858900402912659969e-03 9.999938512425652348e-01 -2.115257310718665629e-01
9.987089549372155650e-01 -5.059856618702885528e-02 4.495378519266442739e-03 2.717068189577154769e+01 5.059270546459244261e-02 9.987183764470507485e-01 1.408084067112322629e-03 1.780614984161679848e+00 -4.560864171143412353e-03 -1.178832805752389173e-03 9.999889043740577410e-01 -2.147876916630189759e-01
9.987479464025570408e-01 -4.986066838718448274e-02 4.056267330724065874e-03 2.786528560894458906e+01 4.985954529420871112e-02 9.987561680239082085e-01 3.775940326639998994e-04 1.846651809839400693e+00 -4.070049106562174078e-03 -1.748776199953743621e-04 9.999917020246158472e-01 -2.247540026104345723e-01
9.988125111996656313e-01 -4.867953109389693694e-02 1.967415435587274719e-03 2.853893825906455461e+01 4.867891585992930453e-02 9.988144141751208460e-01 3.594255306917163426e-04 1.915085662126575938e+00 -1.982579562032441359e-03 -2.632270664489865506e-04 9.999980000428959626e-01 -2.329027119566129123e-01
9.988548474727282356e-01 -4.784218975361952814e-02 -3.443251537366989702e-04 2.923743490527119704e+01 4.784267445874202523e-02 9.988536447017223319e-01 1.573202695227777365e-03 1.961319770263654672e+00 2.686649729063896215e-04 -1.587874574423607608e-03 9.999987032358933492e-01 -2.388365811163803698e-01
9.989002470904572162e-01 -4.676348077927026253e-02 -3.387215379976482414e-03 2.995732044057581334e+01 4.676942961088195044e-02 9.989042668966592320e-01 1.698831810567904936e-03 2.010746300282362675e+00 3.304060607235792188e-03 -1.855381646632116039e-03 9.999928203454507836e-01 -2.479889543260442586e-01
9.989514629357540976e-01 -4.547558712051955748e-02 -5.286366858312653398e-03 3.067998195128085470e+01 4.548874341840056928e-02 9.989619787961289132e-01 2.395650629224479414e-03 2.058109786158264232e+00 5.171935878522659034e-03 -2.633608886380073896e-03 9.999831574499152831e-01 -2.555298294445548790e-01
9.990607721201910651e-01 -4.298024716794317246e-02 -5.501996364054855156e-03 3.138977738169072751e+01 4.298521607017871671e-02 9.990753976754964683e-01 7.880094851326884670e-04 2.112876575734297546e+00 5.463040362985552810e-03 -1.023773867180933573e-03 9.999845534192322027e-01 -2.399047320791277693e-01
9.991854788641477692e-01 -4.015749128468731194e-02 -3.969221679886151058e-03 3.215099922431531354e+01 4.017128713288185132e-02 9.991868198063693640e-01 3.459308503378830287e-03 2.156768777962926542e+00 3.827076836356458484e-03 -3.615939567284160924e-03 9.999861391359053941e-01 -2.642800839014440850e-01
9.993058910952204998e-01 -3.724354527012176813e-02 8.089240382105643062e-04 3.287436080978877584e+01 3.723937745236147873e-02 9.992954673384266684e-01 4.668803255232703044e-03 2.207650100922011749e+00 -9.822369101984641717e-04 -4.635438769729371793e-03 9.999887738960194783e-01 -2.553552922811993531e-01
9.993830636796626754e-01 -3.478785765008361730e-02 4.826695595207632083e-03 3.360167571908166906e+01 3.476321459619015342e-02 9.993825696386570145e-01 5.098863929752051743e-03 2.265770460003183828e+00 -5.001093999367550377e-03 -4.927926800634641058e-03 9.999753519943664903e-01 -2.561740457842045515e-01
9.994682380567887492e-01 -3.214544725983543155e-02 5.469125718366365553e-03 3.434476551156840429e+01 3.213909779744449774e-02 9.994826304225655766e-01 1.244940301999318717e-03 2.301311012638114217e+00 -5.506315321924081484e-03 -1.068505523796050346e-03 9.999842692700326996e-01 -2.621619105736071598e-01
9.995749460471976544e-01 -2.881635804695452038e-02 4.420943751251082271e-03 3.507813839641747222e+01 2.881587794493710095e-02 9.995847215227204874e-01 1.722689981497726314e-04 2.326785731778373556e+00 -4.424071993592997715e-03 -4.480239899368018599e-05 9.999902127419750819e-01 -2.720595255620036346e-01
9.996750531027963627e-01 -2.528183633680321923e-02 3.258366977555552952e-03 3.581185548598299562e+01 2.527915939865686690e-02 9.996800609428285744e-01 8.601473360774923495e-04 2.379097848053660424e+00 -3.279070602873083735e-03 -7.774990556645494308e-04 9.999943215794776519e-01 -2.742999622991424968e-01
9.997653437177298485e-01 -2.160167356303868691e-02 1.620246970477571451e-03 3.653899605462240174e+01 2.159781378863943196e-02 9.997639473845025826e-01 2.363038236853023770e-03 2.427811157986356605e+00 -1.670910087551915864e-03 -2.327489942725520337e-03 9.999958954165990566e-01 -2.781248001830855521e-01
9.998225891480836403e-01 -1.883011568104916295e-02 -4.658032423439367330e-04 3.723931009400436665e+01 1.883189146734046832e-02 9.998140175740560798e-01 4.158139750831758678e-03 2.448857054684420387e+00 3.874183586007820946e-04 -4.166174007821133417e-03 9.999912464122633349e-01 -2.786687291481376727e-01
9.998779582810443101e-01 -1.556536389346568038e-02 -1.337157654955224012e-03 3.797224523274155672e+01 1.557334755368776878e-02 9.998596077094461521e-01 6.183503625327226548e-03 2.474946479350978557e+00 1.240721444264430550e-03 -6.203573000810314909e-03 9.999799879459195795e-01 -2.919794179024438052e-01
9.999262086541516048e-01 -1.191255364095316141e-02 -2.380821766862762073e-03 3.870834320647253435e+01 1.192392403542924181e-02 9.999172899124187941e-01 4.820100600722894944e-03 2.494930845508900763e+00 2.323205141925007832e-03 -4.848133656902411069e-03 9.999855490545417336e-01 -2.964343054682691547e-01
9.999563365329507958e-01 -7.692817494306248075e-03 -5.305241427061816936e-03 3.940835340433738310e+01 7.713279508589264422e-03 9.999628510015250438e-01 3.847328439870860775e-03 2.516422517527789449e+00 5.275447547127552414e-03 -3.888081262159773753e-03 9.999785260080720217e-01 -2.917560177393628829e-01
9.999641623675979973e-01 -2.465949144783370021e-03 -8.098955197030986708e-03 4.012847107900945076e+01 2.511898439819644068e-03 9.999807806333508298e-01 5.668221073866119147e-03 2.539452923163866949e+00 8.084821995332037992e-03 -5.688361691166491513e-03 9.999511379035348480e-01 -2.955702329690140240e-01
9.999690983731724936e-01 2.775253148049138148e-03 -7.355288485760540923e-03 4.082972404814132972e+01 -2.712394021325660771e-03 9.999598347498518391e-01 8.542353640656833932e-03 2.556511105635261405e+00 7.378700252591579786e-03 -8.522139227518500323e-03 9.999364619442423496e-01 -2.957640341854562704e-01
9.999560177749140522e-01 7.221017084997448029e-03 -5.984933415990680711e-03 4.153826455999980283e+01 -7.163454328675468441e-03 9.999284113270706653e-01 9.584213217658000411e-03 2.556954521629954069e+00 6.053712729940825821e-03 -9.540918885449375941e-03 9.999361596767089022e-01 -2.951278956749350257e-01
9.999063208408535131e-01 1.266708005133193073e-02 -5.186002842382658740e-03 4.224372486872101717e+01 -1.261393873376499657e-02 9.998688772309418660e-01 1.015464891350330127e-02 2.581707148447982547e+00 5.313952590010139962e-03 -1.008828171240471090e-02 9.999349921269693464e-01 -2.921986063595976568e-01
9.998226814662082296e-01 1.841124467095802894e-02 -3.953693891450237724e-03 4.295142408195195571e+01 -1.836620565186366030e-02 9.997692556728463575e-01 1.114082139324641847e-02 2.595306611765064719e+00 4.157897987519986599e-03 -1.106623156403683909e-02 9.999301227602339637e-01 -2.882886713482442076e-01
9.997010814968487757e-01 2.436163715128975352e-02 -2.063562293686350534e-03 4.365243294432485044e+01 -2.433536005820376505e-02 9.996327452437245853e-01 1.192329179935220848e-02 2.587418626341555949e+00 2.353275349083890858e-03 -1.186951017539552081e-02 9.999267857314991792e-01 -3.025140244067087703e-01
9.995347939306629126e-01 3.042279960793359272e-02 2.156150737470866833e-03 4.435286135692950893e+01 -3.044528156062223379e-02 9.994725559959426464e-01 1.130020538006683631e-02 2.576201193367658515e+00 -1.811229604886277706e-03 -1.136059307222871823e-02 9.999338259966834563e-01 -3.030211167065340327e-01
9.993073004733914466e-01 3.668484434147067236e-02 6.256310112591180472e-03 4.505274568055097006e+01 -3.675001858041677255e-02 9.992678282456209926e-01 1.064159610298294305e-02 2.568238904452060822e+00 -5.861344122457375072e-03 -1.086414418728262436e-02 9.999238046052089102e-01 -3.158271598194440921e-01
9.990391212520974840e-01 4.288174479256304933e-02 9.054842427257589130e-03 4.574387023505256877e+01 -4.296084964649837107e-02 9.990386122890092535e-01 8.730209235846076235e-03 2.544565779358483937e+00 -8.671770608585838494e-03 -9.110824287416755332e-03 9.999208935087394723e-01 -3.180643727307798097e-01
9.987526269849588134e-01 4.904669615698162288e-02 9.360111469872997234e-03 4.643819587028130513e+01 -4.912436109883366875e-02 9.987585466329655937e-01 8.256068933682809974e-03 2.536784637142039944e+00 -8.943558423531469334e-03 -8.705580031855991024e-03 9.999221097860742091e-01 -3.248804399616202487e-01
9.984793635521614918e-01 5.446140700967352921e-02 8.539069445628053381e-03 4.712398611042061702e+01 -5.452986888884013561e-02 9.984800861353544388e-01 8.000686851828803584e-03 2.511057934561144567e+00 -8.090362132592081659e-03 -8.454155053096967451e-03 9.999315343076753404e-01 -3.289756805304657195e-01
9.981848433347962901e-01 5.984858266796590914e-02 6.720542338516561492e-03 4.780116907834101880e+01 -5.989680899942047970e-02 9.981784648523485126e-01 7.219735223389409963e-03 2.487742701610295093e+00 -6.276209714077827725e-03 -7.609169313700313818e-03 9.999513536837580929e-01 -3.389251788025857137e-01
9.978703618163706768e-01 6.503559438398262560e-02 5.011234537275539858e-03 4.849924460924971470e+01 -6.507518028515604791e-02 9.978467634760345151e-01 8.188866298660429227e-03 2.443693761248812546e+00 -4.467876376975375360e-03 -8.497533967274571026e-03 9.999539139366149243e-01 -3.446501815077376851e-01
9.975052431458556468e-01 7.040776959444569605e-02 5.102536355862348667e-03 4.918033602987814845e+01 -7.044834658107371195e-02 9.974811934689272741e-01 8.264329361620657843e-03 2.428165007260517871e+00 -4.507811056418567323e-03 -8.603177118941165991e-03 9.999528313790304601e-01 -3.479738035353582282e-01
9.971145691437158787e-01 7.554078731318118745e-02 7.491692295235820483e-03 4.987701763893724660e+01 -7.560574327680093243e-02 9.970989306841289146e-01 8.803068336046481271e-03 2.397127510954474516e+00 -6.804967663717477987e-03 -9.344082655422062192e-03 9.999331880352928525e-01 -3.594671212079402767e-01
9.967166798680179296e-01 8.053048368267312629e-02 8.408404766058768035e-03 5.057694446036798297e+01 -8.058520510757713473e-02 9.967272720368952621e-01 6.385130825496905353e-03 2.345534915615389959e+00 -7.866688670901371069e-03 -7.041759419612586730e-03 9.999442628635014652e-01 -3.670372780591021900e-01
9.963028298818408235e-01 8.552222550098032006e-02 8.162114603160011347e-03 5.125871826125794684e+01 -8.555058086676467499e-02 9.963287222524956910e-01 3.189879005288551346e-03 2.312562368519777145e+00 -7.859343661833719311e-03 -3.876359125351096918e-03 9.999616015413473891e-01 -3.733350364688333145e-01
9.959572631520536845e-01 8.965371270579253205e-02 5.598372329350130398e-03 5.195751497138873276e+01 -8.965607918371118479e-02 9.959727695315216955e-01 1.726763288262953195e-04 2.248227530775791294e+00 -5.560345319755802089e-03 -6.739063567290939048e-04 9.999843140820496856e-01 -3.816914916973142002e-01
