1.000000000000000000e+00 0.000000000000000000e+00 0.000000000000000000e+00 0.000000000000000000e+00 0.000000000000000000e+00 1.000000000000000000e+00 0.000000000000000000e+00 0.000000000000000000e+00 0.000000000000000000e+00 0.000000000000000000e+00 1.000000000000000000e+00 0.000000000000000000e+00
9.999999383849531576e-01 2.452305367488837105e-04 2.511813562861947265e-04 -1.882447254466214706e-02 -2.452709845761979839e-04 9.999999569586022208e-01 1.610122287502924806e-04 1.058719617684147386e-02 -2.511418603597184458e-04 -1.610738263280799573e-04 9.999999554914932309e-01 2.959496322724169265e-03
9.999998377728346322e-01 2.088618347712411908e-04 5.299349379602583164e-04 -1.447614236500645996e-02 -2.085438364317478642e-04 9.999997982218050696e-01 -6.000548452772694417e-04 1.529704469333668590e-02 -5.300601595868910691e-04 5.999442332670513328e-04 9.999996795515208037e-01 8.446388933798204546e-03
9.999999351027953898e-01 3.484063485467960236e-04 9.169199175044009942e-05 -8.703864736805550992e-03 -3.483498635557380615e-04 9.999997500128812167e-01 -6.153263748995615057e-04 1.713790302202917309e-02 -9.190635244406655021e-05 6.152943940737844088e-04 9.999998064829968003e-01 -3.530725859118819671e-03
9.999999821238745312e-01 1.791347600226892431e-04 6.052262625855492334e-05 -6.604208832960986944e-03 -1.791382159601018979e-04 9.999999823244885011e-01 5.710098235314632999e-05 1.029912431787204097e-04 -6.051239641801565457e-05 -5.711182324769518222e-05 9.999999965382447842e-01 -5.930946036545939326e-03
9.999999929506835361e-01 -6.680812562825630722e-05 -9.815960070688266694e-05 -7.895549378964399762e-03 6.680358651185598618e-05 9.999999966993516898e-01 -4.624475626563344328e-05 -2.006474078195992494e-03 9.816268990837859470e-05 4.623819852626173454e-05 9.999999941130576220e-01 -6.157254430296695003e-03
9.999999698136836646e-01 -3.573915525741273858e-05 2.430953404449779569e-04 -2.175480575304038384e-03 3.565720288805165634e-05 9.999999425405936559e-01 3.371162607231929158e-04 6.455202122490315796e-03 -2.431073747272458172e-04 -3.371075824470193901e-04 9.999999136286373824e-01 -7.857421082159161269e-05
9.999999373362469246e-01 2.350883184108404421e-04 2.646903563898691017e-04 -3.310762972336548596e-03 -2.350950058088608231e-04 9.999999720467874775e-01 2.523415529694013223e-05 1.504149589018145827e-02 -2.646844167357880243e-04 -2.529638109654628437e-05 9.999999646511257279e-01 2.372759364283200285e-03
9.999999268759864890e-01 3.622901698651556624e-04 -1.224493960499039517e-04 -1.336400730091480762e-02 -3.622971038385966610e-04 9.999999327680660910e-01 -5.660982017925200174e-05 1.817982006482896443e-02 1.224288786360254553e-04 5.665417910127041180e-05 9.999999909007367682e-01 -7.055664716385796724e-03
9.999999799164702718e-01 1.736499401117810426e-04 1.000637659786484502e-04 -2.500701386569804952e-03 -1.736301183160227806e-04 9.999999653111623088e-01 -1.980662925829971882e-04 -1.693495789554955860e-03 -1.000981567073979018e-04 1.980489145216009293e-04 9.999999753784929446e-01 -2.255043359945788431e-03
9.999999208686751739e-01 1.826840928813633412e-04 3.533966122637924702e-04 -1.729131745519048302e-02 -1.826600691941633007e-04 9.999999810049370330e-01 -6.801047436048349127e-05 1.280294370147555885e-02 -3.534090299828165265e-04 6.794591752907546366e-05 9.999999352427028088e-01 1.380730883867166891e-03
9.999998687224304073e-01 7.336130967165622877e-05 5.071225100554721836e-04 -1.720391699486110287e-02 -7.327962825994217236e-05 9.999999843408423628e-01 -1.610851052545680484e-04 6.739032889699590745e-04 -5.071343195286508393e-04 1.610479223586878180e-04 9.999998584391642797e-01 5.252140798973486957e-03
9.999999984105822914e-01 4.444722339278725656e-05 3.468832277948155277e-05 -5.536151095855644175e-03 -4.446661996261937910e-05 9.999998425657299350e-01 5.593668161937634517e-04 -1.209898694995367729e-03 -3.466345501651289508e-05 -5.593683577771621463e-04 9.999998429527302557e-01 -5.951313484921309446e-03
9.999999996088001497e-01 2.576066981124802859e-05 1.089897160839998388e-05 1.568880914203762099e-03 -2.575997485640413987e-05 9.999999976356274134e-01 -6.375867727068539775e-05 3.204051033591352651e-03 -1.090061404886352511e-05 6.375839648850842908e-05 9.999999979080217427e-01 -7.364690356631503967e-03
9.999998509682691550e-01 3.829637908839086556e-04 -3.891043232930201557e-04 -9.192628994454304925e-03 -3.831559710594602047e-04 9.999998046026555842e-01 -4.939495445210165302e-04 9.331704744721881079e-03 3.889150824729935350e-04 4.940985585516957787e-04 9.999998023058169760e-01 7.700184534851599316e-03
9.999972255931607323e-01 1.540273577040996789e-04 -2.350549202688423291e-03 -5.914628688046066202e-03 -1.555763030853898909e-04 9.999997708872359059e-01 -6.588030734236280861e-04 1.323700979197145987e-02 2.350447190450951750e-03 6.591669353910499735e-04 9.999970204440392640e-01 -6.547123646196344876e-03
9.999952351148062579e-01 2.538755851887769164e-04 -3.076571934896930871e-03 5.822231850253309360e-03 -2.552161389546371887e-04 9.999998726697458817e-01 -4.353449373665216945e-04 2.460522992898091579e-03 3.076461019705511481e-03 4.361280538083160208e-04 9.999951725783055023e-01 -4.236734095268219341e-03
9.999934024089948137e-01 2.338589072037010872e-04 -3.624975654208249971e-03 3.943924796361842483e-03 -2.357389391690127805e-04 9.999998379404849702e-01 -5.182143921676722739e-04 1.519243344150393062e-02 3.624853877695004278e-03 5.190655211162962515e-04 9.999932954801997731e-01 -1.143085928069043772e-02
9.999949980889379919e-01 1.651677852855508528e-05 -3.162834851980401377e-03 2.158792011191612917e-02 -1.560806621127799033e-05 9.999999585978054384e-01 2.873339096526712441e-04 3.402470978728224654e-03 3.162839466862646821e-03 -2.872831066982250102e-04 9.999949569447454945e-01 -9.587975796260509234e-03
9.999964083142858229e-01 2.146141733597783713e-04 -2.671572436723461744e-03 4.544690332009384409e-02 -2.129057894402401163e-04 9.999997727047574836e-01 6.397355377480208084e-04 1.176156738732548473e-02 2.671709125801359323e-03 -6.391644467803416808e-04 9.999962267124596904e-01 -4.002180470974789697e-03
9.999962767941320552e-01 1.717741998123888830e-04 -2.723397051076153520e-03 7.133317155422480571e-02 -1.705441290407465793e-04 9.999998833534290421e-01 4.518936029495153263e-04 1.537857013686557729e-02 2.723474357063273080e-03 -4.514274610784932700e-04 9.999961894430767773e-01 -3.694579304695367813e-03
9.999939997615140408e-01 -1.514683005609244906e-04 -3.460852253865344050e-03 9.752144112916773244e-02 1.498253786292424571e-04 9.999998759777635193e-01 -4.749703291759327828e-04 7.653243655232047984e-03 3.460923767591284235e-03 4.744489557413687319e-04 9.999938984338171410e-01 -1.151291931746856005e-02
9.999944407291486703e-01 2.955983915192008466e-04 -3.321314858320963473e-03 1.277781640969670729e-01 -2.972469096753495126e-04 9.999998328823750393e-01 -4.958623768063314882e-04 2.423651411931038516e-02 3.321167727149713575e-03 4.968468707507685874e-04 9.999943614781611201e-01 -2.243370544706812381e-03
9.999934196401020214e-01 -3.538623211285074469e-04 -3.610465060419070556e-03 1.534287292805772418e-01 3.527014709842214821e-04 9.999998859087914083e-01 -3.221553608350521264e-04 6.090068442949139738e-04 3.610578647140497578e-03 3.208798245990878394e-04 9.999934303574053995e-01 -1.929277943292239533e-03
9.999877853011277518e-01 2.760719179134867360e-05 -4.942518223388445674e-03 1.947234595018862979e-01 -2.964046706195179828e-05 9.999999149720607550e-01 -4.113116991630331120e-04 2.358042297011786817e-02 4.942506447975342741e-03 4.114531736630886219e-04 9.999877010925172227e-01 -1.478374227639467527e-02
9.999839276344244521e-01 -1.763079862360138130e-04 -5.666867593666461388e-03 2.469457455907338728e-01 1.727793178521781921e-04 9.999997909046794975e-01 -6.231676376148278986e-04 1.987940623947214921e-02 5.666976278182240916e-03 6.221785043195489362e-04 9.999837490048382183e-01 -9.437905068000903425e-03
9.999798746341136413e-01 -4.251389806029148215e-04 -6.330053995786018295e-03 3.012642046433093856e-01 4.191254124966325100e-04 9.999994596819929971e-01 -9.512989071377767319e-04 1.655480177111333037e-02 6.330455009791487522e-03 9.486266754070934743e-04 9.999795125135313434e-01 -8.531133457724449261e-04
9.999733777637127563e-01 -3.785553130839182574e-04 -7.287006223817554286e-03 3.667186720630651875e-01 3.744274245018549305e-04 9.999997686874770864e-01 -5.678284038405199833e-04 2.419835074589294852e-02 7.287219492700953115e-03 5.650848320058692422e-04 9.999732881988387945e-01 -6.822003041298960874e-03
9.999712225253305498e-01 -6.604035300783311089e-04 -7.557644366691112017e-03 4.477262202553278780e-01 6.568324480654370639e-04 9.999996714801807629e-01 -4.749849109338056185e-04 2.406895881753032956e-02 7.557955565567065284e-03 4.700071360165811781e-04 9.999713277894326513e-01 -9.262564252556908587e-03
9.999683261971352710e-01 -1.032976750761073655e-03 -7.891740082647917542e-03 5.271369474916911546e-01 1.029640196029648746e-03 9.999993788233171310e-01 -4.268419455869673575e-04 2.401737291704242327e-02 7.892176098289033909e-03 4.187027730736157739e-04 9.999687686345115623e-01 -1.553595944383050556e-02
9.999692013315718553e-01 -1.461079200286959220e-03 -7.711137132022807469e-03 6.296990717498048840e-01 1.460736584785985717e-03 9.999989318705861940e-01 -5.006312485827463720e-05 3.141507036620414667e-02 7.711202041720854536e-03 3.879764286164424957e-05 9.999702674868962138e-01 -5.730228918048141384e-03
9.999657909352355212e-01 -1.887035666582034593e-03 -8.053325751626868451e-03 7.334621365176260399e-01 1.885821169574967331e-03 9.999982092927042210e-01 -1.583979211070615366e-04 2.261816736308408168e-02 8.053610233004330349e-03 1.432053702744186653e-04 9.999675589010059706e-01 -1.396410559324547801e-02
9.999648343038310960e-01 -2.084709401324044004e-03 -8.123062379646934020e-03 8.535298895984501089e-01 2.081268868462033891e-03 9.999977408533994305e-01 -4.319814747846075268e-04 3.556960489527424829e-02 8.123944584299854291e-03 4.150600070079803780e-04 9.999669140774517517e-01 -1.563523202073996074e-02
9.999649786510600435e-01 -2.682517781735787796e-03 -7.927519772013495725e-03 9.764968200561285894e-01 2.680664256944772020e-03 9.999963771411295443e-01 -2.444253614918827518e-04 3.494680470849181875e-02 7.928146727106677449e-03 2.231657824869486581e-04 9.999685468486031459e-01 -1.989017967452435046e-02
9.999710137323524206e-01 -2.721649956191746905e-03 -7.110859062554036360e-03 1.116596300785684504e+00 2.722274207779989616e-03 9.999962915540305808e-01 7.811097173634230773e-05 5.507062230977213119e-02 7.110620101594603178e-03 -9.746641581195879028e-05 9.999747144713553304e-01 -1.333290981261782589e-02
9.999699369933818804e-01 -3.136876364569136846e-03 -7.091199907301094785e-03 1.250741379489324290e+00 3.134355215922885168e-03 9.999950206921323081e-01 -3.666174058938064298e-04 6.800201721407773958e-02 7.092314631508993272e-03 3.443800448557056090e-04 9.999747899200021051e-01 -1.304896634555458707e-02
9.999656625488264616e-01 -3.666294204462402367e-03 -7.431824143021297131e-03 1.404109295718504402e+00 3.667677317251265452e-03 9.999932591730645859e-01 1.724863140083673376e-04 6.710993123029269924e-02 7.431141660807536777e-03 -1.997379241031415177e-04 9.999723687374459935e-01 -2.232247481888561050e-02
9.999706183761203349e-01 -3.885341915711758645e-03 -6.608063458943557594e-03 1.561324144428253513e+00 3.886221301513647849e-03 9.999924413843013227e-01 1.202425068450384380e-04 7.007854434388305354e-02 6.607546327879463763e-03 -1.459193709008283846e-04 9.999781592810225161e-01 -1.941764327611549684e-02
9.999720629923141146e-01 -4.515183407917508669e-03 -5.957042360792621540e-03 1.745118140334676937e+00 4.517506835802789951e-03 9.999897250872112897e-01 3.766324363575552950e-04 8.474775971452017109e-02 5.955280588174361074e-03 -4.035328939603335051e-04 9.999821857384858514e-01 -1.391078375730330809e-02
9.999695997103692502e-01 -5.133920715650775769e-03 -5.868774418001859901e-03 1.927384042317064949e+00 5.145769183389991251e-03 9.999847492260933723e-01 2.005585884107530508e-03 9.225511007188050283e-02 5.858388395732665350e-03 -2.035724272260195766e-03 9.999807673710989775e-01 -7.498894357344831549e-03
9.999659617262499633e-01 -5.444558309333943392e-03 -6.199368815631535641e-03 2.142960645149438292e+00 5.464616808748331590e-03 9.999798741325651719e-01 3.223242614619561269e-03 1.175398300332874402e-01 6.181694915596146374e-03 -3.257010076038612326e-03 9.999755889687182986e-01 -1.946983043294503793e-02
9.999660571716301183e-01 -5.990339913033338945e-03 -5.656883625321286642e-03 2.342747410258077867e+00 6.019094147134989095e-03 9.999689826812789839e-01 5.079781591365011874e-03 1.318901189725276146e-01 5.626278545542665911e-03 -5.113658484330495073e-03 9.999710973256344948e-01 -1.452731788984128886e-02
9.999609990231398404e-01 -6.743606447525220954e-03 -5.702999625203746675e-03 2.576520615650109924e+00 6.773297268047222611e-03 9.999635250242903117e-01 5.202986172788531469e-03 1.323221807816974682e-01 5.667704717329743319e-03 -5.241411363026270143e-03 9.999702019211176296e-01 -1.748863637002266366e-02
9.999604291457749872e-01 -7.244753090729342919e-03 -5.162721690346741901e-03 2.804421176519413805e+00 7.275908726210133896e-03 9.999552783861451744e-01 6.041719945072868136e-03 1.434111434172082866e-01 5.118720035855478523e-03 -6.079044360851441203e-03 9.999684214638246971e-01 -1.646311727484964238e-02
9.999576499343237890e-01 -7.767988294755887209e-03 -4.935250315522152209e-03 3.045668898503442801e+00 7.799796175383203085e-03 9.999487221085046063e-01 6.458818250350512741e-03 1.571814683072844387e-01 4.884825221725291530e-03 -6.497038665508988314e-03 9.999669629398423298e-01 -1.798084629442858740e-02
9.999558411898077370e-01 -8.517592328372387486e-03 -3.970678948442821730e-03 3.299841166271114901e+00 8.543565159233353426e-03 9.999419147402895947e-01 6.570741198168867335e-03 1.661463491842949947e-01 3.914481415703631277e-03 -6.604374796377892980e-03 9.999705291001306229e-01 -1.500294511633450990e-02
9.999438908515285718e-01 -9.186416579374924105e-03 -5.274931197324172691e-03 3.576205747654323641e+00 9.212646172528522401e-03 9.999452120233587316e-01 4.969919723683735059e-03 1.708892946730698192e-01 5.228986441569138596e-03 -5.018236940425447289e-03 9.999737371545333042e-01 -2.578267183759060804e-02
9.999196301779289531e-01 -9.868142127850306616e-03 -7.959457002734753039e-03 3.843467077041724966e+00 9.906555998056652129e-03 9.999394020391834115e-01 4.801291261490469968e-03 1.710516751723127893e-01 7.911594851305586013e-03 -4.879756189077787999e-03 9.999567963899460565e-01 -1.801377141184066361e-02
9.998775751835301540e-01 -1.045745807354515021e-02 -1.163942506072112616e-02 4.123809504570601803e+00 1.048595353313373606e-02 9.999421650159355801e-01 2.389853916985009135e-03 1.932864803702759593e-01 1.161376009761944973e-02 -2.511611809896946348e-03 9.999294036993368051e-01 -1.575247630302231000e-02
9.998195744491589210e-01 -1.074093694066937527e-02 -1.566687020241614228e-02 4.421641064645045915e+00 1.071700412225269280e-02 9.999412739029146513e-01 -1.610766295832979445e-03 2.087326288201335200e-01 1.568325128748531208e-02 1.442573759894685967e-03 9.998759696132319963e-01 -2.013149419547258928e-02
9.997792259294003836e-01 -1.072335359082375768e-02 -1.806956246772763869e-02 4.712252827551760781e+00 1.065433492085648449e-02 9.999355903473640117e-01 -3.911560310529823767e-03 2.144522888650716441e-01 1.811034365778745048e-02 3.718177569033163932e-03 9.998290806973769707e-01 -1.962462584278919231e-02
9.997439562616993181e-01 -1.174993001562129984e-02 -1.933807288313334899e-02 5.025467034605503258e+00 1.161688513313963687e-02 9.999081737884190080e-01 -6.977963235239368137e-03 2.101858437392370993e-01 1.941828772082685589e-02 6.751528400067249858e-03 9.997886511489587624e-01 -1.655353047073898284e-02
9.997261042532586961e-01 -1.195441907940920055e-02 -2.011984938006165444e-02 5.338281030140125338e+00 1.176406332515035104e-02 9.998851668161319317e-01 -9.553009743417550936e-03 2.211970524519734915e-01 2.023173963564088920e-02 9.313702032480719595e-03 9.997519350647768865e-01 -1.879655174024907893e-02
9.997302681552294734e-01 -1.196302523211130800e-02 -1.990670644704430406e-02 5.667264135343842213e+00 1.171969044253795902e-02 9.998557200178485038e-01 -1.229585310260753427e-02 2.469034358626572001e-01 2.005092990871025840e-02 1.205923608217730585e-02 9.997262300424603065e-01 -7.601327905695644954e-03
9.997054079764282619e-01 -1.272465214969535109e-02 -2.066834512853627653e-02 5.993737770222825390e+00 1.247411630585973201e-02 9.998476964724420935e-01 -1.220574787300112568e-02 2.619922972717242948e-01 2.082051116257523787e-02 1.194433281605300143e-02 9.997118781071416826e-01 -5.858147968851519158e-03
9.997307452661473581e-01 -1.327195625464219937e-02 -1.903397348870044387e-02 6.335674464211699330e+00 1.310499545429612105e-02 9.998747850331501930e-01 -8.869799831707964044e-03 2.715713070756236025e-01 1.914930974569489797e-02 8.617971460068339640e-03 9.997794929404067998e-01 -1.917587603082771680e-02
9.998396885376770182e-01 -1.415883452420979398e-02 -1.096013821979207638e-02 6.697029547827419549e+00 1.410996470221930442e-02 9.998902177109358913e-01 -4.523430344258791772e-03 3.030055188997677340e-01 1.102298149245599899e-02 4.368058023112877247e-03 9.999297045033334053e-01 -1.023542224553432300e-02
9.998697601244148636e-01 -1.613424518463742185e-02 3.859029245260220701e-04 7.065738672611592719e+00 1.613501666074136642e-02 9.998676432627123800e-01 -2.087389189156715289e-03 3.235189498724714841e-01 -3.521733987004061362e-04 2.093343877965077923e-03 9.999977469401147845e-01 -2.132406070440004756e-02
9.997580312227015709e-01 -1.751566175369178441e-02 1.330716344823392600e-02 7.426785215980678423e+00 1.754029822192612609e-02 9.998446484734967443e-01 -1.736910243959631072e-03 3.637109931539132535e-01 -1.327467302774909541e-02 1.969901581281560676e-03 9.999099472171313341e-01 -3.188481347890356060e-02
9.995781868871702613e-01 -1.946254888376034928e-02 2.155591543647927474e-02 7.796282618793280328e+00 1.956766892006367095e-02 9.997975980401176965e-01 -4.676460867586666910e-03 3.694990915567064604e-01 -2.146053662870947912e-02 5.096287291600999116e-03 9.997567070159866232e-01 -3.731096912482925049e-02
9.995495392656525979e-01 -2.064934050971797483e-02 2.177896439997390604e-02 8.176819113257588256e+00 2.083984818480809700e-02 9.997462077467611508e-01 -8.556916711300877054e-03 3.777646257327658130e-01 -2.159674238064068080e-02 9.006932468033152644e-03 9.997261904571973501e-01 -3.953296159097137441e-02
9.995850747775503198e-01 -2.159859002863666680e-02 1.905726084026796927e-02 8.553239479480849283e+00 2.177396698843341374e-02 9.997220150834492669e-01 -9.043612059032927336e-03 4.082096905677379817e-01 -1.885663393996251172e-02 9.454811804713542794e-03 9.997774921902331524e-01 -3.802562283240894236e-02
9.995535759805579401e-01 -2.344736481355636643e-02 1.851674452432044982e-02 8.945753691241156602e+00 2.357125206876995588e-02 9.997010227727005649e-01 -6.500857107095641026e-03 4.134047746522108158e-01 -1.835878047119308271e-02 6.934417821011846193e-03 9.998074159702428076e-01 -3.472838996102829701e-02
9.995412085619496123e-01 -2.479317551597973873e-02 1.739743758003052532e-02 9.341094603155188025e+00 2.485524992494692054e-02 9.996854110367421331e-01 -3.360879567665201514e-03 4.518595841231529686e-01 -1.730863766116968322e-02 3.791755284000560434e-03 9.998430045032973279e-01 -3.838631454565261808e-02
9.995858729111383179e-01 -2.585253647270946767e-02 1.263839524642592499e-02 9.731761700168855000e+00 2.586596842002064287e-02 9.996650143163726687e-01 -9.004607381487519284e-04 4.831103239280630790e-01 -1.261088237087911595e-02 1.226992165288419987e-03 9.999197268461375021e-01 -5.544797804079747844e-02
9.996246299239046618e-01 -2.696397772328965742e-02 4.852128897157768905e-03 1.015640202444191686e+01 2.695235181454932322e-02 9.996337275630233776e-01 2.445700333221949904e-03 5.017996326794834649e-01 -4.916297505384921440e-03 -2.314006005416024362e-03 9.999852375885582845e-01 -7.625220326425495576e-02
9.996073476153599646e-01 -2.801922689057716881e-02 -2.711417328233455427e-04 1.056570303167085889e+01 2.801993559262232203e-02 9.996025222453488457e-01 3.111387170081864138e-03 5.272618751852378161e-01 1.838552969532361104e-04 -3.117762850380175182e-03 9.999951228641260625e-01 -9.304246118441716895e-02
9.995808554034207871e-01 -2.892661919298602363e-02 -1.167995303751973024e-03 1.101174122674543909e+01 2.892841860145714539e-02 9.995802773434001587e-01 1.554266164462718728e-03 5.743688538994898840e-01 1.122545404196230272e-03 -1.587402959269711535e-03 9.999981100200442397e-01 -9.947884409556216612e-02
9.995449606559854150e-01 -3.015918241213756332e-02 -5.434551094782184627e-04 1.148237009861476388e+01 3.016032157298067021e-02 9.995425941987989837e-01 2.226518571557959628e-03 5.751985108162975813e-01 4.760565502148223090e-04 -2.241896198870064246e-03 9.999973736323483076e-01 -9.346784456121370877e-02
9.995298416801009500e-01 -3.066070581192332015e-02 1.292674241778195450e-04 1.194247231752841820e+01 3.065964853467368148e-02 9.995168742274900264e-01 5.099420186477505654e-03 6.358622148910585414e-01 -2.855567939026231817e-04 -5.093059357857898303e-03 9.999869895172111001e-01 -9.648782274652785429e-02
9.994899797405244479e-01 -3.193347957789788305e-02 1.824289836536845154e-04 1.242173937274075080e+01 3.193193173415363739e-02 9.994739441212948661e-01 5.673337496396034171e-03 6.668866621359463842e-01 -3.635024228940723304e-04 -5.664618669481669491e-03 9.999838898508904839e-01 -9.723555926681828887e-02
9.994538508875133731e-01 -3.302316090158577411e-02 -1.212761389658399431e-03 1.291592166877442871e+01 3.302861420181434082e-02 9.994429194719354204e-01 4.791801469402533382e-03 6.742467656940199783e-01 1.053845352970497317e-03 -4.829240259340690684e-03 9.999877838496276095e-01 -1.003682094555688326e-01
9.994264059962705282e-01 -3.369795775715156427e-02 -3.362534813943932142e-03 1.341795582957402821e+01 3.370858060257149458e-02 9.994267271536243502e-01 3.154147231001558967e-03 7.262726125666197907e-01 3.254318843889978264e-03 -3.265684306867758669e-03 9.999893723009610769e-01 -1.064398743241477679e-01
9.993828418488188703e-01 -3.485361264008471349e-02 -4.377339844436255352e-03 1.392223393347442517e+01 3.486955703525945749e-02 9.993853138702680772e-01 3.620554182789920139e-03 7.446645380366772038e-01 4.248459761319358687e-03 -3.770955629632501832e-03 9.999838651114806298e-01 -1.097597901766863976e-01
9.993658464072725511e-01 -3.526592170558925238e-02 -4.921361694798551123e-03 1.446662655191184044e+01 3.528843900427026253e-02 9.993667377467013724e-01 4.566131640435612711e-03 8.326833361900510821e-01 4.757216341273389631e-03 -4.736903183635814661e-03 9.999774650665439468e-01 -1.178410441417145488e-01
9.993118117433239522e-01 -3.672355623543825665e-02 -5.223344493524908864e-03 1.500737695130082727e+01 3.675079775426687290e-02 9.993108349684929337e-01 5.218618495199132956e-03 8.477176972527197263e-01 5.028098517372713190e-03 -5.406989180317062563e-03 9.999727409751245633e-01 -1.207179127742025321e-01
9.992547993659957051e-01 -3.851580664213526822e-02 -2.525585621053131995e-03 1.557202971221889065e+01 3.852998391252592664e-02 9.992404481292654905e-01 5.828135390083106354e-03 8.641513760683535716e-01 2.299191972001334364e-03 -5.921103033244237701e-03 9.999798269240962600e-01 -1.192902263991746925e-01
9.992180093467956103e-01 -3.953946574656930224e-02 2.110694291155415839e-05 1.613829778356754829e+01 3.953906633127936276e-02 9.992100470988481975e-01 3.992995162559219609e-03 9.124819494668551245e-01 -1.789711648769938849e-04 -3.989038128847976865e-03 9.999920277402859492e-01 -1.193845379374022797e-01
9.991738414016756442e-01 -4.061986736721327068e-02 1.288810959389653484e-03 1.670989849992999510e+01 4.061766310132652186e-02 9.991733283663837284e-01 1.692727216602663747e-03 9.458950171885607272e-01 -1.356503890955704618e-03 -1.638980266108263631e-03 9.999977368178796233e-01 -1.376475599231163915e-01
9.991440740627662853e-01 -4.132784332551703993e-02 1.768793746844078609e-03 1.729313180512993142e+01 4.132647148677402044e-02 9.991453719764907815e-01 8.052405930597278817e-04 9.878579879498396998e-01 -1.800560943209536611e-03 -7.314533624054786378e-04 9.999981114763509815e-01 -1.456189811372214371e-01
9.990957707536233245e-01 -4.248802308601638128e-02 1.552016902469676926e-03 1.787789301576397349e+01 4.248366732139851470e-02 9.990934062993136466e-01 2.739251751736645427e-03 1.032008109961735753e+00 -1.666995245388736349e-03 -2.670839470427827708e-03 9.999950438594058522e-01 -1.488374219521937936e-01
9.990440629899521863e-01 -4.368781419672551625e-02 1.528101842441564667e-03 1.846337123065083219e+01 4.368113564212021405e-02 9.990368608818319673e-01 4.160407238464437947e-03 1.095137309088183075e+00 -1.708389166197310733e-03 -4.089680927353654856e-03 9.999901779099479304e-01 -1.419828886754476993e-01
9.989765243949974005e-01 -4.515527060885574789e-02 2.627783083178021183e-03 1.903692732684249833e+01 4.514184622128018104e-02 9.989682663651628935e-01 4.961503312033785883e-03 1.151280333278741796e+00 -2.849109935667670356e-03 -4.837802354586075333e-03 9.999842389962716460e-01 -1.517233795227104498e-01
9.988914317901407269e-01 -4.699245694656477984e-02 2.759798247676420978e-03 1.963336487863488955e+01 4.698615005025160579e-02 9.988928760951318875e-01 2.307333926999402107e-03 1.178087283005089247e+00 -2.865170099289673054e-03 -2.175103795384654686e-03 9.999935298409592388e-01 -1.665469845230021229e-01
9.988350830790658774e-01 -4.820377805600172677e-02 2.207394745664374106e-03 2.022024652043735671e+01 4.820303965472477054e-02 9.988374830576332020e-01 3.865321944302835917e-04 1.215132860347123867e+00 -2.223460923985864836e-03 -2.796787800776151349e-04 9.999974889974971859e-01 -1.680288415911581623e-01
9.988098811070251770e-01 -4.875172131941941239e-02 1.446053720935239770e-03 2.082340176528786557e+01 4.875392179622497352e-02 9.988096522871261485e-01 -1.527614990031887473e-03 1.279192761786985155e+00 -1.369858553918429410e-03 1.596297736594675656e-03 9.999977876580919967e-01 -1.745227719857994075e-01
9.987656613645782278e-01 -4.967038728449108681e-02 7.941023432719908370e-05 2.142910294468103416e+01 4.967044615820335324e-02 9.987636039690384049e-01 -2.027354242049419011e-03 1.323480359381806526e+00 2.138741853679131840e-05 2.028796142149330746e-03 9.999979417622777422e-01 -1.755158648814467426e-01
9.987363998835716572e-01 -5.023133158423138261e-02 -1.554630141673733496e-03 2.203826067040623826e+01 5.022913207335132774e-02 9.987367068084908039e-01 -1.422942194373403397e-03 1.377415512024417810e+00 1.624142469191206146e-03 1.343056441739579618e-03 9.999977791778510428e-01 -1.808156341173284831e-01
9.987016795602632335e-01 -5.088588869612306609e-02 -2.362535738378951106e-03 2.266100717997214531e+01 5.088394925204689501e-02 9.987041904153478589e-01 -8.739309696434543724e-04 1.428522330876459856e+00 2.403945095974447787e-03 7.525811785848256349e-04 9.999968273297397126e-01 -1.807098664166517377e-01
9.986615128538610664e-01 -5.161196012669968386e-02 -3.374657955624962066e-03 2.327167437376375503e+01 5.161210911434994247e-02 9.986672060027793618e-01 -4.298105013120422183e-05 1.473387276930443246e+00 3.372378568004607852e-03 -1.312496940812486149e-04 9.999943049019388575e-01 -1.849974197830727696e-01
9.986457409562493615e-01 -5.187783814475003391e-02 -3.920966637307102612e-03 2.389426447129623554e+01 5.187919814519711265e-02 9.986533374224271231e-01 2.458756986492111290e-04 1.515334661320778764e+00 3.902930918570478563e-03 -4.489593243582392919e-04 9.999922827531070313e-01 -1.857870959155236978e-01
9.986380783350928825e-01 -5.204743917016062954e-02 -3.612834762538959157e-03 2.453930376075605935e+01 5.204761749618479899e-02 9.986446032068854173e-01 -4.470719538301594982e-05 1.573286492796776015e+00 3.610264832919927221e-03 -1.433931341125007958e-04 9.999934726918197070e-01 -1.951461835581200510e-01
9.986687764155489644e-01 -5.152624012388529184e-02 -2.391984817253486016e-03 2.517818200626162550e+01 5.152608732541484604e-02 9.986716410183830162e-01 -1.255013296220032525e-04 1.633299622768466408e+00 2.395274014383565707e-03 2.084640717260892624e-06 9.999971313249105265e-01 -1.985718904889975656e-01
9.986755428122300327e-01 -5.145009223639245011e-02 2.195394369926907988e-04 2.584658302036501354e+01 5.144983508744226108e-02 9.986750289179342488e-01 1.049326087619556524e-03 1.680690823620901497e+00 -2.732364775813815030e-04 -1.036641032312030477e-03 9.999994253584336690e-01 -2.038629617875248878e-01
9.987062562531442422e-01 -5.076953952127689906e-02 2.875339567153055182e-03 2.650222773099669737e+01 5.076388238181341050e-02 9.987086654005208342e-01 2.007460942548865319e-03 1.730104712916420651e+00 -2.973544409344893325e-03 -1.858900402912653464e-03 9.999938512425652348e-01 -2.115257310718675898e-01
9.987089549372155650e-01 -5.059856618702884140e-02 4.495378519266442739e-03 2.717068189577154058e+01 5.059270546459242873e-02 9.987183764470507485e-01 1.408084067112319159e-03 1.780614984161679182e+00 -4.560864171143412353e-03 -1.178832805752385703e-03 9.999889043740577410e-01 -2.147876916630192257e-01
9.987479464025570408e-01 -4.986066838718471173e-02 4.056267330724001689e-03 2.786528560894457485e+01 4.985954529420894010e-02 9.987561680239082085e-01 3.775940326639888947e-04 1.846651809839390035e+00 -4.070049106562109893e-03 -1.748776199953656343e-04 9.999917020246158472e-01 -2.247540026104373756e-01
9.988125111996656313e-01 -4.867953109389705491e-02 1.967415435587223111e-03 2.853893825906453685e+01 4.867891585992942249e-02 9.988144141751208460e-01 3.594255306917122769e-04 1.915085662126570609e+00 -1.982579562032389751e-03 -2.632270664489847617e-04 9.999980000428959626e-01 -2.329027119566152992e-01
9.988548474727282356e-01 -4.784218975361956283e-02 -3.443251537367305747e-04 2.923743490527120059e+01 4.784267445874205993e-02 9.988536447017223319e-01 1.573202695227784954e-03 1.961319770263652229e+00 2.686649729064207923e-04 -1.587874574423616932e-03 9.999987032358933492e-01 -2.388365811163819519e-01
9.989002470904572162e-01 -4.676348077927014457e-02 -3.387215379976442949e-03 2.995732044057582755e+01 4.676942961088183248e-02 9.989042668966592320e-01 1.698831810567894094e-03 2.010746300282368892e+00 3.304060607235753590e-03 -1.855381646632103029e-03 9.999928203454507836e-01 -2.479889543260424545e-01
9.989514629357540976e-01 -4.547558712051951585e-02 -5.286366858312643857e-03 3.067998195128085470e+01 4.548874341840052765e-02 9.989619787961289132e-01 2.395650629224473777e-03 2.058109786158265564e+00 5.171935878522649493e-03 -2.633608886380068258e-03 9.999831574499152831e-01 -2.555298294445544349e-01
9.990607721201910651e-01 -4.298024716794315858e-02 -5.501996364054833472e-03 3.138977738169074172e+01 4.298521607017870283e-02 9.990753976754964683e-01 7.880094851327510254e-04 2.112876575734300655e+00 5.463040362985529391e-03 -1.023773867180995155e-03 9.999845534192322027e-01 -2.399047320791268256e-01
9.991854788641476581e-01 -4.015749128468748541e-02 -3.969221679886191824e-03 3.215099922431530644e+01 4.017128713288202480e-02 9.991868198063693640e-01 3.459308503378874956e-03 2.156768777962922545e+00 3.827076836356496214e-03 -3.615939567284208195e-03 9.999861391359053941e-01 -2.642800839014457503e-01
9.993058910952204998e-01 -3.724354527012183058e-02 8.089240382105506453e-04 3.287436080978878294e+01 3.723937745236154118e-02 9.992954673384266684e-01 4.668803255232739473e-03 2.207650100922010417e+00 -9.822369101984522455e-04 -4.635438769729408222e-03 9.999887738960194783e-01 -2.553552922811991865e-01
9.993830636796626754e-01 -3.478785765008378383e-02 4.826695595207606063e-03 3.360167571908166195e+01 3.476321459619031995e-02 9.993825696386570145e-01 5.098863929752095112e-03 2.265770460003179387e+00 -5.001093999367527826e-03 -4.927926800634684426e-03 9.999753519943664903e-01 -2.561740457842055507e-01
9.994682380567887492e-01 -3.214544725983544543e-02 5.469125718366378563e-03 3.434476551156840429e+01 3.213909779744451162e-02 9.994826304225655766e-01 1.244940301999323054e-03 2.301311012638114661e+00 -5.506315321924094494e-03 -1.068505523796053815e-03 9.999842692700326996e-01 -2.621619105736064936e-01
9.995749460471975434e-01 -2.881635804695460018e-02 4.420943751251075332e-03 3.507813839641745801e+01 2.881587794493718074e-02 9.995847215227204874e-01 1.722689981497853436e-04 2.326785731778371336e+00 -4.424071993592992511e-03 -4.480239899369274918e-05 9.999902127419750819e-01 -2.720595255620040787e-01
9.996750531027963627e-01 -2.528183633680326087e-02 3.258366977555521293e-03 3.581185548598298851e+01 2.527915939865690853e-02 9.996800609428285744e-01 8.601473360774893138e-04 2.379097848053657760e+00 -3.279070602873052076e-03 -7.774990556645470455e-04 9.999943215794776519e-01 -2.742999622991440511e-01
9.997653437177298485e-01 -2.160167356303869038e-02 1.620246970477558224e-03 3.653899605462238753e+01 2.159781378863943543e-02 9.997639473845025826e-01 2.363038236852993412e-03 2.427811157986353496e+00 -1.670910087551902203e-03 -2.327489942725489980e-03 9.999958954165990566e-01 -2.781248001830861072e-01
9.998225891480836403e-01 -1.883011568104920111e-02 -4.658032423439557607e-04 3.723931009400435954e+01 1.883189146734050648e-02 9.998140175740560798e-01 4.158139750831781230e-03 2.448857054684418610e+00 3.874183586008005803e-04 -4.166174007821155968e-03 9.999912464122633349e-01 -2.786687291481380058e-01
9.998779582810443101e-01 -1.556536389346577752e-02 -1.337157654955277138e-03 3.797224523274154251e+01 1.557334755368786593e-02 9.998596077094461521e-01 6.183503625327253436e-03 2.474946479350974116e+00 1.240721444264482809e-03 -6.203573000810341798e-03 9.999799879459195795e-01 -2.919794179024465253e-01
9.999262086541516048e-01 -1.191255364095326029e-02 -2.380821766862813247e-03 3.870834320647252724e+01 1.192392403542934069e-02 9.999172899124187941e-01 4.820100600722907087e-03 2.494930845508898098e+00 2.323205141925058139e-03 -4.848133656902423212e-03 9.999855490545417336e-01 -2.964343054682714862e-01
9.999563365329507958e-01 -7.692817494306293177e-03 -5.305241427061855967e-03 3.940835340433738310e+01 7.713279508589309524e-03 9.999628510015250438e-01 3.847328439870843428e-03 2.516422517527787228e+00 5.275447547127591445e-03 -3.888081262159757273e-03 9.999785260080720217e-01 -2.917560177393649923e-01
9.999641623675979973e-01 -2.465949144783442879e-03 -8.098955197031047423e-03 4.012847107900943655e+01 2.511898439819717794e-03 9.999807806333508298e-01 5.668221073866133893e-03 2.539452923163862508e+00 8.084821995332098707e-03 -5.688361691166507993e-03 9.999511379035348480e-01 -2.955702329690164110e-01
9.999690983731724936e-01 2.775253148049142485e-03 -7.355288485760527045e-03 4.082972404814133682e+01 -2.712394021325665108e-03 9.999598347498518391e-01 8.542353640656861688e-03 2.556511105635262737e+00 7.378700252591565908e-03 -8.522139227518528079e-03 9.999364619442423496e-01 -2.957640341854556043e-01
9.999560177749140522e-01 7.221017084997390784e-03 -5.984933415990703262e-03 4.153826455999981704e+01 -7.163454328675411195e-03 9.999284113270706653e-01 9.584213217658017758e-03 2.556954521629953625e+00 6.053712729940848372e-03 -9.540918885449393289e-03 9.999361596767089022e-01 -2.951278956749358584e-01
9.999063208408535131e-01 1.266708005133186307e-02 -5.186002842382724659e-03 4.224372486872099586e+01 -1.261393873376492891e-02 9.998688772309418660e-01 1.015464891350328393e-02 2.581707148447979883e+00 5.313952590010204147e-03 -1.008828171240469355e-02 9.999349921269693464e-01 -2.921986063596008210e-01
9.998226814662082296e-01 1.841124467095801506e-02 -3.953693891450229918e-03 4.295142408195195571e+01 -1.836620565186364643e-02 9.997692556728463575e-01 1.114082139324644970e-02 2.595306611765064719e+00 4.157897987519978793e-03 -1.106623156403687032e-02 9.999301227602339637e-01 -2.882886713482437080e-01
9.997010814968487757e-01 2.436163715128969107e-02 -2.063562293686376989e-03 4.365243294432485044e+01 -2.433536005820370260e-02 9.996327452437245853e-01 1.192329179935222236e-02 2.587418626341554173e+00 2.353275349083916446e-03 -1.186951017539553468e-02 9.999267857314991792e-01 -3.025140244067098805e-01
9.995347939306629126e-01 3.042279960793357538e-02 2.156150737470864231e-03 4.435286135692953025e+01 -3.044528156062221644e-02 9.994725559959426464e-01 1.130020538006686059e-02 2.576201193367658959e+00 -1.811229604886274453e-03 -1.136059307222874251e-02 9.999338259966834563e-01 -3.030211167065346989e-01
9.993073004733914466e-01 3.668484434147063072e-02 6.256310112591141441e-03 4.505274568055098428e+01 -3.675001858041673092e-02 9.992678282456209926e-01 1.064159610298295172e-02 2.568238904452058602e+00 -5.861344122457336041e-03 -1.086414418728262957e-02 9.999238046052089102e-01 -3.158271598194455354e-01
9.990391212520974840e-01 4.288174479256300076e-02 9.054842427257566578e-03 4.574387023505258298e+01 -4.296084964649832250e-02 9.990386122890092535e-01 8.730209235846083174e-03 2.544565779358483049e+00 -8.671770608585815943e-03 -9.110824287416762271e-03 9.999208935087394723e-01 -3.180643727307807533e-01
9.987526269849588134e-01 4.904669615698158125e-02 9.360111469872986825e-03 4.643819587028130513e+01 -4.912436109883362712e-02 9.987585466329655937e-01 8.256068933682832525e-03 2.536784637142039056e+00 -8.943558423531458926e-03 -8.705580031856010106e-03 9.999221097860742091e-01 -3.248804399616206373e-01
9.984793635521614918e-01 5.446140700967341819e-02 8.539069445627985727e-03 4.712398611042061702e+01 -5.452986888884002459e-02 9.984800861353544388e-01 8.000686851828815727e-03 2.511057934561140570e+00 -8.090362132592014005e-03 -8.454155053096976125e-03 9.999315343076753404e-01 -3.289756805304687171e-01
9.981848433347962901e-01 5.984858266796586057e-02 6.720542338516563227e-03 4.780116907834101880e+01 -5.989680899942043113e-02 9.981784648523485126e-01 7.219735223389468944e-03 2.487742701610293761e+00 -6.276209714077825991e-03 -7.609169313700372798e-03 9.999513536837580929e-01 -3.389251788025855472e-01
9.978703618163706768e-01 6.503559438398258397e-02 5.011234537275539858e-03 4.849924460924974312e+01 -6.507518028515600628e-02 9.978467634760345151e-01 8.188866298660448309e-03 2.443693761248812102e+00 -4.467876376975375360e-03 -8.497533967274590108e-03 9.999539139366149243e-01 -3.446501815077381292e-01
9.975052431458556468e-01 7.040776959444566829e-02 5.102536355862332187e-03 4.918033602987815556e+01 -7.044834658107368419e-02 9.974811934689272741e-01 8.264329361620678660e-03 2.428165007260516539e+00 -4.507811056418549109e-03 -8.603177118941186807e-03 9.999528313790304601e-01 -3.479738035353588388e-01
9.971145691437158787e-01 7.554078731318113193e-02 7.491692295235824819e-03 4.987701763893725371e+01 -7.560574327680087692e-02 9.970989306841289146e-01 8.803068336046548925e-03 2.397127510954472740e+00 -6.804967663717477119e-03 -9.344082655422129846e-03 9.999331880352928525e-01 -3.594671212079402212e-01
9.967166798680179296e-01 8.053048368267301527e-02 8.408404766058736809e-03 5.057694446036799718e+01 -8.058520510757702371e-02 9.967272720368952621e-01 6.385130825496949589e-03 2.345534915615386851e+00 -7.866688670901339844e-03 -7.041759419612627496e-03 9.999442628635014652e-01 -3.670372780591036332e-01
9.963028298818408235e-01 8.552222550098029230e-02 8.162114603160023490e-03 5.125871826125797526e+01 -8.555058086676464724e-02 9.963287222524956910e-01 3.189879005288560887e-03 2.312562368519776257e+00 -7.859343661833731454e-03 -3.876359125351107326e-03 9.999616015413473891e-01 -3.733350364688320933e-01
9.959572631520536845e-01 8.965371270579260143e-02 5.598372329350159889e-03 5.195751497138875408e+01 -8.965607918371125418e-02 9.959727695315216955e-01 1.726763288262779723e-04 2.248227530775794847e+00 -5.560345319755833314e-03 -6.739063567290798102e-04 9.999843140820496856e-01 -3.816914916973135341e-01
