1.000000000000000000e+00 0.000000000000000000e+00 0.000000000000000000e+00 0.000000000000000000e+00 0.000000000000000000e+00 1.000000000000000000e+00 0.000000000000000000e+00 0.000000000000000000e+00 0.000000000000000000e+00 0.000000000000000000e+00 1.000000000000000000e+00 0.000000000000000000e+00
9.999999383849531576e-01 2.452305367488845779e-04 2.511813562861935881e-04 -1.882447254466177930e-02 -2.452709845761988513e-04 9.999999569586022208e-01 1.610122287502928329e-04 1.058719617684155019e-02 -2.511418603597173073e-04 -1.610738263280803097e-04 9.999999554914932309e-01 2.959496322724088167e-03
9.999998377728346322e-01 2.088618347712420040e-04 5.299349379602558228e-04 -1.447614236500628301e-02 -2.085438364317486774e-04 9.999997982218050696e-01 -6.000548452772699838e-04 1.529704469333681600e-02 -5.300601595868885754e-04 5.999442332670518749e-04 9.999996795515208037e-01 8.446388933798161178e-03
9.999999351027953898e-01 3.484063485467905484e-04 9.169199175044454465e-05 -8.703864736805263028e-03 -3.483498635557325863e-04 9.999997500128812167e-01 -6.153263748995655173e-04 1.713790302202875329e-02 -9.190635244407099544e-05 6.152943940737884204e-04 9.999998064829968003e-01 -3.530725859118453644e-03
9.999999821238745312e-01 1.791347600226872374e-04 6.052262625855400177e-05 -6.604208832960931433e-03 -1.791382159600998921e-04 9.999999823244885011e-01 5.710098235314361271e-05 1.029912431787065319e-04 -6.051239641801473300e-05 -5.711182324769246494e-05 9.999999965382447842e-01 -5.930946036545864733e-03
9.999999929506835361e-01 -6.680812562825411171e-05 -9.815960070687877737e-05 -7.895549378964568030e-03 6.680358651185379067e-05 9.999999966993516898e-01 -4.624475626563702115e-05 -2.006474078196100047e-03 9.816268990837470512e-05 4.623819852626531241e-05 9.999999941130576220e-01 -6.157254430296122544e-03
9.999999698136836646e-01 -3.573915525741094287e-05 2.430953404449767642e-04 -2.175480575302774638e-03 3.565720288804986063e-05 9.999999425405936559e-01 3.371162607231896632e-04 6.455202122490523962e-03 -2.431073747272446245e-04 -3.371075824470161375e-04 9.999999136286373824e-01 -7.857421082152048902e-05
9.999999373362469246e-01 2.350883184108241248e-04 2.646903563898665539e-04 -3.310762972334496419e-03 -2.350950058088445058e-04 9.999999720467874775e-01 2.523415529693754031e-05 1.504149589018094306e-02 -2.646844167357854764e-04 -2.529638109654368567e-05 9.999999646511257279e-01 2.372759364283211127e-03
9.999999268759864890e-01 3.622901698651796233e-04 -1.224493960498941939e-04 -1.336400730091528641e-02 -3.622971038386206218e-04 9.999999327680660910e-01 -5.660982017925921168e-05 1.817982006482980750e-02 1.224288786360156975e-04 5.665417910127762175e-05 9.999999909007367682e-01 -7.055664716385258960e-03
9.999999799164702718e-01 1.736499401117760010e-04 1.000637659786486670e-04 -2.500701386570679252e-03 -1.736301183160177391e-04 9.999999653111623088e-01 -1.980662925829939898e-04 -1.693495789554751163e-03 -1.000981567073981187e-04 1.980489145215977309e-04 9.999999753784929446e-01 -2.255043359945863024e-03
9.999999208686751739e-01 1.826840928813551013e-04 3.533966122638024991e-04 -1.729131745518955668e-02 -1.826600691941550607e-04 9.999999810049370330e-01 -6.801047436048538862e-05 1.280294370147618682e-02 -3.534090299828265553e-04 6.794591752907736101e-05 9.999999352427028088e-01 1.380730883868003678e-03
9.999998687224304073e-01 7.336130967161696710e-05 5.071225100554689310e-04 -1.720391699486029796e-02 -7.327962825990291069e-05 9.999999843408423628e-01 -1.610851052545698916e-04 6.739032889680994509e-04 -5.071343195286475867e-04 1.610479223586896611e-04 9.999998584391642797e-01 5.252140798973558081e-03
9.999999984105822914e-01 4.444722339278295363e-05 3.468832277948047534e-05 -5.536151095856428270e-03 -4.446661996261507617e-05 9.999998425657299350e-01 5.593668161937580307e-04 -1.209898694996032129e-03 -3.466345501651183121e-05 -5.593683577771567253e-04 9.999998429527302557e-01 -5.951313484921314650e-03
9.999999996088001497e-01 2.576066981124206548e-05 1.089897160840242164e-05 1.568880914204736146e-03 -2.575997485639817676e-05 9.999999976356274134e-01 -6.375867727069083231e-05 3.204051033591627171e-03 -1.090061404886596287e-05 6.375839648851386364e-05 9.999999979080217427e-01 -7.364690356631238555e-03
9.999998509682691550e-01 3.829637908839057824e-04 -3.891043232930144636e-04 -9.192628994451999477e-03 -3.831559710594573316e-04 9.999998046026555842e-01 -4.939495445210181565e-04 9.331704744721794342e-03 3.889150824729878430e-04 4.940985585516974050e-04 9.999998023058169760e-01 7.700184534851862994e-03
9.999972255931607323e-01 1.540273577040884032e-04 -2.350549202688428495e-03 -5.914628688044178823e-03 -1.555763030853786152e-04 9.999997708872359059e-01 -6.588030734236242913e-04 1.323700979197128640e-02 2.350447190450956955e-03 6.591669353910461788e-04 9.999970204440392640e-01 -6.547123646196462837e-03
9.999952351148062579e-01 2.538755851887761032e-04 -3.076571934896933473e-03 5.822231850253258185e-03 -2.552161389546363755e-04 9.999998726697458817e-01 -4.353449373665228871e-04 2.460522992898247704e-03 3.076461019705514083e-03 4.361280538083172134e-04 9.999951725783055023e-01 -4.236734095268330363e-03
9.999934024089948137e-01 2.338589072037017377e-04 -3.624975654208251272e-03 3.943924796364907739e-03 -2.357389391690134311e-04 9.999998379404849702e-01 -5.182143921676760686e-04 1.519243344150356459e-02 3.624853877695005579e-03 5.190655211163000462e-04 9.999932954801997731e-01 -1.143085928069024343e-02
9.999949980889379919e-01 1.651677852850371104e-05 -3.162834851980403112e-03 2.158792011191331545e-02 -1.560806621122661609e-05 9.999999585978054384e-01 2.873339096526712441e-04 3.402470978726701567e-03 3.162839466862648555e-03 -2.872831066982252271e-04 9.999949569447454945e-01 -9.587975796260415559e-03
9.999964083142858229e-01 2.146141733597802957e-04 -2.671572436723457841e-03 4.544690332009803518e-02 -2.129057894402420408e-04 9.999997727047574836e-01 6.397355377480175558e-04 1.176156738732524881e-02 2.671709125801355420e-03 -6.391644467803384282e-04 9.999962267124596904e-01 -4.002180470974217238e-03
9.999962767941320552e-01 1.717741998123825946e-04 -2.723397051076153954e-03 7.133317155422522204e-02 -1.705441290407403452e-04 9.999998833534290421e-01 4.518936029495045385e-04 1.537857013686507596e-02 2.723474357063273513e-03 -4.514274610784824822e-04 9.999961894430767773e-01 -3.694579304695239010e-03
9.999939997615140408e-01 -1.514683005608819628e-04 -3.460852253865337545e-03 9.752144112916830143e-02 1.498253786291998751e-04 9.999998759777635193e-01 -4.749703291759472569e-04 7.653243655231642059e-03 3.460923767591277730e-03 4.744489557413833145e-04 9.999938984338171410e-01 -1.151291931746782973e-02
9.999944407291486703e-01 2.955983915192019309e-04 -3.321314858320961738e-03 1.277781640969682941e-01 -2.972469096753505968e-04 9.999998328823750393e-01 -4.958623768063341987e-04 2.423651411931060720e-02 3.321167727149711840e-03 4.968468707507712979e-04 9.999943614781611201e-01 -2.243370544706878300e-03
9.999934196401020214e-01 -3.538623211285524413e-04 -3.610465060419072291e-03 1.534287292805743830e-01 3.527014709842664765e-04 9.999998859087914083e-01 -3.221553608350506627e-04 6.090068442938939564e-04 3.610578647140499312e-03 3.208798245990861588e-04 9.999934303574053995e-01 -1.929277943292294177e-03
9.999877853011277518e-01 2.760719179138772182e-05 -4.942518223388437000e-03 1.947234595018833281e-01 -2.964046706199088038e-05 9.999999149720607550e-01 -4.113116991630408640e-04 2.358042297011912064e-02 4.942506447975334068e-03 4.114531736630965908e-04 9.999877010925172227e-01 -1.478374227639384780e-02
9.999839276344244521e-01 -1.763079862360424088e-04 -5.666867593666470061e-03 2.469457455907361487e-01 1.727793178522067338e-04 9.999997909046794975e-01 -6.231676376148322354e-04 1.987940623947063307e-02 5.666976278182249589e-03 6.221785043195532730e-04 9.999837490048382183e-01 -9.437905068001687520e-03
9.999798746341136413e-01 -4.251389806029170983e-04 -6.330053995786020897e-03 3.012642046433114396e-01 4.191254124966347868e-04 9.999994596819929971e-01 -9.512989071377799845e-04 1.655480177111320894e-02 6.330455009791490124e-03 9.486266754070967269e-04 9.999795125135313434e-01 -8.531133457724202063e-04
9.999733777637127563e-01 -3.785553130839608123e-04 -7.287006223817549082e-03 3.667186720630656871e-01 3.744274245018974854e-04 9.999997686874770864e-01 -5.678284038405179233e-04 2.419835074589231361e-02 7.287219492700947911e-03 5.650848320058669653e-04 9.999732881988387945e-01 -6.822003041298672910e-03
9.999712225253305498e-01 -6.604035300783225437e-04 -7.557644366691111150e-03 4.477262202553260462e-01 6.568324480654282819e-04 9.999996714801807629e-01 -4.749849109338128827e-04 2.406895881753035038e-02 7.557955565567064417e-03 4.700071360165884423e-04 9.999713277894326513e-01 -9.262564252556483579e-03
9.999683261971352710e-01 -1.032976750761089050e-03 -7.891740082647919277e-03 5.271369474916903775e-01 1.029640196029664142e-03 9.999993788233171310e-01 -4.268419455869653517e-04 2.401737291704276328e-02 7.892176098289035643e-03 4.187027730736136598e-04 9.999687686345115623e-01 -1.553595944383048301e-02
9.999692013315718553e-01 -1.461079200286965942e-03 -7.711137132022811806e-03 6.296990717498043288e-01 1.460736584785992439e-03 9.999989318705861940e-01 -5.006312485827496924e-05 3.141507036620416748e-02 7.711202041720858873e-03 3.879764286164452740e-05 9.999702674868962138e-01 -5.730228918048294040e-03
9.999657909352355212e-01 -1.887035666582065167e-03 -8.053325751626864981e-03 7.334621365176253738e-01 1.885821169574997905e-03 9.999982092927042210e-01 -1.583979211070579588e-04 2.261816736308398801e-02 8.053610233004326879e-03 1.432053702744148164e-04 9.999675589010059706e-01 -1.396410559324504780e-02
9.999648343038310960e-01 -2.084709401324010176e-03 -8.123062379646937489e-03 8.535298895984477774e-01 2.081268868462000064e-03 9.999977408533994305e-01 -4.319814747846093157e-04 3.556960489527519198e-02 8.123944584299857760e-03 4.150600070079823838e-04 9.999669140774517517e-01 -1.563523202073986706e-02
9.999649786510600435e-01 -2.682517781735799505e-03 -7.927519772013500929e-03 9.764968200561279232e-01 2.680664256944783729e-03 9.999963771411295443e-01 -2.444253614918848118e-04 3.494680470849111792e-02 7.928146727106682654e-03 2.231657824869505554e-04 9.999685468486031459e-01 -1.989017967452447536e-02
9.999710137323524206e-01 -2.721649956191713078e-03 -7.110859062554022482e-03 1.116596300785685614e+00 2.722274207779955789e-03 9.999962915540305808e-01 7.811097173633432529e-05 5.507062230977283201e-02 7.110620101594589300e-03 -9.746641581195053679e-05 9.999747144713553304e-01 -1.333290981261722567e-02
9.999699369933818804e-01 -3.136876364569170239e-03 -7.091199907301097387e-03 1.250741379489321403e+00 3.134355215922918561e-03 9.999950206921323081e-01 -3.666174058938029604e-04 6.800201721407705957e-02 7.092314631508995874e-03 3.443800448557019227e-04 9.999747899200021051e-01 -1.304896634555429216e-02
9.999656625488264616e-01 -3.666294204462398464e-03 -7.431824143021299733e-03 1.404109295718504180e+00 3.667677317251261549e-03 9.999932591730645859e-01 1.724863140083676900e-04 6.710993123029271312e-02 7.431141660807539379e-03 -1.997379241031418701e-04 9.999723687374459935e-01 -2.232247481888565560e-02
9.999706183761203349e-01 -3.885341915711796809e-03 -6.608063458943561931e-03 1.561324144428253291e+00 3.886221301513686013e-03 9.999924413843013227e-01 1.202425068450297915e-04 7.007854434388111065e-02 6.607546327879468100e-03 -1.459193709008200091e-04 9.999781592810225161e-01 -1.941764327611556276e-02
9.999720629923141146e-01 -4.515183407917527751e-03 -5.957042360792616335e-03 1.745118140334677159e+00 4.517506835802809033e-03 9.999897250872112897e-01 3.766324363575467298e-04 8.474775971452032375e-02 5.955280588174355870e-03 -4.035328939603249399e-04 9.999821857384858514e-01 -1.391078375730262634e-02
9.999695997103692502e-01 -5.133920715650801790e-03 -5.868774418001859033e-03 1.927384042317066504e+00 5.145769183390017272e-03 9.999847492260933723e-01 2.005585884107530942e-03 9.225511007188025303e-02 5.858388395732664483e-03 -2.035724272260196199e-03 9.999807673710989775e-01 -7.498894357344700577e-03
9.999659617262499633e-01 -5.444558309333925178e-03 -6.199368815631528702e-03 2.142960645149435184e+00 5.464616808748311641e-03 9.999798741325651719e-01 3.223242614619555198e-03 1.175398300332880508e-01 6.181694915596139435e-03 -3.257010076038606254e-03 9.999755889687182986e-01 -1.946983043294426771e-02
9.999660571716301183e-01 -5.990339913033338945e-03 -5.656883625321289244e-03 2.342747410258075202e+00 6.019094147134989095e-03 9.999689826812789839e-01 5.079781591365008404e-03 1.318901189725278089e-01 5.626278545542668513e-03 -5.113658484330491603e-03 9.999710973256344948e-01 -1.452731788984139988e-02
9.999609990231398404e-01 -6.743606447525214015e-03 -5.702999625203738002e-03 2.576520615650103707e+00 6.773297268047215672e-03 9.999635250242903117e-01 5.202986172788530601e-03 1.323221807816984119e-01 5.667704717329734646e-03 -5.241411363026269275e-03 9.999702019211176296e-01 -1.748863637002196630e-02
9.999604291457749872e-01 -7.244753090729399297e-03 -5.162721690346742769e-03 2.804421176519410253e+00 7.275908726210190275e-03 9.999552783861451744e-01 6.041719945072869871e-03 1.434111434172072874e-01 5.118720035855479390e-03 -6.079044360851442938e-03 9.999684214638246971e-01 -1.646311727484939952e-02
9.999576499343237890e-01 -7.767988294755871596e-03 -4.935250315522141801e-03 3.045668898503440580e+00 7.799796175383187473e-03 9.999487221085046063e-01 6.458818250350509271e-03 1.571814683072854657e-01 4.884825221725281122e-03 -6.497038665508984845e-03 9.999669629398423298e-01 -1.798084629442827168e-02
9.999558411898077370e-01 -8.517592328372403099e-03 -3.970678948442812189e-03 3.299841166271111792e+00 8.543565159233369039e-03 9.999419147402895947e-01 6.570741198168862131e-03 1.661463491842953000e-01 3.914481415703621736e-03 -6.604374796377887775e-03 9.999705291001306229e-01 -1.500294511633394265e-02
9.999438908515285718e-01 -9.186416579374920635e-03 -5.274931197324174426e-03 3.576205747654325862e+00 9.212646172528518931e-03 9.999452120233587316e-01 4.969919723683730722e-03 1.708892946730698470e-01 5.228986441569140331e-03 -5.018236940425442952e-03 9.999737371545333042e-01 -2.578267183759045539e-02
9.999196301779289531e-01 -9.868142127850284065e-03 -7.959457002734751305e-03 3.843467077041722746e+00 9.906555998056629578e-03 9.999394020391834115e-01 4.801291261490464764e-03 1.710516751723138718e-01 7.911594851305584278e-03 -4.879756189077782795e-03 9.999567963899460565e-01 -1.801377141184030278e-02
9.998775751835301540e-01 -1.045745807354516235e-02 -1.163942506072112096e-02 4.123809504570607132e+00 1.048595353313374820e-02 9.999421650159355801e-01 2.389853916985003497e-03 1.932864803702759871e-01 1.161376009761944453e-02 -2.511611809896940710e-03 9.999294036993368051e-01 -1.575247630302179999e-02
9.998195744491589210e-01 -1.074093694066942731e-02 -1.566687020241614922e-02 4.421641064645044139e+00 1.071700412225274485e-02 9.999412739029146513e-01 -1.610766295832976626e-03 2.087326288201321045e-01 1.568325128748531902e-02 1.442573759894682280e-03 9.998759696132319963e-01 -2.013149419547217989e-02
9.997792259294003836e-01 -1.072335359082382533e-02 -1.806956246772764216e-02 4.712252827551765222e+00 1.065433492085655215e-02 9.999355903473640117e-01 -3.911560310529823767e-03 2.144522888650703951e-01 1.811034365778745395e-02 3.718177569033163064e-03 9.998290806973769707e-01 -1.962462584278855393e-02
9.997439562616993181e-01 -1.174993001562131024e-02 -1.933807288313335593e-02 5.025467034605503258e+00 1.161688513313964728e-02 9.999081737884190080e-01 -6.977963235239373341e-03 2.101858437392357948e-01 1.941828772082686283e-02 6.751528400067255062e-03 9.997886511489587624e-01 -1.655353047073911468e-02
9.997261042532586961e-01 -1.195441907940923178e-02 -2.011984938006165444e-02 5.338281030140124450e+00 1.176406332515038226e-02 9.998851668161319317e-01 -9.553009743417559610e-03 2.211970524519727144e-01 2.023173963564088920e-02 9.313702032480724799e-03 9.997519350647768865e-01 -1.879655174024889158e-02
9.997302681552294734e-01 -1.196302523211135484e-02 -1.990670644704430753e-02 5.667264135343838660e+00 1.171969044253800586e-02 9.998557200178485038e-01 -1.229585310260753774e-02 2.469034358626553682e-01 2.005092990871026187e-02 1.205923608217730932e-02 9.997262300424603065e-01 -7.601327905695526993e-03
9.997054079764282619e-01 -1.272465214969529558e-02 -2.066834512853626613e-02 5.993737770222827166e+00 1.247411630585967650e-02 9.998476964724420935e-01 -1.220574787300113435e-02 2.619922972717280141e-01 2.082051116257522747e-02 1.194433281605301010e-02 9.997118781071416826e-01 -5.858147968850944964e-03
9.997307452661473581e-01 -1.327195625464220631e-02 -1.903397348870044387e-02 6.335674464211695778e+00 1.310499545429612799e-02 9.998747850331501930e-01 -8.869799831707965779e-03 2.715713070756234915e-01 1.914930974569489797e-02 8.617971460068341374e-03 9.997794929404067998e-01 -1.917587603082755027e-02
9.998396885376770182e-01 -1.415883452420982173e-02 -1.096013821979207811e-02 6.697029547827415108e+00 1.410996470221933217e-02 9.998902177109358913e-01 -4.523430344258800445e-03 3.030055188997661242e-01 1.102298149245600073e-02 4.368058023112885921e-03 9.999297045033334053e-01 -1.023542224553398994e-02
9.998697601244148636e-01 -1.613424518463746696e-02 3.859029245260122039e-04 7.065738672611592719e+00 1.613501666074141153e-02 9.998676432627123800e-01 -2.087389189156713988e-03 3.235189498724702628e-01 -3.521733987003961616e-04 2.093343877965076621e-03 9.999977469401147845e-01 -2.132406070440020368e-02
9.997580312227015709e-01 -1.751566175369176012e-02 1.330716344823392079e-02 7.426785215980684640e+00 1.754029822192610180e-02 9.998446484734967443e-01 -1.736910243959640830e-03 3.637109931539122543e-01 -1.327467302774909021e-02 1.969901581281570217e-03 9.999099472171313341e-01 -3.188481347890398387e-02
9.995781868871702613e-01 -1.946254888376031805e-02 2.155591543647926780e-02 7.796282618793278552e+00 1.956766892006363973e-02 9.997975980401176965e-01 -4.676460867586667777e-03 3.694990915567070155e-01 -2.146053662870947218e-02 5.096287291600999983e-03 9.997567070159866232e-01 -3.731096912482923661e-02
9.995495392656525979e-01 -2.064934050971797830e-02 2.177896439997390604e-02 8.176819113257591809e+00 2.083984818480810047e-02 9.997462077467611508e-01 -8.556916711300883993e-03 3.777646257327658130e-01 -2.159674238064068080e-02 9.006932468033159583e-03 9.997261904571973501e-01 -3.953296159097108298e-02
9.995850747775503198e-01 -2.159859002863665986e-02 1.905726084026797273e-02 8.553239479480851060e+00 2.177396698843340681e-02 9.997220150834492669e-01 -9.043612059032937744e-03 4.082096905677376486e-01 -1.885663393996251519e-02 9.454811804713553203e-03 9.997774921902331524e-01 -3.802562283240838725e-02
9.995535759805579401e-01 -2.344736481355639071e-02 1.851674452432044982e-02 8.945753691241158378e+00 2.357125206876998016e-02 9.997010227727005649e-01 -6.500857107095650567e-03 4.134047746522107047e-01 -1.835878047119308271e-02 6.934417821011855734e-03 9.998074159702428076e-01 -3.472838996102783904e-02
9.995412085619496123e-01 -2.479317551597971792e-02 1.739743758003053226e-02 9.341094603155195131e+00 2.485524992494689972e-02 9.996854110367421331e-01 -3.360879567665201080e-03 4.518595841231550780e-01 -1.730863766116969710e-02 3.791755284000560000e-03 9.998430045032973279e-01 -3.838631454565175766e-02
9.995858729111383179e-01 -2.585253647270947808e-02 1.263839524642593366e-02 9.731761700168860330e+00 2.586596842002065327e-02 9.996650143163726687e-01 -9.004607381487661315e-04 4.831103239280630235e-01 -1.261088237087912463e-02 1.226992165288434515e-03 9.999197268461375021e-01 -5.544797804079748538e-02
9.996246299239046618e-01 -2.696397772328968517e-02 4.852128897157769773e-03 1.015640202444191154e+01 2.695235181454935097e-02 9.996337275630233776e-01 2.445700333221957710e-03 5.017996326794830209e-01 -4.916297505384922308e-03 -2.314006005416032168e-03 9.999852375885582845e-01 -7.625220326425463657e-02
9.996073476153599646e-01 -2.801922689057709942e-02 -2.711417328233304181e-04 1.056570303167086067e+01 2.801993559262225264e-02 9.996025222453488457e-01 3.111387170081850694e-03 5.272618751852401475e-01 1.838552969532216363e-04 -3.117762850380161738e-03 9.999951228641260625e-01 -9.304246118441680813e-02
9.995808554034207871e-01 -2.892661919298603751e-02 -1.167995303751957195e-03 1.101174122674544797e+01 2.892841860145715926e-02 9.995802773434001587e-01 1.554266164462713958e-03 5.743688538994901061e-01 1.122545404196214442e-03 -1.587402959269706331e-03 9.999981100200442397e-01 -9.947884409556126406e-02
9.995449606559854150e-01 -3.015918241213759801e-02 -5.434551094782324489e-04 1.148237009861476210e+01 3.016032157298070490e-02 9.995425941987989837e-01 2.226518571557976976e-03 5.751985108162981364e-01 4.760565502148357531e-04 -2.241896198870081593e-03 9.999973736323483076e-01 -9.346784456121415285e-02
9.995298416801009500e-01 -3.066070581192332709e-02 1.292674241778174579e-04 1.194247231752841643e+01 3.065964853467368842e-02 9.995168742274900264e-01 5.099420186477506521e-03 6.358622148910586525e-01 -2.855567939026212301e-04 -5.093059357857899171e-03 9.999869895172111001e-01 -9.648782274652778490e-02
9.994899797405244479e-01 -3.193347957789787611e-02 1.824289836537045461e-04 1.242173937274075435e+01 3.193193173415363045e-02 9.994739441212948661e-01 5.673337496396024630e-03 6.668866621359466063e-01 -3.635024228940920087e-04 -5.664618669481658216e-03 9.999838898508904839e-01 -9.723555926681735906e-02
9.994538508875133731e-01 -3.302316090158576717e-02 -1.212761389658399648e-03 1.291592166877442871e+01 3.302861420181433388e-02 9.994429194719354204e-01 4.791801469402531648e-03 6.742467656940204224e-01 1.053845352970497534e-03 -4.829240259340688950e-03 9.999877838496276095e-01 -1.003682094555686660e-01
9.994264059962705282e-01 -3.369795775715164060e-02 -3.362534813943923468e-03 1.341795582957404775e+01 3.370858060257157091e-02 9.994267271536243502e-01 3.154147231001553330e-03 7.262726125666185695e-01 3.254318843889969590e-03 -3.265684306867753031e-03 9.999893723009610769e-01 -1.064398743241474626e-01
9.993828418488188703e-01 -3.485361264008474125e-02 -4.377339844436264893e-03 1.392223393347443583e+01 3.486955703525948524e-02 9.993853138702680772e-01 3.620554182789919705e-03 7.446645380366772038e-01 4.248459761319368228e-03 -3.770955629632502266e-03 9.999838651114806298e-01 -1.097597901766866890e-01
9.993658464072725511e-01 -3.526592170558925238e-02 -4.921361694798544184e-03 1.446662655191184044e+01 3.528843900427026253e-02 9.993667377467013724e-01 4.566131640435604905e-03 8.326833361900506381e-01 4.757216341273382693e-03 -4.736903183635806855e-03 9.999774650665439468e-01 -1.178410441417138549e-01
9.993118117433239522e-01 -3.672355623543819420e-02 -5.223344493524900191e-03 1.500737695130082550e+01 3.675079775426681045e-02 9.993108349684929337e-01 5.218618495199134691e-03 8.477176972527225018e-01 5.028098517372704516e-03 -5.406989180317062563e-03 9.999727409751245633e-01 -1.207179127742020047e-01
9.992547993659957051e-01 -3.851580664213525435e-02 -2.525585621053122887e-03 1.557202971221890131e+01 3.852998391252591276e-02 9.992404481292654905e-01 5.828135390083095078e-03 8.641513760683542378e-01 2.299191972001326124e-03 -5.921103033244226425e-03 9.999798269240962600e-01 -1.192902263991741096e-01
9.992180093467956103e-01 -3.953946574656928836e-02 2.110694291156684356e-05 1.613829778356754474e+01 3.953906633127934889e-02 9.992100470988481975e-01 3.992995162559212670e-03 9.124819494668565678e-01 -1.789711648770062448e-04 -3.989038128847969926e-03 9.999920277402859492e-01 -1.193845379374013915e-01
9.991738414016756442e-01 -4.061986736721323599e-02 1.288810959389674084e-03 1.670989849992999865e+01 4.061766310132648716e-02 9.991733283663837284e-01 1.692727216602645966e-03 9.458950171885632807e-01 -1.356503890955724351e-03 -1.638980266108244982e-03 9.999977368178796233e-01 -1.376475599231157254e-01
9.991440740627662853e-01 -4.132784332551702605e-02 1.768793746844074489e-03 1.729313180512993142e+01 4.132647148677400656e-02 9.991453719764907815e-01 8.052405930597305922e-04 9.878579879498404770e-01 -1.800560943209532491e-03 -7.314533624054815652e-04 9.999981114763509815e-01 -1.456189811372214926e-01
9.990957707536233245e-01 -4.248802308601636740e-02 1.552016902469686250e-03 1.787789301576398060e+01 4.248366732139850083e-02 9.990934062993136466e-01 2.739251751736637187e-03 1.032008109961735753e+00 -1.666995245388745240e-03 -2.670839470427818600e-03 9.999950438594058522e-01 -1.488374219521935160e-01
9.990440629899521863e-01 -4.368781419672550931e-02 1.528101842441566835e-03 1.846337123065082508e+01 4.368113564212020711e-02 9.990368608818319673e-01 4.160407238464441416e-03 1.095137309088183519e+00 -1.708389166197312901e-03 -4.089680927353658325e-03 9.999901779099479304e-01 -1.419828886754472275e-01
9.989765243949974005e-01 -4.515527060885579647e-02 2.627783083178023785e-03 1.903692732684250899e+01 4.514184622128022961e-02 9.989682663651628935e-01 4.961503312033778076e-03 1.151280333278739576e+00 -2.849109935667672091e-03 -4.837802354586067527e-03 9.999842389962716460e-01 -1.517233795227104776e-01
9.988914317901407269e-01 -4.699245694656475208e-02 2.759798247676427917e-03 1.963336487863489666e+01 4.698615005025157804e-02 9.988928760951318875e-01 2.307333926999411648e-03 1.178087283005092134e+00 -2.865170099289679993e-03 -2.175103795384664227e-03 9.999935298409592388e-01 -1.665469845230014567e-01
9.988350830790658774e-01 -4.820377805600174065e-02 2.207394745664374106e-03 2.022024652043736026e+01 4.820303965472478441e-02 9.988374830576332020e-01 3.865321944302734002e-04 1.215132860347123200e+00 -2.223460923985863969e-03 -2.796787800776048350e-04 9.999974889974971859e-01 -1.680288415911579680e-01
9.988098811070251770e-01 -4.875172131941944015e-02 1.446053720935245842e-03 2.082340176528787623e+01 4.875392179622500127e-02 9.988096522871261485e-01 -1.527614990031886605e-03 1.279192761786985821e+00 -1.369858553918435482e-03 1.596297736594675222e-03 9.999977876580919967e-01 -1.745227719857988802e-01
9.987656613645782278e-01 -4.967038728449108681e-02 7.941023432720071000e-05 2.142910294468103061e+01 4.967044615820335324e-02 9.987636039690384049e-01 -2.027354242049416843e-03 1.323480359381806970e+00 2.138741853678958368e-05 2.028796142149328578e-03 9.999979417622777422e-01 -1.755158648814462985e-01
9.987363998835716572e-01 -5.023133158423144506e-02 -1.554630141673736098e-03 2.203826067040623826e+01 5.022913207335139019e-02 9.987367068084908039e-01 -1.422942194373410336e-03 1.377415512024416033e+00 1.624142469191209182e-03 1.343056441739586123e-03 9.999977791778510428e-01 -1.808156341173282611e-01
9.987016795602632335e-01 -5.088588869612306609e-02 -2.362535738378948938e-03 2.266100717997214531e+01 5.088394925204689501e-02 9.987041904153478589e-01 -8.739309696434681418e-04 1.428522330876458968e+00 2.403945095974446486e-03 7.525811785848394043e-04 9.999968273297397126e-01 -1.807098664166515156e-01
9.986615128538610664e-01 -5.161196012669959365e-02 -3.374657955624942116e-03 2.327167437376375858e+01 5.161210911434985227e-02 9.986672060027793618e-01 -4.298105013120124705e-05 1.473387276930447465e+00 3.372378568004587903e-03 -1.312496940812502683e-04 9.999943049019388575e-01 -1.849974197830717149e-01
9.986457409562493615e-01 -5.187783814475011718e-02 -3.920966637307126031e-03 2.389426447129622488e+01 5.187919814519719591e-02 9.986533374224271231e-01 2.458756986491755130e-04 1.515334661320773879e+00 3.902930918570503716e-03 -4.489593243582053021e-04 9.999922827531070313e-01 -1.857870959155247803e-01
9.986380783350928825e-01 -5.204743917016065036e-02 -3.612834762538957856e-03 2.453930376075604869e+01 5.204761749618481981e-02 9.986446032068854173e-01 -4.470719538302967176e-05 1.573286492796775571e+00 3.610264832919925920e-03 -1.433931341124871077e-04 9.999934726918197070e-01 -1.951461835581200233e-01
9.986687764155489644e-01 -5.152624012388544450e-02 -2.391984817253497292e-03 2.517818200626162195e+01 5.152608732541499870e-02 9.986716410183830162e-01 -1.255013296219977502e-04 1.633299622768461301e+00 2.395274014383576983e-03 2.084640717254482279e-06 9.999971313249105265e-01 -1.985718904889973713e-01
9.986755428122300327e-01 -5.145009223639237378e-02 2.195394369927096368e-04 2.584658302036502064e+01 5.144983508744218476e-02 9.986750289179342488e-01 1.049326087619532021e-03 1.680690823620903940e+00 -2.732364775813989587e-04 -1.036641032312005106e-03 9.999994253584336690e-01 -2.038629617875241939e-01
9.987062562531442422e-01 -5.076953952127685743e-02 2.875339567153073397e-03 2.650222773099670093e+01 5.076388238181336887e-02 9.987086654005208342e-01 2.007460942548864018e-03 1.730104712916422871e+00 -2.973544409344911540e-03 -1.858900402912651512e-03 9.999938512425652348e-01 -2.115257310718670625e-01
9.987089549372156760e-01 -5.059856618702879283e-02 4.495378519266467025e-03 2.717068189577155124e+01 5.059270546459238016e-02 9.987183764470507485e-01 1.408084067112309618e-03 1.780614984161683845e+00 -4.560864171143436639e-03 -1.178832805752375295e-03 9.999889043740577410e-01 -2.147876916630182265e-01
9.987479464025570408e-01 -4.986066838718447580e-02 4.056267330724072813e-03 2.786528560894458550e+01 4.985954529420870418e-02 9.987561680239082085e-01 3.775940326640079767e-04 1.846651809839403358e+00 -4.070049106562181017e-03 -1.748776199953821142e-04 9.999917020246158472e-01 -2.247540026104343225e-01
9.988125111996656313e-01 -4.867953109389688143e-02 1.967415435587277321e-03 2.853893825906455817e+01 4.867891585992924902e-02 9.988144141751208460e-01 3.594255306916987786e-04 1.915085662126577937e+00 -1.982579562032443093e-03 -2.632270664489689866e-04 9.999980000428959626e-01 -2.329027119566129955e-01
9.988548474727282356e-01 -4.784218975361937548e-02 -3.443251537366442722e-04 2.923743490527120770e+01 4.784267445874187258e-02 9.988536447017223319e-01 1.573202695227770426e-03 1.961319770263662221e+00 2.686649729063355740e-04 -1.587874574423598067e-03 9.999987032358933492e-01 -2.388365811163781771e-01
9.989002470904572162e-01 -4.676348077927024172e-02 -3.387215379976476343e-03 2.995732044057581689e+01 4.676942961088192963e-02 9.989042668966592320e-01 1.698831810567880650e-03 2.010746300282362675e+00 3.304060607235786984e-03 -1.855381646632091319e-03 9.999928203454507836e-01 -2.479889543260437590e-01
9.989514629357540976e-01 -4.547558712051952973e-02 -5.286366858312640388e-03 3.067998195128084049e+01 4.548874341840054153e-02 9.989619787961289132e-01 2.395650629224449924e-03 2.058109786158262455e+00 5.171935878522646024e-03 -2.633608886380044405e-03 9.999831574499152831e-01 -2.555298294445542129e-01
9.990607721201910651e-01 -4.298024716794308225e-02 -5.501996364054806583e-03 3.138977738169074172e+01 4.298521607017862650e-02 9.990753976754964683e-01 7.880094851327396413e-04 2.112876575734302431e+00 5.463040362985502503e-03 -1.023773867180982145e-03 9.999845534192322027e-01 -2.399047320791256044e-01
9.991854788641477692e-01 -4.015749128468729112e-02 -3.969221679886148456e-03 3.215099922431532775e+01 4.017128713288183051e-02 9.991868198063693640e-01 3.459308503378827684e-03 2.156768777962927430e+00 3.827076836356455448e-03 -3.615939567284158322e-03 9.999861391359053941e-01 -2.642800839014445846e-01
9.993058910952204998e-01 -3.724354527012172650e-02 8.089240382105960733e-04 3.287436080978878294e+01 3.723937745236143709e-02 9.992954673384266684e-01 4.668803255232760289e-03 2.207650100922015302e+00 -9.822369101984977820e-04 -4.635438769729427304e-03 9.999887738960194783e-01 -2.553552922811976877e-01
9.993830636796626754e-01 -3.478785765008366587e-02 4.826695595207664176e-03 3.360167571908166195e+01 3.476321459619020199e-02 9.993825696386570145e-01 5.098863929752101183e-03 2.265770460003185605e+00 -5.001093999367584204e-03 -4.927926800634688763e-03 9.999753519943664903e-01 -2.561740457842032193e-01
9.994682380567887492e-01 -3.214544725983525114e-02 5.469125718366459228e-03 3.434476551156843271e+01 3.213909779744431733e-02 9.994826304225655766e-01 1.244940301999297033e-03 2.301311012638121767e+00 -5.506315321924173424e-03 -1.068505523796026493e-03 9.999842692700326996e-01 -2.621619105736034405e-01
9.995749460471976544e-01 -2.881635804695452385e-02 4.420943751251117833e-03 3.507813839641746512e+01 2.881587794493710442e-02 9.995847215227204874e-01 1.722689981497553383e-04 2.326785731778374000e+00 -4.424071993593033277e-03 -4.480239899366187653e-05 9.999902127419750819e-01 -2.720595255620022468e-01
9.996750531027963627e-01 -2.528183633680328862e-02 3.258366977555523462e-03 3.581185548598298141e+01 2.527915939865693629e-02 9.996800609428285744e-01 8.601473360774847601e-04 2.379097848053657760e+00 -3.279070602873054244e-03 -7.774990556645422751e-04 9.999943215794776519e-01 -2.742999622991442177e-01
9.997653437177298485e-01 -2.160167356303862446e-02 1.620246970477626529e-03 3.653899605462241595e+01 2.159781378863936951e-02 9.997639473845025826e-01 2.363038236853021602e-03 2.427811157986358381e+00 -1.670910087551970942e-03 -2.327489942725516434e-03 9.999958954165990566e-01 -2.781248001830833316e-01
9.998225891480836403e-01 -1.883011568104913519e-02 -4.658032423439114169e-04 3.723931009400435954e+01 1.883189146734044056e-02 9.998140175740560798e-01 4.158139750831759546e-03 2.448857054684420387e+00 3.874183586007568869e-04 -4.166174007821132549e-03 9.999912464122633349e-01 -2.786687291481369511e-01
9.998779582810443101e-01 -1.556536389346570466e-02 -1.337157654955229216e-03 3.797224523274154961e+01 1.557334755368779307e-02 9.998596077094461521e-01 6.183503625327210068e-03 2.474946479350978112e+00 1.240721444264436188e-03 -6.203573000810298430e-03 9.999799879459195795e-01 -2.919794179024444158e-01
9.999262086541516048e-01 -1.191255364095322733e-02 -2.380821766862787660e-03 3.870834320647252724e+01 1.192392403542930773e-02 9.999172899124187941e-01 4.820100600722885403e-03 2.494930845508899431e+00 2.323205141925033419e-03 -4.848133656902401528e-03 9.999855490545417336e-01 -2.964343054682706535e-01
9.999563365329507958e-01 -7.692817494306305320e-03 -5.305241427061824742e-03 3.940835340433737599e+01 7.713279508589321667e-03 9.999628510015250438e-01 3.847328439870873786e-03 2.516422517527788560e+00 5.275447547127560220e-03 -3.888081262159786763e-03 9.999785260080720217e-01 -2.917560177393633825e-01
9.999641623675979973e-01 -2.465949144783342265e-03 -8.098955197030972830e-03 4.012847107900946497e+01 2.511898439819616313e-03 9.999807806333508298e-01 5.668221073866136495e-03 2.539452923163867837e+00 8.084821995332024114e-03 -5.688361691166508860e-03 9.999511379035348480e-01 -2.955702329690129138e-01
9.999690983731724936e-01 2.775253148049041003e-03 -7.355288485760594699e-03 4.082972404814130840e+01 -2.712394021325562760e-03 9.999598347498518391e-01 8.542353640656889444e-03 2.556511105635258296e+00 7.378700252591633563e-03 -8.522139227518555835e-03 9.999364619442423496e-01 -2.957640341854590460e-01
9.999560177749140522e-01 7.221017084997467979e-03 -5.984933415990680711e-03 4.153826455999980283e+01 -7.163454328675488390e-03 9.999284113270706653e-01 9.584213217657983064e-03 2.556954521629954957e+00 6.053712729940825821e-03 -9.540918885449358594e-03 9.999361596767089022e-01 -2.951278956749356919e-01
9.999063208408535131e-01 1.266708005133197236e-02 -5.186002842382651801e-03 4.224372486872101717e+01 -1.261393873376503820e-02 9.998688772309418660e-01 1.015464891350328393e-02 2.581707148447982991e+00 5.313952590010133023e-03 -1.008828171240469355e-02 9.999349921269693464e-01 -2.921986063595973793e-01
9.998226814662082296e-01 1.841124467095803588e-02 -3.953693891450225581e-03 4.295142408195194150e+01 -1.836620565186366724e-02 9.997692556728463575e-01 1.114082139324642541e-02 2.595306611765065607e+00 4.157897987519974456e-03 -1.106623156403684603e-02 9.999301227602339637e-01 -2.882886713482440411e-01
9.997010814968487757e-01 2.436163715128973270e-02 -2.063562293686380892e-03 4.365243294432483623e+01 -2.433536005820374423e-02 9.996327452437245853e-01 1.192329179935218766e-02 2.587418626341555949e+00 2.353275349083920349e-03 -1.186951017539549999e-02 9.999267857314991792e-01 -3.025140244067098250e-01
9.995347939306629126e-01 3.042279960793361354e-02 2.156150737470888517e-03 4.435286135692953025e+01 -3.044528156062225460e-02 9.994725559959426464e-01 1.130020538006685712e-02 2.576201193367659847e+00 -1.811229604886298522e-03 -1.136059307222873904e-02 9.999338259966834563e-01 -3.030211167065336442e-01
9.993073004733914466e-01 3.668484434147068624e-02 6.256310112591182207e-03 4.505274568055097006e+01 -3.675001858041678643e-02 9.992678282456209926e-01 1.064159610298294478e-02 2.568238904452061266e+00 -5.861344122457376807e-03 -1.086414418728262610e-02 9.999238046052089102e-01 -3.158271598194440366e-01
9.990391212520973729e-01 4.288174479256307708e-02 9.054842427257599538e-03 4.574387023505258298e+01 -4.296084964649839882e-02 9.990386122890092535e-01 8.730209235846055418e-03 2.544565779358484381e+00 -8.671770608585848902e-03 -9.110824287416737985e-03 9.999208935087394723e-01 -3.180643727307790880e-01
9.987526269849588134e-01 4.904669615698164370e-02 9.360111469873007642e-03 4.643819587028126961e+01 -4.912436109883368957e-02 9.987585466329655937e-01 8.256068933682823852e-03 2.536784637142040388e+00 -8.943558423531479742e-03 -8.705580031856004902e-03 9.999221097860742091e-01 -3.248804399616204708e-01
9.984793635521614918e-01 5.446140700967348064e-02 8.539069445628029095e-03 4.712398611042060992e+01 -5.452986888884008704e-02 9.984800861353544388e-01 8.000686851828836543e-03 2.511057934561143234e+00 -8.090362132592053904e-03 -8.454155053097000411e-03 9.999315343076753404e-01 -3.289756805304676068e-01
9.981848433347962901e-01 5.984858266796591608e-02 6.720542338516582309e-03 4.780116907834102591e+01 -5.989680899942048664e-02 9.981784648523485126e-01 7.219735223389398687e-03 2.487742701610294205e+00 -6.276209714077848542e-03 -7.609169313700304277e-03 9.999513536837580929e-01 -3.389251788025849921e-01
9.978703618163706768e-01 6.503559438398265335e-02 5.011234537275556337e-03 4.849924460924972180e+01 -6.507518028515607567e-02 9.978467634760345151e-01 8.188866298660443105e-03 2.443693761248812546e+00 -4.467876376975391840e-03 -8.497533967274588373e-03 9.999539139366149243e-01 -3.446501815077374076e-01
9.975052431458556468e-01 7.040776959444570993e-02 5.102536355862380760e-03 4.918033602987815556e+01 -7.044834658107372583e-02 9.974811934689272741e-01 8.264329361620675191e-03 2.428165007260518760e+00 -4.507811056418597681e-03 -8.603177118941186807e-03 9.999528313790304601e-01 -3.479738035353567849e-01
9.971145691437158787e-01 7.554078731318117357e-02 7.491692295235820483e-03 4.987701763893725371e+01 -7.560574327680091855e-02 9.970989306841289146e-01 8.803068336046481271e-03 2.397127510954472740e+00 -6.804967663717477987e-03 -9.344082655422062192e-03 9.999331880352928525e-01 -3.594671212079407763e-01
9.967166798680179296e-01 8.053048368267314017e-02 8.408404766058780178e-03 5.057694446036796876e+01 -8.058520510757714861e-02 9.967272720368952621e-01 6.385130825496879332e-03 2.345534915615390847e+00 -7.866688670901386682e-03 -7.041759419612562444e-03 9.999442628635014652e-01 -3.670372780591016904e-01
9.963028298818408235e-01 8.552222550098034781e-02 8.162114603160011347e-03 5.125871826125796105e+01 -8.555058086676470275e-02 9.963287222524956910e-01 3.189879005288553081e-03 2.312562368519777589e+00 -7.859343661833719311e-03 -3.876359125351098653e-03 9.999616015413473891e-01 -3.733350364688337031e-01
9.959572631520536845e-01 8.965371270579265695e-02 5.598372329350172032e-03 5.195751497138872566e+01 -8.965607918371130969e-02 9.959727695315216955e-01 1.726763288262518430e-04 2.248227530775796179e+00 -5.560345319755847192e-03 -6.739063567290550904e-04 9.999843140820496856e-01 -3.816914916973129235e-01
