1.000000000000000000e+00 0.000000000000000000e+00 0.000000000000000000e+00 0.000000000000000000e+00 0.000000000000000000e+00 1.000000000000000000e+00 0.000000000000000000e+00 0.000000000000000000e+00 0.000000000000000000e+00 0.000000000000000000e+00 1.000000000000000000e+00 0.000000000000000000e+00
9.999999999024742348e-01 -1.082566160091140237e-05 8.823634205901198150e-06 -3.360287789428634871e-03 1.082605176476344470e-05 9.999999989637295972e-01 -4.421919647071235066e-05 -2.821175310378454260e-03 -8.823155494700272831e-06 4.421929199152050571e-05 9.999999989834030822e-01 -1.444422461334136584e-03
9.999999996070149111e-01 1.953340860875835445e-05 -2.011009798216883870e-05 1.696177460323632612e-03 -1.953391677971213729e-05 9.999999994899377853e-01 -2.526955567042182387e-05 -3.100197327604251735e-03 2.010960437135516388e-05 2.526994848947168142e-05 9.999999994785168100e-01 -1.605943072959258510e-03
9.999999998486315267e-01 -1.015344306498891901e-05 1.412955988482979409e-05 1.132380293167800471e-03 1.015366307346620277e-05 9.999999998272265378e-01 -1.557081015822946532e-05 -2.683066908330189720e-03 -1.412940178505416246e-05 1.557095362266298135e-05 9.999999997789527084e-01 -8.116337228285617350e-04
9.999999999857311916e-01 4.388028343483050254e-07 -5.324002208814089021e-06 -1.491842620458752253e-03 -4.388959824454628084e-07 9.999999998468506179e-01 -1.749589020520883132e-05 -2.830858413667597905e-03 5.323994530752509614e-06 1.749589254164236819e-05 9.999999998327744333e-01 -1.136470605900918298e-03
9.999999999971279641e-01 1.095445296763904619e-06 2.131660216416529677e-06 -1.410192681191684005e-03 -1.095404584566490586e-06 9.999999998170193694e-01 -1.909872868164279547e-05 -2.868640971960983912e-03 -2.131681137638985915e-06 1.909872634655757241e-05 9.999999998153472625e-01 -1.352747244566710914e-03
9.999999998699053982e-01 -8.300677890746488489e-06 -1.383068501515913541e-05 6.446996830312390868e-04 8.300218504396828959e-06 9.999999994139437964e-01 -3.321473696395462833e-05 -1.602730269947654201e-03 1.383096071188633920e-05 3.321462216192587800e-05 9.999999993527467490e-01 -1.003039035239060642e-03
9.999999999743826029e-01 -3.747741403133824087e-06 6.098293055249909897e-06 7.948512571724880137e-04 3.747868990512313583e-06 9.999999997741129132e-01 -2.092194125295631258e-05 -1.876819477041199134e-05 -6.098214643846917094e-06 2.092196410802378087e-05 9.999999997625416137e-01 -1.212199765044640444e-03
9.999999997788107109e-01 -1.125931404617023695e-05 1.776531696206912667e-05 -1.012660910004740044e-04 1.125952062698352427e-05 9.999999998690033420e-01 -1.162826411580245156e-05 -2.555449315605889081e-03 -1.776518603346443771e-05 1.162846414218318472e-05 9.999999997745885327e-01 -8.393931610168362759e-04
9.999999999969420017e-01 6.226250488372304406e-07 -2.393402284719630779e-06 -4.016958809569768371e-04 -6.226825657014764249e-07 9.999999997110496919e-01 -2.403149801302904021e-05 -3.250037092402166539e-03 2.393387321415432275e-06 2.403149950328542449e-05 9.999999997083793835e-01 -1.288319570230046784e-03
9.999999999349974411e-01 -1.115886974644213781e-05 -2.341967047522192617e-06 1.743633386648857538e-03 1.115882757708886919e-05 9.999999997756467973e-01 -1.800519573434800516e-05 -3.633964322850460719e-04 2.342167964630723220e-06 1.800516959957114706e-05 9.999999998351640773e-01 -7.284110994339595361e-04
9.999999998951066837e-01 -1.354353732213236041e-05 5.134129383829644282e-06 1.730218292094630114e-03 1.354358212332765592e-05 9.999999998702122639e-01 -8.726218040161117306e-06 3.885009202023691210e-05 -5.134011199303588428e-06 8.726287573748735111e-06 9.999999999487468871e-01 -8.389045509429257381e-04
9.999999996331456753e-01 -7.762948642677593202e-06 2.595082396717016639e-05 -1.464477485390350362e-03 7.763067430160505185e-06 9.999999999593914835e-01 -4.577309390552115306e-06 -2.999552645393495105e-03 -2.595078843269862194e-05 4.577510846869234915e-06 9.999999996528015078e-01 -1.109624201106804197e-03
9.999999954457143847e-01 -4.308801151054169053e-05 8.515864347100251532e-05 -6.149454432913169233e-03 4.308830748548319966e-05 9.999999990656653903e-01 -3.473739735715260158e-06 -6.358718554069300172e-03 -8.515849371489813389e-05 3.477409061709781942e-06 9.999999963679693238e-01 -7.927758584647660823e-04
9.999999856259087494e-01 6.785170538055204864e-05 1.553844536171827720e-04 -2.367962490249646973e-02 -6.778966940166911647e-05 9.999999180170325852e-01 -3.992123354019993316e-04 8.227724734312016203e-04 -1.554115281160701827e-04 3.992017962029438690e-04 9.999999082425872210e-01 -9.387067382057953657e-03
9.999979656178410448e-01 -1.792065164812410065e-06 -2.017116002522893140e-03 1.246018453647602248e-02 1.005836992154060582e-06 9.999999240355361696e-01 -3.897793095679873837e-04 -4.960149601713167641e-03 2.017116547803679810e-03 3.897764877180212324e-04 9.999978896553343155e-01 -2.643383091488088824e-03
9.999960699625835003e-01 -3.087622980929000642e-05 -2.803409717868719959e-03 -5.579342655903540837e-03 3.039333220427514124e-05 9.999999846951483917e-01 -1.722961065279957397e-04 -3.842206692927042054e-03 2.803414994817130315e-03 1.722102244349905096e-04 9.999960555962235098e-01 -7.878655212789431941e-04
9.999949067919871037e-01 8.692441670727993894e-05 -3.190428534044928433e-03 -3.729327789166174412e-03 -8.725669994944755677e-05 9.999999907839912661e-01 -1.040109888685438822e-04 -5.342309247556575880e-05 3.190419463547372256e-03 1.042888453842472671e-04 9.999949051607629480e-01 -6.629885376495260173e-04
9.999950017540428782e-01 -3.822373655579250964e-05 -3.161487921500400009e-03 1.314488338198545499e-02 3.831425689141502040e-05 9.999999988578397447e-01 2.857163381401260069e-05 7.891299211053465559e-03 3.161486825774870602e-03 -2.869262106634287420e-05 9.999950020764023506e-01 3.640898210690122084e-04
9.999956835064672811e-01 8.850397736364908828e-06 -2.938178024518239059e-03 1.575296447192082311e-02 -8.669485125169803743e-06 9.999999980660152499e-01 6.158579035887925570e-05 7.492098781915425623e-03 2.938178563894587331e-03 -6.156005203353480252e-05 9.999956816492192591e-01 -1.097672880704778260e-03
9.999961400987775750e-01 1.120963240840765667e-05 -2.778427953016207163e-03 1.734845659968333592e-02 -1.097300284942140935e-05 9.999999963118154644e-01 8.518193609923913588e-05 4.000781358988921184e-03 2.778428897627043762e-03 -8.515111960753450062e-05 9.999961365336106356e-01 -1.411602274552057603e-03
9.999957590546664221e-01 6.100666222894563739e-06 -2.912359089024328055e-03 1.739598533503982844e-02 -6.044453662155626363e-06 9.999999997952906394e-01 1.931018530632757396e-05 9.438031350221314994e-07 2.912359206233135819e-03 -1.929249979332614488e-05 9.999957588868331193e-01 -1.579609673167297560e-03
9.999954821729771792e-01 6.939009298323360532e-05 -3.005132051978582231e-03 1.698309371762279918e-02 -6.952616512419412841e-05 9.999999965626443776e-01 -4.517547646599839032e-05 -3.885003506070698089e-04 3.005128906918362163e-03 4.538420767827592103e-05 9.999954835600641800e-01 -2.955686964969401163e-03
9.999953799444764035e-01 1.501279687180554765e-05 -3.039714512620163549e-03 2.591020273842396110e-02 -1.544195289886039378e-05 9.999999899177589580e-01 -1.411595838873156892e-04 6.245724659776640030e-04 3.039712362772869440e-03 1.412058708505302927e-04 9.999953700941087709e-01 -5.378655620001043108e-03
9.999946816850319165e-01 1.293315196551936655e-06 -3.261380072774720633e-03 4.079591670416236882e-02 -1.609923721235605818e-06 9.999999952868816600e-01 -9.707545935559583946e-05 -3.588245459361364374e-03 3.261379931854283855e-03 9.708019365087044387e-05 9.999946769740207797e-01 -6.996323697997753818e-03
9.999871317451574093e-01 -2.745613375078355655e-05 -5.073025749374892104e-03 7.690409596711608731e-02 2.484037805617834218e-05 9.999998667271380315e-01 -5.156827142234118042e-04 -6.081612778475468245e-03 5.073039231931806767e-03 5.155500624093241639e-04 9.999869991560312865e-01 -6.382998778105772493e-03
9.999831494023438960e-01 -1.422332016301407166e-04 -5.803505930548765249e-03 1.070388993792237287e-01 1.385875631005873917e-04 9.999997928428495664e-01 -6.285759662951809473e-04 -1.205248713335293348e-02 5.803594132683166998e-03 6.277610806701219587e-04 9.999829619604369002e-01 -1.184192839563803085e-02
9.999796649984027397e-01 -2.295707137876514209e-04 -6.373137921739154693e-03 1.616582938769262068e-01 2.260086587005075587e-04 9.999998178662812265e-01 -5.596315668684614551e-04 -1.405182235018068160e-02 6.373265235994109157e-03 5.581798024062496364e-04 9.999795347533567691e-01 -1.292577131777162061e-02
9.999767518499043106e-01 -1.461089054340929377e-03 -6.660403778318396348e-03 2.887455900969073674e-01 1.458593876104007266e-03 9.999988642522822380e-01 -3.794707500994221614e-04 -6.600372021222648822e-03 6.660950654339418270e-03 3.697471039430317219e-04 9.999777472641376841e-01 -1.316555011610896601e-02
9.999765750031179845e-01 -1.616460901351504621e-03 -6.651052487238281151e-03 3.437185811729657203e-01 1.614187937165366361e-03 9.999986369588876878e-01 -3.470989343863796332e-04 -8.426066075069222824e-03 6.651604493436638101e-03 3.363547549005701403e-04 9.999778212656227350e-01 -1.408198970573578193e-02
9.999760327765396806e-01 -1.757116856246892156e-03 -6.696746437370265821e-03 4.263126114036293601e-01 1.755265978933062210e-03 9.999984196863568320e-01 -2.822518946650286577e-04 -1.245493086610072880e-02 6.697231803972330220e-03 2.704905586797399153e-04 9.999775367082109900e-01 -1.592580704982533499e-02
9.999753982624073334e-01 -1.320056952963610591e-03 -6.889145054420355539e-03 5.484339248562255520e-01 1.317816938669831616e-03 9.999990773342104511e-01 -3.296805178243655278e-04 -1.030158445649359544e-02 6.889573895101704960e-03 3.205937750651079447e-04 9.999762152127296133e-01 -1.746300628695283269e-02
9.999722270227159315e-01 -2.367014113526615376e-03 -7.066995642863528430e-03 7.060552287044797870e-01 2.363071092110546629e-03 9.999970476255130025e-01 -5.662466521813729926e-04 -3.775156464201223465e-03 7.068315092263344028e-03 5.495311127142426914e-04 9.999748681528514149e-01 -2.078452039202301205e-02
9.999713602778638188e-01 -2.591833400272952788e-03 -7.110627515481452235e-03 8.148520014044966508e-01 2.588743133616605747e-03 9.999965507336097126e-01 -4.437678122878399318e-04 -3.497696394738625258e-04 7.111753161270802440e-03 4.253475147445951116e-04 9.999746207011780408e-01 -2.125924412332992966e-02
9.999726603017535798e-01 -2.906213299039017445e-03 -6.799453896756782988e-03 9.333633510343359863e-01 2.905565649953145268e-03 9.999957733094051449e-01 -1.051264881581811779e-04 1.023456867829689726e-02 6.799730677566913524e-03 8.536735435086067699e-05 9.999768779202483637e-01 -2.356034844773721368e-02
9.999702861796816444e-01 -3.843245446347939853e-03 -6.682531119621190792e-03 1.091120304221436577e+00 3.842939236963318836e-03 9.999926141611064079e-01 -5.866223320030012310e-05 8.626083471980549797e-03 6.682707216883560127e-03 3.297992907942264582e-05 9.999776699189726337e-01 -2.742923710231878406e-02
9.999696798814784460e-01 -3.751469082158385461e-03 -6.823913646815334827e-03 1.240863379235479291e+00 3.750991571974548848e-03 9.999929615806533167e-01 -8.277306975737729880e-05 4.512784241459415549e-03 6.824176137861532460e-03 5.717411749100543493e-05 9.999767134044470485e-01 -2.626171845958810008e-02
9.999695266134956961e-01 -3.839396114075800583e-03 -6.797417293402822913e-03 1.410792294869046781e+00 3.837848397457608533e-03 9.999926064591702080e-01 -2.407211523426770218e-04 1.559854623228131530e-02 6.798291260277406975e-03 2.146263596876252396e-04 9.999768683181957662e-01 -2.890394024551926414e-02
9.999688988475774476e-01 -4.741150971358893892e-03 -6.302604622717021023e-03 1.597780780918824695e+00 4.741294584309259028e-03 9.999887599688912498e-01 7.844996185928691465e-06 2.827196560865539998e-02 6.302496586933708546e-03 -3.772725736223727483e-05 9.999801383594705273e-01 -3.341888129658136808e-02
9.999693071658628529e-01 -5.031541881304345959e-03 -6.005690012056526944e-03 1.788401003107342291e+00 5.038711901477263902e-03 9.999866101823261522e-01 1.179338134078048838e-03 3.019445029614624063e-02 5.999675707748427025e-03 -1.209562878588640172e-03 9.999812702491205352e-01 -3.807309301594628131e-02
9.999640388071150410e-01 -5.982136927699383336e-03 -6.011250314264872038e-03 1.991135033846250568e+00 5.997971594799552872e-03 9.999785807719469011e-01 2.619605709058757566e-03 3.103789280948296772e-02 5.995450717875333221e-03 -2.655566813546761905e-03 9.999785010366913918e-01 -3.765953563835806178e-02
9.999641605900402297e-01 -6.470694956103083782e-03 -5.459637555844843067e-03 2.200522399129213547e+00 6.494881987190520393e-03 9.999691213804168255e-01 4.424115013163846914e-03 4.059164562307791824e-02 5.430841871072795111e-03 -4.459416157110227506e-03 9.999753094772435569e-01 -4.395461094337466817e-02
9.999608551057102002e-01 -6.959691140909182380e-03 -5.463602793032981859e-03 2.411306116303211677e+00 6.987590007408469792e-03 9.999625609892787148e-01 5.103940208447604182e-03 4.790819907885784934e-02 5.427876393696973341e-03 -5.141917831528728874e-03 9.999720490288058761e-01 -4.721071623231409831e-02
9.999585222515912086e-01 -7.512517323642347103e-03 -5.149355287402986384e-03 2.647621835414105895e+00 7.541960511199029618e-03 9.999551850737675718e-01 5.722471121356782070e-03 6.036849406117593408e-02 5.106134355992400509e-03 -5.761070000375061173e-03 9.999703682931756488e-01 -4.987836300575109599e-02
9.999547424695155451e-01 -8.194572565710741066e-03 -4.833424582034948243e-03 2.893916116988335396e+00 8.224329060664796812e-03 9.999471505742351107e-01 6.168992621958084739e-03 6.555381954287556323e-02 4.782616880623340692e-03 -6.208465102839000153e-03 9.999692902968770891e-01 -5.067503115576743600e-02
9.999545047501575690e-01 -8.571969138596596469e-03 -4.184468300036494996e-03 3.147343705210551068e+00 8.599365077799603005e-03 9.999414178676609977e-01 6.573564715629733914e-03 7.200164383932151912e-02 4.127874771087828264e-03 -6.609249420229134676e-03 9.999696387750857118e-01 -5.416749877231630261e-02
9.999495252870496120e-01 -9.249926408006972287e-03 -3.922466016497073993e-03 3.404483961071862907e+00 9.271326184092635106e-03 9.999420423541399705e-01 5.473065267244567669e-03 7.537843719785537744e-02 3.871613228652560738e-03 -5.509155477731206979e-03 9.999773296514925525e-01 -7.342613666398460637e-02
9.999288987055208189e-01 -9.943525245579069166e-03 -6.582084719504013859e-03 3.673069065578860037e+00 9.978914301697647954e-03 9.999358129652984317e-01 5.365744942415091694e-03 7.749190260518555584e-02 6.528307814707472179e-03 -5.431045490346285941e-03 9.999639418208829955e-01 -8.000977407588977242e-02
9.998924634623451713e-01 -1.060042164913492513e-02 -1.013373435922171502e-02 3.950061566378889832e+00 1.064106680503539709e-02 9.999355195468484503e-01 3.965406136215919933e-03 8.415448894109046896e-02 1.009104595438416012e-02 -4.072813454470596353e-03 9.999407897381282773e-01 -8.626042039164906472e-02
9.998361562730144758e-01 -1.147909409519216016e-02 -1.399610688576664180e-02 4.236498708388046097e+00 1.149036854021197145e-02 9.999337204228756493e-01 7.253909818645644988e-04 9.197699281861100584e-02 1.398685239838423980e-02 -8.860925573482313685e-04 9.999017865770445379e-01 -8.931692480292351133e-02
9.997846584287499727e-01 -1.166242124499925620e-02 -1.716463519017717015e-02 4.531857338467045970e+00 1.161610951673643782e-02 9.999286235310940185e-01 -2.795325188038903005e-03 9.045991323507661386e-02 1.719601029898690236e-02 2.595336956136830037e-03 9.998487692925771553e-01 -8.498901097824373974e-02
9.997534120029387683e-01 -1.208991110460913912e-02 -1.862657343594674095e-02 4.844387512970913967e+00 1.199398004059548314e-02 9.999142696319545109e-01 -5.253363606382873210e-03 9.364940713731610689e-02 1.868848927195200862e-02 5.028661439957910623e-03 9.998127089274543300e-01 -8.531200851209037872e-02
9.997299695476107306e-01 -1.257662823086607221e-02 -1.954012309776500048e-02 5.148224111360426569e+00 1.241979441972244566e-02 9.998898444015715814e-01 -8.126977862209460585e-03 9.648321363483659818e-02 1.964018062302528775e-02 7.882099018890458691e-03 9.997760428316690984e-01 -8.191602026772290546e-02
9.997201185657998979e-01 -1.262145291679631597e-02 -2.000958422986384364e-02 5.479798771538559876e+00 1.240302031255473107e-02 9.998625381359729225e-01 -1.100317769630647369e-02 1.085112405591462659e-01 2.014570976434627500e-02 1.075191883150329597e-02 9.997392393116975029e-01 -8.641720379706996358e-02
9.997002979102581621e-01 -1.335548520475719238e-02 -2.051695330907349346e-02 5.813236569973982526e+00 1.311482198921551552e-02 9.998441314145573022e-01 -1.182008122055934647e-02 1.189614221221221568e-01 2.067161828044382366e-02 1.154746252710707986e-02 9.997196308499961548e-01 -8.904601334969541870e-02
9.997025375551321646e-01 -1.367321508892822488e-02 -2.019602918797285332e-02 6.153113854679978623e+00 1.348213218831730009e-02 9.998633385599419166e-01 -9.567461284146134767e-03 1.275911578157350457e-01 2.032408712553369565e-02 9.292329788530008863e-03 9.997502608599884155e-01 -7.548840627896138966e-02
9.997943674216236420e-01 -1.425547297786920395e-02 -1.442235633218870092e-02 6.502236323679502661e+00 1.418005468801257843e-02 9.998853154446839531e-01 -5.318083031492519888e-03 1.508580472342508916e-01 1.449651409961564066e-02 5.112479658846294864e-03 9.998818498356181195e-01 -6.235087118176841497e-02
9.998694364596795170e-01 -1.569601668066173197e-02 -3.839934135269479788e-03 6.860564193001055244e+00 1.568768307121651620e-02 9.998745405660616203e-01 -2.190828077311556162e-03 1.619509972406802112e-01 3.873839653352452016e-03 2.130302365313095463e-03 9.999902275413357078e-01 -6.267238768091533407e-02
9.998079127688355161e-01 -1.747277876601459334e-02 8.879164770320559230e-03 7.228692979008102704e+00 1.747623730164006572e-02 9.998472302029527414e-01 -3.120661152978313445e-04 1.691563096851778636e-01 -8.872355639927678728e-03 4.671805619482880152e-04 9.999605307449495051e-01 -7.094053017822810059e-02
9.996300571592550144e-01 -1.888540000344526848e-02 1.957269757837415414e-02 7.607099541269492171e+00 1.894789917137884583e-02 9.998159335869127862e-01 -3.012650447911185969e-03 1.818080354055190140e-01 -1.951219979335710314e-02 3.382397439673238450e-03 9.998038974952959679e-01 -1.122211573534567380e-01
9.995420861627756226e-01 -2.041601034072652518e-02 2.233393183328460582e-02 7.980481851411749261e+00 2.058009075034979499e-02 9.997627001646762768e-01 -7.141654160126980136e-03 1.896822118328947981e-01 -2.218282790975539473e-02 7.598018241807509565e-03 9.997250583359023057e-01 -1.371053440847226357e-01
9.995791202311514745e-01 -2.154438788698382831e-02 1.942734537944914436e-02 8.357766009353158054e+00 2.173974734156683755e-02 9.997146322207471902e-01 -9.901389259142865176e-03 1.957267472654213580e-01 -1.920848207022244486e-02 1.031956754478677817e-02 9.997622421067153820e-01 -1.326429267913661614e-01
9.995773266122159884e-01 -2.271863398576236259e-02 1.813923351733280273e-02 8.733773795082845126e+00 2.287867685750528957e-02 9.997006991221387695e-01 -8.664774662783333511e-03 2.104893129639481275e-01 -1.793695258468445616e-02 9.076113955208115966e-03 9.997979245264749792e-01 -1.319026141737032198e-01
9.995489624264722872e-01 -2.425963675013271051e-02 1.770146143442025491e-02 9.134675272691563208e+00 2.436485531060202450e-02 9.996865805830942309e-01 -5.752775658241915738e-03 2.307204933536243507e-01 -1.755635320492514653e-02 6.181474486903823853e-03 9.998267669128045876e-01 -1.503854302809490839e-01
9.995621541692680800e-01 -2.565151512488157703e-02 1.474787185631951103e-02 9.542245316007354816e+00 2.568786506061242897e-02 9.996674109139721542e-01 -2.280601934431759990e-03 2.573519030688786735e-01 -1.468446598008305015e-02 2.658444724559549336e-03 9.998886433651130723e-01 -1.863244411371814402e-01
9.996115860244038087e-01 -2.688239206775469917e-02 7.349427358058492100e-03 9.946241492725993893e+00 2.687821556440226842e-02 9.996384933256585725e-01 6.664755665081081425e-04 2.888268647359905072e-01 -7.364686948498416590e-03 -4.686772052788714554e-04 9.999727704931908878e-01 -2.101360534502233202e-01
9.996089014808998696e-01 -2.794228868438466615e-02 1.128088306398791069e-03 1.036559016429794511e+01 2.793940570263761178e-02 9.996065042326732764e-01 2.495256443309746067e-03 3.035235334077818758e-01 -1.197367584305584348e-03 -2.462762435349115549e-03 9.999962505489983222e-01 -2.236334907925722759e-01
9.995728794851893584e-01 -2.920938955280355173e-02 -9.328234772290318420e-04 1.079472265273728304e+01 2.921145152788015911e-02 9.995706561380744981e-01 2.279141797607589070e-03 3.183648704401680352e-01 8.658506345824265767e-04 -2.305417457178813179e-03 9.999969676719158151e-01 -2.281064075013306547e-01
9.995534134428419870e-01 -2.987079795899824988e-02 -8.420831644022477641e-04 1.125199286001927845e+01 2.987250284267970943e-02 9.995515312003703245e-01 2.090466194220446609e-03 3.493195776025388444e-01 7.792616230486449627e-04 -2.114687751842293361e-03 9.999974604202928052e-01 -2.314117934964201317e-01
9.995223380061623031e-01 -3.090451009440248198e-02 -8.415770923616750399e-05 1.170850836152798458e+01 3.090458956041197691e-02 9.995133907231762427e-01 4.229433669147528510e-03 3.635007351696715183e-01 -4.659181820763854564e-05 -4.230014288890606572e-03 9.999910523641289961e-01 -2.400893273077884804e-01
9.994798917921773329e-01 -3.224619839786128234e-02 3.585972439101160585e-04 1.219291421007431353e+01 3.224357117523023869e-02 9.994631254425513367e-01 5.814894536864765456e-03 3.926697770098291351e-01 -5.459129650718704679e-04 -5.800307706731261392e-03 9.999830290607645278e-01 -2.599218613173842618e-01
9.994493466442482266e-01 -3.316944411097638712e-02 -8.896458587900673773e-04 1.267622117535412052e+01 3.317384856114936886e-02 9.994344422917607051e-01 5.503756226351953079e-03 4.187027350715618046e-01 7.065861781666061842e-04 -5.530238541509227904e-03 9.999844584780539503e-01 -2.746503567289611536e-01
9.994189213164824670e-01 -3.394121518529005094e-02 -3.132670800530468029e-03 1.317275603702825215e+01 3.395255927588467643e-02 9.994168097438791420e-01 3.641993957222451530e-03 4.428585139369966006e-01 3.007230156838350960e-03 -3.746239863215253350e-03 9.999884610602619572e-01 -2.835181790816241332e-01
9.993825517439148820e-01 -3.487523998614910914e-02 -4.270000670935655482e-03 1.369235323797351178e+01 3.488950293533828184e-02 9.993856859163381401e-01 3.312607802833913463e-03 4.611824177327419338e-01 4.151849557282431130e-03 -3.459540639865465832e-03 9.999853967552799761e-01 -2.928576342171643199e-01
9.993394985359962401e-01 -3.602037180593229554e-02 -4.806191921460317359e-03 1.421216324834792388e+01 3.603754505336661390e-02 9.993441820750461613e-01 3.535689364676879252e-03 4.964680485021138456e-01 4.675683089141513538e-03 -3.706557394580000265e-03 9.999821995515373318e-01 -3.021824450585791633e-01
9.992979532907549922e-01 -3.704998231169418649e-02 -5.558719241986606260e-03 1.473768527068912348e+01 3.707896458527896316e-02 9.992987852301210561e-01 5.204634750691516411e-03 5.235515395828940211e-01 5.361989760500564597e-03 -5.407092407905101684e-03 9.999710057884181325e-01 -3.091373228030399045e-01
9.992520240526334696e-01 -3.844469207348650414e-02 -4.171100345222508200e-03 1.529537396837628727e+01 3.847135492496008696e-02 9.992384823544493422e-01 6.512313890972541881e-03 5.576575909834272649e-01 3.917560076483929919e-03 -6.667910718629072898e-03 9.999700953977050943e-01 -3.100345151580532477e-01
9.992110259150528417e-01 -3.969134327099637510e-02 -1.386708019605232753e-03 1.586680642769124638e+01 3.969744054971444808e-02 9.992007504717869137e-01 4.687586843953272381e-03 5.784262003468334523e-01 1.199543075338838430e-03 -4.738937218580544647e-03 9.999880517138436398e-01 -3.239045102710341739e-01
9.991675425869988025e-01 -4.078565518670436429e-02 8.672782997544368480e-04 1.643329253610816565e+01 4.078344566693069273e-02 9.991650575174131355e-01 2.428661309661670799e-03 6.199096966274395548e-01 -9.656087149988969642e-04 -2.391268955134630454e-03 9.999966747107681408e-01 -3.434489436365479320e-01
9.991256162610782088e-01 -4.176914245353387928e-02 1.828023418093556321e-03 1.700555288241870855e+01 4.176692646032444806e-02 9.991266190438308215e-01 1.234087558350552673e-03 6.458773464069507142e-01 -1.877973636277639963e-03 -1.156657572585860624e-03 9.999975676761825305e-01 -3.546345176138814281e-01
9.990976783642135928e-01 -4.244340430362137512e-02 1.544836029428779895e-03 1.758773972317923651e+01 4.244105078250517277e-02 9.990978078124437278e-01 1.525658168150177858e-03 6.815787051772550509e-01 -1.608196416891894158e-03 -1.458717069400611126e-03 9.999976429216201890e-01 -3.637364062747178162e-01
9.990275605321407015e-01 -4.406972105499596531e-02 1.339023276456679547e-03 1.817612397443031824e+01 4.406437126468685378e-02 9.990214977217928283e-01 3.791869559176636213e-03 7.150431145716952264e-01 -1.504819672879938956e-03 -3.729178976774473464e-03 9.999919143382667297e-01 -3.769353213533192526e-01
9.989574106013249244e-01 -4.561773683973988081e-02 1.764621862102885028e-03 1.875455355940669477e+01 4.560781563565022290e-02 9.989453392898778317e-01 5.304362730379273520e-03 7.549177685286552197e-01 -2.004733807893668059e-03 -5.218351909476426874e-03 9.999843748007807287e-01 -3.858571645323416455e-01
9.988806238805008064e-01 -4.723201817527743207e-02 2.575984315103707796e-03 1.934335160124867414e+01 4.722274715305010973e-02 9.988780812523567754e-01 3.548372152010140310e-03 7.902944827885675094e-01 -2.740691047983349025e-03 -3.422755132977719095e-03 9.999903866337311875e-01 -4.156138134062826728e-01
9.988133948995541189e-01 -4.866322084339484016e-02 1.921745658053342380e-03 1.994555373867770953e+01 4.866178189265048942e-02 9.988150024439330643e-01 7.885911222633003401e-04 8.249914448025997826e-01 -1.957843778083006355e-03 -6.941398079501166166e-04 9.999978425065064735e-01 -4.237649594320971880e-01
9.987749449821644587e-01 -4.946369823986498937e-02 1.397079922563202554e-03 2.054841286335275186e+01 4.946521943824454259e-02 9.987752670468619254e-01 -1.076104732845384240e-03 8.652453568960579711e-01 -1.342140752963917041e-03 1.143893310285049817e-03 9.999984450819380255e-01 -4.411673256255274067e-01
9.987452333958152240e-01 -5.007947512771432352e-02 7.028564024355178738e-05 2.114014274470363475e+01 5.007952012007398090e-02 9.987435797775949808e-01 -1.817558136023028278e-03 9.026487959100097935e-01 2.082502552233494872e-05 1.818797395907511671e-03 9.999983457698072842e-01 -4.487365733869524420e-01
9.987153079738192440e-01 -5.065092177708822169e-02 -1.489208477872039143e-03 2.175601018560746525e+01 5.064826139222127627e-02 9.987149794525311819e-01 -1.772973512365201001e-03 9.391643622552146020e-01 1.577097557066167678e-03 1.695269967176460781e-03 9.999973194079241345e-01 -4.572858295135737716e-01
9.986636376958026862e-01 -5.162415307989627611e-02 -2.426017924506381103e-03 2.237385717223900983e+01 5.162187454029769362e-02 9.986662088411946137e-01 -9.926669638899016102e-04 9.854401223323329129e-01 2.474027714548779691e-03 8.661048082473553561e-04 9.999965645187631758e-01 -4.714889313012046723e-01
9.986373591055242027e-01 -5.205831165787831033e-02 -3.654748428488641902e-03 2.298715155835749258e+01 5.205609178325140002e-02 9.986439171875217680e-01 -6.999804395644755334e-04 1.034260710242492332e+00 3.686232086838103338e-03 5.087746979540932069e-04 9.999930763966862202e-01 -4.861808754468138760e-01
9.986003715101888778e-01 -5.270965601902168063e-02 -4.357772604118680636e-03 2.361230018603482961e+01 5.271159614873949240e-02 9.986097224392005423e-01 3.314835666171992703e-04 1.062788470737539903e+00 4.334241705879757385e-03 -5.607247623898022970e-04 9.999904499226859311e-01 -4.990484316199065851e-01
9.985957166189857181e-01 -5.277043161539969607e-02 -4.677210422751364519e-03 2.425300504409199931e+01 5.277244429391463043e-02 9.986065162727203459e-01 3.078650787388238319e-04 1.108652592259352865e+00 4.654446633053841570e-03 -5.542605754107195019e-04 9.999890144005355586e-01 -5.047686456472106897e-01
9.986152172314646247e-01 -5.246980650167867161e-02 -3.816715791244362169e-03 2.488566084708332582e+01 5.246859081687434839e-02 9.986224873479960795e-01 -4.180198473951138196e-04 1.149007916185367018e+00 3.833391637459502514e-03 2.171832815984320428e-04 9.999926289428218151e-01 -5.106258747910378260e-01
9.986368660068241088e-01 -5.217043085056669027e-02 -1.629722962555128166e-03 2.554512185364274046e+01 5.217111176267659467e-02 9.986380886679289137e-01 3.780993414214918946e-04 1.188606228961019751e+00 1.607777818838013358e-03 -4.626084001780668854e-04 9.999986005209974271e-01 -5.183150205930214804e-01
9.986668730101397884e-01 -5.160537621020917787e-02 1.167004006930574085e-03 2.620443419591896017e+01 5.160403720075606993e-02 9.986669621538996067e-01 1.149802976476307697e-03 1.239718882079764217e+00 -1.224784361591462747e-03 -1.088048024908268687e-03 9.999986580264811353e-01 -5.365924188611501666e-01
9.986777922321637968e-01 -5.130563694518718715e-02 3.224735638722163976e-03 2.687963012278896713e+01 5.130152017908323064e-02 9.986823020695575481e-01 1.346684953547663257e-03 1.278507826556948057e+00 -3.289578940551058511e-03 -1.179470515799140333e-03 9.999938937412049533e-01 -5.585250917359322331e-01
9.986943476330406577e-01 -5.098484510430580791e-02 3.185212003199652982e-03 2.755902103295986194e+01 5.098239333613695939e-02 9.986991936259204117e-01 8.462982073355113837e-04 1.324264977911325358e+00 -3.224217042136148445e-03 -6.828035048718408958e-04 9.999945690871721027e-01 -5.791457317531526483e-01
9.987477745017081521e-01 -4.999578066525910136e-02 1.817922868692728022e-03 2.824679008470648611e+01 4.999594922693970100e-02 9.987494194327171115e-01 -4.736779261240770976e-05 1.360988881331404166e+00 -1.813281219910274373e-03 1.381972568963548342e-04 9.999983464550007417e-01 -5.981551780654555950e-01
9.987871889192004859e-01 -4.923097967653988771e-02 -6.796256097965873563e-04 2.894429768517128210e+01 4.923164926545398057e-02 9.987868800971295702e-01 1.006407693404184510e-03 1.416266773224300834e+00 6.292547057425479417e-04 -1.038646200655147936e-03 9.999992626260206796e-01 -6.186729212965139668e-01
9.988231310125484930e-01 -4.837897178640332418e-02 -3.439192227803437776e-03 2.965247878160576533e+01 4.838428003798934951e-02 9.988277023178699920e-01 1.477338014754794523e-03 1.455702014788929244e+00 3.363688376591581364e-03 -1.642002221315764371e-03 9.999929946900679711e-01 -6.329477156266370974e-01
9.988764654298996071e-01 -4.705852718573283466e-02 -5.594803783896008624e-03 3.036432185930808458e+01 4.707237822723590870e-02 9.988886689847082945e-01 2.370270446579435600e-03 1.493056038561511034e+00 5.477044668678596358e-03 -2.630968085614939639e-03 9.999815398239257913e-01 -6.486368813815499568e-01
9.989628040319518121e-01 -4.494767614398065964e-02 -7.281659829743304668e-03 3.109176970705279786e+01 4.495916716175222400e-02 9.989878132487022278e-01 1.422064941409493990e-03 1.531268742719987364e+00 7.210370915693998725e-03 -1.747967342886406778e-03 9.999724772019609187e-01 -6.530872748949008155e-01
9.990800468186586958e-01 -4.236180101281799421e-02 -6.673669438715774775e-03 3.181859161084810239e+01 4.237827594003504977e-02 9.990988810683334442e-01 2.346822608194392128e-03 1.572756646459753993e+00 6.568240036500150487e-03 -2.627482246276415922e-03 9.999749769668581090e-01 -6.500097320294918601e-01
9.992199764814901908e-01 -3.941565615635171660e-02 -2.417571114673192252e-03 3.255896818938921200e+01 3.942652559694399816e-02 9.992117619120276517e-01 4.626438804842165214e-03 1.618554559986316033e+00 2.233311371880163793e-03 -4.718146503202536382e-03 9.999863756141332827e-01 -6.632891224182979606e-01
9.993187350174806971e-01 -3.687045822696261022e-02 1.623315494913087249e-03 3.331166319096100636e+01 3.686012623737552896e-02 9.993024755900258294e-01 5.991107861709191705e-03 1.656714166454928083e+00 -1.843078084878671963e-03 -5.927190715650928858e-03 9.999807355511372009e-01 -6.806145510495897888e-01
9.994076862887896207e-01 -3.426710422228160940e-02 3.168935958269278493e-03 3.405092813968229137e+01 3.425864894088102158e-02 9.994093933173840982e-01 2.685055255229627791e-03 1.688719131187848443e+00 -3.259073431789081404e-03 -2.574901395676116103e-03 9.999913741243815490e-01 -7.005790967716729600e-01
9.995105474638557030e-01 -3.118225187026957973e-02 2.516481035609159384e-03 3.477218285295919031e+01 3.118236977638345897e-02 9.995137116403276512e-01 -7.622651015888301832e-06 1.718425316757693277e+00 -2.515019608750309558e-03 8.608876227763763802e-05 9.999968336275333325e-01 -7.124057404982497843e-01
9.996197397828967546e-01 -2.753351304846371472e-02 1.510462043138678569e-03 3.551035176500977286e+01 2.753314611773913234e-02 9.996208564234119187e-01 2.631884948198564503e-04 1.746997556781352934e+00 -1.517135865013670253e-03 -2.215006425666411619e-04 9.999988246174255080e-01 -7.308240574719679916e-01
9.997045304519577291e-01 -2.430607732014456943e-02 -2.576803018384707616e-04 3.623889511988719647e+01 2.430656452174273160e-02 9.997023561053431928e-01 2.095260980394628159e-03 1.772645222066833171e+00 2.066760294745014642e-04 -2.100905217462339068e-03 9.999977717386604459e-01 -7.505514289932442296e-01
9.997763136582021870e-01 -2.100298208556753213e-02 -2.489456070999671120e-03 3.696772913616574385e+01 2.101057910135137666e-02 9.997745526465772192e-01 3.065851621040525075e-03 1.793715266736959135e+00 2.424502803043279264e-03 -3.117470745605997740e-03 9.999922015507463069e-01 -7.556275988741151250e-01
9.998320178667751135e-01 -1.794411333773112890e-02 -3.734279713049832358e-03 3.769363461678864979e+01 1.796660737991469595e-02 9.998201016675553054e-01 6.079911244032540178e-03 1.820770358838367686e+00 3.624509305910306785e-03 -6.145982265023095838e-03 9.999745445931558230e-01 -7.690681183648387931e-01
9.998839071876065576e-01 -1.463870995458290206e-02 -4.228512517591947843e-03 3.841227378286736638e+01 1.466464905551604844e-02 9.998734322947557818e-01 6.169883239005326953e-03 1.834941456571150598e+00 4.137658193276557740e-03 -6.231176612005314211e-03 9.999720257200725992e-01 -7.898898936184356456e-01
9.999219155275617110e-01 -1.055499861531177842e-02 -6.689906720011885854e-03 3.912163616122717968e+01 1.058492274543593008e-02 9.999340606319587765e-01 4.453515303138639962e-03 1.858566357079681319e+00 6.642458743932615553e-03 -4.523979698551197810e-03 9.999677051532825933e-01 -8.019059265047424612e-01
9.999309288783122529e-01 -5.971267418093060761e-03 -1.012331161118904151e-02 3.983746810762320933e+01 6.015776015340597305e-03 9.999723480425931621e-01 4.371909092843478777e-03 1.865882768309842454e+00 1.009692584348659099e-02 -4.432506695364928952e-03 9.999392006381720988e-01 -7.951974209475305422e-01
9.999435610318132550e-01 -7.066090824639832029e-04 -1.060072896648448469e-02 4.054760745158139201e+01 7.871710585950142869e-04 9.999708293808780013e-01 7.597417261373399892e-03 1.882932324528076684e+00 1.059505133261723180e-02 -7.605333058024709748e-03 9.999149482812704770e-01 -7.991410667227208942e-01
9.999453639907113223e-01 4.366277168036194339e-03 -9.497613235738951165e-03 4.127274768518872605e+01 -4.272728105243627991e-03 9.999423803142599709e-01 9.847834583828330920e-03 1.893153285864699109e+00 9.540064361546994609e-03 -9.806715818441459273e-03 9.999064033682522057e-01 -8.086534608264863699e-01
9.999201536025239534e-01 9.228289459104354123e-03 -8.632791736383810602e-03 4.197399858458863520e+01 -9.141109430962678431e-03 9.999073698775093888e-01 1.008423437910511457e-02 1.889686423255687364e+00 8.725052313651665906e-03 -1.000451589536164622e-02 9.999118876800212607e-01 -8.168967631844223920e-01
9.998662822565376196e-01 1.428511668146900844e-02 -7.959462788819987242e-03 4.268625697332716129e+01 -1.419797622965158178e-02 9.998398013488463132e-01 1.089904168639298926e-02 1.886169882525746022e+00 8.113881775823629169e-03 -1.078457602765631879e-02 9.999089247738673913e-01 -8.184737368053252027e-01
9.997720754978585145e-01 2.028960095245605985e-02 -6.642977336578234464e-03 4.338775249581448179e+01 -2.020631518629928750e-02 9.997192642651908656e-01 1.237325679266764074e-02 1.884828610805091120e+00 6.892160858259823060e-03 -1.223620653043496105e-02 9.999013818214516069e-01 -8.173922808904793280e-01
9.996475113182623495e-01 2.637038388934265232e-02 -3.075055891082188221e-03 4.409237858598380910e+01 -2.633022840039123819e-02 9.995758963441637723e-01 1.243971543664667591e-02 1.870869772623382943e+00 3.401791820175434009e-03 -1.235436365379505817e-02 9.999178953849771068e-01 -8.281299773839040368e-01
9.994601860138606630e-01 3.283411711885318024e-02 1.121305562503084434e-03 4.479137441538494357e+01 -3.284484548888096794e-02 9.993944405689961785e-01 1.148774497430669200e-02 1.855844475974039343e+00 -7.434365814267708669e-04 -1.151837283684659444e-02 9.999333849758397230e-01 -8.365715368231593230e-01
9.992165616473741574e-01 3.932836159676949411e-02 4.420735652919418474e-03 4.549171789300874735e+01 -3.937273019079983588e-02 9.991700255702757882e-01 1.044261074716460250e-02 1.835087346360721794e+00 -4.006375783888124070e-03 -1.060848603751097727e-02 9.999357024214458045e-01 -8.605587700550332286e-01
9.989670615743446724e-01 4.512288061346322876e-02 5.360553578002007040e-03 4.617701918457594701e+01 -4.517135256579692115e-02 9.989360161577789388e-01 9.294327851009713884e-03 1.806052403418287433e+00 -4.935463189606155605e-03 -9.526870838251539145e-03 9.999424383108935777e-01 -8.750204974844306705e-01
9.986931974888537678e-01 5.089714742057129676e-02 4.623599673187108426e-03 4.687575824332926544e+01 -5.093781265275413445e-02 9.986599096377941631e-01 9.150088763812021242e-03 1.771896498548152454e+00 -4.151690215103319252e-03 -9.373647458772400853e-03 9.999474477199671307e-01 -8.917147391225139774e-01
9.984054765866873238e-01 5.637739398445363453e-02 2.844955049099916981e-03 4.757487881352935233e+01 -5.640097587955098662e-02 9.983673494994406150e-01 9.031355008861173539e-03 1.739218217233974295e+00 -2.331145972266899982e-03 -9.177412542948296809e-03 9.999551694238459909e-01 -9.124024597441164897e-01
9.981084649833880107e-01 6.147399467289507702e-02 6.634059555199046769e-04 4.826001501158689422e+01 -6.147749044862085843e-02 9.980668020336503909e-01 9.120134125212082249e-03 1.705013496529305339e+00 -1.014723838464533950e-04 -9.143667605452078517e-03 9.999581906490272454e-01 -9.237162050498662902e-01
9.977746715182315151e-01 6.667428401385139258e-02 -4.946998337287472017e-04 4.895268656437215782e+01 -6.666631657258867416e-02 9.977277409630592730e-01 9.744595804539320574e-03 1.669319801950376769e+00 1.143289695833023169e-03 -9.689931062228389694e-03 9.999523979293617471e-01 -9.307808625226016153e-01
9.974214491334142396e-01 7.175591902600239602e-02 1.241327246840555126e-03 4.964799658324191967e+01 -7.176480784963790160e-02 9.973706710102775430e-01 1.007754746023033741e-02 1.628428243340134918e+00 -5.149397095877211120e-04 -1.014064560284173334e-02 9.999484497432120644e-01 -9.397034026498032322e-01
9.970307211214201049e-01 7.694641826030694520e-02 2.998309025268622915e-03 5.033678801881722364e+01 -7.697020782070713996e-02 9.969941122303277448e-01 8.850270396871119660e-03 1.576085649422866108e+00 -2.308299837165412715e-03 -9.054771944697597580e-03 9.999563404753686324e-01 -9.622945172088929189e-01
9.966391329841711721e-01 8.186532637772842014e-02 2.916666183764876196e-03 5.103245470170487863e+01 -8.188355024305501995e-02 9.966187009284785958e-01 6.800673439071190998e-03 1.522831867190801214e+00 -2.350064712427862596e-03 -7.016644262024925027e-03 9.999726215747847258e-01 -9.755141264486369979e-01
9.962296149479592522e-01 8.675130885772773526e-02 8.744781940851832939e-04 5.172610142112333875e+01 -8.675338423691898726e-02 9.962261326586088206e-01 2.709784403507211389e-03 1.470152963899018950e+00 -6.361006856612589017e-04 -2.775431415676253479e-03 9.999959461699705621e-01 -9.939459579005830436e-01
