1.000000000000000000e+00 0.000000000000000000e+00 0.000000000000000000e+00 0.000000000000000000e+00 0.000000000000000000e+00 1.000000000000000000e+00 0.000000000000000000e+00 0.000000000000000000e+00 0.000000000000000000e+00 0.000000000000000000e+00 1.000000000000000000e+00 0.000000000000000000e+00
9.999999995969379718e-01 2.445824693239743408e-05 -1.441936943031339438e-05 -5.761853747959139876e-03 -2.445783138483991552e-05 9.999999992856635211e-01 2.881817725320430607e-05 2.467926568531919954e-03 1.442007426210851279e-05 -2.881782457508259368e-05 9.999999994807972081e-01 1.373867411082746156e-03
9.999999879963147320e-01 1.249787102051146430e-04 -9.158434537637262529e-05 2.796529006579760029e-03 -1.249760077099542070e-04 9.999999917549784456e-01 2.951339412703450618e-05 3.228408344901240699e-03 9.158803316718951279e-05 -2.950194792691114399e-05 9.999999953706336653e-01 -4.070154608978996877e-03
9.999999983636920220e-01 -1.068107059389339662e-05 -5.620080686382652275e-05 -8.519003696827313551e-03 1.068461820822147639e-05 9.999999979506009051e-01 6.312398224329394242e-05 -3.790949079645186334e-04 5.620013251693813452e-05 -6.312458262416800053e-05 9.999999964284160825e-01 -4.478580889621854716e-04
9.999999991031375268e-01 -1.867901454033316604e-05 -3.801077989812689747e-05 -2.061955182936749814e-03 1.868003502951407678e-05 9.999999994651425084e-01 2.684718442600023404e-05 -2.788004628528478138e-03 3.801027839884828306e-05 -2.684789444462199812e-05 9.999999989172047021e-01 -1.540552754132709125e-04
9.999999974505446865e-01 -4.460851669351784989e-05 -5.575832486498300190e-05 -4.608216335320131953e-03 4.461035594607123706e-05 9.999999984609416748e-01 3.298534310076094053e-05 1.980756780847088561e-04 5.575685335193932950e-05 -3.298783041538547054e-05 9.999999979014881912e-01 -2.112074663336248586e-03
9.999999782130877257e-01 2.087065989931524593e-04 -3.921682486180520793e-06 -7.558892039185414677e-03 -2.087066986865085145e-04 9.999999778972139541e-01 -2.543787753394909166e-05 2.967531414369123897e-03 3.916373346594697574e-06 2.543869546114127452e-05 9.999999996687674031e-01 6.284167529165517185e-05
9.999999851095120462e-01 1.400269071761884351e-04 -1.008634771815676291e-04 -9.605598944684191898e-04 -1.400240700337379910e-04 9.999999898008392618e-01 2.813505343571794169e-05 2.684905122635589635e-03 1.008674158173606549e-04 -2.812092970218054501e-05 9.999999945174888882e-01 -2.642870803503928612e-03
9.999999987149645886e-01 4.305767172885293867e-05 -2.676018925524578071e-05 -6.080853966496800773e-03 -4.305744068574148388e-05 9.999999990357523183e-01 8.634353117897063741e-06 -9.607455377623453328e-04 2.676056100458447016e-05 -8.633200881540016439e-06 9.999999996046701201e-01 -1.137654903532980301e-03
9.999999990225666435e-01 -4.035738057108039358e-05 -1.805958099566008139e-05 -1.948581450515671221e-03 4.035783444570119631e-05 9.999999988698036191e-01 2.513240952761158623e-05 -3.071521020560332750e-03 1.805856669703323502e-05 -2.513313834862631539e-05 9.999999995211067416e-01 -5.865629279844558792e-04
9.999999836720150359e-01 1.696079374858327831e-04 -6.236278657040494324e-05 -2.616784838012591215e-03 -1.696075225248898431e-04 9.999999855944714522e-01 6.659211732794484202e-06 4.035394762779580258e-03 6.236391512720333079e-05 -6.648634426335019649e-06 9.999999980332688887e-01 -1.333778459806845033e-03
9.999999919455994091e-01 1.242324229274220594e-04 -2.598280804931346185e-05 -2.733023761202481479e-03 -1.242324759341179345e-04 9.999999922810682840e-01 -2.038464019366220701e-06 3.446103247400786329e-03 2.598255460542976379e-05 2.041691911523302312e-06 9.999999996603691210e-01 -2.191903489778285891e-03
9.999999917116930703e-01 1.266228262038714125e-04 -2.330823285250566008e-05 2.199175306733324765e-03 -1.266234750991329921e-04 9.999999915957045182e-01 -2.784037499088761302e-05 8.765994439922379818e-04 2.330470742965246481e-05 2.784332612958024478e-05 9.999999993408199561e-01 -6.502883299333329925e-04
9.999999438408961883e-01 -1.180163188281475070e-04 3.136723656897257625e-04 -2.426955885571114441e-02 1.180887920185889222e-04 9.999999663380217951e-01 -2.310389414894524864e-04 1.788379113643956322e-03 -3.136450887655129350e-04 2.310759697052664895e-04 9.999999241153243457e-01 2.095754858118775710e-03
9.999993678003328279e-01 1.423752736434514361e-04 -1.115404956126727449e-03 -9.569431342089933235e-02 -1.434419857617486884e-04 9.999995324347428216e-01 -9.563235291307160477e-04 2.792906459834511648e-02 1.115268277777970536e-03 9.564829204451344262e-04 9.999989206579632528e-01 -9.608370063589742605e-03
9.999984394036056656e-01 8.487804752549694813e-05 -1.764648993479591733e-03 -1.241315476435914528e-01 -8.575820132011727562e-05 9.999998719718063978e-01 -4.987002121755605743e-04 4.040872409822909850e-02 1.764606438854459010e-03 4.988507670294497305e-04 9.999983186546006486e-01 1.887044175444822780e-03
9.999972817107685152e-01 -9.028883298127221557e-05 -2.329896778935437989e-03 -1.334730682919038069e-01 9.025811986693460401e-05 9.999999958384594434e-01 -1.328732094578622518e-05 3.509519879404124354e-02 2.329897968936180033e-03 1.307699272425404443e-05 9.999972856985396286e-01 -1.110393564159392263e-03
9.999963687244474153e-01 9.422692462644107468e-05 -2.693261815275006972e-03 -8.372270399187120571e-02 -9.403110876140321215e-05 9.999999929267979759e-01 7.283237385451967188e-05 3.231732707327557297e-02 2.693268658995623226e-03 -7.257885898542599699e-05 9.999963705115332280e-01 -9.744507672010595950e-03
9.999961995503762191e-01 4.843402392948264546e-04 -2.714092728101737302e-03 -3.726473838133998601e-02 -4.841068497292234972e-04 9.999998790663302550e-01 8.664804036369261407e-05 4.515530452665549033e-02 2.714134367009147890e-03 -8.533380018170589351e-05 9.999963130895935803e-01 -1.808694418843439372e-02
9.999967315961574288e-01 6.068910187961645223e-04 -2.483642545538866566e-03 -4.831875709404267333e-03 -6.063111794098281424e-04 9.999997887662924745e-01 2.342095730844491247e-04 4.659004036440163310e-02 2.483784160596264317e-03 -2.327029473519623892e-04 9.999968883279496401e-01 -1.797065905753976456e-02
9.999970771928624602e-01 1.462189108145079504e-04 -2.413343274859833763e-03 -1.679846000934571981e-02 -1.456238341964168027e-04 9.999999589536794353e-01 2.467515719492722548e-04 3.662130517804830510e-02 2.413379255547064631e-03 -2.463994104410993039e-04 9.999970574396204182e-01 -1.457226613043855271e-02
9.999968727376968847e-01 1.041346750771076615e-04 -2.498733838547820534e-03 -1.263473380161570306e-02 -1.038680982263095348e-04 9.999999889010611209e-01 1.068143047828295329e-04 4.444204956704474879e-02 2.498744933887448502e-03 -1.065544320146970703e-04 9.999968724550634125e-01 -1.162582271027610276e-02
9.999970413125907065e-01 -2.121806749731067763e-05 -2.432471142372093133e-03 -1.096026370192149102e-02 2.130396629827120556e-05 9.999999991504672225e-01 3.528748428456537402e-05 4.384544083045376073e-02 2.432470391573406023e-03 -3.533920116316852870e-05 9.999970409150894524e-01 -8.368840021243629038e-03
9.999972830573872207e-01 -2.328409372617351017e-04 -2.319410041733611840e-03 -9.588811577490773119e-03 2.329764514503352313e-04 9.999999711699182336e-01 5.815613252836569275e-05 5.661831618238519909e-02 2.319396433736425293e-03 -5.869634244247239741e-05 9.999973084738391638e-01 -7.923228652578565012e-04
9.999965341040958355e-01 -5.456287720906356081e-04 -2.575668658621924501e-03 -1.556059521856994858e-02 5.458612692118703768e-04 9.999998470068179879e-01 8.956458727998829663e-05 6.131503731724646800e-02 2.575619395546400233e-03 -9.097023462151669127e-05 9.999966789490581931e-01 3.830953858001545035e-03
9.999920158073531962e-01 4.161538689699312743e-04 -3.974309688943348205e-03 5.008987994490988332e-02 -4.188541028160004220e-04 9.999996820221290772e-01 -6.786139412954593324e-04 8.780461177918741367e-02 3.974026017383607869e-03 6.802731790300944707e-04 9.999918721397764720e-01 -7.370405033034580292e-03
9.999753511286396668e-01 5.391710148452549811e-04 -7.000459254259828144e-03 1.652808329489310335e-01 -5.475045091512815553e-04 9.999991437824968799e-01 -1.188559247796260781e-03 9.674710742351413928e-02 6.999812423648246913e-03 1.192362734160094676e-03 9.999747901308032594e-01 -3.985525682995010033e-02
9.999730847622007035e-01 1.377887676168732119e-04 -7.335582146228866902e-03 2.215832697643393134e-01 -1.444642125890380528e-04 9.999995759818389729e-01 -9.094867967498895204e-04 9.312921968585417820e-02 7.335453718743926814e-03 9.105220467951168073e-04 9.999726806609980923e-01 -3.594956113189587410e-02
9.999728479477797416e-01 -8.720472146740553682e-04 -7.317301474044784343e-03 2.926239263059143836e-01 8.661098494536045682e-04 9.999992931854844169e-01 -8.145442040106999886e-04 7.217115639524145088e-02 7.318006623074224323e-03 8.081845005858453307e-04 9.999728964411374044e-01 -3.084291471695819672e-02
9.999724661274870252e-01 -1.651012459051110154e-03 -7.234718016058628610e-03 3.723575692024669315e-01 1.646910411591808723e-03 9.999984797257124303e-01 -5.729156657694753699e-04 6.391784939935191145e-02 7.235652908205021140e-03 5.609849587569955016e-04 9.999736649646669973e-01 -3.103558785478722701e-02
9.999720583542155428e-01 -1.896057442533930978e-03 -7.231008021565002095e-03 4.648664891548847100e-01 1.892048935365436488e-03 9.999980526287276517e-01 -5.611502282610930301e-04 6.866117253037788692e-02 7.232057913174385136e-03 5.474531277713621125e-04 9.999736984708215148e-01 -3.007254276848984886e-02
9.999703917500559758e-01 -2.171779918529049246e-03 -7.382343477856305285e-03 5.870965891199321218e-01 2.166276376719676253e-03 9.999973698026937141e-01 -7.534151274286935828e-04 5.962542764898023928e-02 7.383960312680441611e-03 7.374006238443783171e-04 9.999724663061582142e-01 -3.331533251520685246e-02
9.999694834580488134e-01 -1.972890120524878853e-03 -7.559091031030640284e-03 7.396852546215707536e-01 1.966783184417949387e-03 9.999977335700973580e-01 -8.152414206978578128e-04 7.510708120276729516e-02 7.560682280625428270e-03 8.003494492195271405e-04 9.999710973444235762e-01 -3.831465916800950305e-02
9.999685409012188941e-01 -2.212953194183095960e-03 -7.617089079666059838e-03 8.805950784885286931e-01 2.209342094135386542e-03 9.999974430163645067e-01 -4.824606139367533086e-04 9.995589310453607823e-02 7.618137265650612271e-03 4.656166806221562595e-04 9.999708731686680618e-01 -4.874210491672389955e-02
9.999695119496641027e-01 -2.353276785532660252e-03 -7.445620156933716038e-03 1.012532488738230985e+00 2.349441520875520523e-03 9.999971028705645359e-01 -5.238081877454678912e-04 1.125036044776745597e-01 7.446831251656687786e-03 5.062991687097058045e-04 9.999721437947465263e-01 -6.064065542268565895e-02
9.999683035180915169e-01 -2.991434886924758309e-03 -7.378568727557451197e-03 1.150487377867216887e+00 2.986681771261933804e-03 9.999953252683271288e-01 -6.551133411670603422e-04 1.136282215488337993e-01 7.380493963632176781e-03 6.330551396622948477e-04 9.999725633986379369e-01 -6.301868547660002817e-02
9.999649372169993056e-01 -3.653459902360336152e-03 -7.535022716919043823e-03 1.327935167760761814e+00 3.648499341780507901e-03 9.999931184275158147e-01 -6.719748249759221982e-04 1.117460299369419235e-01 7.537425897192492549e-03 6.444597382454718111e-04 9.999713855318511646e-01 -7.433515202743251615e-02
9.999711934052242235e-01 -3.961947501242440300e-03 -6.474205104024999789e-03 1.499216762402797665e+00 3.963262429979767451e-03 9.999921281401519257e-01 1.902856826710174788e-04 1.139572840295361017e-01 6.473400238104813458e-03 -2.159391750412306492e-04 9.999790240098188621e-01 -6.846260970086531783e-02
9.999715436867704366e-01 -3.974111662608131347e-03 -6.412351611583861841e-03 1.669914821794536763e+00 3.977017737105066446e-03 9.999919946075240818e-01 4.405119571092413469e-04 1.506341196644754854e-01 6.410549634486251494e-03 -4.660014578588317531e-04 9.999793436346697817e-01 -8.158538012699807773e-02
9.999697407707057728e-01 -3.966962890034651107e-03 -6.691841928539284112e-03 1.866196192338264614e+00 3.975781448941853591e-03 9.999912450043972889e-01 1.305019703189660941e-03 2.065874775782943207e-01 6.686606376759308967e-03 -1.331585515297966553e-03 9.999767578174892924e-01 -8.587169121543841710e-02
9.999669703008186028e-01 -5.063786943415152231e-03 -6.357386978430540174e-03 2.074449126237974284e+00 5.085875784489971366e-03 9.999810699803463043e-01 3.463170291291401380e-03 1.966608494114805983e-01 6.339729876466227397e-03 -3.495388784304697891e-03 9.999737946978111136e-01 -9.737579805372725827e-02
9.999656920416208905e-01 -5.791167213138794650e-03 -5.922594197792164367e-03 2.269150349096331176e+00 5.816600617196920203e-03 9.999738977813238394e-01 4.286130339420015506e-03 2.145469792328557612e-01 5.897617907450395172e-03 -4.320432656105007915e-03 9.999732756252447397e-01 -9.875459515270072763e-02
9.999675718469956953e-01 -5.922228448653786732e-03 -5.457331273191216338e-03 2.506030683750560595e+00 5.951888646118833580e-03 9.999675184098205660e-01 5.434808814426306083e-03 2.311384097913657676e-01 5.424967831019538063e-03 -5.467114001657539905e-03 9.999703397543975303e-01 -9.746529886353513805e-02
9.999667298448630115e-01 -6.569547613307108458e-03 -4.835312557354635998e-03 2.726516798599888602e+00 6.599513463109694250e-03 9.999589549059880733e-01 6.207650551894194728e-03 2.275737182397230551e-01 4.794332635628700823e-03 -6.239354732717901884e-03 9.999690419343482128e-01 -1.028501344270452700e-01
9.999597157193645947e-01 -7.684512412569123943e-03 -4.638448817070130181e-03 2.976260535190264012e+00 7.715233978443975307e-03 9.999481775613463519e-01 6.642089761516470001e-03 2.221576600089460174e-01 4.587167220123087794e-03 -6.677608907629244139e-03 9.999671831796138610e-01 -1.097695053381533836e-01
9.999576304372218560e-01 -8.280232259457454003e-03 -4.021825966628658766e-03 3.241208984062946552e+00 8.305410586552909591e-03 9.999457605418301531e-01 6.284594609813707461e-03 2.232078307926852190e-01 3.969569921941583021e-03 -6.317731250248363739e-03 9.999721640058208960e-01 -1.233634458308644766e-01
9.999471115007616540e-01 -8.781737300640230989e-03 -5.353063727048260924e-03 3.497275825580150155e+00 8.807502707368722664e-03 9.999496504604258318e-01 4.808787802757020710e-03 2.731874786905759134e-01 5.310564691535958094e-03 -4.855680596455672418e-03 9.999741097991499128e-01 -1.310737121796385352e-01
9.999208719312657756e-01 -9.898843081781164358e-03 -7.762910656410109030e-03 3.748328460030144971e+00 9.937883523169105046e-03 9.999380835302313919e-01 5.006753136308649335e-03 2.479309277976682879e-01 7.712868940741599531e-03 -5.083503863506515924e-03 9.999573339103887681e-01 -1.256130345607724685e-01
9.998778833686789991e-01 -1.061729384973080469e-02 -1.146697089378265373e-02 4.035964083963746063e+00 1.063786557385513164e-02 9.999419119848086401e-01 1.734494796112068032e-03 2.748291078679875321e-01 1.144788915927202715e-02 -1.856267080357892419e-03 9.999327477917319129e-01 -1.193457176978877099e-01
9.998260766283064704e-01 -1.083719169120356436e-02 -1.517800284279900713e-02 4.325544371832380719e+00 1.080247723003477205e-02 9.999388493688506907e-01 -2.367278731702694532e-03 2.891346260533538270e-01 1.520272935174755632e-02 2.202906976497199208e-03 9.998820051491628114e-01 -1.280343962694414639e-01
9.997961968667350430e-01 -1.096205784322168940e-02 -1.695281742527175381e-02 4.638401411283802567e+00 1.088104692968778174e-02 9.999289721088108207e-01 -4.863492071634958024e-03 2.882330636577346561e-01 1.700492718380963372e-02 4.678036474717339223e-03 9.998444621170907709e-01 -1.231107519706628600e-01
9.997641837135295972e-01 -1.126467992627033961e-02 -1.856566588567417492e-02 4.952763361366712580e+00 1.111742019415598408e-02 9.999060685493188494e-01 -8.016049305701215127e-03 3.092562347602257344e-01 1.865422021544659720e-02 7.807756681886434368e-03 9.997955085935074093e-01 -1.367011561886484761e-01
9.997530193640968843e-01 -1.136707296421723794e-02 -1.909685640616742147e-02 5.262544548796539878e+00 1.116860279657708697e-02 9.998828397498085163e-01 -1.046752527730209284e-02 3.360981589141511794e-01 1.921360413727488808e-02 1.025165479738902180e-02 9.997628423731156344e-01 -1.441832501350114315e-01
9.997434509855843698e-01 -1.183029050265722339e-02 -1.931518672074131887e-02 5.565819107463167548e+00 1.160250675605090619e-02 9.998623188259053718e-01 -1.186276650108674530e-02 3.407914799900971792e-01 1.945286735702879410e-02 1.163561853561086504e-02 9.997430661589424838e-01 -1.562854472737750522e-01
9.997160253993908618e-01 -1.257328245347699019e-02 -2.024305135076032505e-02 5.913902022385824075e+00 1.235152897786151796e-02 9.998627413285088306e-01 -1.104256469070452086e-02 3.594849685337354606e-01 2.037911410129200976e-02 1.078939624744752225e-02 9.997341049684471681e-01 -1.706477670350046161e-01
9.997601576567454185e-01 -1.309889569653898377e-02 -1.755124194154924003e-02 6.248231906387372803e+00 1.296801551682414018e-02 9.998874060950504461e-01 -7.550212319337693163e-03 3.729330937087604325e-01 1.764816522234005300e-02 7.320796680885408893e-03 9.998174574392277858e-01 -1.865610948457112062e-01
9.998659544629392437e-01 -1.391040954684249695e-02 -8.635601435600138986e-03 6.606217946998711454e+00 1.388233489791554018e-02 9.998981819106574909e-01 -3.302512610691350423e-03 4.065296171840124262e-01 8.680661478109970991e-03 3.182187612440878777e-03 9.999572589857537164e-01 -1.899737081228998758e-01
9.998703688652342825e-01 -1.575818972086409295e-02 3.305286980224567042e-03 6.977053078385964113e+00 1.576071398907771468e-02 9.998755190997814513e-01 -7.390531083627609708e-04 4.404362233783867264e-01 -3.293229396030413706e-03 7.910509868168135502e-04 9.999942644227922672e-01 -2.035661751611626546e-01
9.997282784810711531e-01 -1.683541459790231787e-02 1.612259348214880109e-02 7.326962235321934358e+00 1.684737271703996148e-02 9.998578892054981182e-01 -6.061567940732468830e-04 4.535141976442423339e-01 -1.611009738664006055e-02 8.776154297875323786e-04 9.998698388057069009e-01 -2.187741512328962579e-01
9.995785526351581574e-01 -1.816550668795800100e-02 2.264357477458251930e-02 7.680714876409176384e+00 1.827889454308236072e-02 9.998213540550358047e-01 -4.810612210279478426e-03 4.649345695424232927e-01 -2.255214238349053865e-02 5.222484305823173537e-03 9.997320273611275399e-01 -2.409940306418053568e-01
9.995556064991273360e-01 -1.988308864698035139e-02 2.220928414015146957e-02 8.037506568366765691e+00 2.006738742484628912e-02 9.997657653485779727e-01 -8.106441815824956890e-03 4.681343525780642389e-01 -2.204290085498693263e-02 8.548521675035716458e-03 9.997204775831435297e-01 -2.428351700698802296e-01
9.996051157949882304e-01 -2.068019407021976994e-02 1.902477462957602797e-02 8.435935944426834254e+00 2.083915795687484376e-02 9.997492489624557610e-01 -8.195650959748466968e-03 5.153030723324938389e-01 -1.885051649521923486e-02 8.588874910234352983e-03 9.997854216058762455e-01 -2.709722882579188585e-01
9.995717067008919043e-01 -2.253175729965069610e-02 1.867412852199129558e-02 8.807878865951710878e+00 2.263667972796615593e-02 9.997290309166712019e-01 -5.426368334985613891e-03 5.209716502489589729e-01 -1.854680279616132549e-02 5.846764524340442547e-03 9.998108978455061413e-01 -2.868133141615848425e-01
9.995825700124770785e-01 -2.348292418366638296e-02 1.682967614173322760e-02 9.214678588362643197e+00 2.351938249727957009e-02 9.997214368387452588e-01 -1.971641960751849276e-03 5.804587009175828927e-01 -1.677868809526262064e-02 2.366642528755537149e-03 9.998564270078694749e-01 -3.194937322281659609e-01
9.996279161182630713e-01 -2.477832379840157889e-02 1.140455991260858233e-02 9.628334082781021763e+00 2.477663597373502141e-02 9.996929701793881851e-01 2.892814164197758425e-04 6.374298435766064808e-01 -1.140822628122936840e-02 -6.607150072085942686e-06 9.999349240472911182e-01 -3.419270801904384927e-01
9.996488022582644684e-01 -2.601787909394514056e-02 5.034094861060532146e-03 1.003686330778062796e+01 2.600315095076402225e-02 9.996574508806977954e-01 2.969349985618298816e-03 6.592720603826355275e-01 -5.109626625212817207e-03 -2.837404828036304855e-03 9.999829202789379812e-01 -3.415636133192392898e-01
9.996222725960288713e-01 -2.748012200934770582e-02 3.937312558929303009e-04 1.045993120462424208e+01 2.747878513620324176e-02 9.996176648971677459e-01 3.072522249248090757e-03 6.628659398721351570e-01 -4.780140048984931451e-04 -3.060542416813149830e-03 9.999952022798539453e-01 -3.733212643134699027e-01
9.995875445924217173e-01 -2.871827896166815469e-02 -3.389945583915767520e-05 1.090218704025066820e+01 2.871826893217752086e-02 9.995840954416247426e-01 2.626246311361328262e-03 6.763819144512165371e-01 -4.153591729077888545e-05 -2.626136635558018375e-03 9.999965508346211340e-01 -3.903574702308379440e-01
9.995916027742063337e-01 -2.857476644349596362e-02 3.322438758106362232e-04 1.136710655693843819e+01 2.857320223468474973e-02 9.995836207893351588e-01 4.019597459745391684e-03 7.591552077813638055e-01 -4.469645949769722026e-04 -4.008462595839251165e-03 9.999918661920549345e-01 -4.029677033649726181e-01
9.995489653682808617e-01 -3.001293702085966464e-02 1.043763661534449685e-03 1.181704209757984714e+01 3.000652746588633457e-02 9.995334899205240431e-01 5.693051619015582904e-03 7.942789462502346520e-01 -1.214141934963771079e-03 -5.659164132597514080e-03 9.999832497200551451e-01 -4.220208275898885142e-01
9.995087690471538000e-01 -3.133574498187545465e-02 5.400780261168894010e-04 1.231430719868283674e+01 3.133160465985893040e-02 9.994881349683343297e-01 6.465184216940748907e-03 8.150640760223077930e-01 -7.423929429438506358e-04 -6.445086807137763787e-03 9.999789546329296286e-01 -4.444892161829507859e-01
9.994747346326353643e-01 -3.240347949047770598e-02 -5.189874114769903353e-04 1.280047982182742139e+01 3.240568670868831241e-02 9.994620890709142724e-01 5.040236000633709253e-03 8.374429750944929474e-01 3.553870586025971987e-04 -5.054406682681309056e-03 9.999871632541712518e-01 -4.460156311239061866e-01
9.994550447448498076e-01 -3.290540869124881918e-02 -2.616794400040400089e-03 1.331315758910985636e+01 3.291523682794292305e-02 9.994509005611433849e-01 3.805857601099741760e-03 9.076892248735219937e-01 2.490124219918851602e-03 -3.889915986407033611e-03 9.999893338606107296e-01 -4.668883364469844643e-01
9.994336220412456395e-01 -3.341040972783904106e-02 -4.022394229123680415e-03 1.383415286564926383e+01 3.342659232355452148e-02 9.994330686613672743e-01 4.025443051101573570e-03 9.629455715147323680e-01 3.885622106105468196e-03 -4.157618060944744988e-03 9.999838079453625683e-01 -5.060017124653293230e-01
9.993649722933782842e-01 -3.541133307536780545e-02 -3.961015385054397243e-03 1.436773724041068157e+01 3.543304132032284309e-02 9.993566329904690626e-01 5.551547599118159156e-03 9.640644156097475381e-01 3.761879297315276656e-03 -5.688373034387157225e-03 9.999767450677911063e-01 -5.069169453991818619e-01
9.993249405672528507e-01 -3.648883662102128667e-02 -4.269421775945328630e-03 1.488668399855708913e+01 3.651620307116908160e-02 9.993118057738711313e-01 6.517802868301221346e-03 1.011935810383671308e+00 4.028656540540746962e-03 -6.669306036561079530e-03 9.999696446810117934e-01 -5.321539263116962237e-01
9.992645692321610040e-01 -3.831472055807309818e-02 -1.517519627715975278e-03 1.544150495161534131e+01 3.832350563344819050e-02 9.992457811825184999e-01 6.259209606759939988e-03 1.057009544699668124e+00 1.276555218859440517e-03 -6.312763063434417322e-03 9.999792594995549067e-01 -5.421865328358355107e-01
9.992208253116532379e-01 -3.944385054929751971e-02 1.387413904834499095e-03 1.600081706747952737e+01 3.943832629152359964e-02 9.992147577387726631e-01 3.806092007437477786e-03 1.085386465718304327e+00 -1.536451373120848330e-03 -3.748409114603503626e-03 9.999917943394773800e-01 -5.576335140257068224e-01
9.992106073230073715e-01 -3.965173300844278270e-02 2.429461383492325516e-03 1.656509221106334451e+01 3.964626664462646277e-02 9.992112256237974943e-01 2.258346415336143134e-03 1.129820285122171475e+00 -2.517092435706536242e-03 -2.160244619401004412e-03 9.999944987792954709e-01 -5.862763571331918167e-01
9.991817077362867838e-01 -4.036971157414837030e-02 2.490243485623649423e-03 1.714735513140589873e+01 4.036441286661715533e-02 9.991827277911422556e-01 2.142582037035004484e-03 1.183653618652080963e+00 -2.574703697688614581e-03 -2.040311562537611059e-03 9.999946040002399839e-01 -6.170975713161042098e-01
9.991400511540088347e-01 -4.138148737006666633e-02 2.594355990520779993e-03 1.772950975823133746e+01 4.137145145049687944e-02 9.991365724065044418e-01 3.809551766424778239e-03 1.245469424560740057e+00 -2.749760870279136047e-03 -3.698943473872362032e-03 9.999893782597559788e-01 -6.354437787818765226e-01
9.990627721747687984e-01 -4.323349228645095160e-02 2.107699974737038684e-03 1.830039824392338232e+01 4.322122120779230831e-02 9.990500764405907397e-01 5.556149868099944170e-03 1.283260343033092887e+00 -2.345909583339734344e-03 -5.459845122994638408e-03 9.999823432438493809e-01 -6.523769128439651510e-01
9.990274057857871925e-01 -4.394378225759952572e-02 3.631320671143298436e-03 1.887648185920071953e+01 4.392481309417758939e-02 9.990215751429454283e-01 5.148125246123675183e-03 1.359022163829149088e+00 -3.853995791585225136e-03 -4.983613127530260242e-03 9.999801549614040219e-01 -6.665173766871160810e-01
9.989584306925201052e-01 -4.545631719888412053e-02 3.972024049767791665e-03 1.945583144205736659e+01 4.544684352762973917e-02 9.989637694547820468e-01 2.443712353798877576e-03 1.418007996397674608e+00 -4.078990281018195913e-03 -2.260651102537071955e-03 9.999891255883135432e-01 -6.894754653685700729e-01
9.988896491057053240e-01 -4.699237308917172951e-02 3.344515051383417648e-03 2.006415605403933711e+01 4.698956541321347435e-02 9.988949628362222555e-01 9.132155821607920027e-04 1.433614805784864998e+00 -3.383733405304570167e-03 -7.550442836399978448e-04 9.999939901101263517e-01 -7.049862440654059981e-01
9.988715125809830564e-01 -4.743522411053394811e-02 2.366615254421034886e-03 2.068164297965818221e+01 4.743691901322388133e-02 9.988740141745581225e-01 -6.652227728019940913e-04 1.489288645628326968e+00 -2.332395487878988639e-03 7.767370134314742491e-04 9.999969783008847424e-01 -7.302514127353422202e-01
9.988438558408245793e-01 -4.806726628196771739e-02 6.996865102058196862e-04 2.129143716057814828e+01 4.806769710865357176e-02 9.988438923636014932e-01 -6.125215104271462818e-04 1.570231531363338595e+00 -6.694353627431510719e-04 6.454456665040807922e-04 9.999995676279999079e-01 -7.574845480732089742e-01
9.988130734779823161e-01 -4.870470133488282588e-02 -5.443503894665560963e-04 2.189844484533731617e+01 4.870464130170016476e-02 9.988132171654392488e-01 -1.230093403996277161e-04 1.629632522291095897e+00 5.496954969539155200e-04 9.635094688964209115e-05 9.999998442756656836e-01 -7.742948276540131403e-01
9.987849658213022730e-01 -4.925427638834650734e-02 -1.615025324989256177e-03 2.249449021854611885e+01 4.925468358538956370e-02 9.987862287016263663e-01 2.133093660345557066e-04 1.701924168909802582e+00 1.602558655132748635e-03 -2.925977492289241451e-04 9.999986730952766800e-01 -8.011173228953498704e-01
9.987297264200661884e-01 -5.033468083962736039e-02 -2.313756614815811255e-03 2.310767874597812366e+01 5.033774537696696083e-02 9.987314243274052483e-01 1.285865979045511297e-03 1.733953873106721222e+00 2.246097785804160307e-03 -1.400701868805865431e-03 9.999964965333685285e-01 -8.184476120213285411e-01
9.987299935569230458e-01 -5.030484779712565691e-02 -2.796829972743387818e-03 2.374980363210901047e+01 5.030867256516687036e-02 9.987328520961114009e-01 1.314385292703670926e-03 1.800454599076390494e+00 2.727166023409654475e-03 -1.453420818232443361e-03 9.999952250553029165e-01 -8.369346664165235872e-01
9.987009382508788002e-01 -5.090847899839064106e-02 -2.182361767614838730e-03 2.438667926093301830e+01 5.091052873319379390e-02 9.987028179304021647e-01 8.941599300800891735e-04 1.825213730057667849e+00 2.134010525038827939e-03 -1.004103552593704199e-03 9.999972188837000786e-01 -8.550977294855606203e-01
9.987008938770622901e-01 -5.094494043534131961e-02 -1.066589516291875954e-03 2.501603463419601070e+01 5.094593328628221202e-02 9.987009840860695542e-01 9.253470192402657142e-04 1.862508514525740733e+00 1.018062250759365446e-03 -9.784832936025823942e-04 9.999990030593519652e-01 -8.864866294906577071e-01
9.987312454729551092e-01 -5.033017602942300300e-02 1.665141701825654423e-03 2.566978435472667286e+01 5.032601480973430269e-02 9.987298306425178573e-01 2.453083394008598751e-03 1.923640217499761107e+00 -1.786490808895436913e-03 -2.366171087400847656e-03 9.999956048328286773e-01 -9.125206003122461329e-01
9.987601577936539021e-01 -4.959622815720902966e-02 4.285015352793708834e-03 2.633135925933579458e+01 4.958612623261562935e-02 9.987668892588561498e-01 2.432489554123770225e-03 2.012392903957577417e+00 -4.400373761252561813e-03 -2.216996338715746580e-03 9.999878607453169810e-01 -9.333780466967211975e-01
9.987946639157428974e-01 -4.882049009052363830e-02 5.077310386343590609e-03 2.700085149535326678e+01 4.881159733758437536e-02 9.988062699107451703e-01 1.860954684328565336e-03 2.082344177711931810e+00 -5.162102167888102736e-03 -1.610879978360238701e-03 9.999853787765616842e-01 -9.643469515980750417e-01
9.988106081406221692e-01 -4.852814845268451499e-02 4.731582559224780000e-03 2.767097652835454014e+01 4.852192627595713209e-02 9.988211066190012533e-01 1.421141394908726494e-03 2.121095275860716889e+00 -4.794969888448447244e-03 -1.189865600795287888e-03 9.999877961673436788e-01 -9.827188259555427186e-01
9.988703868080784920e-01 -4.746868455754764404e-02 2.162023185724816065e-03 2.838947308564248573e+01 4.746470641902299226e-02 9.988711920761462748e-01 1.855609046782317854e-03 2.186536715960152311e+00 -2.247665997325055693e-03 -1.750893130542474727e-03 9.999959411771679463e-01 -1.020625569603812677e+00
9.989245018312008506e-01 -4.636596203429362018e-02 -1.928883656573208288e-04 2.907175496171862861e+01 4.636631477080591091e-02 9.989208294015763379e-01 2.709509594260417920e-03 2.261735096489156049e+00 6.705118722529260743e-05 -2.715539044331141075e-03 9.999963106691128756e-01 -1.046691332368254068e+00
9.989566252329228346e-01 -4.558174792499591205e-02 -2.822261389705398114e-03 2.978982426098130176e+01 4.558995323797686988e-02 9.989559854983471876e-01 2.914652772632916628e-03 2.309497096649622438e+00 2.686459939916046886e-03 -3.040278462257176972e-03 9.999917697860634114e-01 -1.070323925588346325e+00
9.990167818525638177e-01 -4.413961589417315923e-02 -4.142932012696947872e-03 3.050003568874222282e+01 4.415049778633048372e-02 9.990215781253484195e-01 2.572933181710668985e-03 2.345930280296627757e+00 4.025310195028448945e-03 -2.753315937769764288e-03 9.999881079938803818e-01 -1.078220023258726235e+00
9.991206232087116446e-01 -4.160007347305452047e-02 -5.235853900944631781e-03 3.123372663589755760e+01 4.161375431842095213e-02 9.991305652006370330e-01 2.531626627620834138e-03 2.417097772285638602e+00 5.125985813643402222e-03 -2.747283911801352840e-03 9.999830882072687777e-01 -1.111253597280153382e+00
9.992570675008949355e-01 -3.846848568638888688e-02 -2.342788617880366825e-03 3.194919868704734967e+01 3.847974850139732061e-02 9.992470268270112754e-01 4.968735517947963330e-03 2.487645467938369048e+00 2.149884829749486477e-03 -5.055193999660195260e-03 9.999849113905892040e-01 -1.139504077344330568e+00
9.993668600565877025e-01 -3.555046474723437544e-02 1.429502323308072184e-03 3.266777627841784692e+01 3.554025241548615377e-02 9.993462703008213488e-01 6.627404777232027804e-03 2.551794819121061320e+00 -1.664175135082920486e-03 -6.572403829147507696e-03 9.999770167503982954e-01 -1.167804186207073380e+00
9.994277471416700420e-01 -3.340790587418072249e-02 5.300006455467614480e-03 3.340474218938934570e+01 3.337907406781049496e-02 9.994279678952298074e-01 5.438235300833055112e-03 2.595269975622764402e+00 -5.478654734671474166e-03 -5.258213947100955250e-03 9.999711673485315311e-01 -1.172036381730365173e+00
9.995099294295334280e-01 -3.090270026266041595e-02 4.992403053164868633e-03 3.414406169680252390e+01 3.089299937907686103e-02 9.995206789508427336e-01 2.008715761567964834e-03 2.618693314110036585e+00 -5.052084830388226151e-03 -1.853501044667264265e-03 9.999855203815423144e-01 -1.212632641549533208e+00
9.996291912633606946e-01 -2.698705652465483926e-02 3.630255403484860307e-03 3.488624101715014092e+01 2.698401501663319837e-02 9.996354741068611549e-01 8.842175824582572657e-04 2.696986930323590936e+00 -3.652794511269477715e-03 -7.859308405317423033e-04 9.999930196781237068e-01 -1.257195423756209740e+00
9.997135999822875929e-01 -2.378725269895066649e-02 2.623855844171888232e-03 3.559011976919018139e+01 2.378039700487495980e-02 9.997137894232092092e-01 2.613800944555690065e-03 2.731244597543275532e+00 -2.685280012450214429e-03 -2.550656018260903310e-03 9.999931416890474045e-01 -1.265746736375866988e+00
9.997895660047992905e-01 -2.050924714153755032e-02 4.410097759536032568e-04 3.632694591546196961e+01 2.050732460460545289e-02 9.997817255457672747e-01 3.993858070761752664e-03 2.788116532240819900e+00 -5.228245370069228371e-04 -3.983973696622373530e-03 9.999919272714595797e-01 -1.297703186481422133e+00
9.998404533571586539e-01 -1.779914981111274663e-02 -1.502696427454256432e-03 3.707150478911859892e+01 1.780808537785574103e-02 9.998224562397372006e-01 6.158578887521384132e-03 2.816398035944454925e+00 1.392812164837443391e-03 -6.184356453212309923e-03 9.999799067028962707e-01 -1.319437702427771253e+00
9.998896702152719751e-01 -1.479115926712329561e-02 -1.367115331374722494e-03 3.778277237808378430e+01 1.480074546358948855e-02 9.998638863680178179e-01 7.290176319238224172e-03 2.818269044912613985e+00 1.259099089318367224e-03 -7.309606321693340979e-03 9.999724917841016358e-01 -1.322784216779503641e+00
9.999380392977558207e-01 -1.081885503470925158e-02 -2.621057248082181521e-03 3.851633440319085366e+01 1.083472996503529601e-02 9.999225731770304826e-01 6.120153397651885950e-03 2.868009670690055302e+00 2.554641255547262461e-03 -6.148172636155393479e-03 9.999778366450385869e-01 -1.332752237513975757e+00
9.999616745091447489e-01 -6.081140556775337276e-03 -6.298352355650281911e-03 3.922577060820498929e+01 6.112633589419875883e-03 9.999688519450821156e-01 4.993080235280797884e-03 2.906762581970474102e+00 6.267792551503215820e-03 -5.031388393197051660e-03 9.999676994320206846e-01 -1.369084200532966200e+00
9.999608674330371372e-01 -2.069018219336363901e-03 -8.601323513038848512e-03 3.993108107407226726e+01 2.128299739525712532e-03 9.999740076778678155e-01 6.888708796443702119e-03 2.893738538643004787e+00 8.586847080659789494e-03 -6.906745418177815017e-03 9.999392796189885413e-01 -1.389925458912065537e+00
9.999596549883008612e-01 3.074319515298869817e-03 -8.440198765198459602e-03 4.067278884112380410e+01 -2.994144137408164073e-03 9.999504341877647473e-01 9.495486748199452945e-03 2.926466234522390408e+00 8.468972580108487247e-03 -9.469832481024129459e-03 9.999192961315521710e-01 -1.424104269257119970e+00
9.999442316750550841e-01 7.974755879080558385e-03 -6.923641271245858583e-03 4.136580679888116663e+01 -7.899201848872963033e-03 9.999096961308077125e-01 1.087208322938128593e-02 2.954264267793875742e+00 7.009718249301527190e-03 -1.081678567158016191e-02 9.999169270483425631e-01 -1.432750706830462351e+00
9.998994951041899615e-01 1.247822614251812255e-02 -6.730049236242925496e-03 4.206585104070326508e+01 -1.240167032025408546e-02 9.998592504431346173e-01 1.129946355189991557e-02 2.936888105367068569e+00 6.870099246284990836e-03 -1.121486404862596063e-02 9.999135105401452117e-01 -1.464177304470100527e+00
9.998116464508850498e-01 1.868563918070287669e-02 -5.245808763102531060e-03 4.276756824756408548e+01 -1.861632511795373660e-02 9.997426383871798050e-01 1.296493076507788424e-02 2.963281651421520557e+00 5.486716711577751572e-03 -1.286483109291372377e-02 9.999021912470628104e-01 -1.463990212816967507e+00
9.996956775367749071e-01 2.453088661437311316e-02 -2.605362969218720862e-03 4.344224389321045265e+01 -2.449370782430598456e-02 9.996094495077109121e-01 1.345387423415961986e-02 2.962617156860184231e+00 2.934380906790706213e-03 -1.338596491866845054e-02 9.999060982671773568e-01 -1.476830133795696609e+00
9.995078266841745940e-01 3.134182560298783699e-02 1.339539081153406311e-03 4.412560001841995216e+01 -3.135656001234030793e-02 9.994244226010590149e-01 1.294564222942990762e-02 3.006219818218028195e+00 -9.330280116598294862e-04 -1.298127406735542257e-02 9.999153044044868377e-01 -1.507655500101378721e+00
9.992760248138781165e-01 3.767496897253599236e-02 5.293670285556851922e-03 4.483799147677522257e+01 -3.773638687462464031e-02 9.992153693158990491e-01 1.202542425613761443e-02 2.968021853514125397e+00 -4.836459223687725011e-03 -1.221648213725606141e-02 9.999136793875598173e-01 -1.516932266916283245e+00
9.990189606687270851e-01 4.371908421080181878e-02 7.053927994050744263e-03 4.553151278419277759e+01 -4.379364275608268325e-02 9.989823695025085160e-01 1.078620773516683444e-02 2.957976299904911954e+00 -6.575186577507928856e-03 -1.108454324374194382e-02 9.999169464623292036e-01 -1.556148050211775935e+00
9.987570824902025635e-01 4.938195619629724004e-02 6.761107741020287373e-03 4.623294476530170272e+01 -4.944680500859283817e-02 9.987288160868476039e-01 9.785979368763436659e-03 2.938197590996670439e+00 -6.269262325098667876e-03 -1.010813137976780338e-02 9.999292585127752542e-01 -1.582060753902079675e+00
9.984797664853949373e-01 5.481360553900457150e-02 5.798669423726395336e-03 4.691322091333902478e+01 -5.487077558526756021e-02 9.984412830305164910e-01 1.020795410683503386e-02 2.918399059697853293e+00 -5.230096169522890567e-03 -1.051061312152871789e-02 9.999310841782382830e-01 -1.598390331469780268e+00
9.981773013837621500e-01 6.023735213884733042e-02 3.679185987507582398e-03 4.761636659709388653e+01 -6.027168589892063777e-02 9.981312198742836594e-01 1.006934909397408373e-02 2.916671763814492113e+00 -3.065759470672614097e-03 -1.027274644751684923e-02 9.999425342484902224e-01 -1.631137042014085603e+00
9.978427778111265134e-01 6.561803667974883125e-02 2.015944560262754141e-03 4.832426720701798217e+01 -6.563559301322277606e-02 9.977890597178451504e-01 1.043844994149688461e-02 2.881997090272900408e+00 -1.326536836087013980e-03 -1.054824960236026669e-02 9.999434857682452105e-01 -1.646097132076811187e+00
9.975225592022121113e-01 7.032247610415565120e-02 1.869020398391430188e-03 4.898975162524493498e+01 -7.033890483717641917e-02 9.974619700155894497e-01 1.104793369485555440e-02 2.860398819361405831e+00 -1.087358715322062292e-03 -1.115202794112985993e-02 9.999372229914358368e-01 -1.681240619129178659e+00
9.971397173748897114e-01 7.544048906183700720e-02 4.595284935232542278e-03 4.967911609093891201e+01 -7.548602701545895077e-02 9.970893629729740137e-01 1.070803303927330904e-02 2.846343532287837874e+00 -3.774090479377232698e-03 -1.102428484118666424e-02 9.999321083877614758e-01 -1.696576585515084945e+00
9.967326343151194923e-01 8.061175158235360516e-02 5.079487972927484822e-03 5.036504730330984358e+01 -8.065389672465385351e-02 9.967039821899863483e-01 8.724725196371170208e-03 2.807967873033770712e+00 -4.359430509948791603e-03 -9.105898827037149992e-03 9.999490376875116437e-01 -1.717518405087064659e+00
9.962897867422364495e-01 8.595729222009469706e-02 4.243200124712086067e-03 5.105869093204094611e+01 -8.597974338281015594e-02 9.962821037815702274e-01 5.427099814333454300e-03 2.782734128240671012e+00 -3.760925542366095643e-03 -5.771793374495761547e-03 9.999762706386121636e-01 -1.743494033721332492e+00
9.959855045181310595e-01 8.950201515145063402e-02 1.504683884894002840e-03 5.175187776581607579e+01 -8.950607546630458267e-02 9.959820794341671668e-01 2.891349271982113570e-03 2.709513218490817277e+00 -1.239856598218731180e-03 -3.014420312747491393e-03 9.999946879987883230e-01 -1.769201161099349662e+00
