1.000000000000000000e+00 0.000000000000000000e+00 0.000000000000000000e+00 0.000000000000000000e+00 0.000000000000000000e+00 1.000000000000000000e+00 0.000000000000000000e+00 0.000000000000000000e+00 0.000000000000000000e+00 0.000000000000000000e+00 1.000000000000000000e+00 0.000000000000000000e+00
9.999999999024742348e-01 -1.082566160091140576e-05 8.823634205901191373e-06 -3.360287789428635305e-03 1.082605176476344809e-05 9.999999989637295972e-01 -4.421919647071242520e-05 -2.821175310378456428e-03 -8.823155494700266055e-06 4.421929199152058025e-05 9.999999989834030822e-01 -1.444422461334174965e-03
9.999999996070149111e-01 1.953340860875833412e-05 -2.011009798216934692e-05 1.696177460323645622e-03 -1.953391677971211697e-05 9.999999994899377853e-01 -2.526955567042170190e-05 -3.100197327604255204e-03 2.010960437135567210e-05 2.526994848947155945e-05 9.999999994785168100e-01 -1.605943072959353270e-03
9.999999998486315267e-01 -1.015344306498897322e-05 1.412955988482925199e-05 1.132380293167748429e-03 1.015366307346625698e-05 9.999999998272265378e-01 -1.557081015822934673e-05 -2.683066908330195358e-03 -1.412940178505362036e-05 1.557095362266286277e-05 9.999999997789527084e-01 -8.116337228286181135e-04
9.999999999857311916e-01 4.388028343481492243e-07 -5.324002208814671780e-06 -1.491842620458293852e-03 -4.388959824453070073e-07 9.999999998468506179e-01 -1.749589020520870257e-05 -2.830858413667611782e-03 5.323994530753092373e-06 1.749589254164223945e-05 9.999999998327744333e-01 -1.136470605900967304e-03
9.999999999971279641e-01 1.095445296764873625e-06 2.131660216416346717e-06 -1.410192681190609778e-03 -1.095404584567459592e-06 9.999999998170193694e-01 -1.909872868164255830e-05 -2.868640971960995188e-03 -2.131681137638802956e-06 1.909872634655733524e-05 9.999999998153472625e-01 -1.352747244566835814e-03
9.999999998699053982e-01 -8.300677890746263179e-06 -1.383068501516003327e-05 6.446996830309983939e-04 8.300218504396603649e-06 9.999999994139437964e-01 -3.321473696395452668e-05 -1.602730269947674367e-03 1.383096071188723705e-05 3.321462216192577635e-05 9.999999993527467490e-01 -1.003039035239053052e-03
9.999999999743826029e-01 -3.747741403133524237e-06 6.098293055248656289e-06 7.948512571721514774e-04 3.747868990512013733e-06 9.999999997741129132e-01 -2.092194125295658024e-05 -1.876819477044679423e-05 -6.098214643845663485e-06 2.092196410802404854e-05 9.999999997625416137e-01 -1.212199765044576476e-03
9.999999997788107109e-01 -1.125931404617020476e-05 1.776531696207135606e-05 -1.012660910001621879e-04 1.125952062698349208e-05 9.999999998690033420e-01 -1.162826411580163671e-05 -2.555449315605931148e-03 -1.776518603346666710e-05 1.162846414218236987e-05 9.999999997745885327e-01 -8.393931610169969547e-04
9.999999999969420017e-01 6.226250488370202705e-07 -2.393402284718234869e-06 -4.016958809566721763e-04 -6.226825657012662549e-07 9.999999997110496919e-01 -2.403149801303000583e-05 -3.250037092402165671e-03 2.393387321414036364e-06 2.403149950328639011e-05 9.999999997083793835e-01 -1.288319570229784841e-03
9.999999999349974411e-01 -1.115886974644185998e-05 -2.341967047523270043e-06 1.743633386649310734e-03 1.115882757708859137e-05 9.999999997756467973e-01 -1.800519573434812036e-05 -3.633964322850148469e-04 2.342167964631800646e-06 1.800516959957126225e-05 9.999999998351640773e-01 -7.284110994338816904e-04
9.999999998951066837e-01 -1.354353732213228926e-05 5.134129383829267352e-06 1.730218292094420213e-03 1.354358212332758477e-05 9.999999998702122639e-01 -8.726218040160924183e-06 3.885009202024948885e-05 -5.134011199303211498e-06 8.726287573748541988e-06 9.999999999487468871e-01 -8.389045509429900313e-04
9.999999996331456753e-01 -7.762948642678668934e-06 2.595082396716571100e-05 -1.464477485391841357e-03 7.763067430161580917e-06 9.999999999593914835e-01 -4.577309390551912018e-06 -2.999552645393505947e-03 -2.595078843269416654e-05 4.577510846869031627e-06 9.999999996528015078e-01 -1.109624201106814605e-03
9.999999954457143847e-01 -4.308801151054245625e-05 8.515864347100632358e-05 -6.149454432911507368e-03 4.308830748548396537e-05 9.999999990656653903e-01 -3.473739735714521122e-06 -6.358718554069336601e-03 -8.515849371490194215e-05 3.477409061709043753e-06 9.999999963679693238e-01 -7.927758584649141843e-04
9.999999856259087494e-01 6.785170538054887735e-05 1.553844536171813354e-04 -2.367962490249745158e-02 -6.778966940166594518e-05 9.999999180170325852e-01 -3.992123354019990063e-04 8.227724734311010063e-04 -1.554115281160687461e-04 3.992017962029435437e-04 9.999999082425872210e-01 -9.387067382058019577e-03
9.999979656178410448e-01 -1.792065164812490956e-06 -2.017116002522894441e-03 1.246018453647615432e-02 1.005836992154141474e-06 9.999999240355361696e-01 -3.897793095679871127e-04 -4.960149601713174580e-03 2.017116547803681111e-03 3.897764877180209613e-04 9.999978896553343155e-01 -2.643383091488113110e-03
9.999960699625835003e-01 -3.087622980928867827e-05 -2.803409717868720827e-03 -5.579342655901597947e-03 3.039333220427381310e-05 9.999999846951483917e-01 -1.722961065279955770e-04 -3.842206692926975267e-03 2.803414994817131183e-03 1.722102244349903470e-04 9.999960555962235098e-01 -7.878655212790151852e-04
9.999949067919871037e-01 8.692441670727356926e-05 -3.190428534044923662e-03 -3.729327789167305451e-03 -8.725669994944118709e-05 9.999999907839912661e-01 -1.040109888685452374e-04 -5.342309247615946791e-05 3.190419463547367485e-03 1.042888453842485952e-04 9.999949051607629480e-01 -6.629885376493278252e-04
9.999950017540428782e-01 -3.822373655578433069e-05 -3.161487921500398708e-03 1.314488338198550356e-02 3.831425689140684145e-05 9.999999988578397447e-01 2.857163381401537557e-05 7.891299211053456886e-03 3.161486825774869301e-03 -2.869262106634562197e-05 9.999950020764023506e-01 3.640898210690611059e-04
9.999956835064672811e-01 8.850397736368659490e-06 -2.938178024518236457e-03 1.575296447192188823e-02 -8.669485125173547629e-06 9.999999980660152499e-01 6.158579035888071937e-05 7.492098781914650202e-03 2.938178563894584729e-03 -6.156005203353626619e-05 9.999956816492192591e-01 -1.097672880704927880e-03
9.999961400987775750e-01 1.120963240841753138e-05 -2.778427953016207597e-03 1.734845659968256917e-02 -1.097300284943127389e-05 9.999999963118154644e-01 8.518193609924229362e-05 4.000781358988804090e-03 2.778428897627044196e-03 -8.515111960753763126e-05 9.999961365336106356e-01 -1.411602274552172746e-03
9.999957590546664221e-01 6.100666222896553419e-06 -2.912359089024331958e-03 1.739598533503953354e-02 -6.044453662157614349e-06 9.999999997952906394e-01 1.931018530632778741e-05 9.438031354821584812e-07 2.912359206233139722e-03 -1.929249979332635156e-05 9.999957588868331193e-01 -1.579609673167208222e-03
9.999954821729771792e-01 6.939009298323264309e-05 -3.005132051978584833e-03 1.698309371762301082e-02 -6.952616512419316618e-05 9.999999965626443776e-01 -4.517547646599739421e-05 -3.885003506061638495e-04 3.005128906918364765e-03 4.538420767827491137e-05 9.999954835600641800e-01 -2.955686964969612800e-03
9.999953799444764035e-01 1.501279687180367910e-05 -3.039714512620164850e-03 2.591020273842396110e-02 -1.544195289885852353e-05 9.999999899177589580e-01 -1.411595838873148489e-04 6.245724659791171592e-04 3.039712362772870741e-03 1.412058708505294525e-04 9.999953700941087709e-01 -5.378655620001050047e-03
9.999946816850319165e-01 1.293315196547749982e-06 -3.261380072774721500e-03 4.079591670416212595e-02 -1.609923721231414488e-06 9.999999952868816600e-01 -9.707545935559440289e-05 -3.588245459360606300e-03 3.261379931854284722e-03 9.708019365086898020e-05 9.999946769740207797e-01 -6.996323697997860504e-03
9.999871317451574093e-01 -2.745613375078381405e-05 -5.073025749374888635e-03 7.690409596711536566e-02 2.484037805617860645e-05 9.999998667271380315e-01 -5.156827142234107200e-04 -6.081612778474410064e-03 5.073039231931803297e-03 5.155500624093230797e-04 9.999869991560312865e-01 -6.382998778105898260e-03
9.999831494023438960e-01 -1.422332016301398221e-04 -5.803505930548768718e-03 1.070388993792229515e-01 1.385875631005864972e-04 9.999997928428495664e-01 -6.285759662951793210e-04 -1.205248713335154744e-02 5.803594132683170467e-03 6.277610806701203324e-04 9.999829619604369002e-01 -1.184192839563797534e-02
9.999796649984027397e-01 -2.295707137876407415e-04 -6.373137921739157295e-03 1.616582938769279276e-01 2.260086587004968793e-04 9.999998178662812265e-01 -5.596315668684589614e-04 -1.405182235018001026e-02 6.373265235994111759e-03 5.581798024062473596e-04 9.999795347533567691e-01 -1.292577131777171776e-02
9.999767518499043106e-01 -1.461089054340931762e-03 -6.660403778318395480e-03 2.887455900969075340e-01 1.458593876104009651e-03 9.999988642522822380e-01 -3.794707500994215651e-04 -6.600372021220530724e-03 6.660950654339417402e-03 3.697471039430311255e-04 9.999777472641376841e-01 -1.316555011610874397e-02
9.999765750031179845e-01 -1.616460901351513078e-03 -6.651052487238284620e-03 3.437185811729670526e-01 1.614187937165374818e-03 9.999986369588876878e-01 -3.470989343863800126e-04 -8.426066075071172654e-03 6.651604493436641570e-03 3.363547549005704114e-04 9.999778212656227350e-01 -1.408198970573581836e-02
9.999760327765396806e-01 -1.757116856246899745e-03 -6.696746437370269291e-03 4.263126114036291936e-01 1.755265978933069800e-03 9.999984196863568320e-01 -2.822518946650316935e-04 -1.245493086610267343e-02 6.697231803972333690e-03 2.704905586797428426e-04 9.999775367082109900e-01 -1.592580704982528642e-02
9.999753982624073334e-01 -1.320056952963613627e-03 -6.889145054420357274e-03 5.484339248562235536e-01 1.317816938669834652e-03 9.999990773342104511e-01 -3.296805178243659615e-04 -1.030158445649917431e-02 6.889573895101706695e-03 3.205937750651083784e-04 9.999762152127296133e-01 -1.746300628695266616e-02
9.999722270227159315e-01 -2.367014113526630121e-03 -7.066995642863526696e-03 7.060552287044777886e-01 2.363071092110561374e-03 9.999970476255130025e-01 -5.662466521813747274e-04 -3.775156464197275234e-03 7.068315092263342293e-03 5.495311127142444262e-04 9.999748681528514149e-01 -2.078452039202293572e-02
9.999713602778638188e-01 -2.591833400272961462e-03 -7.110627515481454837e-03 8.148520014044946524e-01 2.588743133616614421e-03 9.999965507336097126e-01 -4.437678122878400944e-04 -3.497696394739379863e-04 7.111753161270805042e-03 4.253475147445951658e-04 9.999746207011780408e-01 -2.125924412332987068e-02
9.999726603017535798e-01 -2.906213299039019614e-03 -6.799453896756783855e-03 9.333633510343346540e-01 2.905565649953147436e-03 9.999957733094051449e-01 -1.051264881581805545e-04 1.023456867829647746e-02 6.799730677566914391e-03 8.536735435086002647e-05 9.999768779202483637e-01 -2.356034844773726919e-02
9.999702861796816444e-01 -3.843245446347942455e-03 -6.682531119621192527e-03 1.091120304221436133e+00 3.842939236963321438e-03 9.999926141611064079e-01 -5.866223320030023152e-05 8.626083471979755293e-03 6.682707216883561861e-03 3.297992907942274069e-05 9.999776699189726337e-01 -2.742923710231874937e-02
9.999696798814784460e-01 -3.751469082158388497e-03 -6.823913646815335694e-03 1.240863379235483288e+00 3.750991571974551884e-03 9.999929615806533167e-01 -8.277306975737643143e-05 4.512784241459433764e-03 6.824176137861533327e-03 5.717411749100455401e-05 9.999767134044470485e-01 -2.626171845958834641e-02
9.999695266134956961e-01 -3.839396114075801017e-03 -6.797417293402823781e-03 1.410792294869046337e+00 3.837848397457608966e-03 9.999926064591702080e-01 -2.407211523426760460e-04 1.559854623228226767e-02 6.798291260277407842e-03 2.146263596876242638e-04 9.999768683181957662e-01 -2.890394024551922250e-02
9.999688988475774476e-01 -4.741150971358900831e-03 -6.302604622717024492e-03 1.597780780918820032e+00 4.741294584309265966e-03 9.999887599688912498e-01 7.844996185928476318e-06 2.827196560865392547e-02 6.302496586933712015e-03 -3.772725736223711898e-05 9.999801383594705273e-01 -3.341888129658122930e-02
9.999693071658628529e-01 -5.031541881304355500e-03 -6.005690012056530414e-03 1.788401003107342291e+00 5.038711901477273443e-03 9.999866101823261522e-01 1.179338134078047320e-03 3.019445029614553980e-02 5.999675707748430495e-03 -1.209562878588639088e-03 9.999812702491205352e-01 -3.807309301594610784e-02
9.999640388071150410e-01 -5.982136927699382468e-03 -6.011250314264872038e-03 1.991135033846250346e+00 5.997971594799552005e-03 9.999785807719469011e-01 2.619605709058757999e-03 3.103789280948316548e-02 5.995450717875333221e-03 -2.655566813546762338e-03 9.999785010366913918e-01 -3.765953563835813117e-02
9.999641605900402297e-01 -6.470694956103088119e-03 -5.459637555844850873e-03 2.200522399129217099e+00 6.494881987190524730e-03 9.999691213804168255e-01 4.424115013163846047e-03 4.059164562307613494e-02 5.430841871072802918e-03 -4.459416157110226639e-03 9.999753094772435569e-01 -4.395461094337466817e-02
9.999608551057102002e-01 -6.959691140909186717e-03 -5.463602793032982727e-03 2.411306116303212566e+00 6.987590007408474128e-03 9.999625609892787148e-01 5.103940208447603315e-03 4.790819907885688483e-02 5.427876393696974208e-03 -5.141917831528728007e-03 9.999720490288058761e-01 -4.721071623231418851e-02
9.999585222515912086e-01 -7.512517323642343633e-03 -5.149355287402983782e-03 2.647621835414102787e+00 7.541960511199026149e-03 9.999551850737675718e-01 5.722471121356783805e-03 6.036849406117970190e-02 5.106134355992397907e-03 -5.761070000375062908e-03 9.999703682931756488e-01 -4.987836300575097109e-02
9.999547424695155451e-01 -8.194572565710741066e-03 -4.833424582034948243e-03 2.893916116988337617e+00 8.224329060664796812e-03 9.999471505742351107e-01 6.168992621958083872e-03 6.555381954287940738e-02 4.782616880623340692e-03 -6.208465102838999286e-03 9.999692902968770891e-01 -5.067503115576694334e-02
9.999545047501575690e-01 -8.571969138596591264e-03 -4.184468300036501935e-03 3.147343705210551512e+00 8.599365077799597801e-03 9.999414178676609977e-01 6.573564715629733914e-03 7.200164383931864642e-02 4.127874771087835203e-03 -6.609249420229134676e-03 9.999696387750857118e-01 -5.416749877231606669e-02
9.999495252870496120e-01 -9.249926408006984430e-03 -3.922466016497074860e-03 3.404483961071864684e+00 9.271326184092647249e-03 9.999420423541399705e-01 5.473065267244565067e-03 7.537843719785239371e-02 3.871613228652561172e-03 -5.509155477731204377e-03 9.999773296514925525e-01 -7.342613666398477290e-02
9.999288987055208189e-01 -9.943525245579076105e-03 -6.582084719504016461e-03 3.673069065578861814e+00 9.978914301697654893e-03 9.999358129652984317e-01 5.365744942415091694e-03 7.749190260518711015e-02 6.528307814707474781e-03 -5.431045490346285941e-03 9.999639418208829955e-01 -8.000977407588970303e-02
9.998924634623451713e-01 -1.060042164913492339e-02 -1.013373435922172022e-02 3.950061566378892053e+00 1.064106680503539536e-02 9.999355195468484503e-01 3.965406136215920800e-03 8.415448894108852607e-02 1.009104595438416532e-02 -4.072813454470597221e-03 9.999407897381282773e-01 -8.626042039164914799e-02
9.998361562730144758e-01 -1.147909409519215843e-02 -1.399610688576664874e-02 4.236498708388044321e+00 1.149036854021196971e-02 9.999337204228756493e-01 7.253909818645657998e-04 9.197699281861020093e-02 1.398685239838424327e-02 -8.860925573482326695e-04 9.999017865770445379e-01 -8.931692480292363623e-02
9.997846584287499727e-01 -1.166242124499926140e-02 -1.716463519017717362e-02 4.531857338467046858e+00 1.161610951673644303e-02 9.999286235310940185e-01 -2.795325188038903005e-03 9.045991323507629467e-02 1.719601029898690583e-02 2.595336956136830037e-03 9.998487692925771553e-01 -8.498901097824361484e-02
9.997534120029387683e-01 -1.208991110460913565e-02 -1.862657343594674095e-02 4.844387512970913967e+00 1.199398004059547967e-02 9.999142696319545109e-01 -5.253363606382874945e-03 9.364940713731613464e-02 1.868848927195200862e-02 5.028661439957912357e-03 9.998127089274543300e-01 -8.531200851209012892e-02
9.997299695476107306e-01 -1.257662823086607568e-02 -1.954012309776500048e-02 5.148224111360427457e+00 1.241979441972244913e-02 9.998898444015715814e-01 -8.126977862209462319e-03 9.648321363483704227e-02 1.964018062302528775e-02 7.882099018890460426e-03 9.997760428316690984e-01 -8.191602026772255851e-02
9.997201185657998979e-01 -1.262145291679632290e-02 -2.000958422986384364e-02 5.479798771538558100e+00 1.240302031255473801e-02 9.998625381359729225e-01 -1.100317769630647022e-02 1.085112405591508317e-01 2.014570976434627500e-02 1.075191883150329250e-02 9.997392393116975029e-01 -8.641720379707022726e-02
9.997002979102581621e-01 -1.335548520475718891e-02 -2.051695330907348999e-02 5.813236569973982526e+00 1.311482198921551205e-02 9.998441314145573022e-01 -1.182008122055934300e-02 1.189614221221220597e-01 2.067161828044382019e-02 1.154746252710707639e-02 9.997196308499961548e-01 -8.904601334969562687e-02
9.997025375551321646e-01 -1.367321508892823528e-02 -2.019602918797285332e-02 6.153113854679977734e+00 1.348213218831731050e-02 9.998633385599419166e-01 -9.567461284146136502e-03 1.275911578157352955e-01 2.032408712553369565e-02 9.292329788530010598e-03 9.997502608599884155e-01 -7.548840627896140354e-02
9.997943674216236420e-01 -1.425547297786920915e-02 -1.442235633218870786e-02 6.502236323679503549e+00 1.418005468801258363e-02 9.998853154446839531e-01 -5.318083031492519021e-03 1.508580472342510581e-01 1.449651409961564760e-02 5.112479658846293996e-03 9.998818498356181195e-01 -6.235087118176834559e-02
9.998694364596795170e-01 -1.569601668066172503e-02 -3.839934135269482390e-03 6.860564193001053468e+00 1.568768307121650926e-02 9.998745405660616203e-01 -2.190828077311553126e-03 1.619509972406834031e-01 3.873839653352454619e-03 2.130302365313092427e-03 9.999902275413357078e-01 -6.267238768091552836e-02
9.998079127688355161e-01 -1.747277876601460028e-02 8.879164770320557495e-03 7.228692979008100927e+00 1.747623730164007266e-02 9.998472302029527414e-01 -3.120661152978299350e-04 1.691563096851787795e-01 -8.872355639927676993e-03 4.671805619482866058e-04 9.999605307449495051e-01 -7.094053017822819773e-02
9.996300571592550144e-01 -1.888540000344527542e-02 1.957269757837415067e-02 7.607099541269492171e+00 1.894789917137885277e-02 9.998159335869127862e-01 -3.012650447911187704e-03 1.818080354055199299e-01 -1.951219979335709967e-02 3.382397439673240185e-03 9.998038974952959679e-01 -1.122211573534562523e-01
9.995420861627756226e-01 -2.041601034072652865e-02 2.233393183328460235e-02 7.980481851411750149e+00 2.058009075034979846e-02 9.997627001646762768e-01 -7.141654160126978401e-03 1.896822118328978235e-01 -2.218282790975539126e-02 7.598018241807507830e-03 9.997250583359023057e-01 -1.371053440847227189e-01
9.995791202311514745e-01 -2.154438788698382831e-02 1.942734537944914436e-02 8.357766009353156278e+00 2.173974734156683755e-02 9.997146322207471902e-01 -9.901389259142865176e-03 1.957267472654232732e-01 -1.920848207022244486e-02 1.031956754478677817e-02 9.997622421067153820e-01 -1.326429267913661336e-01
9.995773266122159884e-01 -2.271863398576236606e-02 1.813923351733279579e-02 8.733773795082846902e+00 2.287867685750529304e-02 9.997006991221387695e-01 -8.664774662783333511e-03 2.104893129639527627e-01 -1.793695258468444922e-02 9.076113955208115966e-03 9.997979245264749792e-01 -1.319026141737029423e-01
9.995489624264722872e-01 -2.425963675013272092e-02 1.770146143442024797e-02 9.134675272691563208e+00 2.436485531060203491e-02 9.996865805830942309e-01 -5.752775658241916605e-03 2.307204933536233238e-01 -1.755635320492513959e-02 6.181474486903824721e-03 9.998267669128045876e-01 -1.503854302809488896e-01
9.995621541692680800e-01 -2.565151512488157703e-02 1.474787185631950583e-02 9.542245316007354816e+00 2.568786506061242897e-02 9.996674109139721542e-01 -2.280601934431760423e-03 2.573519030688805054e-01 -1.468446598008304495e-02 2.658444724559549770e-03 9.998886433651130723e-01 -1.863244411371812181e-01
9.996115860244038087e-01 -2.688239206775469570e-02 7.349427358058489498e-03 9.946241492725995670e+00 2.687821556440226495e-02 9.996384933256585725e-01 6.664755665081097688e-04 2.888268647359916730e-01 -7.364686948498413988e-03 -4.686772052788732443e-04 9.999727704931908878e-01 -2.101360534502231814e-01
9.996089014808998696e-01 -2.794228868438466615e-02 1.128088306398791069e-03 1.036559016429794333e+01 2.793940570263761178e-02 9.996065042326732764e-01 2.495256443309745199e-03 3.035235334077807656e-01 -1.197367584305584348e-03 -2.462762435349114681e-03 9.999962505489983222e-01 -2.236334907925723869e-01
9.995728794851893584e-01 -2.920938955280355867e-02 -9.328234772290344440e-04 1.079472265273728482e+01 2.921145152788016605e-02 9.995706561380744981e-01 2.279141797607588636e-03 3.183648704401707552e-01 8.658506345824291787e-04 -2.305417457178812746e-03 9.999969676719158151e-01 -2.281064075013305437e-01
9.995534134428419870e-01 -2.987079795899824641e-02 -8.420831644022503662e-04 1.125199286001927845e+01 2.987250284267970596e-02 9.995515312003703245e-01 2.090466194220448343e-03 3.493195776025397326e-01 7.792616230486475648e-04 -2.114687751842295096e-03 9.999974604202928052e-01 -2.314117934964202983e-01
9.995223380061623031e-01 -3.090451009440248198e-02 -8.415770923617127159e-05 1.170850836152798458e+01 3.090458956041197691e-02 9.995133907231762427e-01 4.229433669147528510e-03 3.635007351696715183e-01 -4.659181820763479159e-05 -4.230014288890608307e-03 9.999910523641289961e-01 -2.400893273077887302e-01
9.994798917921773329e-01 -3.224619839786128928e-02 3.585972439101150285e-04 1.219291421007431175e+01 3.224357117523024563e-02 9.994631254425513367e-01 5.814894536864768058e-03 3.926697770098311890e-01 -5.459129650718694922e-04 -5.800307706731263994e-03 9.999830290607645278e-01 -2.599218613173842063e-01
9.994493466442482266e-01 -3.316944411097639406e-02 -8.896458587900709552e-04 1.267622117535411697e+01 3.317384856114937580e-02 9.994344422917607051e-01 5.503756226351951344e-03 4.187027350715594176e-01 7.065861781666097621e-04 -5.530238541509226169e-03 9.999844584780539503e-01 -2.746503567289611536e-01
9.994189213164824670e-01 -3.394121518529005094e-02 -3.132670800530471499e-03 1.317275603702825215e+01 3.395255927588467643e-02 9.994168097438791420e-01 3.641993957222451096e-03 4.428585139369973778e-01 3.007230156838354429e-03 -3.746239863215252916e-03 9.999884610602619572e-01 -2.835181790816239666e-01
9.993825517439148820e-01 -3.487523998614911608e-02 -4.270000670935660686e-03 1.369235323797351356e+01 3.488950293533828878e-02 9.993856859163381401e-01 3.312607802833913463e-03 4.611824177327406016e-01 4.151849557282436334e-03 -3.459540639865465832e-03 9.999853967552799761e-01 -2.928576342171643754e-01
9.993394985359962401e-01 -3.602037180593228860e-02 -4.806191921460316492e-03 1.421216324834792388e+01 3.603754505336660696e-02 9.993441820750461613e-01 3.535689364676880119e-03 4.964680485021132905e-01 4.675683089141512670e-03 -3.706557394580001132e-03 9.999821995515373318e-01 -3.021824450585791633e-01
9.992979532907549922e-01 -3.704998231169418649e-02 -5.558719241986608862e-03 1.473768527068912526e+01 3.707896458527896316e-02 9.992987852301210561e-01 5.204634750691513809e-03 5.235515395828934659e-01 5.361989760500567199e-03 -5.407092407905099082e-03 9.999710057884181325e-01 -3.091373228030398490e-01
9.992520240526334696e-01 -3.844469207348649720e-02 -4.171100345222510802e-03 1.529537396837628904e+01 3.847135492496008002e-02 9.992384823544493422e-01 6.512313890972541881e-03 5.576575909834273759e-01 3.917560076483934256e-03 -6.667910718629072898e-03 9.999700953977050943e-01 -3.100345151580534142e-01
9.992110259150528417e-01 -3.969134327099638204e-02 -1.386708019605235355e-03 1.586680642769124816e+01 3.969744054971445502e-02 9.992007504717869137e-01 4.687586843953272381e-03 5.784262003468326752e-01 1.199543075338841032e-03 -4.738937218580544647e-03 9.999880517138436398e-01 -3.239045102710341739e-01
9.991675425869988025e-01 -4.078565518670437123e-02 8.672782997544350048e-04 1.643329253610816210e+01 4.078344566693069967e-02 9.991650575174131355e-01 2.428661309661669931e-03 6.199096966274406650e-01 -9.656087149988951211e-04 -2.391268955134629587e-03 9.999966747107681408e-01 -3.434489436365478210e-01
9.991256162610782088e-01 -4.176914245353388622e-02 1.828023418093554587e-03 1.700555288241871210e+01 4.176692646032445499e-02 9.991266190438308215e-01 1.234087558350556576e-03 6.458773464069533787e-01 -1.877973636277638662e-03 -1.156657572585864527e-03 9.999975676761825305e-01 -3.546345176138817057e-01
9.990976783642135928e-01 -4.244340430362136818e-02 1.544836029428780112e-03 1.758773972317924006e+01 4.244105078250516583e-02 9.990978078124437278e-01 1.525658168150181545e-03 6.815787051772576044e-01 -1.608196416891894374e-03 -1.458717069400614812e-03 9.999976429216201890e-01 -3.637364062747179272e-01
9.990275605321407015e-01 -4.406972105499598613e-02 1.339023276456678029e-03 1.817612397443031824e+01 4.406437126468687460e-02 9.990214977217928283e-01 3.791869559176634912e-03 7.150431145716943382e-01 -1.504819672879937438e-03 -3.729178976774473030e-03 9.999919143382667297e-01 -3.769353213533191416e-01
9.989574106013249244e-01 -4.561773683973988774e-02 1.764621862102883293e-03 1.875455355940669477e+01 4.560781563565022984e-02 9.989453392898778317e-01 5.304362730379271786e-03 7.549177685286503348e-01 -2.004733807893666325e-03 -5.218351909476425139e-03 9.999843748007807287e-01 -3.858571645323413679e-01
9.988806238805008064e-01 -4.723201817527745289e-02 2.575984315103704327e-03 1.934335160124867414e+01 4.722274715305013054e-02 9.988780812523567754e-01 3.548372152010138576e-03 7.902944827885661772e-01 -2.740691047983345556e-03 -3.422755132977717361e-03 9.999903866337311875e-01 -4.156138134062825062e-01
9.988133948995541189e-01 -4.866322084339484016e-02 1.921745658053341079e-03 1.994555373867770953e+01 4.866178189265048942e-02 9.988150024439330643e-01 7.885911222633022917e-04 8.249914448026007818e-01 -1.957843778083005054e-03 -6.941398079501185682e-04 9.999978425065064735e-01 -4.237649594320971325e-01
9.987749449821644587e-01 -4.946369823986500325e-02 1.397079922563198434e-03 2.054841286335274830e+01 4.946521943824455647e-02 9.987752670468619254e-01 -1.076104732845384240e-03 8.652453568960569719e-01 -1.342140752963912921e-03 1.143893310285049817e-03 9.999984450819380255e-01 -4.411673256255272402e-01
9.987452333958152240e-01 -5.007947512771435128e-02 7.028564024354720663e-05 2.114014274470363475e+01 5.007952012007400866e-02 9.987435797775949808e-01 -1.817558136023031965e-03 9.026487959100081282e-01 2.082502552233973277e-05 1.818797395907514923e-03 9.999983457698072842e-01 -4.487365733869523865e-01
9.987153079738192440e-01 -5.065092177708823556e-02 -1.489208477872040444e-03 2.175601018560746525e+01 5.064826139222129014e-02 9.987149794525311819e-01 -1.772973512365202085e-03 9.391643622552141579e-01 1.577097557066169413e-03 1.695269967176461865e-03 9.999973194079241345e-01 -4.572858295135735496e-01
9.986636376958026862e-01 -5.162415307989628305e-02 -2.426017924506383705e-03 2.237385717223900983e+01 5.162187454029770056e-02 9.986662088411946137e-01 -9.926669638899016102e-04 9.854401223323334680e-01 2.474027714548782293e-03 8.661048082473552477e-04 9.999965645187631758e-01 -4.714889313012045058e-01
9.986373591055242027e-01 -5.205831165787828257e-02 -3.654748428488645371e-03 2.298715155835749258e+01 5.205609178325137226e-02 9.986439171875217680e-01 -6.999804395644745577e-04 1.034260710242493886e+00 3.686232086838105940e-03 5.087746979540922311e-04 9.999930763966862202e-01 -4.861808754468138205e-01
9.986003715101888778e-01 -5.270965601902168063e-02 -4.357772604118682370e-03 2.361230018603482961e+01 5.271159614873949240e-02 9.986097224392005423e-01 3.314835666172006256e-04 1.062788470737539681e+00 4.334241705879759120e-03 -5.607247623898037065e-04 9.999904499226859311e-01 -4.990484316199063630e-01
9.985957166189857181e-01 -5.277043161539968913e-02 -4.677210422751367121e-03 2.425300504409199931e+01 5.277244429391462349e-02 9.986065162727203459e-01 3.078650787388254040e-04 1.108652592259356418e+00 4.654446633053844172e-03 -5.542605754107212367e-04 9.999890144005355586e-01 -5.047686456472103567e-01
9.986152172314646247e-01 -5.246980650167867161e-02 -3.816715791244363904e-03 2.488566084708332582e+01 5.246859081687434839e-02 9.986224873479960795e-01 -4.180198473951155002e-04 1.149007916185365685e+00 3.833391637459504248e-03 2.171832815984336149e-04 9.999926289428218151e-01 -5.106258747910377149e-01
9.986368660068241088e-01 -5.217043085056670415e-02 -1.629722962555129034e-03 2.554512185364274046e+01 5.217111176267660855e-02 9.986380886679289137e-01 3.780993414214895093e-04 1.188606228961015976e+00 1.607777818838014225e-03 -4.626084001780645001e-04 9.999986005209974271e-01 -5.183150205930213694e-01
9.986668730101397884e-01 -5.160537621020916399e-02 1.167004006930573868e-03 2.620443419591896017e+01 5.160403720075605605e-02 9.986669621538996067e-01 1.149802976476306613e-03 1.239718882079763773e+00 -1.224784361591462530e-03 -1.088048024908267603e-03 9.999986580264811353e-01 -5.365924188611503887e-01
9.986777922321637968e-01 -5.130563694518718021e-02 3.224735638722163976e-03 2.687963012278896358e+01 5.130152017908322370e-02 9.986823020695575481e-01 1.346684953547661739e-03 1.278507826556946947e+00 -3.289578940551058511e-03 -1.179470515799139248e-03 9.999938937412049533e-01 -5.585250917359323442e-01
9.986943476330406577e-01 -5.098484510430577321e-02 3.185212003199653415e-03 2.755902103295985839e+01 5.098239333613692470e-02 9.986991936259204117e-01 8.462982073355087816e-04 1.324264977911323582e+00 -3.224217042136148879e-03 -6.828035048718382937e-04 9.999945690871721027e-01 -5.791457317531525373e-01
9.987477745017081521e-01 -4.999578066525910136e-02 1.817922868692726937e-03 2.824679008470648611e+01 4.999594922693970100e-02 9.987494194327171115e-01 -4.736779261240697792e-05 1.360988881331403055e+00 -1.813281219910273289e-03 1.381972568963540482e-04 9.999983464550007417e-01 -5.981551780654553729e-01
9.987871889192004859e-01 -4.923097967653988771e-02 -6.796256097965876816e-04 2.894429768517127854e+01 4.923164926545398057e-02 9.987868800971295702e-01 1.006407693404183208e-03 1.416266773224299946e+00 6.292547057425482669e-04 -1.038646200655146635e-03 9.999992626260206796e-01 -6.186729212965139668e-01
9.988231310125484930e-01 -4.837897178640330337e-02 -3.439192227803443414e-03 2.965247878160576533e+01 4.838428003798932869e-02 9.988277023178699920e-01 1.477338014754789319e-03 1.455702014788927023e+00 3.363688376591587002e-03 -1.642002221315759167e-03 9.999929946900679711e-01 -6.329477156266369864e-01
9.988764654298996071e-01 -4.705852718573281385e-02 -5.594803783896007757e-03 3.036432185930808458e+01 4.707237822723588788e-02 9.988886689847082945e-01 2.370270446579430829e-03 1.493056038561507703e+00 5.477044668678595490e-03 -2.630968085614934868e-03 9.999815398239257913e-01 -6.486368813815499568e-01
9.989628040319518121e-01 -4.494767614398066657e-02 -7.281659829743313342e-03 3.109176970705278720e+01 4.495916716175223093e-02 9.989878132487022278e-01 1.422064941409489002e-03 1.531268742719986031e+00 7.210370915694007399e-03 -1.747967342886402225e-03 9.999724772019609187e-01 -6.530872748949001494e-01
9.990800468186586958e-01 -4.236180101281794563e-02 -6.673669438715773908e-03 3.181859161084809884e+01 4.237827594003500120e-02 9.990988810683334442e-01 2.346822608194392562e-03 1.572756646459751773e+00 6.568240036500149620e-03 -2.627482246276415488e-03 9.999749769668581090e-01 -6.500097320294919712e-01
9.992199764814901908e-01 -3.941565615635172354e-02 -2.417571114673198757e-03 3.255896818938921200e+01 3.942652559694400510e-02 9.992117619120276517e-01 4.626438804842161745e-03 1.618554559986316255e+00 2.233311371880170298e-03 -4.718146503202532913e-03 9.999863756141332827e-01 -6.632891224182977385e-01
9.993187350174806971e-01 -3.687045822696261715e-02 1.623315494913085731e-03 3.331166319096100636e+01 3.686012623737553590e-02 9.993024755900258294e-01 5.991107861709190838e-03 1.656714166454926973e+00 -1.843078084878670446e-03 -5.927190715650927991e-03 9.999807355511372009e-01 -6.806145510495897888e-01
9.994076862887896207e-01 -3.426710422228156083e-02 3.168935958269275457e-03 3.405092813968229137e+01 3.425864894088097301e-02 9.994093933173840982e-01 2.685055255229629092e-03 1.688719131187850886e+00 -3.259073431789078368e-03 -2.574901395676117404e-03 9.999913741243815490e-01 -7.005790967716727380e-01
9.995105474638557030e-01 -3.118225187026956932e-02 2.516481035609154180e-03 3.477218285295919031e+01 3.118236977638344856e-02 9.995137116403276512e-01 -7.622651015888735513e-06 1.718425316757694610e+00 -2.515019608750304354e-03 8.608876227763788197e-05 9.999968336275333325e-01 -7.124057404982492292e-01
9.996197397828967546e-01 -2.753351304846370085e-02 1.510462043138675100e-03 3.551035176500977286e+01 2.753314611773911846e-02 9.996208564234119187e-01 2.631884948198515172e-04 1.746997556781352046e+00 -1.517135865013666783e-03 -2.215006425666363643e-04 9.999988246174255080e-01 -7.308240574719677696e-01
9.997045304519577291e-01 -2.430607732014455555e-02 -2.576803018384735806e-04 3.623889511988719647e+01 2.430656452174271773e-02 9.997023561053431928e-01 2.095260980394625990e-03 1.772645222066832504e+00 2.066760294745043644e-04 -2.100905217462336900e-03 9.999977717386604459e-01 -7.505514289932443406e-01
9.997763136582021870e-01 -2.100298208556752519e-02 -2.489456070999673289e-03 3.696772913616575096e+01 2.101057910135136972e-02 9.997745526465772192e-01 3.065851621040522907e-03 1.793715266736957359e+00 2.424502803043282299e-03 -3.117470745605995571e-03 9.999922015507463069e-01 -7.556275988741147920e-01
9.998320178667751135e-01 -1.794411333773109421e-02 -3.734279713049828021e-03 3.769363461678864979e+01 1.796660737991466125e-02 9.998201016675553054e-01 6.079911244032541913e-03 1.820770358838367686e+00 3.624509305910302449e-03 -6.145982265023097572e-03 9.999745445931558230e-01 -7.690681183648386821e-01
9.998839071876065576e-01 -1.463870995458290726e-02 -4.228512517591948711e-03 3.841227378286736638e+01 1.466464905551605365e-02 9.998734322947557818e-01 6.169883239005330422e-03 1.834941456571154372e+00 4.137658193276558607e-03 -6.231176612005317680e-03 9.999720257200725992e-01 -7.898898936184356456e-01
9.999219155275617110e-01 -1.055499861531177842e-02 -6.689906720011887589e-03 3.912163616122717968e+01 1.058492274543593008e-02 9.999340606319587765e-01 4.453515303138639095e-03 1.858566357079681763e+00 6.642458743932617288e-03 -4.523979698551196943e-03 9.999677051532825933e-01 -8.019059265047423501e-01
9.999309288783122529e-01 -5.971267418093073771e-03 -1.012331161118904324e-02 3.983746810762321644e+01 6.015776015340612050e-03 9.999723480425931621e-01 4.371909092843479644e-03 1.865882768309846229e+00 1.009692584348659272e-02 -4.432506695364929819e-03 9.999392006381720988e-01 -7.951974209475302091e-01
9.999435610318132550e-01 -7.066090824639700840e-04 -1.060072896648447949e-02 4.054760745158139201e+01 7.871710585950011680e-04 9.999708293808780013e-01 7.597417261373399892e-03 1.882932324528076462e+00 1.059505133261722659e-02 -7.605333058024709748e-03 9.999149482812704770e-01 -7.991410667227206721e-01
9.999453639907113223e-01 4.366277168036196074e-03 -9.497613235738947696e-03 4.127274768518872605e+01 -4.272728105243629726e-03 9.999423803142599709e-01 9.847834583828329186e-03 1.893153285864695778e+00 9.540064361546991140e-03 -9.806715818441457538e-03 9.999064033682522057e-01 -8.086534608264861479e-01
9.999201536025239534e-01 9.228289459104354123e-03 -8.632791736383812337e-03 4.197399858458863520e+01 -9.141109430962678431e-03 9.999073698775093888e-01 1.008423437910511110e-02 1.889686423255687364e+00 8.725052313651667640e-03 -1.000451589536164275e-02 9.999118876800212607e-01 -8.168967631844222810e-01
9.998662822565376196e-01 1.428511668146903099e-02 -7.959462788819988976e-03 4.268625697332716129e+01 -1.419797622965160433e-02 9.998398013488463132e-01 1.089904168639298579e-02 1.886169882525743136e+00 8.113881775823630904e-03 -1.078457602765631532e-02 9.999089247738673913e-01 -8.184737368053249806e-01
9.997720754978585145e-01 2.028960095245609455e-02 -6.642977336578235331e-03 4.338775249581448179e+01 -2.020631518629932219e-02 9.997192642651908656e-01 1.237325679266763727e-02 1.884828610805088456e+00 6.892160858259823927e-03 -1.223620653043495758e-02 9.999013818214516069e-01 -8.173922808904795501e-01
9.996475113182623495e-01 2.637038388934266619e-02 -3.075055891082189088e-03 4.409237858598380910e+01 -2.633022840039125206e-02 9.995758963441637723e-01 1.243971543664667591e-02 1.870869772623382499e+00 3.401791820175434876e-03 -1.235436365379505817e-02 9.999178953849771068e-01 -8.281299773839040368e-01
9.994601860138606630e-01 3.283411711885318718e-02 1.121305562503075760e-03 4.479137441538494357e+01 -3.284484548888097488e-02 9.993944405689961785e-01 1.148774497430668853e-02 1.855844475974037788e+00 -7.434365814267620848e-04 -1.151837283684659097e-02 9.999333849758397230e-01 -8.365715368231595450e-01
9.992165616473741574e-01 3.932836159676950105e-02 4.420735652919417606e-03 4.549171789300874735e+01 -3.937273019079984282e-02 9.991700255702757882e-01 1.044261074716460076e-02 1.835087346360721572e+00 -4.006375783888123203e-03 -1.060848603751097553e-02 9.999357024214458045e-01 -8.605587700550332286e-01
9.989670615743446724e-01 4.512288061346324264e-02 5.360553578002005305e-03 4.617701918457594701e+01 -4.517135256579693503e-02 9.989360161577789388e-01 9.294327851009713884e-03 1.806052403418288987e+00 -4.935463189606153871e-03 -9.526870838251539145e-03 9.999424383108935777e-01 -8.750204974844308925e-01
9.986931974888537678e-01 5.089714742057131064e-02 4.623599673187100620e-03 4.687575824332926544e+01 -5.093781265275414832e-02 9.986599096377941631e-01 9.150088763812016038e-03 1.771896498548153343e+00 -4.151690215103311446e-03 -9.373647458772395649e-03 9.999474477199671307e-01 -8.917147391225138664e-01
9.984054765866873238e-01 5.637739398445364841e-02 2.844955049099913511e-03 4.757487881352935233e+01 -5.640097587955100050e-02 9.983673494994406150e-01 9.031355008861173539e-03 1.739218217233974739e+00 -2.331145972266896512e-03 -9.177412542948296809e-03 9.999551694238459909e-01 -9.124024597441166007e-01
9.981084649833880107e-01 6.147399467289517416e-02 6.634059555199121579e-04 4.826001501158690132e+01 -6.147749044862095558e-02 9.980668020336503909e-01 9.120134125212082249e-03 1.705013496529302452e+00 -1.014723838464598460e-04 -9.143667605452078517e-03 9.999581906490272454e-01 -9.237162050498657351e-01
9.977746715182315151e-01 6.667428401385137871e-02 -4.946998337287610795e-04 4.895268656437216492e+01 -6.666631657258866028e-02 9.977277409630592730e-01 9.744595804539317105e-03 1.669319801950377657e+00 1.143289695833036830e-03 -9.689931062228386224e-03 9.999523979293617471e-01 -9.307808625226013932e-01
9.974214491334142396e-01 7.175591902600239602e-02 1.241327246840556861e-03 4.964799658324191967e+01 -7.176480784963790160e-02 9.973706710102775430e-01 1.007754746023033394e-02 1.628428243340133363e+00 -5.149397095877228468e-04 -1.014064560284172987e-02 9.999484497432120644e-01 -9.397034026498030101e-01
9.970307211214201049e-01 7.694641826030695908e-02 2.998309025268623782e-03 5.033678801881722364e+01 -7.697020782070715383e-02 9.969941122303277448e-01 8.850270396871117926e-03 1.576085649422864998e+00 -2.308299837165413582e-03 -9.054771944697595845e-03 9.999563404753686324e-01 -9.622945172088928079e-01
9.966391329841711721e-01 8.186532637772836463e-02 2.916666183764877063e-03 5.103245470170487863e+01 -8.188355024305496443e-02 9.966187009284785958e-01 6.800673439071193600e-03 1.522831867190802324e+00 -2.350064712427863464e-03 -7.016644262024927629e-03 9.999726215747847258e-01 -9.755141264486368868e-01
9.962296149479592522e-01 8.675130885772772138e-02 8.744781940851829687e-04 5.172610142112333875e+01 -8.675338423691897338e-02 9.962261326586088206e-01 2.709784403507210955e-03 1.470152963899019172e+00 -6.361006856612585764e-04 -2.775431415676253045e-03 9.999959461699705621e-01 -9.939459579005829326e-01
