-5.231631460200767414e-01 -8.517583289035858263e-01 2.842660355626674962e-02 1.215850000000000009e+01 8.517907189188566042e-01 -5.236748832561776146e-01 -1.473729318177635986e-02 -1.876670000000000016e+01 2.743891051176968604e-02 1.650350841481538350e-02 9.994872387379084566e-01 1.750609999999999944e-01
-5.231838357065228262e-01 -8.517450632947981548e-01 2.844329812715973987e-02 1.215900000000000070e+01 8.517777188337407601e-01 -5.236960306610904947e-01 -1.473720354093550032e-02 -1.876650000000000063e+01 2.744798269086598172e-02 1.651710091872540462e-02 9.994867651066935421e-01 1.750549999999999884e-01
-5.231747932480975694e-01 -8.517503664654653139e-01 2.845081608241270890e-02 1.215949999999999953e+01 8.517828794923779645e-01 -5.236873580621708157e-01 -1.474710851442578331e-02 -1.876630000000000109e+01 2.746018779037957824e-02 1.651860259854364202e-02 9.994864050374613340e-01 1.749900000000000067e-01
-5.231832020733735433e-01 -8.517459326338386871e-01 2.842891679197440472e-02 1.215970000000000084e+01 8.517783769451060527e-01 -5.236949866275466547e-01 -1.473626648560755377e-02 -1.876620000000000132e+01 2.743963624053324599e-02 1.650536951682871067e-02 9.994871880820188625e-01 1.750849999999999906e-01
-5.231738125676728135e-01 -8.517508517902083742e-01 2.845431984884402160e-02 1.215990000000000038e+01 8.517840243629173358e-01 -5.236861117334301596e-01 -1.472522385684473141e-02 -1.876610000000000156e+01 2.744335408652939789e-02 1.653308356526013781e-02 9.994866279567254930e-01 1.752029999999999976e-01
-5.231768608291860190e-01 -8.517492243587186929e-01 2.844698748971812713e-02 1.216000000000000014e+01 8.517818737430398190e-01 -5.236891997268102728e-01 -1.473979824453571300e-02 -1.876610000000000156e+01 2.745199183511636692e-02 1.651910693150518417e-02 9.994866218466711416e-01 1.752809999999999924e-01
-5.231722991413393364e-01 -8.517524866425947305e-01 2.843320082791872538e-02 1.216009999999999991e+01 8.517851685251397464e-01 -5.236841044229986197e-01 -1.473042617447285763e-02 -1.876599999999999824e+01 2.743669243486027143e-02 1.651242782988716906e-02 9.994871523113230127e-01 1.753679999999999961e-01
-5.231750648536128701e-01 -8.517510539645499756e-01 2.842522797967104303e-02 1.216029999999999944e+01 8.517830379574121702e-01 -5.236869909172054971e-01 -1.475099291996989116e-02 -1.876610000000000156e+01 2.745009587341756818e-02 1.649477536559629948e-02 9.994870757654540361e-01 1.754350000000000076e-01
-5.231772999124617574e-01 -8.517498094569154743e-01 2.842138185265054989e-02 1.216039999999999921e+01 8.517823084046048931e-01 -5.236887719005631769e-01 -1.472987692421306137e-02 -1.876599999999999824e+01 2.743012842165377940e-02 1.650249300524669893e-02 9.994874965598039562e-01 1.754830000000000001e-01
-5.231722585511564549e-01 -8.517524573677218713e-01 2.843482460870921241e-02 1.216060000000000052e+01 8.517851538216407725e-01 -5.236841157827012427e-01 -1.473087254487354808e-02 -1.876589999999999847e+01 2.743792287191481813e-02 1.651357759349009538e-02 9.994870995383272616e-01 1.755210000000000103e-01
-5.231710722894346022e-01 -8.517539027907581328e-01 2.841334546010808315e-02 1.216080000000000005e+01 8.517856873944469331e-01 -5.236826754552140750e-01 -1.475120937543387099e-02 -1.876599999999999824e+01 2.744397692559208402e-02 1.648467496740241983e-02 9.994874104368332013e-01 1.755659999999999998e-01
-5.231687709931613917e-01 -8.517555558110554426e-01 2.840616486796446877e-02 1.216089999999999982e+01 8.517877980744917865e-01 -5.236798316422375255e-01 -1.473027435475642889e-02 -1.876589999999999847e+01 2.742232865594203262e-02 1.648960509405431735e-02 9.994879232961881854e-01 1.756030000000000091e-01
-5.231667269869497705e-01 -8.517562027828778914e-01 2.842440491294717306e-02 1.216119999999999912e+01 8.517887843873341858e-01 -5.236782656332442665e-01 -1.472891358194241759e-02 -1.876589999999999847e+01 2.743068657014165884e-02 1.650591179699422220e-02 9.994874247883465124e-01 1.756280000000000063e-01
-5.231641396169970371e-01 -8.517573990506579484e-01 2.843617733215537610e-02 1.216119999999999912e+01 8.517900000591999143e-01 -5.236761074869820121e-01 -1.473534005142880694e-02 -1.876599999999999824e+01 2.744228157344456506e-02 1.651264999147040655e-02 9.994869951991887103e-01 1.758709999999999996e-01
-5.230342475425072690e-01 -8.518281333296626734e-01 2.870552500385193523e-02 1.216080000000000005e+01 8.518563077537345540e-01 -5.235590234121629827e-01 -1.505921458369079494e-02 -1.876599999999999824e+01 2.785689928578629834e-02 1.657649757355189948e-02 9.994744683534322327e-01 1.754819999999999991e-01
-5.230820985304623916e-01 -8.517737024506980559e-01 2.943939555080228587e-02 1.215970000000000084e+01 8.517761019590187610e-01 -5.236497823749503011e-01 -1.638223275885774405e-02 -1.876490000000000080e+01 2.936988812484899597e-02 1.650652089617453064e-02 9.994323110843666980e-01 1.735339999999999938e-01
-5.229791950635525044e-01 -8.518108899413098234e-01 3.018226810682581723e-02 1.215670000000000073e+01 8.517933809410997981e-01 -5.235869719251285970e-01 -1.745620277164409290e-02 -1.876040000000000063e+01 3.067242598179539814e-02 1.657982532080338675e-02 9.993919709887224556e-01 1.716149999999999898e-01
-5.229050276402108510e-01 -8.518470831221299777e-01 3.044468828726272849e-02 1.215119999999999933e+01 8.518261630837450360e-01 -5.235251233877178390e-01 -1.770968853197379955e-02 -1.875179999999999936e+01 3.102450571105316510e-02 1.667309683870836848e-02 9.993795514654038037e-01 1.712140000000000051e-01
-5.230345504025863956e-01 -8.517805106934394077e-01 3.008023749886436227e-02 1.214300000000000068e+01 8.517581678552359481e-01 -5.236408664924493417e-01 -1.755751778950897027e-02 -1.873989999999999867e+01 3.070639309746110018e-02 1.643789955746179435e-02 9.993932723813399033e-01 1.722599999999999965e-01
-5.230142703643900770e-01 -8.518061031985127984e-01 2.970581675309742417e-02 1.213269999999999982e+01 8.517839740187325148e-01 -5.236057759973176129e-01 -1.735087741588117044e-02 -1.872510000000000119e+01 3.033372051133655795e-02 1.622818215357646129e-02 9.994080805676576196e-01 1.732599999999999973e-01
-5.230581972957528691e-01 -8.517795141439891138e-01 2.969480638675548595e-02 1.212129999999999974e+01 8.517564296433587367e-01 -5.236497664141572805e-01 -1.737546245704445561e-02 -1.870759999999999934e+01 3.034974139782655941e-02 1.620436419697203478e-02 9.994079806455706816e-01 1.735140000000000016e-01
-5.230591134568267631e-01 -8.517670658062206357e-01 3.003380491411521830e-02 1.210859999999999914e+01 8.517435049477651843e-01 -5.236642372424764602e-01 -1.757180732170501164e-02 -1.868750000000000000e+01 3.069471630516043201e-02 1.639000430494070779e-02 9.993944177099597370e-01 1.734729999999999883e-01
-5.230638933286029246e-01 -8.517577184676966562e-01 3.021510427959064882e-02 1.209399999999999942e+01 8.517323553415317994e-01 -5.236771515834779400e-01 -1.772669664042137577e-02 -1.866469999999999985e+01 3.092181043034803942e-02 1.646298697435168157e-02 9.993862174853078706e-01 1.735440000000000038e-01
-5.231731377111026315e-01 -8.516859900148306961e-01 3.034538498648009855e-02 1.207629999999999981e+01 8.516547003149143036e-01 -5.237946719676569440e-01 -1.798368843725230842e-02 -1.863800000000000168e+01 3.121120646552510980e-02 1.643520704926523107e-02 9.993776786381685096e-01 1.739219999999999933e-01
-5.232239485209418950e-01 -8.516441653505130160e-01 3.064172512414453306e-02 1.205630000000000024e+01 8.515984725461035465e-01 -5.238648276990490738e-01 -1.859257531889103518e-02 -1.860800000000000054e+01 3.188638034173511132e-02 1.636636564037582953e-02 9.993574940052369904e-01 1.741010000000000058e-01
-5.232448113245765642e-01 -8.516055725072653182e-01 3.134990106013017808e-02 1.203309999999999924e+01 8.515497027771267158e-01 -5.239197434231814832e-01 -1.926671096928338212e-02 -1.857199999999999918e+01 3.283247054509419449e-02 1.661479238387827614e-02 9.993227594485909471e-01 1.739169999999999883e-01
-5.233072387476086496e-01 -8.515374892684651753e-01 3.214713431570127150e-02 1.200580000000000069e+01 8.514702091171998388e-01 -5.240211897329385415e-01 -2.000689123247784487e-02 -1.852939999999999898e+01 3.388239749878981660e-02 1.690257617151719530e-02 9.992828859029362354e-01 1.736520000000000008e-01
-5.233858732056367868e-01 -8.514679611707315354e-01 3.270380449626439368e-02 1.197250000000000014e+01 8.513857382452029166e-01 -5.241309410550674119e-01 -2.071427868403088665e-02 -1.847830000000000084e+01 3.477862046492215253e-02 1.700199189761257210e-02 9.992504089716803817e-01 1.738429999999999975e-01
-5.236042155484018634e-01 -8.513301250281923860e-01 3.279700717176124020e-02 1.193280000000000030e+01 8.512366499857954016e-01 -5.243586457299762582e-01 -2.107549214574121893e-02 -1.841799999999999926e+01 3.513959562804559733e-02 1.688279798218283306e-02 9.992398010244537554e-01 1.746230000000000004e-01
-5.238759305192326465e-01 -8.511666872442330556e-01 3.269984630370658535e-02 1.188749999999999929e+01 8.510685779185690469e-01 -5.246282338883460072e-01 -2.115400403846077332e-02 -1.834909999999999997e+01 3.516084615410174780e-02 1.674773814199506661e-02 9.992413262895274428e-01 1.754680000000000129e-01
-5.241254983783364407e-01 -8.510101112046086769e-01 3.277579254846520879e-02 1.183569999999999922e+01 8.509062048382565191e-01 -5.248836978942722498e-01 -2.134793321585674516e-02 -1.826999999999999957e+01 3.537078621426886088e-02 1.670012911187218965e-02 9.992347137535959600e-01 1.758470000000000033e-01
-5.243993754993991896e-01 -8.508282822931884093e-01 3.311387965584405152e-02 1.177950000000000053e+01 8.507270738279515410e-01 -5.251708463310877928e-01 -2.142493920689040460e-02 -1.818309999999999960e+01 3.561938842780001252e-02 1.693564920250134262e-02 9.992219187718610618e-01 1.762410000000000088e-01
-5.245600300853215936e-01 -8.507244353959609873e-01 3.323717582932347869e-02 1.171899999999999942e+01 8.506328927620746549e-01 -5.253321740749630209e-01 -2.120822088005995879e-02 -1.808970000000000056e+01 3.550290957247222851e-02 1.714765004003889967e-02 9.992224484617991953e-01 1.772090000000000054e-01
-5.249681562672853241e-01 -8.504889922318953355e-01 3.281629165066778792e-02 1.165109999999999957e+01 8.503910073907505751e-01 -5.257248450471543322e-01 -2.117833442670631269e-02 -1.798659999999999926e+01 3.526428014678905515e-02 1.678872813884012619e-02 9.992369934871347947e-01 1.781379999999999908e-01
-5.253659977940553505e-01 -8.502680684281054280e-01 3.216799921342572421e-02 1.157809999999999917e+01 8.501567914616342536e-01 -5.261009156511504692e-01 -2.124279837218635142e-02 -1.787679999999999936e+01 3.498568698077535177e-02 1.618759903628480198e-02 9.992567054285523831e-01 1.788059999999999927e-01
-5.256627388744439244e-01 -8.500850137720036281e-01 3.215826984263481930e-02 1.150220000000000020e+01 8.499778492462768398e-01 -5.263951779917108720e-01 -2.111332228118899604e-02 -1.776040000000000063e+01 3.487607703989648034e-02 1.623533021925547062e-02 9.992597626758418228e-01 1.792960000000000109e-01
-5.259347112576383543e-01 -8.499059286336724250e-01 3.244367376978006534e-02 1.142040000000000077e+01 8.498064855450775390e-01 -5.266755456085957521e-01 -2.101920035136864429e-02 -1.763410000000000011e+01 3.495163257801338352e-02 1.651611731680427408e-02 9.992525212622227482e-01 1.797189999999999899e-01
-5.262888269561303289e-01 -8.496936802914564213e-01 3.226019674306231794e-02 1.133189999999999920e+01 8.496086664863151672e-01 -5.270147675510411522e-01 -2.050728198634686056e-02 -1.749849999999999994e+01 3.442650799144954948e-02 1.661578935480636371e-02 9.992690984372685215e-01 1.806639999999999913e-01
-5.268317374785943530e-01 -8.493897788107411806e-01 3.138987156912634302e-02 1.123659999999999926e+01 8.493021295923085523e-01 -5.275222074480185874e-01 -2.015473441002879271e-02 -1.735460000000000136e+01 3.367807974417904443e-02 1.604133102363281341e-02 9.993039891062855951e-01 1.820879999999999999e-01
-5.273414831938842973e-01 -8.491047009421308633e-01 3.053140908717723659e-02 1.113400000000000034e+01 8.489934514116899145e-01 -5.280076102381069392e-01 -2.044707780367779199e-02 -1.720090000000000074e+01 3.348252623295478597e-02 1.513837404141264546e-02 9.993246469833725332e-01 1.837920000000000109e-01
-5.279257826136852794e-01 -8.487906151050310655e-01 2.913519798031115673e-02 1.102449999999999974e+01 8.486310331033267707e-01 -5.285569987419732607e-01 -2.128071274318733136e-02 -1.703890000000000171e+01 3.346248206138992265e-02 1.349039623217714381e-02 9.993489238017877474e-01 1.862550000000000039e-01
-5.285178940486618959e-01 -8.484718978899076225e-01 2.764550888417757063e-02 1.090700000000000003e+01 8.482722554481106902e-01 -5.291072012108438694e-01 -2.190320213582658618e-02 -1.686580000000000013e+01 3.321168931780771327e-02 1.187468390844281796e-02 9.993777942173478479e-01 1.885239999999999971e-01
-5.290001987048140730e-01 -8.481902292938655608e-01 2.705780295382386250e-02 1.078810000000000002e+01 8.479712545654225497e-01 -5.295741035810096475e-01 -2.227151200780103785e-02 -1.668720000000000070e+01 3.321959062076063063e-02 1.116260483895456512e-02 9.993857388677299669e-01 1.904270000000000129e-01
-5.295157427056310651e-01 -8.478984005243087596e-01 2.610326828622547973e-02 1.065789999999999971e+01 8.476667096026474502e-01 -5.300587012387749652e-01 -2.233657700912227914e-02 -1.649180000000000135e+01 3.277541240510689624e-02 1.029930237357289807e-02 9.994096741138205342e-01 1.932510000000000061e-01
-5.301080129249783335e-01 -8.475452271360506273e-01 2.554569614692708476e-02 1.052340000000000053e+01 8.473059459256269133e-01 -5.306330959517447932e-01 -2.238641283779637878e-02 -1.629009999999999891e+01 3.252888918805816459e-02 9.777803412138283412e-03 9.994229664804703539e-01 1.962289999999999868e-01
-5.306029654325944422e-01 -8.472470082128282787e-01 2.515949420298745423e-02 1.038310000000000066e+01 8.470118909819039921e-01 -5.311129709025085299e-01 -2.213297707880703888e-02 -1.607819999999999894e+01 3.211463232541547641e-02 9.566567489154468446e-03 9.994384078956939366e-01 1.982309999999999905e-01
-5.311143923160006608e-01 -8.469254765960398945e-01 2.519403436087389384e-02 1.023930000000000007e+01 8.467056915736693723e-01 -5.316207137170803065e-01 -2.165383577328424194e-02 -1.585960000000000036e+01 3.173285571076154415e-02 9.831268459016256206e-03 9.994480336810547261e-01 1.988540000000000030e-01
-5.315628481821815798e-01 -8.466059458023659223e-01 2.644448835821551838e-02 1.009050000000000047e+01 8.463202443612923842e-01 -5.321332713701191208e-01 -2.400469714820014852e-02 -1.563509999999999955e+01 3.439451143261759714e-02 9.620500663486348039e-03 9.993620282711843661e-01 2.010649999999999937e-01
-5.319166338379209824e-01 -8.462807290517398995e-01 2.955710206009969782e-02 9.939790000000000347e+00 8.459191383768253081e-01 -5.326302835641996136e-01 -2.694053373877598398e-02 -1.540540000000000020e+01 3.854226218510119900e-02 1.067280028746884525e-02 9.991999726579652297e-01 2.049410000000000120e-01
-5.322160107419148245e-01 -8.458877811019034354e-01 3.492820769034435391e-02 9.788800000000000168e+00 8.455191157045978123e-01 -5.331709247101763527e-01 -2.874352138847622792e-02 -1.516649999999999920e+01 4.293649832108323988e-02 1.423470499143677029e-02 9.989763912554343595e-01 2.094560000000000033e-01
-5.318617225792339198e-01 -8.459036540451977393e-01 3.962469088880522100e-02 9.631869999999999266e+00 8.455993406965731651e-01 -5.330292751273674190e-01 -2.900942727312689692e-02 -1.491729999999999912e+01 4.566030079370238248e-02 1.807760853035691659e-02 9.987934406078426974e-01 2.137519999999999976e-01
-5.320118841118026687e-01 -8.456538210514848997e-01 4.281320012371659517e-02 9.465630000000000877e+00 8.454066344001341937e-01 -5.333297742467121294e-01 -2.910282484896450569e-02 -1.466000000000000014e+01 4.744446939368001520e-02 2.071151474361720979e-02 9.986591287726643840e-01 2.184429999999999983e-01
-5.322188846631841219e-01 -8.453577093654824903e-01 4.597175245974760571e-02 9.299939999999999429e+00 8.452205446333596051e-01 -5.336696470203623477e-01 -2.826550510514358808e-02 -1.440189999999999948e+01 4.842819155784356538e-02 2.381283405027713809e-02 9.985427678356749714e-01 2.226799999999999891e-01
-5.320201204665353512e-01 -8.453425926068306451e-01 4.848187850666675625e-02 9.124620000000000175e+00 8.453448147121231937e-01 -5.335531372079226342e-01 -2.670569255624958421e-02 -1.412959999999999994e+01 4.844311775782637192e-02 2.677593883219578363e-02 9.984669816481438476e-01 2.261819999999999942e-01
-5.326329339669130247e-01 -8.449185647692201151e-01 4.914037608849784050e-02 8.939239999999999853e+00 8.449539333006442776e-01 -5.341887475041611211e-01 -2.636726454726898150e-02 -1.384869999999999912e+01 4.852842727276684281e-02 2.747728058335546439e-02 9.984437844957401165e-01 2.285079999999999889e-01
-5.331187953007044955e-01 -8.446737542192880310e-01 4.806869074792054219e-02 8.753579999999999472e+00 8.446784435957646053e-01 -5.346233301978596808e-01 -2.638601396170550673e-02 -1.357450000000000045e+01 4.798621699782072703e-02 2.653570691058766695e-02 9.984954577948733645e-01 2.310290000000000121e-01
-5.341102941671519444e-01 -8.443157940397526540e-01 4.309331270278329157e-02 8.551579999999999515e+00 8.443411404639583617e-01 -5.353066649591712300e-01 -2.312602365974942079e-02 -1.328030000000000044e+01 4.259380453423303875e-02 2.403360949401275870e-02 9.988033607422377447e-01 2.356669999999999876e-01
-5.361330352868372007e-01 -8.433774608375453896e-01 3.571872093647659313e-02 8.347229999999999706e+00 8.435147204270021515e-01 -5.368800801093157604e-01 -1.557870356515492737e-02 -1.298099999999999987e+01 3.231539721369899865e-02 2.177700927652187132e-02 9.992404500268647904e-01 2.408939999999999970e-01
-5.381992321528700218e-01 -8.423564184355513129e-01 2.787921861335690074e-02 8.138489999999999114e+00 8.425782991526750143e-01 -5.385402252659167166e-01 -6.019598617840807298e-03 -1.267239999999999966e+01 2.008472820441887380e-02 2.025068124695721117e-02 9.995931740473162908e-01 2.429820000000000035e-01
-5.397571947575725559e-01 -8.415199399240500533e-01 2.250247581177286169e-02 7.928270000000000373e+00 8.417707499501193569e-01 -5.398236064105318421e-01 3.532490671023151649e-03 -1.235679999999999978e+01 9.174706308615269978e-03 2.084861319490916368e-02 9.997405463879117660e-01 2.431490000000000040e-01
-5.411873093416161851e-01 -8.405938865879933886e-01 2.276431502316925495e-02 7.725710000000000299e+00 8.408792397378632710e-01 -5.411737721681922908e-01 7.283714376801538916e-03 -1.204550000000000054e+01 6.196804455121169251e-03 2.308389369542995784e-02 9.997143259283640671e-01 2.448929999999999996e-01
-5.420492664964119411e-01 -8.399388014177466832e-01 2.618019410968012994e-02 7.521139999999999937e+00 8.403069495141767264e-01 -5.420635728120816177e-01 7.163353151988812936e-03 -1.173189999999999955e+01 8.174551295393506917e-03 2.588228937168460947e-02 9.996315740351534584e-01 2.479619999999999880e-01
-5.431516789678783041e-01 -8.392373460651290085e-01 2.582499959214309970e-02 7.311309999999999754e+00 8.395887749505883679e-01 -5.431863994385263128e-01 6.262941958874226715e-03 -1.142300000000000004e+01 8.771693755832076292e-03 2.508410721090776133e-02 9.996468601231569551e-01 2.503540000000000210e-01
-5.445979819930297783e-01 -8.383974790829797907e-01 2.242108553179747790e-02 7.076810000000000045e+00 8.386543247956265157e-01 -5.446458902125519419e-01 4.447221173786656406e-03 -1.108980000000000032e+01 8.483013067970418541e-03 2.122548802457548470e-02 9.997387244412446750e-01 2.493470000000000131e-01
-5.455959796740519341e-01 -8.378158903699171045e-01 1.973729482921153175e-02 6.842469999999999608e+00 8.379727418038560582e-01 -5.457117809671216957e-01 -5.797477210164100198e-04 -1.076340000000000074e+01 1.125659616579547696e-02 1.622300703801370786e-02 9.998050325365462898e-01 2.427279999999999993e-01
-5.462282549830070888e-01 -8.373692546595077335e-01 2.115241851890563296e-02 6.605590000000000295e+00 8.374140231769083842e-01 -5.464909259441116385e-01 -9.242383210610924382e-03 -1.043019999999999925e+01 1.929889232270093347e-02 1.266488103882226941e-02 9.997335412715676606e-01 2.288050000000000084e-01
-5.468699201547488897e-01 -8.368444163611561404e-01 2.499426404383973954e-02 6.369880000000000209e+00 8.367861302983785610e-01 -5.473027833463419700e-01 -1.576817940065198750e-02 -1.008880000000000088e+01 2.687494316650377441e-02 1.229171047908044628e-02 9.995632302577439621e-01 2.155430000000000124e-01
-5.477791912506829730e-01 -8.361805843270686545e-01 2.720272095196207482e-02 6.126249999999999751e+00 8.361222007337666406e-01 -5.482866666490169294e-01 -1.677488047747143982e-02 -9.728440000000000865e+00 2.894171855420343137e-02 1.355586844702508578e-02 9.994891772089261606e-01 2.111119999999999941e-01
-5.485159095756905190e-01 -8.357092306269673365e-01 2.683987308529430307e-02 5.867479999999999585e+00 8.356659731782654088e-01 -5.490032234478997575e-01 -1.605745670514793430e-02 -9.351279999999999148e+00 2.815454162964410936e-02 1.362139819170738939e-02 9.995107699754551822e-01 2.144300000000000095e-01
-5.494151301399115006e-01 -8.351900692426859063e-01 2.450638716216550772e-02 5.601790000000000269e+00 8.351080117492418742e-01 -5.498419233110457549e-01 -1.638499563130967063e-02 -8.972780000000000200e+00 2.715922468650489724e-02 1.146331575103533111e-02 9.995653900102886569e-01 2.184419999999999973e-01
-5.503849213046597688e-01 -8.346033541541648670e-01 2.266450165085762136e-02 5.325739999999999696e+00 8.344710362743138488e-01 -5.507733366569277367e-01 -1.751631374083997134e-02 -8.581170000000000186e+00 2.710217739843099119e-02 9.272155219432249088e-03 9.995896653716718205e-01 2.198360000000000036e-01
-5.511232986807866885e-01 -8.340875124992965794e-01 2.368820685369326176e-02 5.049929999999999808e+00 8.339245998128774762e-01 -5.515534365540918360e-01 -1.893590378892535606e-02 -8.182890000000000441e+00 2.885951278418948454e-02 9.318160661096201031e-03 9.995400444223095926e-01 2.189319999999999877e-01
-5.517466897681172489e-01 -8.335899412655112251e-01 2.652169208186756777e-02 4.773119999999999585e+00 8.334367225103217480e-01 -5.522680862472197916e-01 -1.957525182686369741e-02 -7.776900000000000368e+00 3.096481715070392715e-02 1.130357172729034958e-02 9.994565570173769009e-01 2.169449999999999990e-01
-5.525407765528608239e-01 -8.330258463192641294e-01 2.768807704475155507e-02 4.476600000000000357e+00 8.328717093794791859e-01 -5.531039286803562938e-01 -2.001898582995532971e-02 -7.347319999999999851e+00 3.199071680450841365e-02 1.199931008140851275e-02 9.994161348486945151e-01 2.167409999999999892e-01
-5.534539679429404391e-01 -8.324338704458532634e-01 2.724989362822795996e-02 4.173729999999999940e+00 8.322623299446368916e-01 -5.540071653741476254e-01 -2.038320066195993194e-02 -6.914340000000000153e+00 3.206430294483139654e-02 1.139789667603361561e-02 9.994208164872414590e-01 2.184719999999999995e-01
-5.543200588770685888e-01 -8.318741471491457595e-01 2.673341787736923519e-02 3.864450000000000163e+00 8.316519833319571120e-01 -5.548710285961517830e-01 -2.175132742320930179e-02 -6.476009999999999600e+00 3.292796602505054793e-02 1.017570290106813158e-02 9.994059255997650437e-01 2.208600000000000008e-01
-5.555342423121120143e-01 -8.310914963300082281e-01 2.585788751340001995e-02 3.546219999999999928e+00 8.308671155641715877e-01 -5.560541666016582951e-01 -2.153137429448355802e-02 -6.023010000000000197e+00 3.227292817178688267e-02 9.523052708217065454e-03 9.994337244531701359e-01 2.236039999999999972e-01
-5.565649790924538376e-01 -8.303918831801747613e-01 2.616762114328836583e-02 3.224899999999999878e+00 8.302704507648884791e-01 -5.570602435541881503e-01 -1.829927971307898985e-02 -5.558900000000000396e+00 2.977251474909839782e-02 1.154146437116611822e-02 9.994900659664827103e-01 2.254569999999999907e-01
-5.574060587789606558e-01 -8.298236302057738767e-01 2.629122265350428492e-02 2.898639999999999883e+00 8.297923055082303545e-01 -5.578658981764025304e-01 -1.517792380964226064e-02 -5.088630000000000209e+00 2.726197637445693794e-02 1.335598756910121900e-02 9.995390949033524652e-01 2.270550000000000068e-01
-5.582001934034167556e-01 -8.292869436606350453e-01 2.637629917920757128e-02 2.566720000000000113e+00 8.293012303294809984e-01 -5.586389232030429808e-01 -1.349158465688526237e-02 -4.614289999999999559e+00 2.592322237680091263e-02 1.434289219606349995e-02 9.995610376485544180e-01 2.285449999999999982e-01
-5.589841141508696820e-01 -8.287881820560677459e-01 2.543441391434442256e-02 2.232909999999999950e+00 8.287958834419972831e-01 -5.593949293777058518e-01 -1.321728323486170108e-02 -4.143699999999999939e+00 2.518221031931922732e-02 1.369168618944817221e-02 9.995891125921310127e-01 2.303080000000000127e-01
-5.600910675893795432e-01 -8.280916293990643329e-01 2.371179718607575176e-02 1.889469999999999983e+00 8.280303521233819408e-01 -5.604809205435770103e-01 -1.506232615016494039e-02 -3.666809999999999903e+00 2.576299611882515786e-02 1.119781343963914544e-02 9.996053606324614149e-01 2.331489999999999951e-01
-5.615098590224572028e-01 -8.271446642453500475e-01 2.320307374092307751e-02 1.553020000000000067e+00 8.270562299828934094e-01 -5.618950693966956456e-01 -1.587209608608079400e-02 -3.195640000000000036e+00 2.616621231786385449e-02 1.027790825649685380e-02 9.996047688635779638e-01 2.342599999999999960e-01
-5.627328835901865833e-01 -8.262851632560922477e-01 2.417706990369492687e-02 1.209780000000000078e+00 8.262420161791810269e-01 -5.631282390911742652e-01 -1.451609583312986861e-02 -2.708639999999999937e+00 2.560922541657070783e-02 1.180742651588456878e-02 9.996022970424968124e-01 2.335419999999999996e-01
-5.637929634194761563e-01 -8.254871850632777841e-01 2.661581663204859796e-02 8.654859999999999776e-01 8.255018578215295166e-01 -5.642380656548128259e-01 -1.349399864082353150e-02 -2.217420000000000169e+00 2.615677984555138391e-02 1.436358459510490675e-02 9.995546559872003911e-01 2.319130000000000080e-01
-5.643552509219570412e-01 -8.250444404612418126e-01 2.836938527376648214e-02 5.171029999999999793e-01 8.251039331223001261e-01 -5.648360054388478213e-01 -1.279791021991720686e-02 -1.725179999999999936e+00 2.658289493125472538e-02 1.618512353620853508e-02 9.995155784044549296e-01 2.327369999999999994e-01
-5.649882211594161596e-01 -8.245843541583651737e-01 2.913679509401040021e-02 1.685109999999999941e-01 8.246440091697689878e-01 -5.654970282182367747e-01 -1.324270428397859509e-02 -1.238089999999999913e+00 2.739649779678129601e-02 1.654551158393754648e-02 9.994877077557771106e-01 2.363020000000000120e-01
-5.654752520054409093e-01 -8.242240926943245061e-01 2.987280354437270649e-02 -1.896180000000000088e-01 8.242579696541886269e-01 -5.660267923510787780e-01 -1.457634392784651345e-02 -7.406669999999999643e-01 2.892298101748492362e-02 1.638033464144615647e-02 9.994474202308475386e-01 2.394920000000000104e-01
-5.661148596572900260e-01 -8.237799291051962625e-01 3.000989967734683794e-02 -5.496320000000000094e-01 8.237792521304188043e-01 -5.666902653199623607e-01 -1.580781297454995210e-02 -2.413959999999999995e-01 3.002847706186413321e-02 1.577249488913757755e-02 9.994245939390916655e-01 2.411689999999999945e-01
-5.664300001641399129e-01 -8.235560604381020333e-01 3.020712216888519694e-02 -9.116929999999999756e-01 8.235252453663894912e-01 -5.670282107578344943e-01 -1.688722739222929883e-02 2.610709999999999975e-01 3.103586889843307564e-02 1.531089548139132235e-02 9.994009962578971340e-01 2.417449999999999877e-01
-5.668795967434178129e-01 -8.232459250413129981e-01 3.022696972727359141e-02 -1.277479999999999949e+00 8.231750299398860049e-01 -5.674973718380333931e-01 -1.815497288328139780e-02 7.685899999999999954e-01 3.209973332425247045e-02 1.459040300327828395e-02 9.993781702942656775e-01 2.442890000000000061e-01
-5.670336923506084092e-01 -8.231198400446764207e-01 3.076557595857097246e-02 -1.644530000000000047e+00 8.230560064550574983e-01 -5.676692023186644676e-01 -1.817930078811779912e-02 1.281689999999999996e+00 3.242841312011585098e-02 1.501351603451234369e-02 9.993612922055730152e-01 2.491329999999999933e-01
-5.668420653189177871e-01 -8.232380025262311385e-01 3.113300791130369644e-02 -2.013430000000000053e+00 8.232245701792294534e-01 -5.674676408181117404e-01 -1.678641348084783727e-02 1.799260000000000081e+00 3.148618805455166703e-02 1.611421176938841390e-02 9.993742803078558001e-01 2.533119999999999816e-01
-5.667238168359939321e-01 -8.233816753396548949e-01 2.944031497292814645e-02 -2.401600000000000179e+00 8.233963428730688427e-01 -5.672691956437084793e-01 -1.497071197356220421e-02 2.340609999999999857e+00 2.902719370000941823e-02 1.575678865133081294e-02 9.994544239920593043e-01 2.546590000000000242e-01
-5.663543731638623902e-01 -8.237202800775177414e-01 2.697450995261426246e-02 -2.789179999999999993e+00 8.237498648875695162e-01 -5.668027260822851021e-01 -1.307018758094716238e-02 2.878359999999999808e+00 2.605540435071903443e-02 1.481789103433290601e-02 9.995506720569071746e-01 2.546370000000000022e-01
-5.661598789115592778e-01 -8.239026857534985648e-01 2.544319003231141837e-02 -3.180930000000000035e+00 8.239404344738977537e-01 -5.665522033373852073e-01 -1.186428811683514981e-02 3.424290000000000056e+00 2.418991421675164427e-02 1.424658912602537117e-02 9.996058637025198035e-01 2.553659999999999819e-01
-5.658959145581679007e-01 -8.240847866510885300e-01 2.541807027698273977e-02 -3.577020000000000088e+00 8.241263830096394738e-01 -5.662852018233399676e-01 -1.169508543571213220e-02 3.979220000000000201e+00 2.403161904291605325e-02 1.432950125197635961e-02 9.996084967026072077e-01 2.560620000000000118e-01
-5.651753642829779878e-01 -8.245533658856811776e-01 2.624032039050844603e-02 -3.970870000000000122e+00 8.245913903299200154e-01 -5.655941534821822270e-01 -1.234068638862948278e-02 4.532639999999999780e+00 2.501692629745495486e-02 1.466289034831626953e-02 9.995794881075044103e-01 2.549540000000000139e-01
-5.643250879003566256e-01 -8.251220258684345277e-01 2.666153770931712491e-02 -4.386490000000000222e+00 8.250952732261340739e-01 -5.647931158194575696e-01 -1.505079475775904403e-02 5.113929999999999865e+00 2.747699521683538704e-02 1.350476766625538505e-02 9.995312081091486389e-01 2.529009999999999869e-01
-5.635202256684009869e-01 -8.256418491774878410e-01 2.757702212736923286e-02 -4.796160000000000423e+00 8.255503613654716633e-01 -5.640499185626124401e-01 -1.772823225393225718e-02 5.689259999999999984e+00 3.019198754592673090e-02 1.277600314219552030e-02 9.994624643435777722e-01 2.522249999999999770e-01
-5.623640457013596716e-01 -8.263957991128545455e-01 2.857732162093355038e-02 -5.207200000000000273e+00 8.262330447866574890e-01 -5.629588479504842313e-01 -2.040321584539957211e-02 6.268720000000000070e+00 3.294898792026226125e-02 1.213749244657440045e-02 9.993833325967271808e-01 2.542249999999999788e-01
-5.605798704143850619e-01 -8.275207611451245171e-01 3.097739111003938728e-02 -5.622790000000000177e+00 8.273752105669185397e-01 -5.612621114487903462e-01 -2.085912729219519673e-02 6.864060000000000272e+00 3.464779683525607418e-02 1.393671861806672005e-02 9.993024057054118447e-01 2.576069999999999749e-01
-5.583597340981948376e-01 -8.290396339971881634e-01 3.045804654936145814e-02 -6.040980000000000238e+00 8.289288688405552774e-01 -5.590079320146479347e-01 -1.967390015796434410e-02 7.463230000000000253e+00 3.333673260102033159e-02 1.426244041237958657e-02 9.993424063117563039e-01 2.614469999999999850e-01
-5.562064264261061819e-01 -8.306279176194418801e-01 2.629968960824574306e-02 -6.470410000000000217e+00 8.305353078738455519e-01 -5.566947250182558982e-01 -1.738060734683702716e-02 8.074559999999999960e+00 2.907771616199227374e-02 1.217561530427141783e-02 9.995029969013421445e-01 2.662979999999999792e-01
-5.541614366479368226e-01 -8.320964264248973397e-01 2.281752096987624268e-02 -6.896959999999999980e+00 8.320145592857907113e-01 -5.545345541259153466e-01 -1.559491637824238046e-02 8.685930000000000817e+00 2.562957800601963279e-02 1.034240838917461873e-02 9.996180067005323577e-01 2.722669999999999813e-01
-5.520420849575724542e-01 -8.334627545339009513e-01 2.427701053380809659e-02 -7.310349999999999682e+00 8.334648864026615867e-01 -5.524206767565087439e-01 -1.294909362384188099e-02 9.296590000000000131e+00 2.420370982915578950e-02 1.308559118434015831e-02 9.996214021987837040e-01 2.770440000000000125e-01
-5.493307812974375093e-01 -8.351914417606736141e-01 2.628589600669118537e-02 -7.717279999999999696e+00 8.352591648036374883e-01 -5.497366177165216028e-01 -1.147949272088575820e-02 9.902319999999999567e+00 2.403789364060436584e-02 1.564949683940173447e-02 9.995885518141937043e-01 2.781640000000000224e-01
-5.464521122987991975e-01 -8.370879082757800571e-01 2.596002277851925874e-02 -8.128389999999999560e+00 8.371317440232964868e-01 -5.468626615744597297e-01 -1.231553994808250174e-02 1.050760000000000005e+01 2.450575672562211801e-02 1.500210632473631366e-02 9.995871171104228070e-01 2.783889999999999976e-01
-5.436236927563975474e-01 -8.389457662924300063e-01 2.536300246236373665e-02 -8.535989999999999966e+00 8.389172481302799023e-01 -5.440553173764423045e-01 -1.488833180507911046e-02 1.110740000000000016e+01 2.628937928930884585e-02 1.318381031518816096e-02 9.995674342845290994e-01 2.807479999999999976e-01
-5.410058493048796047e-01 -8.406350989834650012e-01 2.540278281932376730e-02 -8.939730000000000842e+00 8.405512914355557363e-01 -5.414654021051583666e-01 -1.699249213973238679e-02 1.170969999999999978e+01 2.803921332571482003e-02 1.215930426297708727e-02 9.995328678117169074e-01 2.839920000000000222e-01
-5.383425759188585902e-01 -8.423826234768353460e-01 2.405798448191023148e-02 -9.344500000000000028e+00 8.422019765604468189e-01 -5.387951672782512746e-01 -1.988965548414261403e-02 1.231320000000000014e+01 2.971702594009089857e-02 9.554233715253322365e-03 9.995126887575714880e-01 2.871830000000000216e-01
-5.353179483648111692e-01 -8.443011384339098591e-01 2.429571562423937445e-02 -9.739599999999999369e+00 8.440893029275935433e-01 -5.357893319217316153e-01 -2.104852683857672338e-02 1.291300000000000026e+01 3.078868041503865505e-02 9.240099462062776811e-03 9.994832053217460599e-01 2.914849999999999941e-01
-5.318394227849881917e-01 -8.464283444537946677e-01 2.656851664918485900e-02 -1.012349999999999994e+01 8.462009497204420194e-01 -5.323967630059722733e-01 -2.230783344442881580e-02 1.350789999999999935e+01 3.302697479261518243e-02 1.061811875853498933e-02 9.993980560767959931e-01 2.984820000000000251e-01
-5.276323957356590100e-01 -8.489893394030926244e-01 2.865582925252051216e-02 -1.051389999999999958e+01 8.487228558845680837e-01 -5.282837253886139006e-01 -2.420370609369369361e-02 1.411689999999999934e+01 3.568709667921316636e-02 1.155019780904243190e-02 9.992962644086993418e-01 3.069390000000000174e-01
-5.233788490786328573e-01 -8.516862770357036538e-01 2.655307602120627816e-02 -1.089809999999999945e+01 8.513315654929380916e-01 -5.239760546459426571e-01 -2.614688801780058053e-02 1.471059999999999945e+01 3.618212172425553513e-02 8.920743620042260666e-03 9.993053959630140426e-01 3.140769999999999951e-01
-5.192903077735049333e-01 -8.542485354202871140e-01 2.443391055058808173e-02 -1.128340000000000032e+01 8.538638553622879268e-01 -5.198169306059147177e-01 -2.658712397562124075e-02 1.531569999999999965e+01 3.541317210231805651e-02 7.056797272189719618e-03 9.993478417717776008e-01 3.218929999999999847e-01
-5.150781677589815200e-01 -8.568180005676619970e-01 2.360921433009419493e-02 -1.165709999999999980e+01 8.564500569284247966e-01 -5.155738660094851822e-01 -2.601708429727164762e-02 1.591569999999999929e+01 3.446420005380181756e-02 6.819280846774883331e-03 9.993826676120531882e-01 3.318559999999999843e-01
-5.106140791272640866e-01 -8.595152593271813135e-01 2.251180092184423831e-02 -1.202699999999999925e+01 8.591497653923466649e-01 -5.110729355575635013e-01 -2.580959447280257307e-02 1.651699999999999946e+01 3.368891246823467467e-02 6.162266166183448524e-03 9.994133697586822240e-01 3.418229999999999880e-01
-5.055163199297523224e-01 -8.625572357152253566e-01 2.117227904568946828e-02 -1.239179999999999993e+01 8.622040898575756840e-01 -5.059298714018932719e-01 -2.527988639477913094e-02 1.711619999999999919e+01 3.251703734274629526e-02 5.475430446268260073e-03 9.994561831035307931e-01 3.491020000000000234e-01
-5.003288981581559547e-01 -8.656117705685208996e-01 1.967882926082518621e-02 -1.275420000000000087e+01 8.653395524872641298e-01 -5.006822885299986314e-01 -2.246563717112923589e-02 1.772390000000000043e+01 2.929936123855223298e-02 5.788661813783775242e-03 9.995539199189901192e-01 3.536710000000000131e-01
-4.950539461261161955e-01 -8.686780323224289058e-01 1.789040484154153648e-02 -1.310710000000000086e+01 8.685113020644098514e-01 -4.953342448196439984e-01 -1.822372342130262543e-02 1.832610000000000028e+01 2.469227837490800201e-02 6.516292610559853461e-03 9.996738614764665298e-01 3.568020000000000080e-01
-4.896087322300981537e-01 -8.717872652976575987e-01 1.643938529467669010e-02 -1.345669999999999966e+01 8.716817610652771720e-01 -4.898362831023044262e-01 -1.520931236628557046e-02 1.892909999999999826e+01 2.131189222409306250e-02 6.883300178745727603e-03 9.997491802589674181e-01 3.597190000000000110e-01
-4.844505823021737489e-01 -8.746646282722043697e-01 1.641405972124057241e-02 -1.379229999999999912e+01 8.745882156345933245e-01 -4.846683319463034323e-01 -1.385861037355271344e-02 1.951790000000000092e+01 2.007701123631353696e-02 7.641731337552809186e-03 9.997692321540916360e-01 3.618700000000000250e-01
-4.792788105754792749e-01 -8.775061468825354760e-01 1.657660751541713620e-02 -1.414070000000000071e+01 8.774190543636564144e-01 -4.795052994714102956e-01 -1.450761243004049066e-02 2.013449999999999918e+01 2.067909023485003592e-02 7.591440060975016349e-03 9.997573431912664121e-01 3.618759999999999755e-01
-4.745041862304679725e-01 -8.800785828135918587e-01 1.753468912132085528e-02 -1.447770000000000046e+01 8.799688899763505878e-01 -4.747630685494876324e-01 -1.596187380180565454e-02 2.073890000000000100e+01 2.237252608784216432e-02 7.856004983129825578e-03 9.997188371047904809e-01 3.593040000000000123e-01
-4.697872698356800880e-01 -8.825813768129965320e-01 1.870920637581181128e-02 -1.481049999999999933e+01 8.824405706704524510e-01 -4.700887024718251039e-01 -1.775531028064655792e-02 2.134420000000000073e+01 2.446549274271795499e-02 8.168544009232312636e-03 9.996673019328107257e-01 3.571289999999999742e-01
-4.652093657713494701e-01 -8.849904227361663489e-01 1.929242503885371732e-02 -1.514000000000000057e+01 8.848298897677479014e-01 -4.655347983442167381e-01 -1.879940701735693942e-02 2.194989999999999952e+01 2.561859036351368801e-02 8.324854105059424289e-03 9.996371264773613596e-01 3.567480000000000095e-01
-4.607718850825918144e-01 -8.873315456174247773e-01 1.822081418669373176e-02 -1.546940000000000026e+01 8.871929353632098669e-01 -4.610618442787019489e-01 -1.762586712570941155e-02 2.256099999999999994e+01 2.404091011267967329e-02 8.043873601272198692e-03 9.996786137246512771e-01 3.564539999999999931e-01
-4.562008637961048052e-01 -8.896919153983657846e-01 1.814021903049217038e-02 -1.579420000000000002e+01 8.895933509626008373e-01 -4.564752729126483888e-01 -1.593722505500793155e-02 2.317360000000000042e+01 2.245978171796381845e-02 8.866842397923553262e-03 9.997084261478799139e-01 3.561549999999999994e-01
-4.517981037003960254e-01 -8.918990963864540378e-01 1.986140372058916789e-02 -1.611570000000000036e+01 8.918346798385063945e-01 -4.521047828690544779e-01 -1.523709763286818820e-02 2.379279999999999973e+01 2.256938922687895185e-02 1.082899681186729086e-02 9.996866286481849162e-01 3.573629999999999862e-01
-4.475350524337141644e-01 -8.939492218419439196e-01 2.381523905685285422e-02 -1.642849999999999966e+01 8.939502931294355248e-01 -4.479262045973493311e-01 -1.466249122112361046e-02 2.440749999999999886e+01 2.377499225970243837e-02 1.472766115836671337e-02 9.996088463693465487e-01 3.588239999999999763e-01
