1.000000000000000000e+00 0.000000000000000000e+00 0.000000000000000000e+00 0.000000000000000000e+00 0.000000000000000000e+00 1.000000000000000000e+00 0.000000000000000000e+00 0.000000000000000000e+00 0.000000000000000000e+00 0.000000000000000000e+00 1.000000000000000000e+00 0.000000000000000000e+00
9.999999210722472220e-01 3.972360751776795955e-04 7.681133442547874468e-06 2.754426811501883843e-03 -3.972358552484902606e-04 9.999999206924898854e-01 -2.861274579415460932e-05 -3.539028643478206671e-05 -7.692498848215631392e-06 2.860969231420255494e-05 9.999999995611554837e-01 -6.484240410728251379e-04
9.999999928729048637e-01 -1.193790609143710509e-04 -1.682297430842675774e-06 1.011724873002411117e-03 1.193790326695007140e-04 9.999999927335462280e-01 -1.677957364187439193e-05 -1.261327372063467134e-04 1.684300548362249936e-06 1.677937269124481535e-05 9.999999998578078531e-01 -5.801395531451878805e-04
9.999999009760657254e-01 4.449679548882301701e-04 7.167842084309863276e-06 1.294312583527571902e-03 -4.449679818035301286e-04 9.999999009946969331e-01 3.753850404045534635e-06 -2.064660176723747461e-03 -7.166171031518240744e-06 -3.757039492550640331e-06 9.999999999672652962e-01 -4.060287365746154380e-04
9.999999866508708646e-01 -1.621017632183307914e-04 -2.052502186152784763e-05 1.560491179579905421e-03 1.621014828577636727e-04 9.999999867682515253e-01 -1.366037965281649825e-05 1.026944633852628491e-04 2.052723596157387335e-05 1.365705233398288418e-05 9.999999996960587945e-01 -4.139155963023378538e-04
9.999999942648837292e-01 -1.065466072426327028e-04 -1.086521579984899552e-05 -2.098155724793185090e-03 1.065465192040046115e-04 9.999999942910898776e-01 -8.103053024172284205e-06 -1.917327544987250561e-03 1.086607909062848848e-05 8.101895326776460359e-06 9.999999999081438107e-01 -7.465007805996096753e-04
9.999999981963404450e-01 -5.715810484559199692e-05 -1.844641415394850421e-05 -1.703804372061988592e-03 5.715765046029725290e-05 9.999999980631263385e-01 -2.463230391875207342e-05 -1.173312021701186560e-03 1.844782205403010394e-05 2.463124952063132481e-05 9.999999995264896580e-01 -1.434147028369566227e-04
9.999999889892509097e-01 1.472137789055650073e-04 -1.869762947310257993e-05 -2.432556871982709777e-03 -1.472136160500080594e-04 9.999999891261345253e-01 8.711035081610436103e-06 -1.360966239064822754e-03 1.869891165417961667e-05 -8.708282440049116852e-06 9.999999997872582869e-01 -4.535954885547074282e-04
9.999999299982668122e-01 3.741662737568410843e-04 -1.749608508175545562e-06 -3.441513120988450372e-04 -3.741662884271921728e-04 9.999999299645778716e-01 -8.392137608371924256e-06 -3.036789707289298985e-04 1.746468330783196122e-06 8.392791665429451712e-06 9.999999999632555037e-01 -1.276382030500171350e-04
9.999998781891374922e-01 4.932829383878092411e-04 1.713629976670144825e-05 1.683564532774930534e-03 -4.932824197651321024e-04 9.999998778785184061e-01 -3.025562098384604451e-05 2.156845631513683694e-04 -1.715122225561279461e-05 3.024716426296801807e-05 9.999999993954723498e-01 -2.112219474453824188e-04
9.999999993080525007e-01 3.562743826971601329e-05 -1.070423933287769882e-05 9.919428687944643191e-04 -3.562751343693808291e-05 9.999999993406852861e-01 -7.022083219049762631e-06 -1.771722692895779045e-04 1.070398914698382595e-05 7.022464579621514282e-06 9.999999999180547716e-01 -5.428933678651441837e-04
9.999999542606943237e-01 -3.022922663871450478e-04 -9.899241780422058265e-06 -1.270252311521675569e-03 3.022921432937996354e-04 9.999999542324298218e-01 -1.243375991521268133e-05 -1.561271483104091379e-04 9.902999956822297191e-06 1.243076688348634672e-05 9.999999998737033602e-01 -6.164031110894190903e-04
9.999998632181628100e-01 5.230030102268648940e-04 5.613110618233293063e-06 6.793049296509260510e-04 -5.230030036722232989e-04 9.999998632332363080e-01 -1.169142151531302971e-06 -4.203689996481060030e-04 -5.613721315410953767e-06 1.166206317900611268e-06 9.999999999835630371e-01 -1.660367383396058657e-04
9.999999388754829965e-01 -3.145865362265856495e-04 1.525920755028651959e-04 -2.454977996166950258e-03 3.145997299454964501e-04 9.999999467769019601e-01 -8.644768990057524727e-05 3.194113067087854529e-04 -1.525648721021116076e-04 8.649569004224699331e-05 9.999999846212276333e-01 8.542496943015543591e-04
9.999997461380661923e-01 4.319494712038409682e-04 5.666952068569625295e-04 -1.054051320304408290e-02 -4.316995017327658092e-04 9.999998095117201835e-01 -4.411485730050206957e-04 -4.463599649714049874e-04 -5.668856528009991744e-04 4.409038189757563827e-04 9.999997421222063254e-01 4.561988611250351877e-03
9.999998233539373338e-01 -2.907070515301588497e-04 5.184414184468640920e-04 -1.378392262514689659e-02 2.908681909091395787e-04 9.999999094098699359e-01 -3.107667090570779981e-04 -1.750526937038968632e-03 -5.183510294074849221e-04 3.109174522788384770e-04 9.999998173212574226e-01 3.026326447490813691e-03
9.999999662189297256e-01 1.557917799384154057e-04 2.080650398774200858e-04 -6.995382903672842795e-03 -1.557774197287310563e-04 9.999999854839676239e-01 -6.903231096508710761e-05 -3.199159993715602890e-03 -2.080757915237397562e-04 6.899989679805390293e-05 9.999999759717392855e-01 -8.999652211647709253e-04
9.999999646082498028e-01 6.440322439586362543e-05 -2.581389623464428102e-04 6.254886776062181832e-03 -6.442029121859773569e-05 9.999999957399389183e-01 -6.610709593701098957e-05 -1.273283170176484503e-03 2.581347037366212558e-04 6.612372298449437893e-05 9.999999644970634094e-01 -1.261614510325591992e-03
9.999999162537823727e-01 -2.768191192287268064e-04 -3.014359026401003763e-04 1.825621881538157243e-02 2.768171170531136781e-04 9.999999616638043376e-01 -6.683828270232696594e-06 -3.470083639025187908e-04 3.014377412956494788e-04 6.600385092942225126e-06 9.999999545458604366e-01 -1.420967764743807319e-03
9.999999939129843307e-01 1.311301347810296325e-05 -1.095540055070788577e-04 3.929708410505995675e-02 -1.312025794374391938e-05 9.999999977275768615e-01 -6.612643273538262596e-05 2.512504704784150351e-03 1.095531381413220842e-04 6.612786970968102145e-05 9.999999918126073473e-01 -2.794795112563909674e-04
9.999999917581305908e-01 1.252134800001968387e-04 2.837821816436526757e-05 5.726478624672928092e-02 -1.252118345435629897e-04 9.999999904803060780e-01 -5.797744628983098210e-05 1.549643921327468164e-03 -2.838547745202478874e-05 5.797389252323100362e-05 9.999999979166461772e-01 5.829294651679703745e-04
9.999999884410946116e-01 3.358984487481760171e-05 -1.482886808704920133e-04 8.037865316765878398e-02 -3.360028487810412870e-05 9.999999969573383218e-01 -7.040130807874376900e-05 5.142635718597594625e-04 1.482863156502823839e-04 7.040628980690315578e-05 9.999999865270613464e-01 7.480363667212245595e-04
9.999999546845667053e-01 -1.804504993720065233e-04 -2.409740274497654971e-04 1.046634341953873587e-01 1.804168480956980008e-04 9.999999739722353898e-01 -1.396613386480027776e-04 -1.189197248350500231e-03 2.409992231360522390e-04 1.396178565446833000e-04 9.999999612131135196e-01 1.247391408889326299e-03
9.999998975908760412e-01 -3.786197417912949624e-04 -2.479220209217371370e-04 1.396071296257875849e-01 3.785525821726848871e-04 9.999998916607056865e-01 -2.708810060639094087e-04 -2.697845088414727727e-04 2.480245549586123852e-04 2.707871268020254577e-04 9.999999325790738247e-01 2.342439729906852820e-03
9.999997463217386029e-01 -6.910096813873773183e-04 -1.728064774233882160e-04 1.717631387418304678e-01 6.909776811943276788e-04 9.999997441308224877e-01 -1.851705530068708096e-04 -1.957315484323339516e-03 1.729343878523725820e-04 1.850511006140614760e-04 9.999999679248933182e-01 2.437334138140406000e-03
9.999995564429352557e-01 -8.918968672917385217e-04 -3.027109361873228481e-04 2.123166718560897392e-01 8.918326266817923516e-04 9.999995797844475343e-01 -2.122863497531453435e-04 -5.255834099305064198e-03 3.029001465137932210e-04 2.120162881026899093e-04 9.999999316502951041e-01 3.055738068607914172e-03
9.999994793348054856e-01 -8.197991465322447416e-04 -6.076672422360643181e-04 2.572553560178005294e-01 8.196419375415426320e-04 9.999996305755306514e-01 -2.589129130729067021e-04 -4.319923254215502634e-03 6.078792743340791878e-04 2.584147087101576132e-04 9.999997818522893267e-01 3.322164379291059778e-03
9.999989155247394068e-01 -1.022068433313570680e-03 -1.060342144231612906e-03 3.158907281696642366e-01 1.021819950451086307e-03 9.999994503628364395e-01 -2.348574330480868015e-04 -5.901270989383009674e-03 1.060581601796811713e-03 2.337736995937309274e-04 9.999994102580878064e-01 3.145987884630219601e-03
9.999978554419387544e-01 -1.455009663980175042e-03 -1.473790487529981876e-03 3.940588610215070009e-01 1.454746274853681949e-03 9.999989256971322238e-01 -1.797716809350342264e-04 -3.011164287504578506e-03 1.474050473765705022e-03 1.776273041825776437e-04 9.999988978112633875e-01 3.023239562064822684e-03
9.999971312956036362e-01 -1.699124173807227498e-03 -1.688306134953039940e-03 4.742414515424921428e-01 1.698706062338494090e-03 9.999985261836815686e-01 -2.490545693362193548e-04 -3.373657637549379133e-03 1.688726821339263948e-03 2.461859190057533891e-04 9.999985437960478007e-01 3.840497832076256862e-03
9.999963003190095456e-01 -1.922178865441676737e-03 -1.924727695668173449e-03 5.703235268458937135e-01 1.921876883974060497e-03 9.999981405948192847e-01 -1.587329419829086380e-04 -7.377729112002884802e-03 1.925029229925853506e-03 1.550332650554113261e-04 9.999981351118364392e-01 2.792223665935161542e-03
9.999943872620357110e-01 -2.263331200085322379e-03 -2.470379789519177877e-03 6.783387584343960608e-01 2.263063506711732956e-03 9.999974330911970410e-01 -1.111511648665089609e-04 -1.096219244701014846e-02 2.470625020178917729e-03 1.055599146547670701e-04 9.999969424298826848e-01 1.627301674894420565e-03
9.999922923688157050e-01 -2.504549180459939104e-03 -3.023646203459329305e-03 7.914553093208984702e-01 2.503422332490959617e-03 9.999967955925326279e-01 -3.764057539598879157e-04 -9.259587341671756539e-03 3.024579241187457055e-03 3.688333893318692042e-04 9.999953579303979545e-01 2.721041765926612063e-03
9.999895406137162546e-01 -3.048388938786160320e-03 -3.409690315345300163e-03 9.119571940686016509e-01 3.046646092592707449e-03 9.999952257196343952e-01 -5.162223590882103301e-04 -1.013811623217024740e-03 3.411247683057173387e-03 5.058288400429503985e-04 9.999940537455357381e-01 2.798193054679716085e-03
9.999880639497537027e-01 -3.511352222026072577e-03 -3.397405421233035041e-03 1.044766685476032686e+00 3.510457482989213542e-03 9.999938020671949035e-01 -2.692869396506618958e-04 -2.552002566717972293e-04 3.398329925636427596e-03 2.573572781445039527e-04 9.999941925436106605e-01 7.114009330796452861e-04
9.999866200142387695e-01 -3.837964746808733476e-03 -3.468402961120280788e-03 1.183795777743066768e+00 3.837308288362628692e-03 9.999926183162907156e-01 -1.959031122200274985e-04 -6.243390478012236268e-03 3.469129227705136046e-03 1.825911596090870560e-04 9.999939658832296407e-01 1.208625650911245757e-03
9.999831653284999566e-01 -4.041544793258562349e-03 -4.163529185428571817e-03 1.334539469690370517e+00 4.040815105584249362e-03 9.999918190087441205e-01 -1.836542011692096545e-04 -7.299407743928539374e-03 4.164237370313207502e-03 1.668270577860427495e-04 9.999913156102189227e-01 -1.424911387614669154e-03
9.999774404570140884e-01 -4.603893466082454276e-03 -4.891088017184314768e-03 1.502477922882174299e+00 4.601670940542395248e-03 9.999893038821686675e-01 -4.655596747496678614e-04 -4.947181826844587738e-03 4.893179088675210509e-03 4.430419943398606957e-04 9.999879301832584888e-01 6.106060750695778069e-04
9.999730431811206799e-01 -5.286332379529808979e-03 -5.095841545975807359e-03 1.672799627686051727e+00 5.282726673474455632e-03 9.999857865374075505e-01 -7.207787841937065426e-04 -1.779860002066003481e-03 5.099579392647977417e-03 6.938394162318431771e-04 9.999867563507441881e-01 6.000631473825384504e-03
9.999654332133781631e-01 -5.978327939168233060e-03 -5.778578841960542445e-03 1.865105524419749861e+00 5.972537288689346718e-03 9.999816452266845346e-01 -1.018826809812748346e-03 3.114512418058591487e-03 5.784563658238090281e-03 9.842788146345682419e-04 9.999827848610689518e-01 1.018864761009974883e-02
9.999557988314896617e-01 -6.957778345521249165e-03 -6.323741279643313624e-03 2.062862238746355548e+00 6.952608582855649040e-03 9.999754782443045498e-01 -8.391328667203463466e-04 1.179524513779618353e-02 6.329424710893655735e-03 7.951292781704952066e-04 9.999796528691271558e-01 1.094022451016021802e-02
9.999502654687686398e-01 -7.558836271401359053e-03 -6.506195751844395109e-03 2.272599031906092470e+00 7.554868770145896015e-03 9.999712604833116414e-01 -6.341650279926335041e-04 1.615642564814893586e-02 6.510802316538652490e-03 5.849800329941778378e-04 9.999786333975121400e-01 1.232850775309619722e-02
9.999398525797318360e-01 -8.176155463526854975e-03 -7.310383345653828635e-03 2.490273181578430695e+00 8.172256451245094380e-03 9.999664480278758205e-01 -5.630657231298347295e-04 1.487975048105841941e-02 7.314741780764091872e-03 5.032895287215528391e-04 9.999731202649054795e-01 1.427286284792490118e-02
9.999329191986408016e-01 -8.838636656873774533e-03 -7.485693350137320908e-03 2.726361357391168916e+00 8.835264291575679191e-03 9.999608514200986065e-01 -4.834584672838140515e-04 2.009603834485474555e-02 7.489673409604096811e-03 4.172879573482509308e-04 9.999718649356981182e-01 1.558651753299702611e-02
9.999204853631219470e-01 -9.673044993479174361e-03 -8.090435818463623252e-03 2.965887975528176845e+00 9.669551605220485027e-03 9.999531379624998495e-01 -4.707979435958310407e-04 1.731192877996267851e-02 8.094610733848147527e-03 3.925296216129448967e-04 9.999671610595838311e-01 1.443008716378252516e-02
9.999119033235954745e-01 -1.011244667472391626e-02 -8.597907538210205688e-03 3.226823282968380724e+00 1.011056790851424039e-02 9.999488525905521064e-01 -2.619530599015951764e-04 1.881456628639552667e-02 8.600116763862490285e-03 1.750002546714430306e-04 9.999630029988904045e-01 1.597616284082714264e-02
9.999105395308632849e-01 -1.063469555910599891e-02 -8.112717514062705790e-03 3.485425668432803104e+00 1.062509659160573890e-02 9.999428012411782918e-01 -1.225384986264958093e-03 1.953995067868052535e-02 8.125285072961856495e-03 1.139076955541885785e-03 9.999663405566071583e-01 2.743409115191380518e-02
9.999028150968743978e-01 -1.124123556471019053e-02 -8.245907125628669163e-03 3.756076155607616318e+00 1.123240209902871128e-02 9.999362909361801943e-01 -1.116786407733434943e-03 2.492895920832163825e-02 8.257935845690149088e-03 1.024056528448280112e-03 9.999653783025664877e-01 1.745192952333198336e-02
9.998882695213721084e-01 -1.197226700369992923e-02 -8.950603127611027332e-03 4.033995342395864547e+00 1.196767357314702969e-02 9.999282243101476064e-01 -5.665837992928085412e-04 1.573313475859227512e-02 8.956743984422053939e-03 4.594025980996931211e-04 9.999597820344827692e-01 6.964265219392673165e-03
9.998580330886043255e-01 -1.258674755280987483e-02 -1.120211829205808481e-02 4.325925434406708625e+00 1.258177104349316767e-02 9.999207139625057028e-01 -5.146125940595425640e-04 -2.378048177014061189e-03 1.120770741929608995e-02 3.735970485461971536e-04 9.999371218829955499e-01 -1.711733320225188818e-03
9.998371441266874493e-01 -1.259660193255941057e-02 -1.292326755671159393e-02 4.611770432897285055e+00 1.258267595465947103e-02 9.999201640754902254e-01 -1.158335471620219577e-03 -1.293770612213756416e-02 1.293682690653887891e-02 9.955375419439342882e-04 9.999158201641740185e-01 -5.965385044228282627e-03
9.998188456229872845e-01 -1.297573125916181951e-02 -1.392502550830928588e-02 4.913993609510142413e+00 1.296052869017317623e-02 9.999153108667715451e-01 -1.181435685421596861e-03 -2.728756346352380346e-02 1.393917620192281805e-02 1.000745970564187980e-03 9.999023441688263958e-01 -8.237241136141802006e-03
9.997987169030700949e-01 -1.306683397838214432e-02 -1.522443853664563751e-02 5.236947508540803042e+00 1.304480096243597516e-02 9.999137183819764019e-01 -1.545625886168625149e-03 -2.999993130440673991e-02 1.524332138430245162e-02 1.346715007328179795e-03 9.998829069005349401e-01 -1.024865484378644290e-02
9.997722546212245431e-01 -1.324252095599743814e-02 -1.673542734211610344e-02 5.538509363498782534e+00 1.319638278755342134e-02 9.999088213288270799e-01 -2.864351605533954365e-03 -3.187082043938287146e-02 1.677183266425116837e-02 2.642852157372754373e-03 9.998558500911801650e-01 -2.145383415279870226e-03
9.997330573509132234e-01 -1.396137472141993283e-02 -1.840907536200163744e-02 5.879206566491401276e+00 1.389427282109191239e-02 9.998963705822411230e-01 -3.767927710899524919e-03 -3.084529410682785439e-02 1.845977309093548360e-02 3.511141174831117207e-03 9.998234387456025329e-01 9.079798008414718610e-04
9.996758483228066483e-01 -1.456663182300154714e-02 -2.088088880795060595e-02 6.226485976978316295e+00 1.450350583301095349e-02 9.998897891554395789e-01 -3.171413130207325487e-03 -1.865351945930465369e-02 2.092478431498627153e-02 2.867539018697531049e-03 9.997769404328885612e-01 -4.179760722044841698e-04
9.996877593292605724e-01 -1.511093525308506227e-02 -1.990084126411523560e-02 6.606328813117563037e+00 1.508899234808410914e-02 9.998853704372928641e-01 -1.252316013257297883e-03 -6.098828552223290247e-03 1.991748370557635747e-02 9.516413477106693171e-04 9.998011743449711775e-01 -6.831403521699728337e-03
9.997129822117878373e-01 -1.731646820321314922e-02 -1.655575809743373844e-02 6.988268264728835000e+00 1.732006536690935961e-02 9.998499936858181725e-01 7.390639592107074263e-05 6.670464375018255246e-03 1.655199483142807265e-02 -3.606319959170698787e-04 9.998629413132901211e-01 2.904869826096235022e-02
9.997205595733187344e-01 -1.870219292552119730e-02 -1.445789563480941176e-02 7.375714026569665904e+00 1.872121276710252483e-02 9.998240448803059621e-01 1.181300856213869264e-03 -2.636006139215447963e-04 1.443325877753647013e-02 -1.451640093342399700e-03 9.998947813555684183e-01 4.817122636257652191e-02
9.997274031542627837e-01 -1.982552065024555457e-02 -1.233159005889873303e-02 7.760642206519682063e+00 1.982601889001996479e-02 9.998034418198075146e-01 -8.185498977293688828e-05 -4.539331866224548435e-03 1.233078900178794651e-02 -1.626536610907917447e-04 9.999239597021265524e-01 7.017428559238317320e-02
9.997084130357372089e-01 -2.128337002997771760e-02 -1.140644842774577762e-02 8.147634156647225012e+00 2.126752718412475152e-02 9.997726825908944681e-01 -1.508453671509006697e-03 -1.119675875621050157e-02 1.143596052110589130e-02 1.265426874070800164e-03 9.999338065601073300e-01 8.874312818686218296e-02
9.996547434823342959e-01 -2.223365981396946758e-02 -1.400207857945077149e-02 8.521839094226001166e+00 2.219353807137194531e-02 9.997491488819274519e-01 -3.014328737269539836e-03 -6.105040442507338877e-03 1.406558570209569779e-02 2.702532356595227850e-03 9.998974225477924582e-01 1.006393275032665124e-01
9.995828419780022900e-01 -2.409399085462856846e-02 -1.592550243719466699e-02 8.894885625931818751e+00 2.403216993333779847e-02 9.997029335551603779e-01 -4.061951440113409535e-03 4.440091330013339749e-03 1.601864012565340153e-02 3.677532583640753631e-03 9.998649303394039345e-01 1.134801451017135587e-01
9.995450904381891766e-01 -2.544473923921159939e-02 -1.619189383490127199e-02 9.291323277721190266e+00 2.536917879944971740e-02 9.996663611763074719e-01 -4.855007678883112646e-03 2.227744592351435168e-02 1.631002599488239058e-02 4.442024039668006005e-03 9.998571155292526047e-01 1.410287324378743101e-01
9.995137179301356589e-01 -2.689525146557805377e-02 -1.577888202885667154e-02 9.676520367907118114e+00 2.681257291159891767e-02 9.996257401552356425e-01 -5.428218212033758018e-03 4.436932921528029955e-02 1.591896992074067277e-02 5.002506141983696815e-03 9.998607709721198944e-01 1.633236577892046015e-01
9.994782212551144296e-01 -2.772096936072008036e-02 -1.657809079522251303e-02 1.009273425375645417e+01 2.766521200972505909e-02 9.996108223131099368e-01 -3.583288847556158948e-03 5.199596155340771575e-02 1.667097121254748973e-02 3.122782767032416477e-03 9.998561531273487679e-01 1.407598036527485941e-01
9.993990000941095353e-01 -2.871856534695237800e-02 -1.941346479397521030e-02 1.051222852143162001e+01 2.868896963747152168e-02 9.995867637180009257e-01 -1.801338644897644819e-03 6.207990929667604740e-02 1.945717430754851512e-02 1.243303738509107456e-03 9.998099182163474596e-01 1.160978353554605741e-01
9.993097357719161744e-01 -2.984960299674687192e-02 -2.211454707652123208e-02 1.094873459245719438e+01 2.981478731119584571e-02 9.995536299495899613e-01 -1.902448997029720229e-03 6.509283629930638637e-02 2.216146315231078828e-02 1.241795286971407973e-03 9.997536333994561097e-01 1.159687592918770965e-01
9.992478820174822696e-01 -3.055849140547003268e-02 -2.387150784088953176e-02 1.140387248217658112e+01 3.050157614782517818e-02 9.995309499512862184e-01 -2.744802721099095545e-03 8.001263736871060128e-02 2.394418793933630885e-02 2.014619691441795792e-03 9.997112669023114906e-01 1.292319882612991133e-01
9.992048112826663608e-01 -3.137015959478712396e-02 -2.461012386333708349e-02 1.187190575378257584e+01 3.131317451285172554e-02 9.995059820808203099e-01 -2.697570496321722699e-03 1.060287868072513212e-01 2.468258923814316622e-02 1.924804315383264654e-03 9.996934854828496420e-01 1.434067379750623983e-01
9.991813997641960654e-01 -3.237813453144354481e-02 -2.425256212290747768e-02 1.235097513497156108e+01 3.233465653658716688e-02 9.994747146420774886e-01 -2.182837098504252036e-03 1.263605656851415349e-01 2.431049880036780311e-02 1.396851961164238647e-03 9.997034802643611773e-01 1.499518057378750602e-01
9.991406943297322929e-01 -3.321675338404955768e-02 -2.478951852948670098e-02 1.284503740654667325e+01 3.318710920769166184e-02 9.994478652017618758e-01 -1.606401592861488557e-03 1.327715438162687389e-01 2.482919081922082410e-02 7.823287442198447079e-04 9.996914020061384853e-01 1.553363676174085717e-01
9.990503359321820653e-01 -3.409474360047936442e-02 -2.712885424436127513e-02 1.334213386646170107e+01 3.404613986012015175e-02 9.994177257810384907e-01 -2.251611707645408134e-03 1.410549486557818033e-01 2.718982593580483026e-02 1.325840667063640874e-03 9.996294090872407390e-01 1.635437578072898024e-01
9.989622737303421873e-01 -3.516437914418747007e-02 -2.894550229152415347e-02 1.385369287609423417e+01 3.510588631860405567e-02 9.993804044191074709e-01 -2.526659630111184694e-03 1.515786461298128107e-01 2.901641620341915626e-02 1.507880136157394458e-03 9.995777978167607047e-01 1.720871823553153102e-01
9.988978122800377113e-01 -3.621983146693547734e-02 -2.985438712587054275e-02 1.438056138281635654e+01 3.614844813748564062e-02 9.993421433788407526e-01 -2.927484284516787463e-03 1.769926778943157197e-01 2.994078020703643331e-02 1.845067882592060348e-03 9.995499714396987034e-01 1.835272455072532449e-01
9.988106086794216187e-01 -3.733727208125440372e-02 -3.135755256670665070e-02 1.492691450292144673e+01 3.728520588128290264e-02 9.993021461163850150e-01 -2.243699974910665692e-03 1.955228533048374295e-01 3.141944321329925849e-02 1.071858534251716403e-03 9.995057126937538783e-01 1.839645987651187253e-01
9.987443152726022122e-01 -3.878665292792339570e-02 -3.170785810031433866e-02 1.547872581944887216e+01 3.878879734264786827e-02 9.992472813156236811e-01 -5.477079932237575045e-04 1.987643634708185780e-01 3.170523476291969150e-02 -6.828894373609355542e-04 9.994970293856028087e-01 1.888373042747443220e-01
9.987128421288995472e-01 -3.930254498685939457e-02 -3.206195446899214735e-02 1.603949688967781739e+01 3.929543124281371924e-02 9.992272728702826790e-01 -8.521946132850638121e-04 2.099633737035443426e-01 3.207067274406839169e-02 -4.087906230656402273e-04 9.994855200751882052e-01 2.132262693582485380e-01
9.986280136577081468e-01 -4.076719961597913972e-02 -3.286526697793826918e-02 1.662867715700150129e+01 4.072869542907852497e-02 9.991685473700933073e-01 -1.840465968970905579e-03 2.150353987140131706e-01 3.291297170882032802e-02 4.993814258582250079e-04 9.994580966261096266e-01 2.393100429615135638e-01
9.985666088127158613e-01 -4.116147425774518975e-02 -3.421199791303286553e-02 1.720839173644823106e+01 4.109649531756057184e-02 9.991517976526670397e-01 -2.600638394230709010e-03 2.371152180597283499e-01 3.429002532641391154e-02 1.190917450037758899e-03 9.994112146052499535e-01 2.667410488129689505e-01
9.984927195468866756e-01 -4.203181961335977768e-02 -3.529327346467508314e-02 1.779147674166510740e+01 4.194052094804918973e-02 9.991145813686265198e-01 -3.323552196147899589e-03 2.740547571757919187e-01 3.540171908917136984e-02 1.838324395817310039e-03 9.993714719006877578e-01 2.925713146686637067e-01
9.984005003804230505e-01 -4.357489090939486998e-02 -3.602318312358464975e-02 1.837645766996597274e+01 4.350785569077519899e-02 9.990495886850043750e-01 -2.643074254405659330e-03 2.955318804942631550e-01 3.610411795504298721e-02 1.071555205277933834e-03 9.993474593133913064e-01 3.072534538722356268e-01
9.983127369547023511e-01 -4.517138449558078667e-02 -3.648595972101765367e-02 1.895840067975812815e+01 4.515261004028570807e-02 9.989792036759895799e-01 -1.338816430888786942e-03 3.174791826205750067e-01 3.650919117922512419e-02 -3.108788158281701030e-04 9.993332688917149209e-01 3.194289674633166709e-01
9.982313277784568006e-01 -4.678193890409382272e-02 -3.668332637633708176e-02 1.956007435742528600e+01 4.675782840789781403e-02 9.989051051851431939e-01 -1.515360562872959498e-03 3.306810883035039561e-01 3.671405349776592913e-02 -2.025522933958972529e-04 9.993257913455109165e-01 3.479203533708062346e-01
9.981044206569932298e-01 -4.815771331961238300e-02 -3.831970919506092615e-02 2.016267774089153875e+01 4.810123537840937935e-02 9.988395943279894107e-01 -2.394985964144969674e-03 3.438330817069076839e-01 3.839057983462696583e-02 5.472207266007216020e-04 9.992626601296765720e-01 3.655054458801310080e-01
9.980067870503512850e-01 -4.882261508164578018e-02 -3.998506293635580022e-02 2.077075505441502301e+01 4.873134914916656818e-02 9.988066196339357994e-01 -3.254563800636638832e-03 3.638428084922346040e-01 4.009624186300884963e-02 1.299550699220797809e-03 9.991949772474055802e-01 3.943577490252527795e-01
9.979078247260390055e-01 -4.959102305776082881e-02 -4.148136669192111631e-02 2.137974114433366069e+01 4.947337678411351664e-02 9.987679894904122335e-01 -3.858517702050407935e-03 3.960913404889003786e-01 4.162160905253576432e-02 1.798221722850648066e-03 9.991318271672229301e-01 4.187918407067285909e-01
9.977773110239620546e-01 -5.052088082855554774e-02 -4.345202188734730714e-02 2.199374734183457392e+01 5.040193710883866807e-02 9.987216736672731576e-01 -3.829266629187686767e-03 4.159507159641907537e-01 4.358993394659244763e-02 1.630689286046721519e-03 9.990481762712867253e-01 4.365233378708262557e-01
9.976885883175796721e-01 -5.117800474667635185e-02 -4.470226583769896372e-02 2.261363499906903485e+01 5.106689931194669657e-02 9.986886570370020477e-01 -3.624651747804651970e-03 4.435350371042910966e-01 4.482914828031683147e-02 1.333467576860423434e-03 9.989937784234108609e-01 4.606637245992274421e-01
9.975981360604720960e-01 -5.164853663834688413e-02 -4.615612193186448969e-02 2.323177333094180597e+01 5.153679768121360860e-02 9.986645772158219136e-01 -3.608420583776060682e-03 4.737978847548074968e-01 4.628085363773509070e-02 1.221014930745312720e-03 9.989277209633845578e-01 4.805462053619875551e-01
9.975257457724369115e-01 -5.182782974997406783e-02 -4.750013246877563683e-02 2.386509405790287985e+01 5.174301333708147127e-02 9.986558839898582729e-01 -3.014289838980956614e-03 5.012619438787438986e-01 4.759251088083227971e-02 5.490317317587635644e-04 9.988666835330004545e-01 4.987515148029846856e-01
9.974759469245538801e-01 -5.182163030151385602e-02 -4.854126017995100129e-02 2.448903388223992295e+01 5.176224929143723869e-02 9.986563558869816504e-01 -2.480402149937688608e-03 5.276388550197207428e-01 4.860457648468487213e-02 -3.846332709234396088e-05 9.988180983869470175e-01 5.206882908543311039e-01
9.974136067269954165e-01 -5.181523769122935857e-02 -4.981243076630556543e-02 2.515194450472873200e+01 5.173882126759068306e-02 9.986566598227335501e-01 -2.823148161407292196e-03 5.544995632202045499e-01 4.989179781975076888e-02 2.386099376718150630e-04 9.987546002775710141e-01 5.533999988842511764e-01
9.973987271387250164e-01 -5.146772646426651249e-02 -5.046634754616886875e-02 2.581191376018460915e+01 5.140296015201731988e-02 9.986746581092924568e-01 -2.581266723534649324e-03 5.901915755896642857e-01 5.053231431135311869e-02 -1.956750747456829226e-05 9.987224263164672378e-01 5.895089010641008098e-01
9.974244264536413773e-01 -5.090504037407317384e-02 -5.052910426811986488e-02 2.647413007174864674e+01 5.084865859065550164e-02 9.987034828165559652e-01 -2.401526517050315505e-03 6.315505076235318205e-01 5.058584222048206902e-02 -1.739959629391387222e-04 9.987197015640821851e-01 6.310208023343459871e-01
9.974315596341463142e-01 -5.049960646334427511e-02 -5.079442482046388208e-02 2.715472327208500403e+01 5.043496867674431700e-02 9.987240807893719152e-01 -2.554287767657878374e-03 6.595568768450738029e-01 5.085860576510350950e-02 -1.408799292392003480e-05 9.987058636160890401e-01 6.656346999814809484e-01
9.974175006080064909e-01 -4.992353087823968999e-02 -5.163303734554910984e-02 2.783518510623390085e+01 4.984891208061979079e-02 9.987530315381933921e-01 -2.732756419269901597e-03 6.892479519477832106e-01 5.170508142587205980e-02 1.518483383850348367e-04 9.986623861429978488e-01 7.034928709190249041e-01
9.973642903760464584e-01 -4.945222250488690713e-02 -5.309378468344901070e-02 2.850735964473572892e+01 4.932128862244230388e-02 9.987758332223355406e-01 -3.774315785834061326e-03 7.154714673684468007e-01 5.321543734018382987e-02 1.145713906963304182e-03 9.985823974857239715e-01 7.390161665603970365e-01
9.973111552107667421e-01 -4.851906286783247424e-02 -5.492140047916898443e-02 2.923780573572682684e+01 4.840734199569526885e-02 9.988220143632632331e-01 -3.363460156606654268e-03 7.443808819878067196e-01 5.501989579304689820e-02 6.958173184130934680e-04 9.984850158641248585e-01 7.674223590115641924e-01
9.972332402480779123e-01 -4.728077208695610767e-02 -5.736194849532701145e-02 2.995825806370240940e+01 4.717347837842547631e-02 9.988815092431682086e-01 -3.223884267567392499e-03 7.757773859764518498e-01 5.745021742343070503e-02 5.090019172423678080e-04 9.983482425662143500e-01 7.933691434292268196e-01
9.972411982577554790e-01 -4.575063847585453258e-02 -5.845401249262332372e-02 3.067650123092841241e+01 4.571557571889738047e-02 9.989526172821281413e-01 -1.937669186375140951e-03 7.993693117793407854e-01 5.848143837257992889e-02 -7.399352929320186442e-04 9.982882218385812356e-01 8.139935675443187302e-01
9.972031585508277507e-01 -4.350938715856051547e-02 -6.076836187803017625e-02 3.140282268042659908e+01 4.346492490210777243e-02 9.990528421975019002e-01 -2.053971846822153988e-03 8.209870224814754813e-01 6.080017170622854100e-02 -5.930650722271616848e-04 9.981497820439141355e-01 8.440280862153894947e-01
9.972046847597049180e-01 -4.099841891447473380e-02 -6.246556123025603924e-02 3.214475824772743806e+01 4.096354524539858738e-02 9.991589486370423545e-01 -1.839380180488080479e-03 8.552608917087927143e-01 6.248843616402804946e-02 -7.245723106979435430e-04 9.980454249886328011e-01 8.785527685780484264e-01
9.974223609881496255e-01 -3.829901865103476494e-02 -6.067799412631517258e-02 3.289306082306271861e+01 3.827432645504907222e-02 9.992660368111251357e-01 -1.569589181711823680e-03 8.918519601711735190e-01 6.069357243759653658e-02 -7.568660084236716185e-04 9.981561588341814062e-01 9.335652065037325364e-01
9.976402311097796183e-01 -3.550402709807887192e-02 -5.876591980939711857e-02 3.362905059943921060e+01 3.553381193303041530e-02 9.993683296606783450e-01 -5.384057334125448265e-04 9.047709168698011561e-01 5.874791469263940247e-02 -1.551041922266141460e-03 9.982716447882418187e-01 9.693920492502883235e-01
9.977354330586124531e-01 -3.267372996584880229e-02 -5.879143636161600350e-02 3.436859205943144246e+01 3.262706231650408517e-02 9.994660569628760483e-01 -1.753791229303063937e-03 9.125010688739484399e-01 5.881734798457093072e-02 -1.683722061841406905e-04 9.982687469949472758e-01 1.014982797798395397e+00
9.976854709387146247e-01 -2.955754681593111138e-02 -6.123767226160054672e-02 3.510266462602130844e+01 2.940826818874657522e-02 9.995619106307053192e-01 -3.337750504849603100e-03 9.221625470324746887e-01 6.130950040518937799e-02 1.529131295183093226e-03 9.981176318037610073e-01 1.061964110349940427e+00
9.977083079808787280e-01 -2.612620697387971896e-02 -6.241436929978546461e-02 3.583624536236058589e+01 2.595578634506105764e-02 9.996568244286175853e-01 -3.539848655173389452e-03 9.490492657782134689e-01 6.248543303155981027e-02 1.911722377854462376e-03 9.980440451084353626e-01 1.105989419015445563e+00
9.976992264458094395e-01 -2.258831073785498578e-02 -6.392199752388537382e-02 3.655632184246722005e+01 2.244842973342073278e-02 9.997437794477711526e-01 -2.905762892929584108e-03 9.664755932792110649e-01 6.397125566953625053e-02 1.464128920675948544e-03 9.979506675054465870e-01 1.139098246149796267e+00
9.976013312243766640e-01 -2.014940014571693985e-02 -6.622375414546732841e-02 3.729111067846258010e+01 1.999272934307044433e-02 9.997955409395685722e-01 -3.027720391669744184e-03 9.820156199058426294e-01 6.627122084861761242e-02 1.696464300592559916e-03 9.978002040970479491e-01 1.187115371631099592e+00
9.976294598819901438e-01 -1.669371075423877610e-02 -6.675912519515460330e-02 3.800934946937052672e+01 1.662386824225115661e-02 9.998605312058767014e-01 -1.601605871129725515e-03 9.978480210988666110e-01 6.677655112562182194e-02 4.880142989467729829e-04 9.977678357522912211e-01 1.217881625582472038e+00
9.976560648342335247e-01 -1.296667385574686027e-02 -6.718810660072532803e-02 3.872545196583428861e+01 1.288916102903935046e-02 9.999156718481921891e-01 -1.587047682308126298e-03 9.964017053874895113e-01 6.720301948156223726e-02 7.173294202228056114e-04 9.977390638894838570e-01 1.256300748654305410e+00
9.975351563737895333e-01 -8.702765733907250403e-03 -6.962667353033677453e-02 3.944807349006273967e+01 8.572829346483542071e-03 9.999609093844187280e-01 -2.164786382642679401e-03 9.939395445450515121e-01 6.964279140955967340e-02 1.562552932586415465e-03 9.975707694359420286e-01 1.294751626745041184e+00
9.972844980881685473e-01 -3.971815013711442639e-03 -7.353811636509786920e-02 4.016454532167978186e+01 3.787672823021990577e-03 9.999893331227338589e-01 -2.643326566231488876e-03 1.003537456016504459e+00 7.354783074717811953e-02 2.357610283074982726e-03 9.972889041126135057e-01 1.344190575418817479e+00
9.972236681796970981e-01 7.689120872089346944e-04 -7.446048882750914977e-02 4.086996688899738217e+01 -8.471507180684551387e-04 9.999991218213898359e-01 -1.019162455168656995e-03 1.015242078783566759e+00 7.445963979156995649e-02 1.079412178592266706e-03 9.972234438236289300e-01 1.387866158131295213e+00
9.971686032262881971e-01 5.765886162074618064e-03 -7.497687174388804887e-02 4.159432605995006327e+01 -5.779847968819325395e-03 9.999832960658687764e-01 3.076846380006283653e-05 1.008494032364547044e+00 7.497579674262074001e-02 4.026735737864111644e-04 9.971852725330444533e-01 1.428392031432970111e+00
9.970718532445160820e-01 1.124576827253889397e-02 -7.563895929682375174e-02 4.230169621656732204e+01 -1.127442482906188675e-02 9.999364404933831496e-01 4.814765447727105538e-05 9.863697920931390195e-01 7.563469317925496094e-02 8.047790896614818393e-04 9.971352694184960619e-01 1.486722938941734018e+00
9.969561677227442020e-01 1.708812596200258785e-02 -7.606836129880908959e-02 4.301355322125383651e+01 -1.710443917135464828e-02 9.998536128439946546e-01 4.370851685685834967e-04 9.759978935047997073e-01 7.606469483415320698e-02 8.653519040755236350e-04 9.971025089557589149e-01 1.539420353439086453e+00
9.967976128635435140e-01 2.301120484493234669e-02 -7.658331046073783843e-02 4.372940686182130321e+01 -2.297656346934579680e-02 9.997351145366166758e-01 1.333526751559763884e-03 9.645473865014591031e-01 7.659371071230534900e-02 4.303650108493078247e-04 9.970622940745864637e-01 1.590267412706298789e+00
9.966500190139584436e-01 2.903144442927726998e-02 -7.645858247329699597e-02 4.443136229821632810e+01 -2.897867222306207274e-02 9.995784097529790690e-01 1.799808849227993663e-03 9.356683617713587031e-01 7.647859933121488318e-02 4.218886763290615859e-04 9.970711337985270761e-01 1.649349702682294749e+00
9.965061442678443404e-01 3.558561199323967417e-02 -7.555904085879372456e-02 4.513126653404058430e+01 -3.559801736891592128e-02 9.993654894837556979e-01 1.183041967034361135e-03 9.057512670304700420e-01 7.555319712518210329e-02 1.510843459793509251e-03 9.971406278736231199e-01 1.705545677424908479e+00
9.962972218307160066e-01 4.199924788391542346e-02 -7.501939049060982190e-02 4.582896639025996421e+01 -4.205496132734905940e-02 9.991149476796254980e-01 8.375863503393979814e-04 8.653369355490779791e-01 7.498817240173510923e-02 2.320452611997421682e-03 9.971817234082878123e-01 1.766263672899623050e+00
9.960137459019375861e-01 4.780982297715800911e-02 -7.530497195592951443e-02 4.651889200231643429e+01 -4.794944487683522327e-02 9.988497627799269862e-01 -4.615719679940382542e-05 8.298060081855158643e-01 7.521614660692114984e-02 3.656804804236971768e-03 9.971605482911113372e-01 1.821791363400738328e+00
9.956511539265026078e-01 5.360477596732601130e-02 -7.619256970542928609e-02 4.723865205179987470e+01 -5.376791145975379910e-02 9.985534555632809006e-01 -8.988819092816844811e-05 7.947799253015246368e-01 7.607753533126576651e-02 4.186212622834637950e-03 9.970931171369084023e-01 1.861329927413610807e+00
9.952924629377253307e-01 5.839490370038369349e-02 -7.734952127311146841e-02 4.789945693453628195e+01 -5.859609532914121510e-02 9.982817174154748896e-01 -3.320936435236574238e-04 7.565422634097621613e-01 7.719722036145344746e-02 4.862910222571298867e-03 9.970039825761141117e-01 1.905610560806663800e+00
9.948219492923939811e-01 6.377685953156279897e-02 -7.913154487543344606e-02 4.859037171989717763e+01 -6.398544814522207080e-02 9.979508265994669891e-01 -1.005738324526455132e-04 7.050483490204054737e-01 7.896297633534674065e-02 5.163320417326707802e-03 9.968641775540595384e-01 1.943715804833679783e+00
9.943646376136676679e-01 6.879935278585397329e-02 -8.065740213822342186e-02 4.928609403292642099e+01 -6.897975207490567029e-02 9.976179079337655908e-01 5.509750822419523866e-04 6.588713232304757028e-01 8.050317550956626045e-02 5.015857464512937965e-03 9.967417317975462154e-01 1.996215011267441497e+00
9.940652005995935792e-01 7.384855333741933980e-02 -7.987971035788783702e-02 4.999325620632028233e+01 -7.399804874998526516e-02 9.972577892385382503e-01 1.091138972787546440e-03 5.960525330477481898e-01 7.974124239115241985e-02 4.826279419331599985e-03 9.968039131588930513e-01 2.045481815114996049e+00
9.936823453837776432e-01 7.928683657859537937e-02 -7.942917611277387768e-02 5.068404943377373684e+01 -7.948427808473736145e-02 9.968358892357862544e-01 6.778413144045993509e-04 5.210282328843439670e-01 7.923159729516422722e-02 5.639811775093711219e-03 9.968402813456117562e-01 2.097422969325401620e+00
9.932664047051602552e-01 8.412208223985269406e-02 -7.965754555417940697e-02 5.137630083927491853e+01 -8.433182106696283931e-02 9.964374571089585908e-01 7.335023940536612545e-04 4.487974586330919502e-01 7.943546588026327571e-02 5.989102592524189056e-03 9.968220189233992778e-01 2.138986180780737545e+00
9.927331694024335018e-01 8.826158059080543850e-02 -8.179699114155775108e-02 5.206130982703727028e+01 -8.862441929746320279e-02 9.960647862100807659e-01 -8.086881064112570912e-04 3.755907731206395983e-01 8.140372640356674516e-02 8.052022347135995989e-03 9.966486834706271836e-01 2.192049492463964189e+00
