1.000000000000000000e+00 0.000000000000000000e+00 0.000000000000000000e+00 0.000000000000000000e+00 0.000000000000000000e+00 1.000000000000000000e+00 0.000000000000000000e+00 0.000000000000000000e+00 0.000000000000000000e+00 0.000000000000000000e+00 1.000000000000000000e+00 0.000000000000000000e+00
9.999999999024742348e-01 -1.082566160091141084e-05 8.823634205901184597e-06 -3.360287789428632703e-03 1.082605176476345317e-05 9.999999989637295972e-01 -4.421919647071239810e-05 -2.821175310378454693e-03 -8.823155494700259279e-06 4.421929199152055314e-05 9.999999989834030822e-01 -1.444422461334174531e-03
9.999999996070149111e-01 1.953340860875833412e-05 -2.011009798216934692e-05 1.696177460323647357e-03 -1.953391677971211697e-05 9.999999994899377853e-01 -2.526955567042168835e-05 -3.100197327604254770e-03 2.010960437135567210e-05 2.526994848947154590e-05 9.999999994785168100e-01 -1.605943072959353920e-03
9.999999998486315267e-01 -1.015344306498895967e-05 1.412955988482926554e-05 1.132380293167750164e-03 1.015366307346624342e-05 9.999999998272265378e-01 -1.557081015822933657e-05 -2.683066908330193623e-03 -1.412940178505363391e-05 1.557095362266285260e-05 9.999999997789527084e-01 -8.116337228286157283e-04
9.999999999857311916e-01 4.388028343481560005e-07 -5.324002208814678556e-06 -1.491842620458299924e-03 -4.388959824453137836e-07 9.999999998468506179e-01 -1.749589020520866191e-05 -2.830858413667602241e-03 5.323994530753099149e-06 1.749589254164219879e-05 9.999999998327744333e-01 -1.136470605900975978e-03
9.999999999971279641e-01 1.095445296764866849e-06 2.131660216416272179e-06 -1.410192681190611946e-03 -1.095404584567452816e-06 9.999999998170193694e-01 -1.909872868164258202e-05 -2.868640971960978708e-03 -2.131681137638728417e-06 1.909872634655735896e-05 9.999999998153472625e-01 -1.352747244566773581e-03
9.999999998699053982e-01 -8.300677890746258097e-06 -1.383068501516007054e-05 6.446996830310048991e-04 8.300218504396598566e-06 9.999999994139437964e-01 -3.321473696395464865e-05 -1.602730269947648780e-03 1.383096071188727432e-05 3.321462216192589832e-05 9.999999993527467490e-01 -1.003039035239061075e-03
9.999999999743826029e-01 -3.747741403127618723e-06 6.098293055246677620e-06 7.948512571721458395e-04 3.747868990506108219e-06 9.999999997741129132e-01 -2.092194125295301931e-05 -1.876819476898572338e-05 -6.098214643843684816e-06 2.092196410802048761e-05 9.999999997625416137e-01 -1.212199765044727397e-03
9.999999997788107109e-01 -1.125931404617621361e-05 1.776531696206813056e-05 -1.012660910001510206e-04 1.125952062698950432e-05 9.999999998690033420e-01 -1.162826411580530775e-05 -2.555449315609100054e-03 -1.776518603346344160e-05 1.162846414218604091e-05 9.999999997745885327e-01 -8.393931610169544540e-04
9.999999999969420017e-01 6.226250488369187325e-07 -2.393402284717530137e-06 -4.016958809566865962e-04 -6.226825657011647168e-07 9.999999997110496919e-01 -2.403149801302942984e-05 -3.250037092402404196e-03 2.393387321413331633e-06 2.403149950328581412e-05 9.999999997083793835e-01 -1.288319570229994743e-03
9.999999999349974411e-01 -1.115886974644513969e-05 -2.341967047523317477e-06 1.743633386648262961e-03 1.115882757709187108e-05 9.999999997756467973e-01 -1.800519573434833381e-05 -3.633964322845911407e-04 2.342167964631848079e-06 1.800516959957147571e-05 9.999999998351640773e-01 -7.284110994339237574e-04
9.999999998951066837e-01 -1.354353732213261114e-05 5.134129383832646167e-06 1.730218292094227658e-03 1.354358212332790664e-05 9.999999998702122639e-01 -8.726218040161044462e-06 3.885009202028374964e-05 -5.134011199306590313e-06 8.726287573748665654e-06 9.999999999487468871e-01 -8.389045509429078487e-04
9.999999996331456753e-01 -7.762948642677459371e-06 2.595082396716977337e-05 -1.464477485390626183e-03 7.763067430160371354e-06 9.999999999593914835e-01 -4.577309390551800210e-06 -2.999552645393664240e-03 -2.595078843269822891e-05 4.577510846868919819e-06 9.999999996528015078e-01 -1.109624201106875754e-03
9.999999954457143847e-01 -4.308801151054114843e-05 8.515864347100204098e-05 -6.149454432914341906e-03 4.308830748548265755e-05 9.999999990656653903e-01 -3.473739735715125480e-06 -6.358718554071648120e-03 -8.515849371489765955e-05 3.477409061709647264e-06 9.999999963679693238e-01 -7.927758584649050770e-04
9.999999856259087494e-01 6.785170538054502844e-05 1.553844536171816336e-04 -2.367962490249589380e-02 -6.778966940166209626e-05 9.999999180170325852e-01 -3.992123354020018795e-04 8.227724734292431175e-04 -1.554115281160690443e-04 3.992017962029464169e-04 9.999999082425872210e-01 -9.387067382058042128e-03
9.999979656178410448e-01 -1.792065164812145155e-06 -2.017116002522894875e-03 1.246018453647647350e-02 1.005836992153794826e-06 9.999999240355361696e-01 -3.897793095679873837e-04 -4.960149601713537137e-03 2.017116547803681544e-03 3.897764877180212324e-04 9.999978896553343155e-01 -2.643383091487950046e-03
9.999960699625835003e-01 -3.087622980929692498e-05 -2.803409717868722562e-03 -5.579342655900418335e-03 3.039333220428205981e-05 9.999999846951483917e-01 -1.722961065279956583e-04 -3.842206692927429765e-03 2.803414994817132917e-03 1.722102244349903741e-04 9.999960555962235098e-01 -7.878655212792380971e-04
9.999949067919871037e-01 8.692441670727782475e-05 -3.190428534044929734e-03 -3.729327789166864832e-03 -8.725669994944544258e-05 9.999999907839912661e-01 -1.040109888685437738e-04 -5.342309247479987838e-05 3.190419463547373557e-03 1.042888453842471315e-04 9.999949051607629480e-01 -6.629885376495010807e-04
9.999950017540428782e-01 -3.822373655579728013e-05 -3.161487921500399575e-03 1.314488338198628418e-02 3.831425689141979089e-05 9.999999988578397447e-01 2.857163381401294289e-05 7.891299211053151574e-03 3.161486825774870169e-03 -2.869262106634322995e-05 9.999950020764023506e-01 3.640898210688889346e-04
9.999956835064672811e-01 8.850397736358269784e-06 -2.938178024518238625e-03 1.575296447192160720e-02 -8.669485125163161311e-06 9.999999980660152499e-01 6.158579035887978424e-05 7.492098781915606034e-03 2.938178563894586898e-03 -6.156005203353535817e-05 9.999956816492192591e-01 -1.097672880704954335e-03
9.999961400987775750e-01 1.120963240840596429e-05 -2.778427953016207597e-03 1.734845659968417900e-02 -1.097300284941971359e-05 9.999999963118154644e-01 8.518193609923982706e-05 4.000781358988871744e-03 2.778428897627044196e-03 -8.515111960753519180e-05 9.999961365336106356e-01 -1.411602274552236497e-03
9.999957590546664221e-01 6.100666222896733837e-06 -2.912359089024332392e-03 1.739598533504062988e-02 -6.044453662157794767e-06 9.999999997952906394e-01 1.931018530632797037e-05 9.438031356277668329e-07 2.912359206233140155e-03 -1.929249979332653452e-05 9.999957588868331193e-01 -1.579609673167208005e-03
9.999954821729771792e-01 6.939009298323088127e-05 -3.005132051978586568e-03 1.698309371762357980e-02 -6.952616512419140435e-05 9.999999965626443776e-01 -4.517547646599805151e-05 -3.885003506068442948e-04 3.005128906918366500e-03 4.538420767827556866e-05 9.999954835600641800e-01 -2.955686964969536472e-03
9.999953799444764035e-01 1.501279687180305399e-05 -3.039714512620165718e-03 2.591020273842495336e-02 -1.544195289885790011e-05 9.999999899177589580e-01 -1.411595838873152826e-04 6.245724659771602827e-04 3.039712362772871608e-03 1.412058708505298861e-04 9.999953700941087709e-01 -5.378655620001157600e-03
9.999946816850319165e-01 1.293315196556599359e-06 -3.261380072774722368e-03 4.079591670416369414e-02 -1.609923721240261323e-06 9.999999952868816600e-01 -9.707545935559353553e-05 -3.588245459362133724e-03 3.261379931854285590e-03 9.708019365086813994e-05 9.999946769740207797e-01 -6.996323697997771165e-03
9.999871317451574093e-01 -2.745613375079196928e-05 -5.073025749374889502e-03 7.690409596711786366e-02 2.484037805618675491e-05 9.999998667271380315e-01 -5.156827142234124547e-04 -6.081612778475506409e-03 5.073039231931804165e-03 5.155500624093245976e-04 9.999869991560312865e-01 -6.382998778105792442e-03
9.999831494023438960e-01 -1.422332016301471405e-04 -5.803505930548766983e-03 1.070388993792249777e-01 1.385875631005938156e-04 9.999997928428495664e-01 -6.285759662951807304e-04 -1.205248713335308787e-02 5.803594132683168733e-03 6.277610806701217419e-04 9.999829619604369002e-01 -1.184192839563794411e-02
9.999796649984027397e-01 -2.295707137876499572e-04 -6.373137921739154693e-03 1.616582938769296485e-01 2.260086587005060951e-04 9.999998178662812265e-01 -5.596315668684608046e-04 -1.405182235017990791e-02 6.373265235994109157e-03 5.581798024062489859e-04 9.999795347533567691e-01 -1.292577131777152347e-02
9.999767518499043106e-01 -1.461089054340935231e-03 -6.660403778318390276e-03 2.887455900969082001e-01 1.458593876104013120e-03 9.999988642522822380e-01 -3.794707500994241129e-04 -6.600372021222515248e-03 6.660950654339412198e-03 3.697471039430336734e-04 9.999777472641376841e-01 -1.316555011610886193e-02
9.999765750031179845e-01 -1.616460901351515680e-03 -6.651052487238283753e-03 3.437185811729671081e-01 1.614187937165377420e-03 9.999986369588876878e-01 -3.470989343863804463e-04 -8.426066075070336517e-03 6.651604493436640703e-03 3.363547549005708450e-04 9.999778212656227350e-01 -1.408198970573592244e-02
9.999760327765396806e-01 -1.757116856246891505e-03 -6.696746437370262352e-03 4.263126114036295267e-01 1.755265978933061560e-03 9.999984196863568320e-01 -2.822518946650291456e-04 -1.245493086610089187e-02 6.697231803972326751e-03 2.704905586797404031e-04 9.999775367082109900e-01 -1.592580704982541825e-02
9.999753982624073334e-01 -1.320056952963612326e-03 -6.889145054420359876e-03 5.484339248562244418e-01 1.317816938669833350e-03 9.999990773342104511e-01 -3.296805178243626547e-04 -1.030158445649140969e-02 6.889573895101709297e-03 3.205937750651050716e-04 9.999762152127296133e-01 -1.746300628695273555e-02
9.999722270227159315e-01 -2.367014113526627519e-03 -7.066995642863525828e-03 7.060552287044788988e-01 2.363071092110558772e-03 9.999970476255130025e-01 -5.662466521813748358e-04 -3.775156464200520468e-03 7.068315092263341426e-03 5.495311127142445346e-04 9.999748681528514149e-01 -2.078452039202304674e-02
9.999713602778638188e-01 -2.591833400272961895e-03 -7.110627515481456572e-03 8.148520014044960957e-01 2.588743133616614855e-03 9.999965507336097126e-01 -4.437678122878390102e-04 -3.497696394741023514e-04 7.111753161270806776e-03 4.253475147445940816e-04 9.999746207011780408e-01 -2.125924412333022803e-02
9.999726603017535798e-01 -2.906213299039023517e-03 -6.799453896756783855e-03 9.333633510343372075e-01 2.905565649953151339e-03 9.999957733094051449e-01 -1.051264881581808798e-04 1.023456867829606112e-02 6.799730677566914391e-03 8.536735435086032463e-05 9.999768779202483637e-01 -2.356034844773728307e-02
9.999702861796816444e-01 -3.843245446347943756e-03 -6.682531119621191659e-03 1.091120304221438131e+00 3.842939236963322739e-03 9.999926141611064079e-01 -5.866223320030005534e-05 8.626083471979429165e-03 6.682707216883560994e-03 3.297992907942255095e-05 9.999776699189726337e-01 -2.742923710231896794e-02
9.999696798814784460e-01 -3.751469082158389364e-03 -6.823913646815336562e-03 1.240863379235481956e+00 3.750991571974552751e-03 9.999929615806533167e-01 -8.277306975737629591e-05 4.512784241459220393e-03 6.824176137861534194e-03 5.717411749100439816e-05 9.999767134044470485e-01 -2.626171845958832907e-02
9.999695266134956961e-01 -3.839396114075804053e-03 -6.797417293402823781e-03 1.410792294869046781e+00 3.837848397457612002e-03 9.999926064591702080e-01 -2.407211523426765068e-04 1.559854623228095968e-02 6.798291260277407842e-03 2.146263596876247246e-04 9.999768683181957662e-01 -2.890394024551936128e-02
9.999688988475774476e-01 -4.741150971358901699e-03 -6.302604622717023625e-03 1.597780780918822696e+00 4.741294584309266834e-03 9.999887599688912498e-01 7.844996185928000286e-06 2.827196560865331484e-02 6.302496586933711148e-03 -3.772725736223664464e-05 9.999801383594705273e-01 -3.341888129658138196e-02
9.999693071658628529e-01 -5.031541881304365908e-03 -6.005690012056526944e-03 1.788401003107345399e+00 5.038711901477283851e-03 9.999866101823261522e-01 1.179338134078047103e-03 3.019445029614717044e-02 5.999675707748427025e-03 -1.209562878588638871e-03 9.999812702491205352e-01 -3.807309301594615641e-02
9.999640388071150410e-01 -5.982136927699369458e-03 -6.011250314264874640e-03 1.991135033846248570e+00 5.997971594799538994e-03 9.999785807719469011e-01 2.619605709058761469e-03 3.103789280948608675e-02 5.995450717875335823e-03 -2.655566813546765808e-03 9.999785010366913918e-01 -3.765953563835815199e-02
9.999641605900402297e-01 -6.470694956103091589e-03 -5.459637555844842199e-03 2.200522399129215767e+00 6.494881987190528200e-03 9.999691213804168255e-01 4.424115013163844312e-03 4.059164562307640556e-02 5.430841871072794244e-03 -4.459416157110224904e-03 9.999753094772435569e-01 -4.395461094337473756e-02
9.999608551057102002e-01 -6.959691140909185850e-03 -5.463602793032982727e-03 2.411306116303213454e+00 6.987590007408473261e-03 9.999625609892787148e-01 5.103940208447603315e-03 4.790819907885767587e-02 5.427876393696974208e-03 -5.141917831528728007e-03 9.999720490288058761e-01 -4.721071623231423015e-02
9.999585222515912086e-01 -7.512517323642343633e-03 -5.149355287402983782e-03 2.647621835414104119e+00 7.541960511199026149e-03 9.999551850737675718e-01 5.722471121356783805e-03 6.036849406117959782e-02 5.106134355992397907e-03 -5.761070000375062908e-03 9.999703682931756488e-01 -4.987836300575106824e-02
9.999547424695155451e-01 -8.194572565710748005e-03 -4.833424582034947375e-03 2.893916116988336729e+00 8.224329060664803751e-03 9.999471505742351107e-01 6.168992621958084739e-03 6.555381954287750612e-02 4.782616880623339825e-03 -6.208465102839000153e-03 9.999692902968770891e-01 -5.067503115576756090e-02
9.999545047501575690e-01 -8.571969138596598203e-03 -4.184468300036498466e-03 3.147343705210551068e+00 8.599365077799604740e-03 9.999414178676609977e-01 6.573564715629733914e-03 7.200164383932085299e-02 4.127874771087831733e-03 -6.609249420229134676e-03 9.999696387750857118e-01 -5.416749877231634425e-02
9.999495252870496120e-01 -9.249926408006989634e-03 -3.922466016497074860e-03 3.404483961071865128e+00 9.271326184092652453e-03 9.999420423541399705e-01 5.473065267244562465e-03 7.537843719784644014e-02 3.871613228652561606e-03 -5.509155477731201775e-03 9.999773296514925525e-01 -7.342613666398475902e-02
9.999288987055208189e-01 -9.943525245579074370e-03 -6.582084719504015594e-03 3.673069065578863590e+00 9.978914301697653158e-03 9.999358129652984317e-01 5.365744942415089959e-03 7.749190260518573625e-02 6.528307814707473913e-03 -5.431045490346284206e-03 9.999639418208829955e-01 -8.000977407588974466e-02
9.998924634623451713e-01 -1.060042164913492860e-02 -1.013373435922171502e-02 3.950061566378890276e+00 1.064106680503540056e-02 9.999355195468484503e-01 3.965406136215919065e-03 8.415448894108872036e-02 1.009104595438416012e-02 -4.072813454470595486e-03 9.999407897381282773e-01 -8.626042039164917574e-02
9.998361562730144758e-01 -1.147909409519217404e-02 -1.399610688576664354e-02 4.236498708388046097e+00 1.149036854021198532e-02 9.999337204228756493e-01 7.253909818645629809e-04 9.197699281861057563e-02 1.398685239838424153e-02 -8.860925573482300675e-04 9.999017865770445379e-01 -8.931692480292367786e-02
9.997846584287499727e-01 -1.166242124499926834e-02 -1.716463519017717362e-02 4.531857338467047747e+00 1.161610951673644997e-02 9.999286235310940185e-01 -2.795325188038904306e-03 9.045991323507630855e-02 1.719601029898690583e-02 2.595336956136830471e-03 9.998487692925771553e-01 -8.498901097824367035e-02
9.997534120029387683e-01 -1.208991110460914606e-02 -1.862657343594674095e-02 4.844387512970913967e+00 1.199398004059549008e-02 9.999142696319545109e-01 -5.253363606382874945e-03 9.364940713731594035e-02 1.868848927195200862e-02 5.028661439957910623e-03 9.998127089274543300e-01 -8.531200851209030933e-02
9.997299695476107306e-01 -1.257662823086608088e-02 -1.954012309776500048e-02 5.148224111360427457e+00 1.241979441972245433e-02 9.998898444015715814e-01 -8.126977862209460585e-03 9.648321363483575164e-02 1.964018062302528775e-02 7.882099018890458691e-03 9.997760428316690984e-01 -8.191602026772303036e-02
9.997201185657998979e-01 -1.262145291679632117e-02 -2.000958422986384364e-02 5.479798771538560764e+00 1.240302031255473628e-02 9.998625381359729225e-01 -1.100317769630647195e-02 1.085112405591506651e-01 2.014570976434627500e-02 1.075191883150329424e-02 9.997392393116975029e-01 -8.641720379707039379e-02
9.997002979102581621e-01 -1.335548520475719585e-02 -2.051695330907348999e-02 5.813236569973985191e+00 1.311482198921551899e-02 9.998441314145573022e-01 -1.182008122055934474e-02 1.189614221221219348e-01 2.067161828044382019e-02 1.154746252710707813e-02 9.997196308499961548e-01 -8.904601334969554360e-02
9.997025375551321646e-01 -1.367321508892823355e-02 -2.019602918797285332e-02 6.153113854679979511e+00 1.348213218831730877e-02 9.998633385599419166e-01 -9.567461284146134767e-03 1.275911578157342408e-01 2.032408712553369565e-02 9.292329788530008863e-03 9.997502608599884155e-01 -7.548840627896141742e-02
9.997943674216236420e-01 -1.425547297786920221e-02 -1.442235633218869918e-02 6.502236323679503549e+00 1.418005468801257669e-02 9.998853154446839531e-01 -5.318083031492518153e-03 1.508580472342516410e-01 1.449651409961563893e-02 5.112479658846293129e-03 9.998818498356181195e-01 -6.235087118176860926e-02
9.998694364596795170e-01 -1.569601668066173544e-02 -3.839934135269481522e-03 6.860564193001056132e+00 1.568768307121651967e-02 9.998745405660616203e-01 -2.190828077311555294e-03 1.619509972406817933e-01 3.873839653352453751e-03 2.130302365313094595e-03 9.999902275413357078e-01 -6.267238768091529244e-02
9.998079127688355161e-01 -1.747277876601458987e-02 8.879164770320557495e-03 7.228692979008101815e+00 1.747623730164006225e-02 9.998472302029527414e-01 -3.120661152978312361e-04 1.691563096851760040e-01 -8.872355639927676993e-03 4.671805619482879068e-04 9.999605307449495051e-01 -7.094053017822819773e-02
9.996300571592550144e-01 -1.888540000344527542e-02 1.957269757837415761e-02 7.607099541269492171e+00 1.894789917137885277e-02 9.998159335869127862e-01 -3.012650447911186403e-03 1.818080354055183756e-01 -1.951219979335710661e-02 3.382397439673238883e-03 9.998038974952959679e-01 -1.122211573534564744e-01
9.995420861627756226e-01 -2.041601034072653212e-02 2.233393183328460235e-02 7.980481851411749261e+00 2.058009075034980193e-02 9.997627001646762768e-01 -7.141654160126978401e-03 1.896822118328948814e-01 -2.218282790975539126e-02 7.598018241807507830e-03 9.997250583359023057e-01 -1.371053440847228577e-01
9.995791202311514745e-01 -2.154438788698382831e-02 1.942734537944914783e-02 8.357766009353158054e+00 2.173974734156683755e-02 9.997146322207471902e-01 -9.901389259142865176e-03 1.957267472654220519e-01 -1.920848207022244833e-02 1.031956754478677817e-02 9.997622421067153820e-01 -1.326429267913663834e-01
9.995773266122159884e-01 -2.271863398576236259e-02 1.813923351733280273e-02 8.733773795082846902e+00 2.287867685750528957e-02 9.997006991221387695e-01 -8.664774662783333511e-03 2.104893129639504867e-01 -1.793695258468445616e-02 9.076113955208115966e-03 9.997979245264749792e-01 -1.319026141737033031e-01
9.995489624264722872e-01 -2.425963675013272786e-02 1.770146143442025144e-02 9.134675272691561432e+00 2.436485531060204185e-02 9.996865805830942309e-01 -5.752775658241917472e-03 2.307204933536239899e-01 -1.755635320492514306e-02 6.181474486903825588e-03 9.998267669128045876e-01 -1.503854302809491394e-01
9.995621541692680800e-01 -2.565151512488159091e-02 1.474787185631951103e-02 9.542245316007356593e+00 2.568786506061244285e-02 9.996674109139721542e-01 -2.280601934431760857e-03 2.573519030688778408e-01 -1.468446598008305015e-02 2.658444724559550203e-03 9.998886433651130723e-01 -1.863244411371815235e-01
9.996115860244038087e-01 -2.688239206775470957e-02 7.349427358058493835e-03 9.946241492725995670e+00 2.687821556440227883e-02 9.996384933256585725e-01 6.664755665081104194e-04 2.888268647359919505e-01 -7.364686948498418324e-03 -4.686772052788736780e-04 9.999727704931908878e-01 -2.101360534502237642e-01
9.996089014808998696e-01 -2.794228868438467309e-02 1.128088306398793020e-03 1.036559016429794511e+01 2.793940570263761872e-02 9.996065042326732764e-01 2.495256443309744766e-03 3.035235334077814318e-01 -1.197367584305586300e-03 -2.462762435349114248e-03 9.999962505489983222e-01 -2.236334907925725535e-01
9.995728794851893584e-01 -2.920938955280355867e-02 -9.328234772290301072e-04 1.079472265273728659e+01 2.921145152788016605e-02 9.995706561380744981e-01 2.279141797607588636e-03 3.183648704401695895e-01 8.658506345824248419e-04 -2.305417457178812746e-03 9.999969676719158151e-01 -2.281064075013307380e-01
9.995534134428419870e-01 -2.987079795899824641e-02 -8.420831644022481978e-04 1.125199286001927668e+01 2.987250284267970596e-02 9.995515312003703245e-01 2.090466194220446609e-03 3.493195776025381227e-01 7.792616230486453964e-04 -2.114687751842293361e-03 9.999974604202928052e-01 -2.314117934964202705e-01
9.995223380061623031e-01 -3.090451009440248545e-02 -8.415770923616700254e-05 1.170850836152798458e+01 3.090458956041198038e-02 9.995133907231762427e-01 4.229433669147530245e-03 3.635007351696701861e-01 -4.659181820763909452e-05 -4.230014288890608307e-03 9.999910523641289961e-01 -2.400893273077886469e-01
9.994798917921773329e-01 -3.224619839786128234e-02 3.585972439101166006e-04 1.219291421007431175e+01 3.224357117523023869e-02 9.994631254425513367e-01 5.814894536864768926e-03 3.926697770098335760e-01 -5.459129650718711185e-04 -5.800307706731264862e-03 9.999830290607645278e-01 -2.599218613173840398e-01
9.994493466442482266e-01 -3.316944411097638712e-02 -8.896458587900696541e-04 1.267622117535412052e+01 3.317384856114936886e-02 9.994344422917607051e-01 5.503756226351951344e-03 4.187027350715590290e-01 7.065861781666084611e-04 -5.530238541509226169e-03 9.999844584780539503e-01 -2.746503567289612091e-01
9.994189213164824670e-01 -3.394121518529005094e-02 -3.132670800530464993e-03 1.317275603702825393e+01 3.395255927588467643e-02 9.994168097438791420e-01 3.641993957222453698e-03 4.428585139369968227e-01 3.007230156838347924e-03 -3.746239863215255518e-03 9.999884610602619572e-01 -2.835181790816242997e-01
9.993825517439148820e-01 -3.487523998614912996e-02 -4.270000670935657217e-03 1.369235323797351711e+01 3.488950293533830266e-02 9.993856859163381401e-01 3.312607802833913463e-03 4.611824177327410457e-01 4.151849557282432865e-03 -3.459540639865465832e-03 9.999853967552799761e-01 -2.928576342171643754e-01
9.993394985359962401e-01 -3.602037180593229554e-02 -4.806191921460316492e-03 1.421216324834792388e+01 3.603754505336661390e-02 9.993441820750461613e-01 3.535689364676879685e-03 4.964680485021126799e-01 4.675683089141512670e-03 -3.706557394580000699e-03 9.999821995515373318e-01 -3.021824450585793853e-01
9.992979532907549922e-01 -3.704998231169419343e-02 -5.558719241986607128e-03 1.473768527068912526e+01 3.707896458527897010e-02 9.992987852301210561e-01 5.204634750691513809e-03 5.235515395828906904e-01 5.361989760500565465e-03 -5.407092407905099082e-03 9.999710057884181325e-01 -3.091373228030397935e-01
9.992520240526334696e-01 -3.844469207348649720e-02 -4.171100345222507333e-03 1.529537396837628904e+01 3.847135492496008002e-02 9.992384823544493422e-01 6.512313890972541881e-03 5.576575909834278200e-01 3.917560076483930787e-03 -6.667910718629072898e-03 9.999700953977050943e-01 -3.100345151580533032e-01
9.992110259150528417e-01 -3.969134327099636816e-02 -1.386708019605234054e-03 1.586680642769124461e+01 3.969744054971444114e-02 9.992007504717869137e-01 4.687586843953272381e-03 5.784262003468325641e-01 1.199543075338839731e-03 -4.738937218580544647e-03 9.999880517138436398e-01 -3.239045102710343960e-01
9.991675425869988025e-01 -4.078565518670437123e-02 8.672782997544370648e-04 1.643329253610816565e+01 4.078344566693069967e-02 9.991650575174131355e-01 2.428661309661671232e-03 6.199096966274417753e-01 -9.656087149988971810e-04 -2.391268955134630888e-03 9.999966747107681408e-01 -3.434489436365480430e-01
9.991256162610782088e-01 -4.176914245353388622e-02 1.828023418093556755e-03 1.700555288241870855e+01 4.176692646032445499e-02 9.991266190438308215e-01 1.234087558350552023e-03 6.458773464069491599e-01 -1.877973636277640397e-03 -1.156657572585859974e-03 9.999975676761825305e-01 -3.546345176138817612e-01
9.990976783642135928e-01 -4.244340430362138206e-02 1.544836029428780545e-03 1.758773972317923651e+01 4.244105078250517971e-02 9.990978078124437278e-01 1.525658168150177208e-03 6.815787051772530525e-01 -1.608196416891894808e-03 -1.458717069400610475e-03 9.999976429216201890e-01 -3.637364062747180937e-01
9.990275605321407015e-01 -4.406972105499596531e-02 1.339023276456680848e-03 1.817612397443032179e+01 4.406437126468685378e-02 9.990214977217928283e-01 3.791869559176637948e-03 7.150431145716967807e-01 -1.504819672879940257e-03 -3.729178976774475199e-03 9.999919143382667297e-01 -3.769353213533194191e-01
9.989574106013249244e-01 -4.561773683973989468e-02 1.764621862102885462e-03 1.875455355940669477e+01 4.560781563565023677e-02 9.989453392898778317e-01 5.304362730379270918e-03 7.549177685286532213e-01 -2.004733807893668493e-03 -5.218351909476424272e-03 9.999843748007807287e-01 -3.858571645323414234e-01
9.988806238805008064e-01 -4.723201817527744595e-02 2.575984315103704327e-03 1.934335160124867059e+01 4.722274715305012360e-02 9.988780812523567754e-01 3.548372152010139009e-03 7.902944827885665102e-01 -2.740691047983345556e-03 -3.422755132977717794e-03 9.999903866337311875e-01 -4.156138134062825618e-01
9.988133948995541189e-01 -4.866322084339484710e-02 1.921745658053341079e-03 1.994555373867770598e+01 4.866178189265049636e-02 9.988150024439330643e-01 7.885911222632987138e-04 8.249914448025985614e-01 -1.957843778083005054e-03 -6.941398079501149903e-04 9.999978425065064735e-01 -4.237649594320970214e-01
9.987749449821644587e-01 -4.946369823986498937e-02 1.397079922563201687e-03 2.054841286335275186e+01 4.946521943824454259e-02 9.987752670468619254e-01 -1.076104732845385541e-03 8.652453568960553065e-01 -1.342140752963916174e-03 1.143893310285051118e-03 9.999984450819380255e-01 -4.411673256255274067e-01
9.987452333958152240e-01 -5.007947512771432352e-02 7.028564024354930727e-05 2.114014274470362764e+01 5.007952012007398090e-02 9.987435797775949808e-01 -1.817558136023031748e-03 9.026487959100079062e-01 2.082502552233758469e-05 1.818797395907514707e-03 9.999983457698072842e-01 -4.487365733869524975e-01
9.987153079738192440e-01 -5.065092177708822169e-02 -1.489208477872038493e-03 2.175601018560746169e+01 5.064826139222127627e-02 9.987149794525311819e-01 -1.772973512365201001e-03 9.391643622552143800e-01 1.577097557066167027e-03 1.695269967176460781e-03 9.999973194079241345e-01 -4.572858295135741047e-01
9.986636376958026862e-01 -5.162415307989628999e-02 -2.426017924506379802e-03 2.237385717223900983e+01 5.162187454029770750e-02 9.986662088411946137e-01 -9.926669638899000923e-04 9.854401223323342451e-01 2.474027714548777523e-03 8.661048082473538383e-04 9.999965645187631758e-01 -4.714889313012046723e-01
9.986373591055242027e-01 -5.205831165787832421e-02 -3.654748428488643203e-03 2.298715155835749258e+01 5.205609178325141390e-02 9.986439171875217680e-01 -6.999804395644747745e-04 1.034260710242493886e+00 3.686232086838103772e-03 5.087746979540924480e-04 9.999930763966862202e-01 -4.861808754468139315e-01
9.986003715101888778e-01 -5.270965601902170145e-02 -4.357772604118679768e-03 2.361230018603482605e+01 5.271159614873951321e-02 9.986097224392005423e-01 3.314835666171995956e-04 1.062788470737537905e+00 4.334241705879756518e-03 -5.607247623898027307e-04 9.999904499226859311e-01 -4.990484316199067516e-01
9.985957166189857181e-01 -5.277043161539970995e-02 -4.677210422751366253e-03 2.425300504409199576e+01 5.277244429391464431e-02 9.986065162727203459e-01 3.078650787388232356e-04 1.108652592259353975e+00 4.654446633053843305e-03 -5.542605754107190683e-04 9.999890144005355586e-01 -5.047686456472106897e-01
9.986152172314646247e-01 -5.246980650167866467e-02 -3.816715791244359567e-03 2.488566084708332582e+01 5.246859081687434145e-02 9.986224873479960795e-01 -4.180198473951165844e-04 1.149007916185363909e+00 3.833391637459499911e-03 2.171832815984349972e-04 9.999926289428218151e-01 -5.106258747910379370e-01
9.986368660068241088e-01 -5.217043085056670415e-02 -1.629722962555128166e-03 2.554512185364274046e+01 5.217111176267660855e-02 9.986380886679289137e-01 3.780993414214920572e-04 1.188606228961019529e+00 1.607777818838013358e-03 -4.626084001780670480e-04 9.999986005209974271e-01 -5.183150205930217025e-01
9.986668730101397884e-01 -5.160537621020917787e-02 1.167004006930575169e-03 2.620443419591896017e+01 5.160403720075606993e-02 9.986669621538996067e-01 1.149802976476307697e-03 1.239718882079764883e+00 -1.224784361591463831e-03 -1.088048024908268687e-03 9.999986580264811353e-01 -5.365924188611503887e-01
9.986777922321637968e-01 -5.130563694518720103e-02 3.224735638722166578e-03 2.687963012278896358e+01 5.130152017908324452e-02 9.986823020695575481e-01 1.346684953547661739e-03 1.278507826556946947e+00 -3.289578940551061113e-03 -1.179470515799138815e-03 9.999938937412049533e-01 -5.585250917359325662e-01
9.986943476330406577e-01 -5.098484510430578015e-02 3.185212003199656885e-03 2.755902103295985839e+01 5.098239333613693164e-02 9.986991936259204117e-01 8.462982073355086732e-04 1.324264977911324692e+00 -3.224217042136152348e-03 -6.828035048718379685e-04 9.999945690871721027e-01 -5.791457317531525373e-01
9.987477745017081521e-01 -4.999578066525910136e-02 1.817922868692731057e-03 2.824679008470648611e+01 4.999594922693970100e-02 9.987494194327171115e-01 -4.736779261240566332e-05 1.360988881331404832e+00 -1.813281219910277409e-03 1.381972568963529368e-04 9.999983464550007417e-01 -5.981551780654557060e-01
9.987871889192004859e-01 -4.923097967653990159e-02 -6.796256097965887658e-04 2.894429768517128210e+01 4.923164926545399445e-02 9.987868800971295702e-01 1.006407693404183642e-03 1.416266773224300834e+00 6.292547057425493511e-04 -1.038646200655147069e-03 9.999992626260206796e-01 -6.186729212965139668e-01
9.988231310125484930e-01 -4.837897178640333806e-02 -3.439192227803440378e-03 2.965247878160576533e+01 4.838428003798936339e-02 9.988277023178699920e-01 1.477338014754793006e-03 1.455702014788928578e+00 3.363688376591583967e-03 -1.642002221315762853e-03 9.999929946900679711e-01 -6.329477156266373195e-01
9.988764654298996071e-01 -4.705852718573284160e-02 -5.594803783896006889e-03 3.036432185930808458e+01 4.707237822723591564e-02 9.988886689847082945e-01 2.370270446579435166e-03 1.493056038561508814e+00 5.477044668678594623e-03 -2.630968085614939205e-03 9.999815398239257913e-01 -6.486368813815499568e-01
9.989628040319518121e-01 -4.494767614398063882e-02 -7.281659829743305536e-03 3.109176970705279786e+01 4.495916716175220318e-02 9.989878132487022278e-01 1.422064941409493556e-03 1.531268742719987364e+00 7.210370915693999593e-03 -1.747967342886406344e-03 9.999724772019609187e-01 -6.530872748949011486e-01
9.990800468186586958e-01 -4.236180101281802196e-02 -6.673669438715774775e-03 3.181859161084809884e+01 4.237827594003507753e-02 9.990988810683334442e-01 2.346822608194395598e-03 1.572756646459752217e+00 6.568240036500150487e-03 -2.627482246276419391e-03 9.999749769668581090e-01 -6.500097320294921932e-01
9.992199764814901908e-01 -3.941565615635168884e-02 -2.417571114673184880e-03 3.255896818938921911e+01 3.942652559694397041e-02 9.992117619120276517e-01 4.626438804842166949e-03 1.618554559986318697e+00 2.233311371880156420e-03 -4.718146503202538117e-03 9.999863756141332827e-01 -6.632891224182977385e-01
9.993187350174806971e-01 -3.687045822696258940e-02 1.623315494913090719e-03 3.331166319096101347e+01 3.686012623737550814e-02 9.993024755900258294e-01 5.991107861709189970e-03 1.656714166454923864e+00 -1.843078084878675433e-03 -5.927190715650927123e-03 9.999807355511372009e-01 -6.806145510495897888e-01
9.994076862887896207e-01 -3.426710422228154002e-02 3.168935958269281962e-03 3.405092813968228427e+01 3.425864894088095219e-02 9.994093933173840982e-01 2.685055255229623888e-03 1.688719131187848665e+00 -3.259073431789084874e-03 -2.574901395676112200e-03 9.999913741243815490e-01 -7.005790967716729600e-01
9.995105474638557030e-01 -3.118225187026957279e-02 2.516481035609158950e-03 3.477218285295919031e+01 3.118236977638345203e-02 9.995137116403276512e-01 -7.622651015883470356e-06 1.718425316757695720e+00 -2.515019608750309991e-03 8.608876227763278622e-05 9.999968336275333325e-01 -7.124057404982498953e-01
9.996197397828967546e-01 -2.753351304846373554e-02 1.510462043138674883e-03 3.551035176500977286e+01 2.753314611773915316e-02 9.996208564234119187e-01 2.631884948198555288e-04 1.746997556781353156e+00 -1.517135865013666566e-03 -2.215006425666403217e-04 9.999988246174255080e-01 -7.308240574719679916e-01
9.997045304519577291e-01 -2.430607732014455208e-02 -2.576803018384709785e-04 3.623889511988720358e+01 2.430656452174271426e-02 9.997023561053431928e-01 2.095260980394625123e-03 1.772645222066832504e+00 2.066760294745018166e-04 -2.100905217462336032e-03 9.999977717386604459e-01 -7.505514289932443406e-01
9.997763136582021870e-01 -2.100298208556752172e-02 -2.489456070999669819e-03 3.696772913616575096e+01 2.101057910135136625e-02 9.997745526465772192e-01 3.065851621040523341e-03 1.793715266736955360e+00 2.424502803043278830e-03 -3.117470745605996005e-03 9.999922015507463069e-01 -7.556275988741150140e-01
9.998320178667751135e-01 -1.794411333773110809e-02 -3.734279713049829755e-03 3.769363461678864979e+01 1.796660737991467513e-02 9.998201016675553054e-01 6.079911244032542780e-03 1.820770358838368130e+00 3.624509305910304183e-03 -6.145982265023098440e-03 9.999745445931558230e-01 -7.690681183648391261e-01
9.998839071876065576e-01 -1.463870995458291246e-02 -4.228512517591942639e-03 3.841227378286736638e+01 1.466464905551605885e-02 9.998734322947557818e-01 6.169883239005329555e-03 1.834941456571151708e+00 4.137658193276552536e-03 -6.231176612005316813e-03 9.999720257200725992e-01 -7.898898936184358677e-01
9.999219155275617110e-01 -1.055499861531177148e-02 -6.689906720011883252e-03 3.912163616122717258e+01 1.058492274543592314e-02 9.999340606319587765e-01 4.453515303138639962e-03 1.858566357079679099e+00 6.642458743932612951e-03 -4.523979698551197810e-03 9.999677051532825933e-01 -8.019059265047421281e-01
9.999309288783122529e-01 -5.971267418093072037e-03 -1.012331161118903977e-02 3.983746810762321644e+01 6.015776015340610315e-03 9.999723480425931621e-01 4.371909092843481379e-03 1.865882768309844453e+00 1.009692584348658925e-02 -4.432506695364931554e-03 9.999392006381720988e-01 -7.951974209475305422e-01
9.999435610318132550e-01 -7.066090824639989238e-04 -1.060072896648448122e-02 4.054760745158139201e+01 7.871710585950300078e-04 9.999708293808780013e-01 7.597417261373399892e-03 1.882932324528078460e+00 1.059505133261722833e-02 -7.605333058024711483e-03 9.999149482812704770e-01 -7.991410667227208942e-01
9.999453639907113223e-01 4.366277168036168319e-03 -9.497613235738952900e-03 4.127274768518873316e+01 -4.272728105243601970e-03 9.999423803142599709e-01 9.847834583828330920e-03 1.893153285864698887e+00 9.540064361546996344e-03 -9.806715818441459273e-03 9.999064033682522057e-01 -8.086534608264861479e-01
9.999201536025239534e-01 9.228289459104376674e-03 -8.632791736383807132e-03 4.197399858458863520e+01 -9.141109430962700982e-03 9.999073698775093888e-01 1.008423437910511457e-02 1.889686423255686254e+00 8.725052313651662436e-03 -1.000451589536164622e-02 9.999118876800212607e-01 -8.168967631844226140e-01
9.998662822565376196e-01 1.428511668146902405e-02 -7.959462788819988976e-03 4.268625697332716129e+01 -1.419797622965159739e-02 9.998398013488463132e-01 1.089904168639298232e-02 1.886169882525745134e+00 8.113881775823630904e-03 -1.078457602765631185e-02 9.999089247738673913e-01 -8.184737368053249806e-01
9.997720754978585145e-01 2.028960095245601822e-02 -6.642977336578236199e-03 4.338775249581447468e+01 -2.020631518629924586e-02 9.997192642651908656e-01 1.237325679266764421e-02 1.884828610805090676e+00 6.892160858259824795e-03 -1.223620653043496452e-02 9.999013818214516069e-01 -8.173922808904796611e-01
9.996475113182623495e-01 2.637038388934263497e-02 -3.075055891082190823e-03 4.409237858598380200e+01 -2.633022840039122084e-02 9.995758963441637723e-01 1.243971543664667764e-02 1.870869772623382499e+00 3.401791820175436611e-03 -1.235436365379505991e-02 9.999178953849771068e-01 -8.281299773839042588e-01
9.994601860138606630e-01 3.283411711885320799e-02 1.121305562503062750e-03 4.479137441538495068e+01 -3.284484548888099570e-02 9.993944405689961785e-01 1.148774497430668680e-02 1.855844475974036900e+00 -7.434365814267488576e-04 -1.151837283684658923e-02 9.999333849758397230e-01 -8.365715368231598781e-01
9.992165616473741574e-01 3.932836159676949411e-02 4.420735652919421076e-03 4.549171789300874025e+01 -3.937273019079983588e-02 9.991700255702757882e-01 1.044261074716460597e-02 1.835087346360722460e+00 -4.006375783888126672e-03 -1.060848603751098074e-02 9.999357024214458045e-01 -8.605587700550334507e-01
9.989670615743446724e-01 4.512288061346320100e-02 5.360553578002007907e-03 4.617701918457594701e+01 -4.517135256579689340e-02 9.989360161577789388e-01 9.294327851009717353e-03 1.806052403418290986e+00 -4.935463189606156473e-03 -9.526870838251542614e-03 9.999424383108935777e-01 -8.750204974844312256e-01
9.986931974888537678e-01 5.089714742057130370e-02 4.623599673187111028e-03 4.687575824332926544e+01 -5.093781265275414138e-02 9.986599096377941631e-01 9.150088763812021242e-03 1.771896498548155563e+00 -4.151690215103321854e-03 -9.373647458772400853e-03 9.999474477199671307e-01 -8.917147391225141995e-01
9.984054765866873238e-01 5.637739398445364147e-02 2.844955049099916981e-03 4.757487881352935233e+01 -5.640097587955099356e-02 9.983673494994406150e-01 9.031355008861175274e-03 1.739218217233974295e+00 -2.331145972266899982e-03 -9.177412542948298543e-03 9.999551694238459909e-01 -9.124024597441166007e-01
9.981084649833880107e-01 6.147399467289511865e-02 6.634059555199140010e-04 4.826001501158689422e+01 -6.147749044862090007e-02 9.980668020336503909e-01 9.120134125212080514e-03 1.705013496529298900e+00 -1.014723838464623397e-04 -9.143667605452076783e-03 9.999581906490272454e-01 -9.237162050498662902e-01
9.977746715182315151e-01 6.667428401385137871e-02 -4.946998337287531649e-04 4.895268656437216492e+01 -6.666631657258866028e-02 9.977277409630592730e-01 9.744595804539322309e-03 1.669319801950379212e+00 1.143289695833029241e-03 -9.689931062228391428e-03 9.999523979293617471e-01 -9.307808625226017263e-01
9.974214491334142396e-01 7.175591902600240990e-02 1.241327246840553174e-03 4.964799658324191967e+01 -7.176480784963791548e-02 9.973706710102775430e-01 1.007754746023033394e-02 1.628428243340133585e+00 -5.149397095877192689e-04 -1.014064560284172987e-02 9.999484497432120644e-01 -9.397034026498031212e-01
9.970307211214201049e-01 7.694641826030695908e-02 2.998309025268624649e-03 5.033678801881722364e+01 -7.697020782070715383e-02 9.969941122303277448e-01 8.850270396871116191e-03 1.576085649422864110e+00 -2.308299837165414450e-03 -9.054771944697594110e-03 9.999563404753686324e-01 -9.622945172088930299e-01
9.966391329841711721e-01 8.186532637772842014e-02 2.916666183764877063e-03 5.103245470170488574e+01 -8.188355024305501995e-02 9.966187009284785958e-01 6.800673439071187529e-03 1.522831867190800548e+00 -2.350064712427863464e-03 -7.016644262024921558e-03 9.999726215747847258e-01 -9.755141264486371089e-01
9.962296149479592522e-01 8.675130885772770750e-02 8.744781940851848118e-04 5.172610142112333875e+01 -8.675338423691895950e-02 9.962261326586088206e-01 2.709784403507212690e-03 1.470152963899020060e+00 -6.361006856612604196e-04 -2.775431415676254780e-03 9.999959461699705621e-01 -9.939459579005831547e-01
