1.000000000000000000e+00 0.000000000000000000e+00 0.000000000000000000e+00 0.000000000000000000e+00 0.000000000000000000e+00 1.000000000000000000e+00 0.000000000000000000e+00 0.000000000000000000e+00 0.000000000000000000e+00 0.000000000000000000e+00 1.000000000000000000e+00 0.000000000000000000e+00
9.999999995969379718e-01 2.445824693239750185e-05 -1.441936943031332323e-05 -5.761853747959142479e-03 -2.445783138483998329e-05 9.999999992856635211e-01 2.881817725320425525e-05 2.467926568531926459e-03 1.442007426210844164e-05 -2.881782457508254286e-05 9.999999994807972081e-01 1.373867411082749408e-03
9.999999879963147320e-01 1.249787102051148056e-04 -9.158434537637259818e-05 2.796529006579768703e-03 -1.249760077099543697e-04 9.999999917549784456e-01 2.951339412703445536e-05 3.228408344901282333e-03 9.158803316718948568e-05 -2.950194792691109317e-05 9.999999953706336653e-01 -4.070154608978995142e-03
9.999999983636920220e-01 -1.068107059389345083e-05 -5.620080686382678025e-05 -8.519003696827228550e-03 1.068461820822153060e-05 9.999999979506009051e-01 6.312398224329405084e-05 -3.790949079645142966e-04 5.620013251693839202e-05 -6.312458262416810895e-05 9.999999964284160825e-01 -4.478580889622305744e-04
9.999999991031375268e-01 -1.867901454033365393e-05 -3.801077989812707365e-05 -2.061955182940212322e-03 1.868003502951456467e-05 9.999999994651425084e-01 2.684718442600069483e-05 -2.788004628528557502e-03 3.801027839884845924e-05 -2.684789444462245891e-05 9.999999989172047021e-01 -1.540552754133043059e-04
9.999999974505446865e-01 -4.460851669352939664e-05 -5.575832486498283249e-05 -4.608216335318143959e-03 4.461035594608278381e-05 9.999999984609416748e-01 3.298534310076120480e-05 1.980756780847105908e-04 5.575685335193916010e-05 -3.298783041538573481e-05 9.999999979014881912e-01 -2.112074663336240346e-03
9.999999782130877257e-01 2.087065989931783175e-04 -3.921682486184437474e-06 -7.558892039182312991e-03 -2.087066986865343727e-04 9.999999778972139541e-01 -2.543787753394569337e-05 2.967531414371583302e-03 3.916373346598614255e-06 2.543869546113787622e-05 9.999999996687674031e-01 6.284167529135159525e-05
9.999999851095120462e-01 1.400269071761284787e-04 -1.008634771815597280e-04 -9.605598944670400846e-04 -1.400240700336780346e-04 9.999999898008392618e-01 2.813505343571302890e-05 2.684905122631428900e-03 1.008674158173527538e-04 -2.812092970217564577e-05 9.999999945174888882e-01 -2.642870803503505773e-03
9.999999987149645886e-01 4.305767172884458353e-05 -2.676018925524382915e-05 -6.080853966495980249e-03 -4.305744068573312875e-05 9.999999990357523183e-01 8.634353117898569766e-06 -9.607455377608469654e-04 2.676056100458251859e-05 -8.633200881541522464e-06 9.999999996046701201e-01 -1.137654903532866676e-03
9.999999990225666435e-01 -4.035738057105658179e-05 -1.805958099566001363e-05 -1.948581450514684163e-03 4.035783444567738452e-05 9.999999988698036191e-01 2.513240952761139650e-05 -3.071521020558943237e-03 1.805856669703316726e-05 -2.513313834862612565e-05 9.999999995211067416e-01 -5.865629279844259553e-04
9.999999836720150359e-01 1.696079374859043134e-04 -6.236278657040852111e-05 -2.616784838011442394e-03 -1.696075225249613733e-04 9.999999855944714522e-01 6.659211732799689219e-06 4.035394762784709835e-03 6.236391512720690865e-05 -6.648634426340221278e-06 9.999999980332688887e-01 -1.333778459807044526e-03
9.999999919455994091e-01 1.242324229274223305e-04 -2.598280804931431566e-05 -2.733023761200776246e-03 -1.242324759341182055e-04 9.999999922810682840e-01 -2.038464019365867912e-06 3.446103247400427241e-03 2.598255460543061760e-05 2.041691911522949523e-06 9.999999996603691210e-01 -2.191903489778351376e-03
9.999999917116930703e-01 1.266228262038696236e-04 -2.330823285250678155e-05 2.199175306732016350e-03 -1.266234750991312031e-04 9.999999915957045182e-01 -2.784037499088669483e-05 8.765994439929522541e-04 2.330470742965358628e-05 2.784332612957932660e-05 9.999999993408199561e-01 -6.502883299333355946e-04
9.999999438408961883e-01 -1.180163188281483201e-04 3.136723656897250035e-04 -2.426955885571264668e-02 1.180887920185897354e-04 9.999999663380217951e-01 -2.310389414894464691e-04 1.788379113644595784e-03 -3.136450887655121761e-04 2.310759697052604722e-04 9.999999241153243457e-01 2.095754858118578385e-03
9.999993678003328279e-01 1.423752736434014273e-04 -1.115404956126726582e-03 -9.569431342090407855e-02 -1.434419857616986795e-04 9.999995324347428216e-01 -9.563235291307156140e-04 2.792906459834057498e-02 1.115268277777969668e-03 9.564829204451339925e-04 9.999989206579632528e-01 -9.608370063589855362e-03
9.999984394036056656e-01 8.487804752540648501e-05 -1.764648993479585228e-03 -1.241315476435914666e-01 -8.575820132002681250e-05 9.999998719718063978e-01 -4.987002121755645858e-04 4.040872409822222899e-02 1.764606438854452505e-03 4.988507670294535252e-04 9.999983186546006486e-01 1.887044175445124622e-03
9.999972817107685152e-01 -9.028883298136384421e-05 -2.329896778935433652e-03 -1.334730682919054168e-01 9.025811986702623265e-05 9.999999958384594434e-01 -1.328732094578676728e-05 3.509519879403341647e-02 2.329897968936175696e-03 1.307699272425437308e-05 9.999972856985396286e-01 -1.110393564159241342e-03
9.999963687244474153e-01 9.422692462648319593e-05 -2.693261815275007406e-03 -8.372270399187048406e-02 -9.403110876144533340e-05 9.999999929267979759e-01 7.283237385451952280e-05 3.231732707327591991e-02 2.693268658995623659e-03 -7.257885898542573949e-05 9.999963705115332280e-01 -9.744507672010530031e-03
9.999961995503762191e-01 4.843402392948234730e-04 -2.714092728101737302e-03 -3.726473838134253258e-02 -4.841068497292205157e-04 9.999998790663302550e-01 8.664804036369780469e-05 4.515530452665306865e-02 2.714134367009147890e-03 -8.533380018171108413e-05 9.999963130895935803e-01 -1.808694418843451862e-02
9.999967315961574288e-01 6.068910187961352488e-04 -2.483642545538865265e-03 -4.831875709408692612e-03 -6.063111794097988689e-04 9.999997887662924745e-01 2.342095730844533531e-04 4.659004036440077268e-02 2.483784160596263016e-03 -2.327029473519666718e-04 9.999968883279496401e-01 -1.797065905753979578e-02
9.999970771928624602e-01 1.462189108145648710e-04 -2.413343274859838100e-03 -1.679846000934588635e-02 -1.456238341964737233e-04 9.999999589536794353e-01 2.467515719492708996e-04 3.662130517804736141e-02 2.413379255547068968e-03 -2.463994104410978402e-04 9.999970574396204182e-01 -1.457226613043894996e-02
9.999968727376968847e-01 1.041346750771401198e-04 -2.498733838547822703e-03 -1.263473380161461712e-02 -1.038680982263419931e-04 9.999999889010611209e-01 1.068143047828340052e-04 4.444204956704576881e-02 2.498744933887450670e-03 -1.065544320147014613e-04 9.999968724550634125e-01 -1.162582271027613051e-02
9.999970413125907065e-01 -2.121806749731317129e-05 -2.432471142372090965e-03 -1.096026370192937707e-02 2.130396629827369922e-05 9.999999991504672225e-01 3.528748428456513007e-05 4.384544083045360807e-02 2.432470391573403855e-03 -3.533920116316828476e-05 9.999970409150894524e-01 -8.368840021243578731e-03
9.999972830573872207e-01 -2.328409372617548613e-04 -2.319410041733610105e-03 -9.588811577494535734e-03 2.329764514503549909e-04 9.999999711699182336e-01 5.815613252836410033e-05 5.661831618238503949e-02 2.319396433736423558e-03 -5.869634244247085920e-05 9.999973084738391638e-01 -7.923228652578556339e-04
9.999965341040958355e-01 -5.456287720905933242e-04 -2.575668658621926236e-03 -1.556059521857328792e-02 5.458612692118280929e-04 9.999998470068179879e-01 8.956458727998913689e-05 6.131503731724817496e-02 2.575619395546401968e-03 -9.097023462151742311e-05 9.999966789490581931e-01 3.830953858001410160e-03
9.999920158073531962e-01 4.161538689699286722e-04 -3.974309688943348205e-03 5.008987994490510243e-02 -4.188541028159978199e-04 9.999996820221290772e-01 -6.786139412954546703e-04 8.780461177918816307e-02 3.974026017383607869e-03 6.802731790300898087e-04 9.999918721397764720e-01 -7.370405033034750295e-03
9.999753511286396668e-01 5.391710148451770270e-04 -7.000459254259828144e-03 1.652808329489326988e-01 -5.475045091512036012e-04 9.999991437824968799e-01 -1.188559247796256661e-03 9.674710742351039228e-02 6.999812423648246913e-03 1.192362734160090122e-03 9.999747901308032594e-01 -3.985525682995008645e-02
9.999730847622007035e-01 1.377887676168390596e-04 -7.335582146228869505e-03 2.215832697643355664e-01 -1.444642125890039004e-04 9.999995759818389729e-01 -9.094867967498863762e-04 9.312921968585523291e-02 7.335453718743929416e-03 9.105220467951134463e-04 9.999726806609980923e-01 -3.594956113189588798e-02
9.999728479477797416e-01 -8.720472146740794375e-04 -7.317301474044783476e-03 2.926239263059139950e-01 8.661098494536286375e-04 9.999992931854844169e-01 -8.145442040107024823e-04 7.217115639524074311e-02 7.318006623074223456e-03 8.081845005858476075e-04 9.999728964411374044e-01 -3.084291471695808570e-02
9.999724661274870252e-01 -1.651012459051133139e-03 -7.234718016058626876e-03 3.723575692024633232e-01 1.646910411591831708e-03 9.999984797257124303e-01 -5.729156657694806825e-04 6.391784939934899712e-02 7.235652908205021140e-03 5.609849587570008142e-04 9.999736649646669973e-01 -3.103558785478708476e-02
9.999720583542155428e-01 -1.896057442533956999e-03 -7.231008021565001227e-03 4.648664891548817124e-01 1.892048935365462509e-03 9.999980526287276517e-01 -5.611502282610923795e-04 6.866117253037652690e-02 7.232057913174384269e-03 5.474531277713612452e-04 9.999736984708215148e-01 -3.007254276848999458e-02
9.999703917500559758e-01 -2.171779918529076134e-03 -7.382343477856305285e-03 5.870965891199294573e-01 2.166276376719703141e-03 9.999973698026937141e-01 -7.534151274286936912e-04 5.962542764897947600e-02 7.383960312680441611e-03 7.374006238443782087e-04 9.999724663061582142e-01 -3.331533251520695654e-02
9.999694834580488134e-01 -1.972890120524939134e-03 -7.559091031030640284e-03 7.396852546215703095e-01 1.966783184418009669e-03 9.999977335700973580e-01 -8.152414206978577044e-04 7.510708120276618494e-02 7.560682280625428270e-03 8.003494492195265984e-04 9.999710973444235762e-01 -3.831465916800944754e-02
9.999685409012188941e-01 -2.212953194183153206e-03 -7.617089079666061573e-03 8.805950784885289151e-01 2.209342094135443788e-03 9.999974430163645067e-01 -4.824606139367541217e-04 9.995589310452988874e-02 7.618137265650614005e-03 4.656166806221566389e-04 9.999708731686680618e-01 -4.874210491672449630e-02
9.999695119496641027e-01 -2.353276785532708824e-03 -7.445620156933715171e-03 1.012532488738236092e+00 2.349441520875569095e-03 9.999971028705645359e-01 -5.238081877454749385e-04 1.125036044776737965e-01 7.446831251656686919e-03 5.062991687097124181e-04 9.999721437947465263e-01 -6.064065542268550629e-02
9.999683035180915169e-01 -2.991434886924691089e-03 -7.378568727557459003e-03 1.150487377867223104e+00 2.986681771261866583e-03 9.999953252683271288e-01 -6.551133411670521023e-04 1.136282215488356451e-01 7.380493963632184587e-03 6.330551396622870414e-04 9.999725633986379369e-01 -6.301868547660047226e-02
9.999649372169993056e-01 -3.653459902360428526e-03 -7.535022716919045557e-03 1.327935167760761592e+00 3.648499341780600275e-03 9.999931184275158147e-01 -6.719748249759098383e-04 1.117460299369397031e-01 7.537425897192494284e-03 6.444597382454588007e-04 9.999713855318511646e-01 -7.433515202743298800e-02
9.999711934052242235e-01 -3.961947501242392596e-03 -6.474205104025002391e-03 1.499216762402798775e+00 3.963262429979719746e-03 9.999921281401519257e-01 1.902856826710205959e-04 1.139572840295389050e-01 6.473400238104816060e-03 -2.159391750412334953e-04 9.999790240098188621e-01 -6.846260970086545661e-02
9.999715436867704366e-01 -3.974111662608209410e-03 -6.412351611583862708e-03 1.669914821794533433e+00 3.977017737105144508e-03 9.999919946075240818e-01 4.405119571092473100e-04 1.506341196644739311e-01 6.410549634486252361e-03 -4.660014578588382583e-04 9.999793436346697817e-01 -8.158538012699831365e-02
9.999697407707057728e-01 -3.966962890034797691e-03 -6.691841928539280643e-03 1.866196192338264170e+00 3.975781448942000175e-03 9.999912450043972889e-01 1.305019703189655520e-03 2.065874775782866601e-01 6.686606376759305498e-03 -1.331585515297962000e-03 9.999767578174892924e-01 -8.587169121543833383e-02
9.999669703008186028e-01 -5.063786943415189527e-03 -6.357386978430534970e-03 2.074449126237972063e+00 5.085875784490006928e-03 9.999810699803463043e-01 3.463170291291397477e-03 1.966608494114776562e-01 6.339729876466222193e-03 -3.495388784304693987e-03 9.999737946978111136e-01 -9.737579805372707786e-02
9.999656920416208905e-01 -5.791167213138839753e-03 -5.922594197792160897e-03 2.269150349096331176e+00 5.816600617196965306e-03 9.999738977813238394e-01 4.286130339420008567e-03 2.145469792328530134e-01 5.897617907450391703e-03 -4.320432656105000976e-03 9.999732756252447397e-01 -9.875459515270049171e-02
9.999675718469956953e-01 -5.922228448653923776e-03 -5.457331273191210266e-03 2.506030683750557930e+00 5.951888646118970623e-03 9.999675184098205660e-01 5.434808814426303480e-03 2.311384097913593283e-01 5.424967831019530257e-03 -5.467114001657537303e-03 9.999703397543975303e-01 -9.746529886353491601e-02
9.999667298448630115e-01 -6.569547613307217745e-03 -4.835312557354633396e-03 2.726516798599884162e+00 6.599513463109803538e-03 9.999589549059880733e-01 6.207650551894196463e-03 2.275737182397185587e-01 4.794332635628698221e-03 -6.239354732717903619e-03 9.999690419343482128e-01 -1.028501344270453671e-01
9.999597157193645947e-01 -7.684512412569088381e-03 -4.638448817070131916e-03 2.976260535190262235e+00 7.715233978443939745e-03 9.999481775613463519e-01 6.642089761516470868e-03 2.221576600089478770e-01 4.587167220123089528e-03 -6.677608907629245007e-03 9.999671831796138610e-01 -1.097695053381536195e-01
9.999576304372218560e-01 -8.280232259457563290e-03 -4.021825966628652695e-03 3.241208984062940335e+00 8.305410586553018878e-03 9.999457605418301531e-01 6.284594609813702257e-03 2.232078307926765870e-01 3.969569921941576950e-03 -6.317731250248358535e-03 9.999721640058208960e-01 -1.233634458308643794e-01
9.999471115007616540e-01 -8.781737300640248337e-03 -5.353063727048251383e-03 3.497275825580150155e+00 8.807502707368740011e-03 9.999496504604258318e-01 4.808787802757014639e-03 2.731874786905748587e-01 5.310564691535948553e-03 -4.855680596455666347e-03 9.999741097991499128e-01 -1.310737121796375915e-01
9.999208719312657756e-01 -9.898843081781042927e-03 -7.762910656410113366e-03 3.748328460030140086e+00 9.937883523168983615e-03 9.999380835302313919e-01 5.006753136308650202e-03 2.479309277976715076e-01 7.712868940741605603e-03 -5.083503863506516791e-03 9.999573339103887681e-01 -1.256130345607726628e-01
9.998778833686789991e-01 -1.061729384973090010e-02 -1.146697089378265200e-02 4.035964083963740734e+00 1.063786557385522705e-02 9.999419119848086401e-01 1.734494796112062611e-03 2.748291078679840349e-01 1.144788915927202541e-02 -1.856267080357887865e-03 9.999327477917319129e-01 -1.193457176978875711e-01
9.998260766283064704e-01 -1.083719169120360079e-02 -1.517800284279901060e-02 4.325544371832378054e+00 1.080247723003480848e-02 9.999388493688506907e-01 -2.367278731702688026e-03 2.891346260533519952e-01 1.520272935174755979e-02 2.202906976497191836e-03 9.998820051491628114e-01 -1.280343962694417692e-01
9.997961968667350430e-01 -1.096205784322184379e-02 -1.695281742527175034e-02 4.638401411283801679e+00 1.088104692968793613e-02 9.999289721088108207e-01 -4.863492071634955421e-03 2.882330636577273841e-01 1.700492718380963025e-02 4.678036474717333151e-03 9.998444621170907709e-01 -1.231107519706627490e-01
9.997641837135295972e-01 -1.126467992627048532e-02 -1.856566588567416798e-02 4.952763361366708139e+00 1.111742019415612980e-02 9.999060685493188494e-01 -8.016049305701216862e-03 3.092562347602201833e-01 1.865422021544659026e-02 7.807756681886433500e-03 9.997955085935074093e-01 -1.367011561886482540e-01
9.997530193640968843e-01 -1.136707296421728478e-02 -1.909685640616742147e-02 5.262544548796538990e+00 1.116860279657713381e-02 9.998828397498085163e-01 -1.046752527730208590e-02 3.360981589141491810e-01 1.921360413727488808e-02 1.025165479738901139e-02 9.997628423731156344e-01 -1.441832501350117923e-01
9.997434509855843698e-01 -1.183029050265725808e-02 -1.931518672074131193e-02 5.565819107463167548e+00 1.160250675605094088e-02 9.998623188259053718e-01 -1.186276650108674877e-02 3.407914799900954583e-01 1.945286735702879410e-02 1.163561853561086504e-02 9.997430661589424838e-01 -1.562854472737749134e-01
9.997160253993908618e-01 -1.257328245347689825e-02 -2.024305135076032158e-02 5.913902022385836510e+00 1.235152897786142602e-02 9.998627413285088306e-01 -1.104256469070452953e-02 3.594849685337376255e-01 2.037911410129200629e-02 1.078939624744753439e-02 9.997341049684471681e-01 -1.706477670350041442e-01
9.997601576567454185e-01 -1.309889569653900111e-02 -1.755124194154923656e-02 6.248231906387371914e+00 1.296801551682415753e-02 9.998874060950504461e-01 -7.550212319337694898e-03 3.729330937087569908e-01 1.764816522234004953e-02 7.320796680885408893e-03 9.998174574392277858e-01 -1.865610948457114004e-01
9.998659544629392437e-01 -1.391040954684253338e-02 -8.635601435600133782e-03 6.606217946998709678e+00 1.388233489791557661e-02 9.998981819106574909e-01 -3.302512610691358229e-03 4.065296171840110939e-01 8.680661478109965787e-03 3.182187612440886583e-03 9.999572589857537164e-01 -1.899737081228994873e-01
9.998703688652342825e-01 -1.575818972086416234e-02 3.305286980224570945e-03 6.977053078385966778e+00 1.576071398907778406e-02 9.998755190997814513e-01 -7.390531083627624887e-04 4.404362233783842839e-01 -3.293229396030417609e-03 7.910509868168152849e-04 9.999942644227922672e-01 -2.035661751611625436e-01
9.997282784810711531e-01 -1.683541459790234562e-02 1.612259348214880109e-02 7.326962235321928141e+00 1.684737271703998923e-02 9.998578892054981182e-01 -6.061567940732497019e-04 4.535141976442381151e-01 -1.611009738664006055e-02 8.776154297875354143e-04 9.998698388057069009e-01 -2.187741512328965354e-01
9.995785526351581574e-01 -1.816550668795812243e-02 2.264357477458251930e-02 7.680714876409179936e+00 1.827889454308248215e-02 9.998213540550358047e-01 -4.810612210279461079e-03 4.649345695424191294e-01 -2.255214238349053865e-02 5.222484305823159659e-03 9.997320273611275399e-01 -2.409940306418053846e-01
9.995556064991273360e-01 -1.988308864698026465e-02 2.220928414015146263e-02 8.037506568366772797e+00 2.006738742484620239e-02 9.997657653485779727e-01 -8.106441815824956890e-03 4.681343525780680137e-01 -2.204290085498692570e-02 8.548521675035712988e-03 9.997204775831435297e-01 -2.428351700698805626e-01
9.996051157949882304e-01 -2.068019407021985320e-02 1.902477462957603144e-02 8.435935944426827149e+00 2.083915795687492703e-02 9.997492489624557610e-01 -8.195650959748468703e-03 5.153030723324886209e-01 -1.885051649521923833e-02 8.588874910234354718e-03 9.997854216058762455e-01 -2.709722882579186920e-01
9.995717067008919043e-01 -2.253175729965068569e-02 1.867412852199128864e-02 8.807878865951700220e+00 2.263667972796614553e-02 9.997290309166712019e-01 -5.426368334985613023e-03 5.209716502489607493e-01 -1.854680279616131855e-02 5.846764524340441679e-03 9.998108978455061413e-01 -2.868133141615849535e-01
9.995825700124770785e-01 -2.348292418366636908e-02 1.682967614173323107e-02 9.214678588362644973e+00 2.351938249727955621e-02 9.997214368387452588e-01 -1.971641960751863154e-03 5.804587009175803392e-01 -1.677868809526262411e-02 2.366642528755551027e-03 9.998564270078694749e-01 -3.194937322281653502e-01
9.996279161182630713e-01 -2.477832379840166216e-02 1.140455991260858407e-02 9.628334082781021763e+00 2.477663597373510468e-02 9.996929701793881851e-01 2.892814164197782820e-04 6.374298435766054816e-01 -1.140822628122937013e-02 -6.607150072087433464e-06 9.999349240472911182e-01 -3.419270801904384371e-01
9.996488022582644684e-01 -2.601787909394511628e-02 5.034094861060529544e-03 1.003686330778062441e+01 2.600315095076399796e-02 9.996574508806977954e-01 2.969349985618301851e-03 6.592720603826367487e-01 -5.109626625212814605e-03 -2.837404828036307891e-03 9.999829202789379812e-01 -3.415636133192392898e-01
9.996222725960288713e-01 -2.748012200934771970e-02 3.937312558929307888e-04 1.045993120462423143e+01 2.747878513620325563e-02 9.996176648971677459e-01 3.072522249248086854e-03 6.628659398721299389e-01 -4.780140048984936330e-04 -3.060542416813145927e-03 9.999952022798539453e-01 -3.733212643134697917e-01
9.995875445924217173e-01 -2.871827896166827265e-02 -3.389945583915606245e-05 1.090218704025066643e+01 2.871826893217763882e-02 9.995840954416247426e-01 2.626246311361328262e-03 6.763819144512110970e-01 -4.153591729078080991e-05 -2.626136635558018375e-03 9.999965508346211340e-01 -3.903574702308378885e-01
9.995916027742063337e-01 -2.857476644349598791e-02 3.322438758106326454e-04 1.136710655693843108e+01 2.857320223468477402e-02 9.995836207893351588e-01 4.019597459745397755e-03 7.591552077813650268e-01 -4.469645949769688415e-04 -4.008462595839257236e-03 9.999918661920549345e-01 -4.029677033649730622e-01
9.995489653682808617e-01 -3.001293702085976872e-02 1.043763661534452937e-03 1.181704209757985069e+01 3.000652746588643865e-02 9.995334899205239321e-01 5.693051619015581169e-03 7.942789462502277686e-01 -1.214141934963774766e-03 -5.659164132597512345e-03 9.999832497200551451e-01 -4.220208275898884032e-01
9.995087690471538000e-01 -3.133574498187548935e-02 5.400780261168918947e-04 1.231430719868282786e+01 3.133160465985896509e-02 9.994881349683343297e-01 6.465184216940746305e-03 8.150640760223076819e-01 -7.423929429438533463e-04 -6.445086807137761185e-03 9.999789546329296286e-01 -4.444892161829507859e-01
9.994747346326353643e-01 -3.240347949047759496e-02 -5.189874114769871911e-04 1.280047982182743560e+01 3.240568670868820139e-02 9.994620890709142724e-01 5.040236000633708385e-03 8.374429750944965001e-01 3.553870586025945967e-04 -5.054406682681308188e-03 9.999871632541712518e-01 -4.460156311239059090e-01
9.994550447448498076e-01 -3.290540869124884693e-02 -2.616794400040390548e-03 1.331315758910987235e+01 3.291523682794295080e-02 9.994509005611433849e-01 3.805857601099732652e-03 9.076892248735166646e-01 2.490124219918842929e-03 -3.889915986407024504e-03 9.999893338606107296e-01 -4.668883364469841313e-01
9.994336220412456395e-01 -3.341040972783897167e-02 -4.022394229123688221e-03 1.383415286564926561e+01 3.342659232355445209e-02 9.994330686613672743e-01 4.025443051101583111e-03 9.629455715147337003e-01 3.885622106105476002e-03 -4.157618060944754529e-03 9.999838079453625683e-01 -5.060017124653302112e-01
9.993649722933782842e-01 -3.541133307536779157e-02 -3.961015385054398978e-03 1.436773724041067801e+01 3.543304132032282922e-02 9.993566329904690626e-01 5.551547599118160890e-03 9.640644156097442075e-01 3.761879297315278391e-03 -5.688373034387158959e-03 9.999767450677911063e-01 -5.069169453991821950e-01
9.993249405672528507e-01 -3.648883662102140463e-02 -4.269421775945317354e-03 1.488668399855708380e+01 3.651620307116919956e-02 9.993118057738711313e-01 6.517802868301212672e-03 1.011935810383663759e+00 4.028656540540735687e-03 -6.669306036561070856e-03 9.999696446810117934e-01 -5.321539263116952245e-01
9.992645692321610040e-01 -3.831472055807309818e-02 -1.517519627715971375e-03 1.544150495161534664e+01 3.832350563344819050e-02 9.992457811825184999e-01 6.259209606759935651e-03 1.057009544699669013e+00 1.276555218859437048e-03 -6.312763063434411251e-03 9.999792594995549067e-01 -5.421865328358352887e-01
9.992208253116532379e-01 -3.944385054929761686e-02 1.387413904834496276e-03 1.600081706747953447e+01 3.943832629152369679e-02 9.992147577387726631e-01 3.806092007437478220e-03 1.085386465718299442e+00 -1.536451373120845945e-03 -3.748409114603504060e-03 9.999917943394773800e-01 -5.576335140257071554e-01
9.992106073230073715e-01 -3.965173300844270637e-02 2.429461383492323347e-03 1.656509221106335872e+01 3.964626664462638644e-02 9.992112256237974943e-01 2.258346415336150940e-03 1.129820285122180135e+00 -2.517092435706534074e-03 -2.160244619401012218e-03 9.999944987792954709e-01 -5.862763571331919277e-01
9.991817077362867838e-01 -4.036971157414846051e-02 2.490243485623652459e-03 1.714735513140590939e+01 4.036441286661724553e-02 9.991827277911422556e-01 2.142582037035004917e-03 1.183653618652077189e+00 -2.574703697688617617e-03 -2.040311562537611492e-03 9.999946040002399839e-01 -6.170975713161042098e-01
9.991400511540088347e-01 -4.138148737006658306e-02 2.594355990520784763e-03 1.772950975823133390e+01 4.137145145049679618e-02 9.991365724065044418e-01 3.809551766424779974e-03 1.245469424560743832e+00 -2.749760870279140818e-03 -3.698943473872363767e-03 9.999893782597559788e-01 -6.354437787818759675e-01
9.990627721747686873e-01 -4.323349228645106263e-02 2.107699974737042587e-03 1.830039824392338232e+01 4.322122120779241933e-02 9.990500764405907397e-01 5.556149868099937231e-03 1.283260343033083783e+00 -2.345909583339738248e-03 -5.459845122994631469e-03 9.999823432438493809e-01 -6.523769128439647069e-01
9.990274057857871925e-01 -4.394378225759974776e-02 3.631320671143299737e-03 1.887648185920070887e+01 4.392481309417781143e-02 9.990215751429454283e-01 5.148125246123685592e-03 1.359022163829141316e+00 -3.853995791585228172e-03 -4.983613127530268916e-03 9.999801549614040219e-01 -6.665173766871161920e-01
9.989584306925201052e-01 -4.545631719888412747e-02 3.972024049767798604e-03 1.945583144205737014e+01 4.544684352762974611e-02 9.989637694547820468e-01 2.443712353798877142e-03 1.418007996397676607e+00 -4.078990281018202851e-03 -2.260651102537071522e-03 9.999891255883135432e-01 -6.894754653685695178e-01
9.988896491057053240e-01 -4.699237308917194461e-02 3.344515051383421551e-03 2.006415605403936553e+01 4.698956541321368946e-02 9.988949628362222555e-01 9.132155821607918942e-04 1.433614805784858559e+00 -3.383733405304574070e-03 -7.550442836399968690e-04 9.999939901101263517e-01 -7.049862440654057760e-01
9.988715125809830564e-01 -4.743522411053409382e-02 2.366615254421052233e-03 2.068164297965819287e+01 4.743691901322402704e-02 9.988740141745581225e-01 -6.652227728020064512e-04 1.489288645628314312e+00 -2.332395487879005986e-03 7.767370134314879101e-04 9.999969783008847424e-01 -7.302514127353408879e-01
9.988438558408245793e-01 -4.806726628196756473e-02 6.996865102058269503e-04 2.129143716057816604e+01 4.806769710865341910e-02 9.988438923636014932e-01 -6.125215104271524618e-04 1.570231531363343702e+00 -6.694353627431581192e-04 6.454456665040871890e-04 9.999995676279999079e-01 -7.574845480732088632e-01
9.988130734779823161e-01 -4.870470133488281200e-02 -5.443503894665482901e-04 2.189844484533730906e+01 4.870464130170015088e-02 9.988132171654392488e-01 -1.230093403996308332e-04 1.629632522291093455e+00 5.496954969539079305e-04 9.635094688964560125e-05 9.999998442756656836e-01 -7.742948276540125851e-01
9.987849658213022730e-01 -4.925427638834660449e-02 -1.615025324989247503e-03 2.249449021854611530e+01 4.925468358538966085e-02 9.987862287016263663e-01 2.133093660345518848e-04 1.701924168909799029e+00 1.602558655132740395e-03 -2.925977492289200252e-04 9.999986730952766800e-01 -8.011173228953493153e-01
9.987297264200661884e-01 -5.033468083962750611e-02 -2.313756614815819061e-03 2.310767874597810589e+01 5.033774537696710655e-02 9.987314243274052483e-01 1.285865979045508912e-03 1.733953873106709676e+00 2.246097785804167246e-03 -1.400701868805863913e-03 9.999964965333685285e-01 -8.184476120213294292e-01
9.987299935569230458e-01 -5.030484779712538629e-02 -2.796829972743391721e-03 2.374980363210901402e+01 5.030867256516659974e-02 9.987328520961114009e-01 1.314385292703680250e-03 1.800454599076406259e+00 2.727166023409658378e-03 -1.453420818232452252e-03 9.999952250553029165e-01 -8.369346664165244754e-01
9.987009382508788002e-01 -5.090847899839042595e-02 -2.182361767614832224e-03 2.438667926093303251e+01 5.091052873319357880e-02 9.987028179304021647e-01 8.941599300800828851e-04 1.825213730057674510e+00 2.134010525038822301e-03 -1.004103552593697043e-03 9.999972188837000786e-01 -8.550977294855599542e-01
9.987008938770622901e-01 -5.094494043534118777e-02 -1.066589516291864461e-03 2.501603463419602136e+01 5.094593328628208018e-02 9.987009840860695542e-01 9.253470192402618111e-04 1.862508514525743841e+00 1.018062250759354387e-03 -9.784832936025778406e-04 9.999990030593519652e-01 -8.864866294906571520e-01
9.987312454729551092e-01 -5.033017602942286423e-02 1.665141701825662013e-03 2.566978435472666931e+01 5.032601480973416391e-02 9.987298306425178573e-01 2.453083394008592245e-03 1.923640217499765992e+00 -1.786490808895444069e-03 -2.366171087400841151e-03 9.999956048328286773e-01 -9.125206003122457998e-01
9.987601577936539021e-01 -4.959622815720896027e-02 4.285015352793706232e-03 2.633135925933581234e+01 4.958612623261555996e-02 9.987668892588561498e-01 2.432489554123773694e-03 2.012392903957582746e+00 -4.400373761252560946e-03 -2.216996338715750917e-03 9.999878607453169810e-01 -9.333780466967218636e-01
9.987946639157428974e-01 -4.882049009052370075e-02 5.077310386343590609e-03 2.700085149535326678e+01 4.881159733758443781e-02 9.988062699107451703e-01 1.860954684328566203e-03 2.082344177711930922e+00 -5.162102167888102736e-03 -1.610879978360239134e-03 9.999853787765616842e-01 -9.643469515980751527e-01
9.988106081406221692e-01 -4.852814845268448030e-02 4.731582559224790409e-03 2.767097652835455079e+01 4.852192627595709740e-02 9.988211066190012533e-01 1.421141394908721073e-03 2.121095275860718665e+00 -4.794969888448455918e-03 -1.189865600795282034e-03 9.999877961673436788e-01 -9.827188259555419414e-01
9.988703868080784920e-01 -4.746868455754787997e-02 2.162023185724792646e-03 2.838947308564246796e+01 4.746470641902322818e-02 9.988711920761462748e-01 1.855609046782322842e-03 2.186536715960129218e+00 -2.247665997325033142e-03 -1.750893130542480148e-03 9.999959411771679463e-01 -1.020625569603813787e+00
9.989245018312008506e-01 -4.636596203429340507e-02 -1.928883656573175220e-04 2.907175496171864637e+01 4.636631477080569580e-02 9.989208294015763379e-01 2.709509594260418354e-03 2.261735096489167152e+00 6.705118722528988337e-05 -2.715539044331141509e-03 9.999963106691128756e-01 -1.046691332368253846e+00
9.989566252329228346e-01 -4.558174792499571776e-02 -2.822261389705373394e-03 2.978982426098130176e+01 4.558995323797667559e-02 9.989559854983471876e-01 2.914652772632907087e-03 2.309497096649629100e+00 2.686459939916023033e-03 -3.040278462257165696e-03 9.999917697860634114e-01 -1.070323925588344771e+00
9.990167818525638177e-01 -4.413961589417320780e-02 -4.142932012696950474e-03 3.050003568874220505e+01 4.415049778633053229e-02 9.990215781253484195e-01 2.572933181710666383e-03 2.345930280296623760e+00 4.025310195028451547e-03 -2.753315937769762554e-03 9.999881079938803818e-01 -1.078220023258726235e+00
9.991206232087116446e-01 -4.160007347305438863e-02 -5.235853900944611831e-03 3.123372663589755049e+01 4.161375431842082029e-02 9.991305652006370330e-01 2.531626627620832837e-03 2.417097772285639490e+00 5.125985813643382273e-03 -2.747283911801349805e-03 9.999830882072687777e-01 -1.111253597280152272e+00
9.992570675008949355e-01 -3.846848568638865790e-02 -2.342788617880357284e-03 3.194919868704734611e+01 3.847974850139709163e-02 9.992470268270113865e-01 4.968735517947958126e-03 2.487645467938374377e+00 2.149884829749478671e-03 -5.055193999660188321e-03 9.999849113905892040e-01 -1.139504077344330568e+00
9.993668600565877025e-01 -3.555046474723432687e-02 1.429502323308079340e-03 3.266777627841783982e+01 3.554025241548610520e-02 9.993462703008213488e-01 6.627404777232019997e-03 2.551794819121062208e+00 -1.664175135082927208e-03 -6.572403829147499890e-03 9.999770167503982954e-01 -1.167804186207072270e+00
9.994277471416700420e-01 -3.340790587418062535e-02 5.300006455467621419e-03 3.340474218938936701e+01 3.337907406781039782e-02 9.994279678952298074e-01 5.438235300833057714e-03 2.595269975622770620e+00 -5.478654734671481105e-03 -5.258213947100957852e-03 9.999711673485315311e-01 -1.172036381730365617e+00
9.995099294295334280e-01 -3.090270026266032227e-02 4.992403053164887715e-03 3.414406169680253100e+01 3.089299937907676735e-02 9.995206789508427336e-01 2.008715761567960931e-03 2.618693314110042358e+00 -5.052084830388245233e-03 -1.853501044667260145e-03 9.999855203815423144e-01 -1.212632641549532098e+00
9.996291912633606946e-01 -2.698705652465471436e-02 3.630255403484887629e-03 3.488624101715014802e+01 2.698401501663307347e-02 9.996354741068611549e-01 8.842175824582594341e-04 2.696986930323593601e+00 -3.652794511269505037e-03 -7.859308405317442549e-04 9.999930196781237068e-01 -1.257195423756208630e+00
9.997135999822875929e-01 -2.378725269895059363e-02 2.623855844171906881e-03 3.559011976919019560e+01 2.378039700487488695e-02 9.997137894232092092e-01 2.613800944555684427e-03 2.731244597543276420e+00 -2.685280012450232210e-03 -2.550656018260897672e-03 9.999931416890474045e-01 -1.265746736375865877e+00
9.997895660047992905e-01 -2.050924714153755726e-02 4.410097759536098705e-04 3.632694591546196250e+01 2.050732460460545983e-02 9.997817255457672747e-01 3.993858070761758736e-03 2.788116532240819456e+00 -5.228245370069295591e-04 -3.983973696622377866e-03 9.999919272714595797e-01 -1.297703186481422133e+00
9.998404533571586539e-01 -1.779914981111280214e-02 -1.502696427454256866e-03 3.707150478911859182e+01 1.780808537785579654e-02 9.998224562397372006e-01 6.158578887521388469e-03 2.816398035944451816e+00 1.392812164837443391e-03 -6.184356453212314260e-03 9.999799067028962707e-01 -1.319437702427771919e+00
9.998896702152719751e-01 -1.479115926712308918e-02 -1.367115331374694522e-03 3.778277237808383404e+01 1.480074546358928211e-02 9.998638863680178179e-01 7.290176319238218967e-03 2.818269044912621091e+00 1.259099089318340987e-03 -7.309606321693335775e-03 9.999724917841016358e-01 -1.322784216779502975e+00
9.999380392977558207e-01 -1.081885503470932791e-02 -2.621057248082203639e-03 3.851633440319083235e+01 1.083472996503537233e-02 9.999225731770304826e-01 6.120153397651883348e-03 2.868009670690052193e+00 2.554641255547283711e-03 -6.148172636155392612e-03 9.999778366450385869e-01 -1.332752237513977089e+00
9.999616745091447489e-01 -6.081140556775320796e-03 -6.298352355650290585e-03 3.922577060820496797e+01 6.112633589419859403e-03 9.999688519450821156e-01 4.993080235280788343e-03 2.906762581970470549e+00 6.267792551503224494e-03 -5.031388393197042119e-03 9.999676994320206846e-01 -1.369084200532966422e+00
9.999608674330371372e-01 -2.069018219336359564e-03 -8.601323513038864124e-03 3.993108107407224594e+01 2.128299739525708195e-03 9.999740076778678155e-01 6.888708796443702986e-03 2.893738538643007452e+00 8.586847080659805106e-03 -6.906745418177815884e-03 9.999392796189885413e-01 -1.389925458912066869e+00
9.999596549883008612e-01 3.074319515298948747e-03 -8.440198765198437050e-03 4.067278884112381121e+01 -2.994144137408243870e-03 9.999504341877647473e-01 9.495486748199452945e-03 2.926466234522394849e+00 8.468972580108464696e-03 -9.469832481024129459e-03 9.999192961315521710e-01 -1.424104269257119082e+00
9.999442316750550841e-01 7.974755879080603488e-03 -6.923641271245848175e-03 4.136580679888118084e+01 -7.899201848873008136e-03 9.999096961308077125e-01 1.087208322938127900e-02 2.954264267793877519e+00 7.009718249301516782e-03 -1.081678567158015497e-02 9.999169270483425631e-01 -1.432750706830461684e+00
9.998994951041899615e-01 1.247822614251816592e-02 -6.730049236242922027e-03 4.206585104070322956e+01 -1.240167032025412883e-02 9.998592504431346173e-01 1.129946355189991036e-02 2.936888105367069901e+00 6.870099246284987367e-03 -1.121486404862595543e-02 9.999135105401452117e-01 -1.464177304470099861e+00
9.998116464508850498e-01 1.868563918070294608e-02 -5.245808763102492028e-03 4.276756824756409259e+01 -1.861632511795380598e-02 9.997426383871798050e-01 1.296493076507788771e-02 2.963281651421524110e+00 5.486716711577714276e-03 -1.286483109291372724e-02 9.999021912470628104e-01 -1.463990212816966174e+00
9.996956775367749071e-01 2.453088661437312010e-02 -2.605362969218729102e-03 4.344224389321048108e+01 -2.449370782430599150e-02 9.996094495077109121e-01 1.345387423415962160e-02 2.962617156860184231e+00 2.934380906790714453e-03 -1.338596491866845227e-02 9.999060982671773568e-01 -1.476830133795697719e+00
9.995078266841745940e-01 3.134182560298785086e-02 1.339539081153415202e-03 4.412560001841994506e+01 -3.135656001234032181e-02 9.994244226010590149e-01 1.294564222942990589e-02 3.006219818218029083e+00 -9.330280116598380514e-04 -1.298127406735542083e-02 9.999153044044868377e-01 -1.507655500101378054e+00
9.992760248138781165e-01 3.767496897253610338e-02 5.293670285556852789e-03 4.483799147677518704e+01 -3.773638687462475133e-02 9.992153693158990491e-01 1.202542425613761096e-02 2.968021853514126729e+00 -4.836459223687724143e-03 -1.221648213725605794e-02 9.999136793875598173e-01 -1.516932266916283689e+00
9.990189606687269741e-01 4.371908421080185347e-02 7.053927994050765080e-03 4.553151278419281311e+01 -4.379364275608271795e-02 9.989823695025085160e-01 1.078620773516683097e-02 2.957976299904912842e+00 -6.575186577507949673e-03 -1.108454324374194035e-02 9.999169464623292036e-01 -1.556148050211774825e+00
9.987570824902025635e-01 4.938195619629731636e-02 6.761107741020329874e-03 4.623294476530170982e+01 -4.944680500859291450e-02 9.987288160868476039e-01 9.785979368763433189e-03 2.938197590996673991e+00 -6.269262325098710377e-03 -1.010813137976779991e-02 9.999292585127752542e-01 -1.582060753902077677e+00
9.984797664853949373e-01 5.481360553900462701e-02 5.798669423726394469e-03 4.691322091333899635e+01 -5.487077558526761573e-02 9.984412830305164910e-01 1.020795410683503039e-02 2.918399059697851960e+00 -5.230096169522889700e-03 -1.051061312152871442e-02 9.999310841782382830e-01 -1.598390331469780046e+00
9.981773013837621500e-01 6.023735213884736511e-02 3.679185987507582398e-03 4.761636659709392205e+01 -6.027168589892067246e-02 9.981312198742836594e-01 1.006934909397407853e-02 2.916671763814487228e+00 -3.065759470672614097e-03 -1.027274644751684403e-02 9.999425342484902224e-01 -1.631137042014086047e+00
9.978427778111265134e-01 6.561803667974883125e-02 2.015944560262765851e-03 4.832426720701796796e+01 -6.563559301322277606e-02 9.977890597178451504e-01 1.043844994149688288e-02 2.881997090272901296e+00 -1.326536836087025256e-03 -1.054824960236026843e-02 9.999434857682452105e-01 -1.646097132076810521e+00
9.975225592022121113e-01 7.032247610415573447e-02 1.869020398391433224e-03 4.898975162524492077e+01 -7.033890483717650244e-02 9.974619700155894497e-01 1.104793369485554573e-02 2.860398819361407163e+00 -1.087358715322064894e-03 -1.115202794112985125e-02 9.999372229914358368e-01 -1.681240619129178882e+00
9.971397173748897114e-01 7.544048906183703496e-02 4.595284935232531870e-03 4.967911609093890490e+01 -7.548602701545897853e-02 9.970893629729740137e-01 1.070803303927331251e-02 2.846343532287840983e+00 -3.774090479377221422e-03 -1.102428484118666771e-02 9.999321083877614758e-01 -1.696576585515086277e+00
9.967326343151194923e-01 8.061175158235371618e-02 5.079487972927500435e-03 5.036504730330981516e+01 -8.065389672465396453e-02 9.967039821899863483e-01 8.724725196371166738e-03 2.807967873033775597e+00 -4.359430509948807216e-03 -9.105898827037146523e-03 9.999490376875116437e-01 -1.717518405087064215e+00
9.962897867422363385e-01 8.595729222009482196e-02 4.243200124712099945e-03 5.105869093204091769e+01 -8.597974338281028084e-02 9.962821037815701164e-01 5.427099814333449096e-03 2.782734128240670124e+00 -3.760925542366109521e-03 -5.771793374495758078e-03 9.999762706386121636e-01 -1.743494033721331826e+00
9.959855045181310595e-01 8.950201515145059239e-02 1.504683884893988095e-03 5.175187776581607579e+01 -8.950607546630454103e-02 9.959820794341671668e-01 2.891349271982124845e-03 2.709513218490818165e+00 -1.239856598218715567e-03 -3.014420312747500934e-03 9.999946879987883230e-01 -1.769201161099350328e+00
