1.000000000000000000e+00 0.000000000000000000e+00 0.000000000000000000e+00 0.000000000000000000e+00 0.000000000000000000e+00 1.000000000000000000e+00 0.000000000000000000e+00 0.000000000000000000e+00 0.000000000000000000e+00 0.000000000000000000e+00 1.000000000000000000e+00 0.000000000000000000e+00
9.999999383849531576e-01 2.452305367488841984e-04 2.511813562861935339e-04 -1.882447254466176195e-02 -2.452709845761984718e-04 9.999999569586022208e-01 1.610122287502930498e-04 1.058719617684155540e-02 -2.511418603597172531e-04 -1.610738263280805265e-04 9.999999554914932309e-01 2.959496322724066049e-03
9.999998377728346322e-01 2.088618347712414077e-04 5.299349379602562565e-04 -1.447614236500617199e-02 -2.085438364317480811e-04 9.999997982218050696e-01 -6.000548452772692248e-04 1.529704469333668763e-02 -5.300601595868890091e-04 5.999442332670511160e-04 9.999996795515208037e-01 8.446388933798150769e-03
9.999999351027953898e-01 3.484063485467962947e-04 9.169199175043934048e-05 -8.703864736805322008e-03 -3.483498635557383326e-04 9.999997500128812167e-01 -6.153263748995621563e-04 1.713790302202921126e-02 -9.190635244406579127e-05 6.152943940737850594e-04 9.999998064829968003e-01 -3.530725859118928958e-03
9.999999821238745312e-01 1.791347600226875084e-04 6.052262625855530281e-05 -6.604208832960775308e-03 -1.791382159601001632e-04 9.999999823244885011e-01 5.710098235314622157e-05 1.029912431787863292e-04 -6.051239641801603404e-05 -5.711182324769507380e-05 9.999999965382447842e-01 -5.930946036545826569e-03
9.999999929506835361e-01 -6.680812562827112013e-05 -9.815960070688863005e-05 -7.895549378967369608e-03 6.680358651187079909e-05 9.999999966993516898e-01 -4.624475626563225066e-05 -2.006474078196315153e-03 9.816268990838455781e-05 4.623819852626054192e-05 9.999999941130576220e-01 -6.157254430296884087e-03
9.999999698136836646e-01 -3.573915525737620096e-05 2.430953404449812366e-04 -2.175480575301577679e-03 3.565720288801511872e-05 9.999999425405936559e-01 3.371162607231833748e-04 6.455202122491125044e-03 -2.431073747272490427e-04 -3.371075824470099575e-04 9.999999136286373824e-01 -7.857421082134441459e-05
9.999999373362469246e-01 2.350883184107777752e-04 2.646903563898606992e-04 -3.310762972339158054e-03 -2.350950058087981562e-04 9.999999720467874775e-01 2.523415529693616134e-05 1.504149589017944773e-02 -2.646844167357796217e-04 -2.529638109654229315e-05 9.999999646511257279e-01 2.372759364282940077e-03
9.999999268759864890e-01 3.622901698652034757e-04 -1.224493960498988559e-04 -1.336400730091611214e-02 -3.622971038386444743e-04 9.999999327680660910e-01 -5.660982017926435487e-05 1.817982006483058466e-02 1.224288786360203595e-04 5.665417910128276493e-05 9.999999909007367682e-01 -7.055664716385442840e-03
9.999999799164702718e-01 1.736499401117553470e-04 1.000637659786467290e-04 -2.500701386573354196e-03 -1.736301183159970850e-04 9.999999653111623088e-01 -1.980662925830007119e-04 -1.693495789555490155e-03 -1.000981567073961807e-04 1.980489145216044529e-04 9.999999753784929446e-01 -2.255043359945609754e-03
9.999999208686751739e-01 1.826840928813476203e-04 3.533966122637880250e-04 -1.729131745519196794e-02 -1.826600691941475797e-04 9.999999810049370330e-01 -6.801047436048616112e-05 1.280294370147528477e-02 -3.534090299828120812e-04 6.794591752907813351e-05 9.999999352427028088e-01 1.380730883867030932e-03
9.999998687224304073e-01 7.336130967162584400e-05 5.071225100554693646e-04 -1.720391699486380904e-02 -7.327962825991178760e-05 9.999999843408423628e-01 -1.610851052545709487e-04 6.739032889685608874e-04 -5.071343195286480204e-04 1.610479223586907182e-04 9.999998584391642797e-01 5.252140798973231085e-03
9.999999984105822914e-01 4.444722339279553715e-05 3.468832277948275217e-05 -5.536151095856128163e-03 -4.446661996262765969e-05 9.999998425657299350e-01 5.593668161937569465e-04 -1.209898694995695592e-03 -3.466345501651409448e-05 -5.593683577771556411e-04 9.999998429527302557e-01 -5.951313484921071789e-03
9.999999996088001497e-01 2.576066981129088168e-05 1.089897160840749198e-05 1.568880914205866318e-03 -2.575997485644699296e-05 9.999999976356274134e-01 -6.375867727069451860e-05 3.204051033592758210e-03 -1.090061404887103660e-05 6.375839648851754993e-05 9.999999979080217427e-01 -7.364690356631096307e-03
9.999998509682691550e-01 3.829637908838984641e-04 -3.891043232930238962e-04 -9.192628994452667346e-03 -3.831559710594500132e-04 9.999998046026555842e-01 -4.939495445210176144e-04 9.331704744721702402e-03 3.889150824729972755e-04 4.940985585516968629e-04 9.999998023058169760e-01 7.700184534851174309e-03
9.999972255931607323e-01 1.540273577041020641e-04 -2.350549202688431531e-03 -5.914628688048966659e-03 -1.555763030853923303e-04 9.999997708872359059e-01 -6.588030734236288450e-04 1.323700979197136793e-02 2.350447190450959990e-03 6.591669353910507324e-04 9.999970204440392640e-01 -6.547123646196924274e-03
9.999952351148062579e-01 2.538755851887879752e-04 -3.076571934896929136e-03 5.822231850255529806e-03 -2.552161389546482475e-04 9.999998726697458817e-01 -4.353449373665209355e-04 2.460522992898367400e-03 3.076461019705509746e-03 4.361280538083153703e-04 9.999951725783055023e-01 -4.236734095268260974e-03
9.999934024089948137e-01 2.338589072037035809e-04 -3.624975654208249971e-03 3.943924796362985666e-03 -2.357389391690152742e-04 9.999998379404849702e-01 -5.182143921676742255e-04 1.519243344150369469e-02 3.624853877695004278e-03 5.190655211162982030e-04 9.999932954801997731e-01 -1.143085928069034231e-02
9.999949980889379919e-01 1.651677852858817716e-05 -3.162834851980398775e-03 2.158792011191406832e-02 -1.560806621131109577e-05 9.999999585978054384e-01 2.873339096526672325e-04 3.402470978727801382e-03 3.162839466862644219e-03 -2.872831066982208903e-04 9.999949569447454945e-01 -9.587975796260337497e-03
9.999964083142858229e-01 2.146141733598161015e-04 -2.671572436723456973e-03 4.544690332009825029e-02 -2.129057894402778465e-04 9.999997727047574836e-01 6.397355377480208084e-04 1.176156738732707027e-02 2.671709125801354553e-03 -6.391644467803414640e-04 9.999962267124596904e-01 -4.002180470974464437e-03
9.999962767941320552e-01 1.717741998123667110e-04 -2.723397051076156122e-03 7.133317155422200240e-02 -1.705441290407244074e-04 9.999998833534290421e-01 4.518936029495087669e-04 1.537857013686447574e-02 2.723474357063275682e-03 -4.514274610784867105e-04 9.999961894430767773e-01 -3.694579304695398171e-03
9.999939997615140408e-01 -1.514683005609442502e-04 -3.460852253865339279e-03 9.752144112916442953e-02 1.498253786292621625e-04 9.999998759777635193e-01 -4.749703291759487206e-04 7.653243655229773762e-03 3.460923767591279464e-03 4.744489557413845613e-04 9.999938984338171410e-01 -1.151291931746794249e-02
9.999944407291486703e-01 2.955983915192345111e-04 -3.321314858320963473e-03 1.277781640969658794e-01 -2.972469096753831770e-04 9.999998328823750393e-01 -4.958623768063280188e-04 2.423651411931203314e-02 3.321167727149713575e-03 4.968468707507651180e-04 9.999943614781611201e-01 -2.243370544707190550e-03
9.999934196401020214e-01 -3.538623211284708551e-04 -3.610465060419068388e-03 1.534287292805741609e-01 3.527014709841848903e-04 9.999998859087914083e-01 -3.221553608350594990e-04 6.090068442952401018e-04 3.610578647140495409e-03 3.208798245990953204e-04 9.999934303574053995e-01 -1.929277943291996672e-03
9.999877853011277518e-01 2.760719179141194358e-05 -4.942518223388438735e-03 1.947234595018857428e-01 -2.964046706201510213e-05 9.999999149720607550e-01 -4.113116991630397798e-04 2.358042297011970698e-02 4.942506447975334068e-03 4.114531736630956150e-04 9.999877010925172227e-01 -1.478374227639410107e-02
9.999839276344244521e-01 -1.763079862360226763e-04 -5.666867593666466592e-03 2.469457455907332621e-01 1.727793178521870555e-04 9.999997909046794975e-01 -6.231676376148259471e-04 1.987940623947203125e-02 5.666976278182246120e-03 6.221785043195469846e-04 9.999837490048382183e-01 -9.437905068001271186e-03
9.999798746341136413e-01 -4.251389806029243624e-04 -6.330053995786022632e-03 3.012642046433104959e-01 4.191254124966420510e-04 9.999994596819929971e-01 -9.512989071377751056e-04 1.655480177111334772e-02 6.330455009791491859e-03 9.486266754070918480e-04 9.999795125135313434e-01 -8.531133457724856921e-04
9.999733777637127563e-01 -3.785553130839034580e-04 -7.287006223817548214e-03 3.667186720630659091e-01 3.744274245018401311e-04 9.999997686874770864e-01 -5.678284038405251874e-04 2.419835074589348628e-02 7.287219492700947043e-03 5.650848320058746632e-04 9.999732881988387945e-01 -6.822003041298674644e-03
9.999712225253305498e-01 -6.604035300783522508e-04 -7.557644366691112885e-03 4.477262202553278225e-01 6.568324480654582059e-04 9.999996714801807629e-01 -4.749849109338041006e-04 2.406895881752995486e-02 7.557955565567066152e-03 4.700071360165794434e-04 9.999713277894326513e-01 -9.262564252556686542e-03
9.999683261971352710e-01 -1.032976750761074739e-03 -7.891740082647917542e-03 5.271369474916913767e-01 1.029640196029649830e-03 9.999993788233171310e-01 -4.268419455869742964e-04 2.401737291704191674e-02 7.892176098289033909e-03 4.187027730736227128e-04 9.999687686345115623e-01 -1.553595944383067556e-02
9.999692013315718553e-01 -1.461079200286943608e-03 -7.711137132022805735e-03 6.296990717498028856e-01 1.460736584785970104e-03 9.999989318705861940e-01 -5.006312485827593825e-05 3.141507036620432014e-02 7.711202041720852801e-03 3.879764286164567259e-05 9.999702674868962138e-01 -5.730228918047912401e-03
9.999657909352355212e-01 -1.887035666582116342e-03 -8.053325751626870185e-03 7.334621365176251517e-01 1.885821169575049080e-03 9.999982092927042210e-01 -1.583979211070587990e-04 2.261816736308207634e-02 8.053610233004332083e-03 1.432053702744152230e-04 9.999675589010059706e-01 -1.396410559324543291e-02
9.999648343038310960e-01 -2.084709401324032728e-03 -8.123062379646940959e-03 8.535298895984475553e-01 2.081268868462022616e-03 9.999977408533994305e-01 -4.319814747846054126e-04 3.556960489527426217e-02 8.123944584299861230e-03 4.150600070079783722e-04 9.999669140774517517e-01 -1.563523202073996421e-02
9.999649786510600435e-01 -2.682517781735801674e-03 -7.927519772013506133e-03 9.764968200561268130e-01 2.680664256944785898e-03 9.999963771411295443e-01 -2.444253614918854081e-04 3.494680470849133302e-02 7.928146727106687858e-03 2.231657824869511246e-04 9.999685468486031459e-01 -1.989017967452499924e-02
9.999710137323524206e-01 -2.721649956191759048e-03 -7.110859062554037227e-03 1.116596300785684059e+00 2.722274207780001759e-03 9.999962915540305808e-01 7.811097173634360877e-05 5.507062230977236017e-02 7.110620101594604045e-03 -9.746641581196017264e-05 9.999747144713553304e-01 -1.333290981261786058e-02
9.999699369933818804e-01 -3.136876364569095212e-03 -7.091199907301095652e-03 1.250741379489323180e+00 3.134355215922843534e-03 9.999950206921323081e-01 -3.666174058938175971e-04 6.800201721407769795e-02 7.092314631508994140e-03 3.443800448557171015e-04 9.999747899200021051e-01 -1.304896634555466686e-02
9.999656625488264616e-01 -3.666294204462404536e-03 -7.431824143021297999e-03 1.404109295718504180e+00 3.667677317251267621e-03 9.999932591730645859e-01 1.724863140083670665e-04 6.710993123029287966e-02 7.431141660807537644e-03 -1.997379241031412467e-04 9.999723687374459935e-01 -2.232247481888560703e-02
9.999706183761203349e-01 -3.885341915711789003e-03 -6.608063458943574942e-03 1.561324144428254401e+00 3.886221301513678207e-03 9.999924413843013227e-01 1.202425068450380314e-04 7.007854434388118003e-02 6.607546327879481110e-03 -1.459193709008282491e-04 9.999781592810225161e-01 -1.941764327611619767e-02
9.999720629923141146e-01 -4.515183407917522547e-03 -5.957042360792620672e-03 1.745118140334677603e+00 4.517506835802803829e-03 9.999897250872112897e-01 3.766324363575498740e-04 8.474775971451965761e-02 5.955280588174360207e-03 -4.035328939603280841e-04 9.999821857384858514e-01 -1.391078375730301145e-02
9.999695997103692502e-01 -5.133920715650775769e-03 -5.868774418001861636e-03 1.927384042317065393e+00 5.145769183389991251e-03 9.999847492260933723e-01 2.005585884107530942e-03 9.225511007188016976e-02 5.858388395732667085e-03 -2.035724272260196199e-03 9.999807673710989775e-01 -7.498894357344587820e-03
9.999659617262499633e-01 -5.444558309333926913e-03 -6.199368815631532172e-03 2.142960645149437848e+00 5.464616808748313376e-03 9.999798741325651719e-01 3.223242614619560402e-03 1.175398300332878565e-01 6.181694915596142904e-03 -3.257010076038611458e-03 9.999755889687182986e-01 -1.946983043294478466e-02
9.999660571716301183e-01 -5.990339913033298179e-03 -5.656883625321279703e-03 2.342747410258075202e+00 6.019094147134948329e-03 9.999689826812789839e-01 5.079781591365006670e-03 1.318901189725290024e-01 5.626278545542658972e-03 -5.113658484330489869e-03 9.999710973256344948e-01 -1.452731788984091763e-02
9.999609990231398404e-01 -6.743606447525190596e-03 -5.702999625203735400e-03 2.576520615650105928e+00 6.773297268047192253e-03 9.999635250242903117e-01 5.202986172788527132e-03 1.323221807816985784e-01 5.667704717329732043e-03 -5.241411363026265806e-03 9.999702019211176296e-01 -1.748863637002173038e-02
9.999604291457749872e-01 -7.244753090729327306e-03 -5.162721690346740167e-03 2.804421176519408920e+00 7.275908726210118284e-03 9.999552783861451744e-01 6.041719945072861198e-03 1.434111434172091470e-01 5.118720035855476788e-03 -6.079044360851434264e-03 9.999684214638246971e-01 -1.646311727484918441e-02
9.999576499343237890e-01 -7.767988294755880270e-03 -4.935250315522138331e-03 3.045668898503444133e+00 7.799796175383196147e-03 9.999487221085046063e-01 6.458818250350506669e-03 1.571814683072852159e-01 4.884825221725277652e-03 -6.497038665508982243e-03 9.999669629398423298e-01 -1.798084629442819188e-02
9.999558411898077370e-01 -8.517592328372418711e-03 -3.970678948442820863e-03 3.299841166271109127e+00 8.543565159233384651e-03 9.999419147402895947e-01 6.570741198168862131e-03 1.661463491842936901e-01 3.914481415703630410e-03 -6.604374796377887775e-03 9.999705291001306229e-01 -1.500294511633458103e-02
9.999438908515285718e-01 -9.186416579374879002e-03 -5.274931197324164017e-03 3.576205747654327194e+00 9.212646172528477298e-03 9.999452120233587316e-01 4.969919723683729855e-03 1.708892946730714291e-01 5.228986441569129923e-03 -5.018236940425442084e-03 9.999737371545333042e-01 -2.578267183759021253e-02
9.999196301779289531e-01 -9.868142127850297943e-03 -7.959457002734754774e-03 3.843467077041721858e+00 9.906555998056643456e-03 9.999394020391834115e-01 4.801291261490463896e-03 1.710516751723134832e-01 7.911594851305587747e-03 -4.879756189077781928e-03 9.999567963899460565e-01 -1.801377141184081626e-02
9.998775751835301540e-01 -1.045745807354513113e-02 -1.163942506072112096e-02 4.123809504570604467e+00 1.048595353313371698e-02 9.999421650159355801e-01 2.389853916985000461e-03 1.932864803702762369e-01 1.161376009761944453e-02 -2.511611809896937674e-03 9.999294036993368051e-01 -1.575247630302235857e-02
9.998195744491589210e-01 -1.074093694066940996e-02 -1.566687020241614575e-02 4.421641064645043251e+00 1.071700412225272750e-02 9.999412739029146513e-01 -1.610766295832979879e-03 2.087326288201326596e-01 1.568325128748531555e-02 1.442573759894685533e-03 9.998759696132319963e-01 -2.013149419547238111e-02
9.997792259294003836e-01 -1.072335359082382880e-02 -1.806956246772764563e-02 4.712252827551761669e+00 1.065433492085655562e-02 9.999355903473640117e-01 -3.911560310529822032e-03 2.144522888650697012e-01 1.811034365778745742e-02 3.718177569033161330e-03 9.998290806973769707e-01 -1.962462584278904659e-02
9.997439562616993181e-01 -1.174993001562130678e-02 -1.933807288313335940e-02 5.025467034605499705e+00 1.161688513313964381e-02 9.999081737884190080e-01 -6.977963235239369871e-03 2.101858437392363221e-01 1.941828772082686630e-02 6.751528400067251592e-03 9.997886511489587624e-01 -1.655353047073934714e-02
9.997261042532586961e-01 -1.195441907940921096e-02 -2.011984938006165097e-02 5.338281030140127115e+00 1.176406332515036145e-02 9.998851668161319317e-01 -9.553009743417556140e-03 2.211970524519731307e-01 2.023173963564088573e-02 9.313702032480724799e-03 9.997519350647768865e-01 -1.879655174024890199e-02
9.997302681552294734e-01 -1.196302523211133229e-02 -1.990670644704430753e-02 5.667264135343840437e+00 1.171969044253798331e-02 9.998557200178485038e-01 -1.229585310260753600e-02 2.469034358626559233e-01 2.005092990871026187e-02 1.205923608217730758e-02 9.997262300424603065e-01 -7.601327905695502707e-03
9.997054079764282619e-01 -1.272465214969531293e-02 -2.066834512853627653e-02 5.993737770222826278e+00 1.247411630585969385e-02 9.998476964724420935e-01 -1.220574787300113088e-02 2.619922972717266818e-01 2.082051116257523787e-02 1.194433281605300663e-02 9.997118781071416826e-01 -5.858147968851265888e-03
9.997307452661473581e-01 -1.327195625464221325e-02 -1.903397348870044040e-02 6.335674464211703771e+00 1.310499545429613492e-02 9.998747850331501930e-01 -8.869799831707967513e-03 2.715713070756232694e-01 1.914930974569489450e-02 8.617971460068343109e-03 9.997794929404067998e-01 -1.917587603082742190e-02
9.998396885376770182e-01 -1.415883452420982694e-02 -1.096013821979207291e-02 6.697029547827418661e+00 1.410996470221933738e-02 9.998902177109358913e-01 -4.523430344258798710e-03 3.030055188997662907e-01 1.102298149245599553e-02 4.368058023112884186e-03 9.999297045033334053e-01 -1.023542224553392055e-02
9.998697601244148636e-01 -1.613424518463744267e-02 3.859029245260129628e-04 7.065738672611590054e+00 1.613501666074138724e-02 9.998676432627123800e-01 -2.087389189156720493e-03 3.235189498724702073e-01 -3.521733987003969205e-04 2.093343877965083127e-03 9.999977469401147845e-01 -2.132406070440032511e-02
9.997580312227015709e-01 -1.751566175369180522e-02 1.330716344823392253e-02 7.426785215980681087e+00 1.754029822192614690e-02 9.998446484734967443e-01 -1.736910243959645167e-03 3.637109931539114216e-01 -1.327467302774909194e-02 1.969901581281574988e-03 9.999099472171313341e-01 -3.188481347890366469e-02
9.995781868871702613e-01 -1.946254888376041173e-02 2.155591543647926434e-02 7.796282618793278552e+00 1.956766892006373340e-02 9.997975980401176965e-01 -4.676460867586662573e-03 3.694990915567047951e-01 -2.146053662870946177e-02 5.096287291600996514e-03 9.997567070159866232e-01 -3.731096912482968764e-02
9.995495392656525979e-01 -2.064934050971793666e-02 2.177896439997391992e-02 8.176819113257593585e+00 2.083984818480805884e-02 9.997462077467611508e-01 -8.556916711300897871e-03 3.777646257327659240e-01 -2.159674238064069468e-02 9.006932468033169992e-03 9.997261904571973501e-01 -3.953296159097080542e-02
9.995850747775503198e-01 -2.159859002863667374e-02 1.905726084026797620e-02 8.553239479480849283e+00 2.177396698843342068e-02 9.997220150834492669e-01 -9.043612059032934275e-03 4.082096905677382037e-01 -1.885663393996251866e-02 9.454811804713549733e-03 9.997774921902331524e-01 -3.802562283240883134e-02
9.995535759805579401e-01 -2.344736481355634908e-02 1.851674452432046022e-02 8.945753691241161931e+00 2.357125206876993853e-02 9.997010227727005649e-01 -6.500857107095654903e-03 4.134047746522118150e-01 -1.835878047119309311e-02 6.934417821011860071e-03 9.998074159702428076e-01 -3.472838996102782516e-02
9.995412085619496123e-01 -2.479317551597970751e-02 1.739743758003053919e-02 9.341094603155195131e+00 2.485524992494688931e-02 9.996854110367421331e-01 -3.360879567665205851e-03 4.518595841231548560e-01 -1.730863766116970404e-02 3.791755284000564771e-03 9.998430045032973279e-01 -3.838631454565184786e-02
9.995858729111383179e-01 -2.585253647270940522e-02 1.263839524642594234e-02 9.731761700168863882e+00 2.586596842002058041e-02 9.996650143163726687e-01 -9.004607381487720946e-04 4.831103239280649109e-01 -1.261088237087913330e-02 1.226992165288439936e-03 9.999197268461375021e-01 -5.544797804079724252e-02
9.996246299239046618e-01 -2.696397772328967130e-02 4.852128897157766303e-03 1.015640202444191509e+01 2.695235181454933709e-02 9.996337275630233776e-01 2.445700333221949470e-03 5.017996326794830209e-01 -4.916297505384918838e-03 -2.314006005416023928e-03 9.999852375885582845e-01 -7.625220326425491413e-02
9.996073476153599646e-01 -2.801922689057719310e-02 -2.711417328233392543e-04 1.056570303167085889e+01 2.801993559262234632e-02 9.996025222453488457e-01 3.111387170081860668e-03 5.272618751852372609e-01 1.838552969532299033e-04 -3.117762850380171712e-03 9.999951228641260625e-01 -9.304246118441723834e-02
9.995808554034207871e-01 -2.892661919298604445e-02 -1.167995303751971506e-03 1.101174122674544442e+01 2.892841860145716620e-02 9.995802773434001587e-01 1.554266164462705935e-03 5.743688538994896620e-01 1.122545404196228754e-03 -1.587402959269698741e-03 9.999981100200442397e-01 -9.947884409556231877e-02
9.995449606559854150e-01 -3.015918241213755985e-02 -5.434551094782285457e-04 1.148237009861476210e+01 3.016032157298066674e-02 9.995425941987989837e-01 2.226518571557964832e-03 5.751985108162983584e-01 4.760565502148322837e-04 -2.241896198870069450e-03 9.999973736323483076e-01 -9.346784456121412510e-02
9.995298416801009500e-01 -3.066070581192330627e-02 1.292674241778233397e-04 1.194247231752841643e+01 3.065964853467366760e-02 9.995168742274900264e-01 5.099420186477500450e-03 6.358622148910587635e-01 -2.855567939026267595e-04 -5.093059357857893099e-03 9.999869895172111001e-01 -9.648782274652770163e-02
9.994899797405244479e-01 -3.193347957789787611e-02 1.824289836537151713e-04 1.242173937274075435e+01 3.193193173415363045e-02 9.994739441212948661e-01 5.673337496396014222e-03 6.668866621359462732e-01 -3.635024228941023086e-04 -5.664618669481647807e-03 9.999838898508904839e-01 -9.723555926681679007e-02
9.994538508875133731e-01 -3.302316090158580880e-02 -1.212761389658400081e-03 1.291592166877443404e+01 3.302861420181437552e-02 9.994429194719354204e-01 4.791801469402517770e-03 6.742467656940175358e-01 1.053845352970497968e-03 -4.829240259340675072e-03 9.999877838496276095e-01 -1.003682094555690962e-01
9.994264059962705282e-01 -3.369795775715164060e-02 -3.362534813943931274e-03 1.341795582957403887e+01 3.370858060257157091e-02 9.994267271536243502e-01 3.154147231001540319e-03 7.262726125666172372e-01 3.254318843889977397e-03 -3.265684306867740021e-03 9.999893723009610769e-01 -1.064398743241475598e-01
9.993828418488188703e-01 -3.485361264008476206e-02 -4.377339844436257087e-03 1.392223393347442695e+01 3.486955703525950606e-02 9.993853138702680772e-01 3.620554182789901491e-03 7.446645380366740952e-01 4.248459761319362156e-03 -3.770955629632484051e-03 9.999838651114806298e-01 -1.097597901766863004e-01
9.993658464072725511e-01 -3.526592170558923156e-02 -4.921361694798540715e-03 1.446662655191183688e+01 3.528843900427024172e-02 9.993667377467013724e-01 4.566131640435609242e-03 8.326833361900528585e-01 4.757216341273379223e-03 -4.736903183635811192e-03 9.999774650665439468e-01 -1.178410441417142018e-01
9.993118117433239522e-01 -3.672355623543815256e-02 -5.223344493524889783e-03 1.500737695130082017e+01 3.675079775426676881e-02 9.993108349684929337e-01 5.218618495199117344e-03 8.477176972527230570e-01 5.028098517372695843e-03 -5.406989180317045215e-03 9.999727409751245633e-01 -1.207179127742019353e-01
9.992547993659957051e-01 -3.851580664213528210e-02 -2.525585621053119852e-03 1.557202971221889598e+01 3.852998391252594051e-02 9.992404481292654905e-01 5.828135390083094211e-03 8.641513760683537937e-01 2.299191972001322221e-03 -5.921103033244225558e-03 9.999798269240962600e-01 -1.192902263991743594e-01
9.992180093467956103e-01 -3.953946574656931612e-02 2.110694291156991998e-05 1.613829778356755540e+01 3.953906633127937664e-02 9.992100470988481975e-01 3.992995162559202262e-03 9.124819494668550135e-01 -1.789711648770090095e-04 -3.989038128847959518e-03 9.999920277402859492e-01 -1.193845379374014887e-01
9.991738414016756442e-01 -4.061986736721325680e-02 1.288810959389658905e-03 1.670989849992999510e+01 4.061766310132650798e-02 9.991733283663837284e-01 1.692727216602635341e-03 9.458950171885609493e-01 -1.356503890955708738e-03 -1.638980266108234791e-03 9.999977368178796233e-01 -1.376475599231165303e-01
9.991440740627662853e-01 -4.132784332551712320e-02 1.768793746844059527e-03 1.729313180512993497e+01 4.132647148677410370e-02 9.991453719764907815e-01 8.052405930597066313e-04 9.878579879498349259e-01 -1.800560943209516662e-03 -7.314533624054580380e-04 9.999981114763509815e-01 -1.456189811372219922e-01
9.990957707536233245e-01 -4.248802308601642291e-02 1.552016902469675191e-03 1.787789301576397705e+01 4.248366732139855634e-02 9.990934062993136466e-01 2.739251751736631983e-03 1.032008109961733311e+00 -1.666995245388734181e-03 -2.670839470427814263e-03 9.999950438594058522e-01 -1.488374219521939046e-01
9.990440629899521863e-01 -4.368781419672552319e-02 1.528101842441563149e-03 1.846337123065082508e+01 4.368113564212022099e-02 9.990368608818319673e-01 4.160407238464431876e-03 1.095137309088183297e+00 -1.708389166197309215e-03 -4.089680927353648784e-03 9.999901779099479304e-01 -1.419828886754473662e-01
9.989765243949974005e-01 -4.515527060885583116e-02 2.627783083178022918e-03 1.903692732684251254e+01 4.514184622128026431e-02 9.989682663651628935e-01 4.961503312033775474e-03 1.151280333278738022e+00 -2.849109935667672091e-03 -4.837802354586064925e-03 9.999842389962716460e-01 -1.517233795227100890e-01
9.988914317901407269e-01 -4.699245694656468270e-02 2.759798247676444830e-03 1.963336487863490021e+01 4.698615005025150865e-02 9.988928760951318875e-01 2.307333926999410346e-03 1.178087283005094799e+00 -2.865170099289696907e-03 -2.175103795384662059e-03 9.999935298409592388e-01 -1.665469845230013735e-01
9.988350830790658774e-01 -4.820377805600178228e-02 2.207394745664379310e-03 2.022024652043736026e+01 4.820303965472482605e-02 9.988374830576332020e-01 3.865321944302736170e-04 1.215132860347122534e+00 -2.223460923985869173e-03 -2.796787800776047266e-04 9.999974889974971859e-01 -1.680288415911577737e-01
9.988098811070251770e-01 -4.875172131941937770e-02 1.446053720935250829e-03 2.082340176528787268e+01 4.875392179622493882e-02 9.988096522871261485e-01 -1.527614990031889424e-03 1.279192761786987820e+00 -1.369858553918440469e-03 1.596297736594678475e-03 9.999977876580919967e-01 -1.745227719857988524e-01
9.987656613645782278e-01 -4.967038728449108681e-02 7.941023432719614280e-05 2.142910294468103416e+01 4.967044615820335324e-02 9.987636039690384049e-01 -2.027354242049427685e-03 1.323480359381807192e+00 2.138741853679468959e-05 2.028796142149339420e-03 9.999979417622777422e-01 -1.755158648814469091e-01
9.987363998835716572e-01 -5.023133158423145200e-02 -1.554630141673738050e-03 2.203826067040623116e+01 5.022913207335139713e-02 9.987367068084908039e-01 -1.422942194373401879e-03 1.377415512024415367e+00 1.624142469191210700e-03 1.343056441739577667e-03 9.999977791778510428e-01 -1.808156341173285941e-01
9.987016795602632335e-01 -5.088588869612312160e-02 -2.362535738378961515e-03 2.266100717997213110e+01 5.088394925204695052e-02 9.987041904153478589e-01 -8.739309696434762733e-04 1.428522330876456969e+00 2.403945095974459930e-03 7.525811785848468853e-04 9.999968273297397126e-01 -1.807098664166519320e-01
9.986615128538610664e-01 -5.161196012669964917e-02 -3.374657955624951224e-03 2.327167437376374437e+01 5.161210911434990778e-02 9.986672060027793618e-01 -4.298105013120010186e-05 1.473387276930445466e+00 3.372378568004597010e-03 -1.312496940812520572e-04 9.999943049019388575e-01 -1.849974197830719924e-01
9.986457409562493615e-01 -5.187783814475008942e-02 -3.920966637307116490e-03 2.389426447129622844e+01 5.187919814519716816e-02 9.986533374224271231e-01 2.458756986491846203e-04 1.515334661320776544e+00 3.902930918570493308e-03 -4.489593243582137589e-04 9.999922827531070313e-01 -1.857870959155246415e-01
9.986380783350928825e-01 -5.204743917016059485e-02 -3.612834762538947014e-03 2.453930376075604869e+01 5.204761749618476430e-02 9.986446032068854173e-01 -4.470719538302339694e-05 1.573286492796778235e+00 3.610264832919915078e-03 -1.433931341124926101e-04 9.999934726918197070e-01 -1.951461835581195514e-01
9.986687764155489644e-01 -5.152624012388529878e-02 -2.391984817253483414e-03 2.517818200626162195e+01 5.152608732541485298e-02 9.986716410183830162e-01 -1.255013296220040657e-04 1.633299622768466186e+00 2.395274014383563105e-03 2.084640717261841301e-06 9.999971313249105265e-01 -1.985718904889969827e-01
9.986755428122300327e-01 -5.145009223639249868e-02 2.195394369926874107e-04 2.584658302036500999e+01 5.144983508744230966e-02 9.986750289179342488e-01 1.049326087619533322e-03 1.680690823620898611e+00 -2.732364775813769494e-04 -1.036641032312007275e-03 9.999994253584336690e-01 -2.038629617875247768e-01
9.987062562531442422e-01 -5.076953952127686437e-02 2.875339567153081203e-03 2.650222773099670093e+01 5.076388238181337581e-02 9.987086654005208342e-01 2.007460942548869656e-03 1.730104712916424647e+00 -2.973544409344919346e-03 -1.858900402912656716e-03 9.999938512425652348e-01 -2.115257310718663408e-01
9.987089549372156760e-01 -5.059856618702875813e-02 4.495378519266479168e-03 2.717068189577154413e+01 5.059270546459234547e-02 9.987183764470507485e-01 1.408084067112310052e-03 1.780614984161684733e+00 -4.560864171143448782e-03 -1.178832805752374861e-03 9.999889043740577410e-01 -2.147876916630175603e-01
9.987479464025570408e-01 -4.986066838718460070e-02 4.056267330724045925e-03 2.786528560894457485e+01 4.985954529420882908e-02 9.987561680239082085e-01 3.775940326640090609e-04 1.846651809839398029e+00 -4.070049106562154129e-03 -1.748776199953840386e-04 9.999917020246158472e-01 -2.247540026104353772e-01
9.988125111996656313e-01 -4.867953109389704103e-02 1.967415435587229616e-03 2.853893825906454396e+01 4.867891585992940862e-02 9.988144141751208460e-01 3.594255306916736793e-04 1.915085662126571275e+00 -1.982579562032394521e-03 -2.632270664489459473e-04 9.999980000428959626e-01 -2.329027119566151605e-01
9.988548474727282356e-01 -4.784218975361947956e-02 -3.443251537366814603e-04 2.923743490527120059e+01 4.784267445874197666e-02 9.988536447017223319e-01 1.573202695227759584e-03 1.961319770263656670e+00 2.686649729063730874e-04 -1.587874574423588959e-03 9.999987032358933492e-01 -2.388365811163795094e-01
9.989002470904572162e-01 -4.676348077927034580e-02 -3.387215379976502797e-03 2.995732044057581689e+01 4.676942961088203371e-02 9.989042668966592320e-01 1.698831810567913176e-03 2.010746300282360455e+00 3.304060607235811704e-03 -1.855381646632125146e-03 9.999928203454507836e-01 -2.479889543260443974e-01
9.989514629357540976e-01 -4.547558712051959912e-02 -5.286366858312671613e-03 3.067998195128083694e+01 4.548874341840061092e-02 9.989619787961289132e-01 2.395650629224447756e-03 2.058109786158261567e+00 5.171935878522677249e-03 -2.633608886380043972e-03 9.999831574499152831e-01 -2.555298294445554896e-01
9.990607721201910651e-01 -4.298024716794317940e-02 -5.501996364054828267e-03 3.138977738169073106e+01 4.298521607017872365e-02 9.990753976754964683e-01 7.880094851327245709e-04 2.112876575734300655e+00 5.463040362985524187e-03 -1.023773867180968484e-03 9.999845534192322027e-01 -2.399047320791259930e-01
9.991854788641476581e-01 -4.015749128468766582e-02 -3.969221679886230855e-03 3.215099922431530644e+01 4.017128713288220521e-02 9.991868198063693640e-01 3.459308503378882762e-03 2.156768777962916328e+00 3.827076836356534378e-03 -3.615939567284217736e-03 9.999861391359053941e-01 -2.642800839014475822e-01
9.993058910952204998e-01 -3.724354527012177507e-02 8.089240382105931460e-04 3.287436080978878294e+01 3.723937745236148567e-02 9.992954673384266684e-01 4.668803255232726462e-03 2.207650100922013525e+00 -9.822369101984938788e-04 -4.635438769729393477e-03 9.999887738960194783e-01 -2.553552922811977988e-01
9.993830636796626754e-01 -3.478785765008363118e-02 4.826695595207637288e-03 3.360167571908166906e+01 3.476321459619016729e-02 9.993825696386570145e-01 5.098863929752036131e-03 2.265770460003182940e+00 -5.001093999367555581e-03 -4.927926800634625445e-03 9.999753519943664903e-01 -2.561740457842047181e-01
9.994682380567887492e-01 -3.214544725983530665e-02 5.469125718366398513e-03 3.434476551156841140e+01 3.213909779744437284e-02 9.994826304225655766e-01 1.244940301999260387e-03 2.301311012638118658e+00 -5.506315321924112709e-03 -1.068505523795991582e-03 9.999842692700326996e-01 -2.621619105736062716e-01
9.995749460471975434e-01 -2.881635804695457936e-02 4.420943751251091812e-03 3.507813839641747222e+01 2.881587794493715993e-02 9.995847215227204874e-01 1.722689981497678609e-04 2.326785731778372224e+00 -4.424071993593007256e-03 -4.480239899367491406e-05 9.999902127419750819e-01 -2.720595255620032460e-01
9.996750531027963627e-01 -2.528183633680334413e-02 3.258366977555526497e-03 3.581185548598298141e+01 2.527915939865699180e-02 9.996800609428285744e-01 8.601473360775215146e-04 2.379097848053657316e+00 -3.279070602873058148e-03 -7.774990556645788127e-04 9.999943215794776519e-01 -2.742999622991439956e-01
9.997653437177298485e-01 -2.160167356303868691e-02 1.620246970477603543e-03 3.653899605462240174e+01 2.159781378863943196e-02 9.997639473845025826e-01 2.363038236853016831e-03 2.427811157986355273e+00 -1.670910087551947957e-03 -2.327489942725512531e-03 9.999958954165990566e-01 -2.781248001830840533e-01
9.998225891480836403e-01 -1.883011568104921152e-02 -4.658032423439335346e-04 3.723931009400434533e+01 1.883189146734051689e-02 9.998140175740560798e-01 4.158139750831769954e-03 2.448857054684418166e+00 3.874183586007784626e-04 -4.166174007821144692e-03 9.999912464122633349e-01 -2.786687291481372286e-01
9.998779582810443101e-01 -1.556536389346580528e-02 -1.337157654955276921e-03 3.797224523274154251e+01 1.557334755368789368e-02 9.998596077094461521e-01 6.183503625327227415e-03 2.474946479350974116e+00 1.240721444264483025e-03 -6.203573000810315777e-03 9.999799879459195795e-01 -2.919794179024462477e-01
9.999262086541516048e-01 -1.191255364095323080e-02 -2.380821766862771180e-03 3.870834320647253435e+01 1.192392403542931120e-02 9.999172899124187941e-01 4.820100600722917496e-03 2.494930845508899431e+00 2.323205141925016072e-03 -4.848133656902433621e-03 9.999855490545417336e-01 -2.964343054682694323e-01
9.999563365329507958e-01 -7.692817494306372107e-03 -5.305241427061869845e-03 3.940835340433734757e+01 7.713279508589388454e-03 9.999628510015250438e-01 3.847328439870866413e-03 2.516422517527784120e+00 5.275447547127605323e-03 -3.888081262159780258e-03 9.999785260080720217e-01 -2.917560177393653253e-01
9.999641623675979973e-01 -2.465949144783466732e-03 -8.098955197031031811e-03 4.012847107900944366e+01 2.511898439819741646e-03 9.999807806333508298e-01 5.668221073866137362e-03 2.539452923163863840e+00 8.084821995332083094e-03 -5.688361691166511462e-03 9.999511379035348480e-01 -2.955702329690156338e-01
9.999690983731724936e-01 2.775253148049108658e-03 -7.355288485760547862e-03 4.082972404814132261e+01 -2.712394021325631281e-03 9.999598347498518391e-01 8.542353640656854749e-03 2.556511105635260517e+00 7.378700252591586725e-03 -8.522139227518521140e-03 9.999364619442423496e-01 -2.957640341854558819e-01
9.999560177749140522e-01 7.221017084997400325e-03 -5.984933415990709334e-03 4.153826455999980283e+01 -7.163454328675420736e-03 9.999284113270706653e-01 9.584213217657993472e-03 2.556954521629952737e+00 6.053712729940854444e-03 -9.540918885449369002e-03 9.999361596767089022e-01 -2.951278956749360805e-01
9.999063208408535131e-01 1.266708005133184052e-02 -5.186002842382715985e-03 4.224372486872099586e+01 -1.261393873376490636e-02 9.998688772309418660e-01 1.015464891350328046e-02 2.581707148447980771e+00 5.313952590010195473e-03 -1.008828171240469009e-02 9.999349921269693464e-01 -2.921986063596010985e-01
9.998226814662082296e-01 1.841124467095800465e-02 -3.953693891450231652e-03 4.295142408195194150e+01 -1.836620565186363602e-02 9.997692556728463575e-01 1.114082139324642715e-02 2.595306611765063831e+00 4.157897987519980527e-03 -1.106623156403684777e-02 9.999301227602339637e-01 -2.882886713482440411e-01
9.997010814968487757e-01 2.436163715128962862e-02 -2.063562293686402142e-03 4.365243294432485044e+01 -2.433536005820364015e-02 9.996327452437245853e-01 1.192329179935221022e-02 2.587418626341552841e+00 2.353275349083940732e-03 -1.186951017539552254e-02 9.999267857314991792e-01 -3.025140244067106021e-01
9.995347939306629126e-01 3.042279960793357191e-02 2.156150737470875507e-03 4.435286135692954446e+01 -3.044528156062221297e-02 9.994725559959426464e-01 1.130020538006684845e-02 2.576201193367658959e+00 -1.811229604886285946e-03 -1.136059307222873037e-02 9.999338259966834563e-01 -3.030211167065336442e-01
9.993073004733914466e-01 3.668484434147060991e-02 6.256310112591157054e-03 4.505274568055098428e+01 -3.675001858041671010e-02 9.992678282456209926e-01 1.064159610298293611e-02 2.568238904452059490e+00 -5.861344122457353388e-03 -1.086414418728261395e-02 9.999238046052089102e-01 -3.158271598194448138e-01
9.990391212520974840e-01 4.288174479256299382e-02 9.054842427257552701e-03 4.574387023505256877e+01 -4.296084964649831556e-02 9.990386122890092535e-01 8.730209235846057153e-03 2.544565779358482160e+00 -8.671770608585802065e-03 -9.110824287416736250e-03 9.999208935087394723e-01 -3.180643727307811419e-01
9.987526269849588134e-01 4.904669615698156043e-02 9.360111469872957335e-03 4.643819587028129803e+01 -4.912436109883360630e-02 9.987585466329655937e-01 8.256068933682829056e-03 2.536784637142037724e+00 -8.943558423531429435e-03 -8.705580031856006637e-03 9.999221097860742091e-01 -3.248804399616225247e-01
9.984793635521614918e-01 5.446140700967340431e-02 8.539069445627994401e-03 4.712398611042060992e+01 -5.452986888884001071e-02 9.984800861353544388e-01 8.000686851828827870e-03 2.511057934561140570e+00 -8.090362132592022679e-03 -8.454155053096988268e-03 9.999315343076753404e-01 -3.289756805304684950e-01
9.981848433347962901e-01 5.984858266796587445e-02 6.720542338516586646e-03 4.780116907834101880e+01 -5.989680899942044501e-02 9.981784648523485126e-01 7.219735223389396085e-03 2.487742701610295093e+00 -6.276209714077852879e-03 -7.609169313700301675e-03 9.999513536837580929e-01 -3.389251788025841039e-01
9.978703618163706768e-01 6.503559438398257009e-02 5.011234537275530317e-03 4.849924460924971470e+01 -6.507518028515599240e-02 9.978467634760345151e-01 8.188866298660410145e-03 2.443693761248812102e+00 -4.467876376975367554e-03 -8.497533967274551944e-03 9.999539139366149243e-01 -3.446501815077381847e-01
9.975052431458556468e-01 7.040776959444566829e-02 5.102536355862360810e-03 4.918033602987814845e+01 -7.044834658107368419e-02 9.974811934689272741e-01 8.264329361620657843e-03 2.428165007260517871e+00 -4.507811056418579466e-03 -8.603177118941169460e-03 9.999528313790304601e-01 -3.479738035353575065e-01
9.971145691437158787e-01 7.554078731318111806e-02 7.491692295235806605e-03 4.987701763893724660e+01 -7.560574327680086304e-02 9.970989306841289146e-01 8.803068336046512496e-03 2.397127510954473628e+00 -6.804967663717462374e-03 -9.344082655422093417e-03 9.999331880352928525e-01 -3.594671212079410538e-01
9.967166798680179296e-01 8.053048368267304302e-02 8.408404766058726401e-03 5.057694446036797586e+01 -8.058520510757705146e-02 9.967272720368952621e-01 6.385130825496880200e-03 2.345534915615388183e+00 -7.866688670901332905e-03 -7.041759419612558107e-03 9.999442628635014652e-01 -3.670372780591035222e-01
9.963028298818408235e-01 8.552222550098027842e-02 8.162114603160030429e-03 5.125871826125797526e+01 -8.555058086676463336e-02 9.963287222524956910e-01 3.189879005288555249e-03 2.312562368519777145e+00 -7.859343661833738393e-03 -3.876359125351101689e-03 9.999616015413473891e-01 -3.733350364688323153e-01
9.959572631520536845e-01 8.965371270579257368e-02 5.598372329350147746e-03 5.195751497138873987e+01 -8.965607918371122642e-02 9.959727695315216955e-01 1.726763288262662629e-04 2.248227530775792626e+00 -5.560345319755821171e-03 -6.739063567290667998e-04 9.999843140820496856e-01 -3.816914916973139227e-01
