1.000000000000000000e+00 0.000000000000000000e+00 0.000000000000000000e+00 0.000000000000000000e+00 0.000000000000000000e+00 1.000000000000000000e+00 0.000000000000000000e+00 0.000000000000000000e+00 0.000000000000000000e+00 0.000000000000000000e+00 1.000000000000000000e+00 0.000000000000000000e+00
9.999999210722472220e-01 3.972360751776795955e-04 7.681133442547893102e-06 2.754426811501884710e-03 -3.972358552484902606e-04 9.999999206924898854e-01 -2.861274579415461609e-05 -3.539028643478590885e-05 -7.692498848215650027e-06 2.860969231420256172e-05 9.999999995611554837e-01 -6.484240410728264389e-04
9.999999928729048637e-01 -1.193790609143712678e-04 -1.682297430842641893e-06 1.011724873002413719e-03 1.193790326695009309e-04 9.999999927335462280e-01 -1.677957364187440548e-05 -1.261327372063588022e-04 1.684300548362216054e-06 1.677937269124482890e-05 9.999999998578078531e-01 -5.801395531451869047e-04
9.999999009760657254e-01 4.449679548882303870e-04 7.167842084309753162e-06 1.294312583527550001e-03 -4.449679818035303454e-04 9.999999009946969331e-01 3.753850404045495672e-06 -2.064660176723773482e-03 -7.166171031518130630e-06 -3.757039492550601368e-06 9.999999999672652962e-01 -4.060287365746132696e-04
9.999999866508708646e-01 -1.621017632183307914e-04 -2.052502186152750543e-05 1.560491179579858584e-03 1.621014828577636727e-04 9.999999867682515253e-01 -1.366037965281663716e-05 1.026944633852281547e-04 2.052723596157353115e-05 1.365705233398302309e-05 9.999999996960587945e-01 -4.139155963023326496e-04
9.999999942648837292e-01 -1.065466072426325943e-04 -1.086521579984897519e-05 -2.098155724793306521e-03 1.065465192040045031e-04 9.999999942910898776e-01 -8.103053024172362132e-06 -1.917327544987280918e-03 1.086607909062846815e-05 8.101895326776538286e-06 9.999999999081438107e-01 -7.465007805996142290e-04
9.999999981963404450e-01 -5.715810484559121765e-05 -1.844641415394873121e-05 -1.703804372061784762e-03 5.715765046029647363e-05 9.999999980631263385e-01 -2.463230391875225638e-05 -1.173312021701207811e-03 1.844782205403033094e-05 2.463124952063150777e-05 9.999999995264896580e-01 -1.434147028369669227e-04
9.999999889892509097e-01 1.472137789055659018e-04 -1.869762947310205138e-05 -2.432556871983499076e-03 -1.472136160500089538e-04 9.999999891261345253e-01 8.711035081610524195e-06 -1.360966239064845306e-03 1.869891165417908812e-05 -8.708282440049204944e-06 9.999999997872582869e-01 -4.535954885547159934e-04
9.999999299982668122e-01 3.741662737568440659e-04 -1.749608508178154424e-06 -3.441513120999188310e-04 -3.741662884271951543e-04 9.999999299645778716e-01 -8.392137608370482606e-06 -3.036789707289344522e-04 1.746468330785805407e-06 8.392791665428010062e-06 9.999999999632555037e-01 -1.276382030497650579e-04
9.999998781891374922e-01 4.932829383878077232e-04 1.713629976670194292e-05 1.683564532776177149e-03 -4.932824197651305845e-04 9.999998778785184061e-01 -3.025562098384764370e-05 2.156845631514012207e-04 -1.715122225561328928e-05 3.024716426296961727e-05 9.999999993954723498e-01 -2.112219474453320034e-04
9.999999993080525007e-01 3.562743826971503751e-05 -1.070423933287709573e-05 9.919428687941897992e-04 -3.562751343693710713e-05 9.999999993406852861e-01 -7.022083219049986248e-06 -1.771722692894344645e-04 1.070398914698322286e-05 7.022464579621737898e-06 9.999999999180547716e-01 -5.428933678651362690e-04
9.999999542606943237e-01 -3.022922663871436925e-04 -9.899241780418634558e-06 -1.270252311520209077e-03 3.022921432937982801e-04 9.999999542324298218e-01 -1.243375991521246957e-05 -1.561271483102127889e-04 9.902999956818873484e-06 1.243076688348613835e-05 9.999999998737033602e-01 -6.164031110894208250e-04
9.999998632181628100e-01 5.230030102268659782e-04 5.613110618235547018e-06 6.793049296513814159e-04 -5.230030036722243831e-04 9.999998632332363080e-01 -1.169142151531353369e-06 -4.203689996483566706e-04 -5.613721315413207722e-06 1.166206317900660396e-06 9.999999999835630371e-01 -1.660367383396077088e-04
9.999999388754829965e-01 -3.145865362265869505e-04 1.525920755028653856e-04 -2.454977996166503133e-03 3.145997299454977511e-04 9.999999467769019601e-01 -8.644768990057474583e-05 3.194113067092494915e-04 -1.525648721021117973e-04 8.649569004224649186e-05 9.999999846212276333e-01 8.542496943015621654e-04
9.999997461380661923e-01 4.319494712038448713e-04 5.666952068569609032e-04 -1.054051320304463975e-02 -4.316995017327697123e-04 9.999998095117201835e-01 -4.411485730050187441e-04 -4.463599649718087443e-04 -5.668856528009975481e-04 4.409038189757544311e-04 9.999997421222063254e-01 4.561988611250395245e-03
9.999998233539373338e-01 -2.907070515301501761e-04 5.184414184468630078e-04 -1.378392262514724353e-02 2.908681909091309051e-04 9.999999094098699359e-01 -3.107667090570778896e-04 -1.750526937039271992e-03 -5.183510294074838379e-04 3.109174522788383686e-04 9.999998173212574226e-01 3.026326447490879611e-03
9.999999662189297256e-01 1.557917799384164899e-04 2.080650398774026844e-04 -6.995382903672383093e-03 -1.557774197287321405e-04 9.999999854839676239e-01 -6.903231096508474947e-05 -3.199159993716384383e-03 -2.080757915237223547e-04 6.899989679805154479e-05 9.999999759717392855e-01 -8.999652211650855608e-04
9.999999646082498028e-01 6.440322439585766231e-05 -2.581389623464459002e-04 6.254886776062561736e-03 -6.442029121859177258e-05 9.999999957399389183e-01 -6.610709593700888893e-05 -1.273283170176080746e-03 2.581347037366243458e-04 6.612372298449227829e-05 9.999999644970634094e-01 -1.261614510325520869e-03
9.999999162537823727e-01 -2.768191192287305469e-04 -3.014359026400949553e-04 1.825621881538202693e-02 2.768171170531174186e-04 9.999999616638043376e-01 -6.683828270236048303e-06 -3.470083639019885076e-04 3.014377412956440578e-04 6.600385092945576835e-06 9.999999545458604366e-01 -1.420967764743622354e-03
9.999999939129843307e-01 1.311301347810252957e-05 -1.095540055070798471e-04 3.929708410505985960e-02 -1.312025794374348570e-05 9.999999977275768615e-01 -6.612643273537977993e-05 2.512504704784292164e-03 1.095531381413230736e-04 6.612786970967817542e-05 9.999999918126073473e-01 -2.794795112563914011e-04
9.999999917581305908e-01 1.252134800001922850e-04 2.837821816436192010e-05 5.726478624672964868e-02 -1.252118345435584360e-04 9.999999904803060780e-01 -5.797744628982459886e-05 1.549643921329781852e-03 -2.838547745202144127e-05 5.797389252322462038e-05 9.999999979166461772e-01 5.829294651679058645e-04
9.999999884410946116e-01 3.358984487481624646e-05 -1.482886808704970819e-04 8.037865316765779866e-02 -3.360028487810277345e-05 9.999999969573383218e-01 -7.040130807874269835e-05 5.142635718603371254e-04 1.482863156502874525e-04 7.040628980690208513e-05 9.999999865270613464e-01 7.480363667210712534e-04
9.999999546845667053e-01 -1.804504993720025118e-04 -2.409740274497598593e-04 1.046634341953878722e-01 1.804168480956939893e-04 9.999999739722353898e-01 -1.396613386480052713e-04 -1.189197248352978284e-03 2.409992231360466011e-04 1.396178565446857937e-04 9.999999612131135196e-01 1.247391408889348199e-03
9.999998975908760412e-01 -3.786197417912918182e-04 -2.479220209217360528e-04 1.396071296257878902e-01 3.785525821726817429e-04 9.999998916607056865e-01 -2.708810060639098424e-04 -2.697845088429026185e-04 2.480245549586113010e-04 2.707871268020258914e-04 9.999999325790738247e-01 2.342439729906506743e-03
9.999997463217386029e-01 -6.910096813873769931e-04 -1.728064774233922546e-04 1.717631387418304123e-01 6.909776811943273535e-04 9.999997441308224877e-01 -1.851705530068702675e-04 -1.957315484323458778e-03 1.729343878523766206e-04 1.850511006140609339e-04 9.999999679248933182e-01 2.437334138140201736e-03
9.999995564429352557e-01 -8.918968672917416659e-04 -3.027109361873256128e-04 2.123166718560900168e-01 8.918326266817954958e-04 9.999995797844475343e-01 -2.122863497531468613e-04 -5.255834099305899468e-03 3.029001465137959857e-04 2.120162881026914272e-04 9.999999316502951041e-01 3.055738068607786236e-03
9.999994793348054856e-01 -8.197991465322430069e-04 -6.076672422360650770e-04 2.572553560178013066e-01 8.196419375415408973e-04 9.999996305755306514e-01 -2.589129130729077863e-04 -4.319923254215883406e-03 6.078792743340799467e-04 2.584147087101586974e-04 9.999997818522893267e-01 3.322164379291015976e-03
9.999989155247394068e-01 -1.022068433313571981e-03 -1.060342144231619411e-03 3.158907281696649028e-01 1.021819950451087608e-03 9.999994503628364395e-01 -2.348574330480878043e-04 -5.901270989383845811e-03 1.060581601796818218e-03 2.337736995937319303e-04 9.999994102580878064e-01 3.145987884630168860e-03
9.999978554419387544e-01 -1.455009663980178294e-03 -1.473790487529982960e-03 3.940588610215084442e-01 1.454746274853685201e-03 9.999989256971322238e-01 -1.797716809350347685e-04 -3.011164287504914175e-03 1.474050473765706106e-03 1.776273041825781858e-04 9.999988978112633875e-01 3.023239562064766739e-03
9.999971312956036362e-01 -1.699124173807232919e-03 -1.688306134953044060e-03 4.742414515424921428e-01 1.698706062338499511e-03 9.999985261836815686e-01 -2.490545693362195717e-04 -3.373657637549024382e-03 1.688726821339268068e-03 2.461859190057536059e-04 9.999985437960478007e-01 3.840497832076133697e-03
9.999963003190095456e-01 -1.922178865441676087e-03 -1.924727695668176268e-03 5.703235268458946017e-01 1.921876883974059846e-03 9.999981405948192847e-01 -1.587329419829066322e-04 -7.377729112002648013e-03 1.925029229925856325e-03 1.550332650554093203e-04 9.999981351118364392e-01 2.792223665935031872e-03
9.999943872620357110e-01 -2.263331200085323680e-03 -2.470379789519171372e-03 6.783387584343970600e-01 2.263063506711734257e-03 9.999974330911970410e-01 -1.111511648665100722e-04 -1.096219244701023346e-02 2.470625020178911224e-03 1.055599146547682085e-04 9.999969424298826848e-01 1.627301674894363320e-03
9.999922923688157050e-01 -2.504549180459940839e-03 -3.023646203459334943e-03 7.914553093208984702e-01 2.503422332490961352e-03 9.999967955925326279e-01 -3.764057539598855847e-04 -9.259587341672006339e-03 3.024579241187462693e-03 3.688333893318667647e-04 9.999953579303979545e-01 2.721041765926681885e-03
9.999895406137162546e-01 -3.048388938786164223e-03 -3.409690315345304066e-03 9.119571940686018729e-01 3.046646092592711352e-03 9.999952257196343952e-01 -5.162223590882098964e-04 -1.013811623216993515e-03 3.411247683057177290e-03 5.058288400429499648e-04 9.999940537455357381e-01 2.798193054679616772e-03
9.999880639497537027e-01 -3.511352222026071709e-03 -3.397405421233025066e-03 1.044766685476034462e+00 3.510457482989212674e-03 9.999938020671949035e-01 -2.692869396506627089e-04 -2.552002566726671931e-04 3.398329925636417621e-03 2.573572781445047659e-04 9.999941925436106605e-01 7.114009330795943286e-04
9.999866200142387695e-01 -3.837964746808735211e-03 -3.468402961120283824e-03 1.183795777743068101e+00 3.837308288362630427e-03 9.999926183162907156e-01 -1.959031122200285827e-04 -6.243390478011579675e-03 3.469129227705139082e-03 1.825911596090881402e-04 9.999939658832296407e-01 1.208625650911158370e-03
9.999831653284999566e-01 -4.041544793258570155e-03 -4.163529185428574420e-03 1.334539469690371183e+00 4.040815105584257168e-03 9.999918190087441205e-01 -1.836542011692056430e-04 -7.299407743925130643e-03 4.164237370313210104e-03 1.668270577860386837e-04 9.999913156102189227e-01 -1.424911387614588923e-03
9.999774404570140884e-01 -4.603893466082462950e-03 -4.891088017184317370e-03 1.502477922882175632e+00 4.601670940542403922e-03 9.999893038821686675e-01 -4.655596747496660724e-04 -4.947181826842215503e-03 4.893179088675213111e-03 4.430419943398587984e-04 9.999879301832584888e-01 6.106060750695691333e-04
9.999730431811206799e-01 -5.286332379529808979e-03 -5.095841545975807359e-03 1.672799627686053503e+00 5.282726673474455632e-03 9.999857865374075505e-01 -7.207787841937071931e-04 -1.779860002066022129e-03 5.099579392647977417e-03 6.938394162318438276e-04 9.999867563507441881e-01 6.000631473825282156e-03
9.999654332133781631e-01 -5.978327939168237397e-03 -5.778578841960541577e-03 1.865105524419750749e+00 5.972537288689351055e-03 9.999816452266845346e-01 -1.018826809812742274e-03 3.114512418061510593e-03 5.784563658238089413e-03 9.842788146345621703e-04 9.999827848610689518e-01 1.018864761009958750e-02
9.999557988314896617e-01 -6.957778345521251767e-03 -6.323741279643315359e-03 2.062862238746356436e+00 6.952608582855651642e-03 9.999754782443045498e-01 -8.391328667203384320e-04 1.179524513779873357e-02 6.329424710893657470e-03 7.951292781704872919e-04 9.999796528691271558e-01 1.094022451016020588e-02
9.999502654687686398e-01 -7.558836271401362522e-03 -6.506195751844392507e-03 2.272599031906093359e+00 7.554868770145899484e-03 9.999712604833116414e-01 -6.341650279926317694e-04 1.615642564815106264e-02 6.510802316538649888e-03 5.849800329941761030e-04 9.999786333975121400e-01 1.232850775309577741e-02
9.999398525797318360e-01 -8.176155463526863648e-03 -7.310383345653831237e-03 2.490273181578430695e+00 8.172256451245103054e-03 9.999664480278758205e-01 -5.630657231298288748e-04 1.487975048106199814e-02 7.314741780764094474e-03 5.032895287215469844e-04 9.999731202649054795e-01 1.427286284792440157e-02
9.999329191986408016e-01 -8.838636656873793615e-03 -7.485693350137318305e-03 2.726361357391168028e+00 8.835264291575698273e-03 9.999608514200986065e-01 -4.834584672838098231e-04 2.009603834485708743e-02 7.489673409604094209e-03 4.172879573482465940e-04 9.999718649356981182e-01 1.558651753299694631e-02
9.999204853631219470e-01 -9.673044993479188239e-03 -8.090435818463614578e-03 2.965887975528175957e+00 9.669551605220498905e-03 9.999531379624998495e-01 -4.707979435958278423e-04 1.731192877996631449e-02 8.094610733848138853e-03 3.925296216129415898e-04 9.999671610595838311e-01 1.443008716378217128e-02
9.999119033235954745e-01 -1.011244667472393013e-02 -8.597907538210207423e-03 3.226823282968381168e+00 1.011056790851425427e-02 9.999488525905521064e-01 -2.619530599015901890e-04 1.881456628639914877e-02 8.600116763862492020e-03 1.750002546714379348e-04 9.999630029988904045e-01 1.597616284082693794e-02
9.999105395308632849e-01 -1.063469555910600585e-02 -8.112717514062705790e-03 3.485425668432804436e+00 1.062509659160574584e-02 9.999428012411782918e-01 -1.225384986264956141e-03 1.953995067868176394e-02 8.125285072961856495e-03 1.139076955541883833e-03 9.999663405566071583e-01 2.743409115191356579e-02
9.999028150968743978e-01 -1.124123556471020614e-02 -8.245907125628670897e-03 3.756076155607616762e+00 1.123240209902872690e-02 9.999362909361801943e-01 -1.116786407733424968e-03 2.492895920832643650e-02 8.257935845690150822e-03 1.024056528448270137e-03 9.999653783025664877e-01 1.745192952333161560e-02
9.998882695213721084e-01 -1.197226700369993097e-02 -8.950603127611032536e-03 4.033995342395864547e+00 1.196767357314703142e-02 9.999282243101476064e-01 -5.665837992928008434e-04 1.573313475859373228e-02 8.956743984422059143e-03 4.594025980996853148e-04 9.999597820344827692e-01 6.964265219392348771e-03
9.998580330886043255e-01 -1.258674755280988003e-02 -1.120211829205809001e-02 4.325925434406709513e+00 1.258177104349317288e-02 9.999207139625057028e-01 -5.146125940595370346e-04 -2.378048177010373167e-03 1.120770741929609515e-02 3.735970485461914616e-04 9.999371218829955499e-01 -1.711733320225483721e-03
9.998371441266874493e-01 -1.259660193255942098e-02 -1.292326755671158699e-02 4.611770432897285943e+00 1.258267595465948144e-02 9.999201640754902254e-01 -1.158335471620212855e-03 -1.293770612213300877e-02 1.293682690653887198e-02 9.955375419439271324e-04 9.999158201641740185e-01 -5.965385044228227115e-03
9.998188456229872845e-01 -1.297573125916181951e-02 -1.392502550830928762e-02 4.913993609510143301e+00 1.296052869017317623e-02 9.999153108667715451e-01 -1.181435685421595343e-03 -2.728756346352385204e-02 1.393917620192281978e-02 1.000745970564186462e-03 9.999023441688263958e-01 -8.237241136141937314e-03
9.997987169030700949e-01 -1.306683397838213911e-02 -1.522443853664563924e-02 5.236947508540803042e+00 1.304480096243596995e-02 9.999137183819764019e-01 -1.545625886168625583e-03 -2.999993130440667399e-02 1.524332138430245336e-02 1.346715007328180228e-03 9.998829069005349401e-01 -1.024865484378663372e-02
9.997722546212245431e-01 -1.324252095599743814e-02 -1.673542734211610691e-02 5.538509363498784310e+00 1.319638278755342134e-02 9.999088213288270799e-01 -2.864351605533949161e-03 -3.187082043938127551e-02 1.677183266425117183e-02 2.642852157372749169e-03 9.998558500911801650e-01 -2.145383415280130435e-03
9.997330573509132234e-01 -1.396137472141993630e-02 -1.840907536200163744e-02 5.879206566491402164e+00 1.389427282109191586e-02 9.998963705822411230e-01 -3.767927710899524052e-03 -3.084529410682726111e-02 1.845977309093548360e-02 3.511141174831116339e-03 9.998234387456025329e-01 9.079798008412897151e-04
9.996758483228066483e-01 -1.456663182300155235e-02 -2.088088880795060248e-02 6.226485976978316295e+00 1.450350583301095869e-02 9.998897891554395789e-01 -3.171413130207320717e-03 -1.865351945930426164e-02 2.092478431498626806e-02 2.867539018697526278e-03 9.997769404328885612e-01 -4.179760722043419224e-04
9.996877593292605724e-01 -1.511093525308507268e-02 -1.990084126411522866e-02 6.606328813117563925e+00 1.508899234808411954e-02 9.998853704372928641e-01 -1.252316013257292896e-03 -6.098828552220965718e-03 1.991748370557635053e-02 9.516413477106643298e-04 9.998011743449711775e-01 -6.831403521699926096e-03
9.997129822117878373e-01 -1.731646820321316310e-02 -1.655575809743373497e-02 6.988268264728834112e+00 1.732006536690937348e-02 9.998499936858181725e-01 7.390639592107703100e-05 6.670464375020314363e-03 1.655199483142806918e-02 -3.606319959170763839e-04 9.998629413132901211e-01 2.904869826096226001e-02
9.997205595733187344e-01 -1.870219292552119730e-02 -1.445789563480941349e-02 7.375714026569665904e+00 1.872121276710252483e-02 9.998240448803059621e-01 1.181300856213871866e-03 -2.636006139211978516e-04 1.443325877753647186e-02 -1.451640093342402302e-03 9.998947813555684183e-01 4.817122636257649415e-02
9.997274031542627837e-01 -1.982552065024556845e-02 -1.233159005889873649e-02 7.760642206519682063e+00 1.982601889001997866e-02 9.998034418198075146e-01 -8.185498977293114201e-05 -4.539331866222817181e-03 1.233078900178794998e-02 -1.626536610907977078e-04 9.999239597021265524e-01 7.017428559238278463e-02
9.997084130357372089e-01 -2.128337002997772801e-02 -1.140644842774577936e-02 8.147634156647226789e+00 2.126752718412476192e-02 9.997726825908944681e-01 -1.508453671509006264e-03 -1.119675875620878246e-02 1.143596052110589303e-02 1.265426874070799297e-03 9.999338065601073300e-01 8.874312818686189153e-02
9.996547434823342959e-01 -2.223365981396948146e-02 -1.400207857945077496e-02 8.521839094226002942e+00 2.219353807137195919e-02 9.997491488819274519e-01 -3.014328737269537234e-03 -6.105040442505423742e-03 1.406558570209570126e-02 2.702532356595225248e-03 9.998974225477924582e-01 1.006393275032661239e-01
9.995828419780022900e-01 -2.409399085462857540e-02 -1.592550243719467740e-02 8.894885625931820528e+00 2.403216993333780541e-02 9.997029335551603779e-01 -4.061951440113407800e-03 4.440091330011266754e-03 1.601864012565341194e-02 3.677532583640751463e-03 9.998649303394039345e-01 1.134801451017132395e-01
9.995450904381891766e-01 -2.544473923921160979e-02 -1.619189383490127546e-02 9.291323277721190266e+00 2.536917879944972781e-02 9.996663611763074719e-01 -4.855007678883114380e-03 2.227744592351548619e-02 1.631002599488239405e-02 4.442024039668007740e-03 9.998571155292526047e-01 1.410287324378740881e-01
9.995137179301356589e-01 -2.689525146557805030e-02 -1.577888202885667848e-02 9.676520367907116338e+00 2.681257291159891420e-02 9.996257401552356425e-01 -5.428218212033758885e-03 4.436932921527958484e-02 1.591896992074067971e-02 5.002506141983697682e-03 9.998607709721198944e-01 1.633236577892045460e-01
9.994782212551144296e-01 -2.772096936072008383e-02 -1.657809079522250956e-02 1.009273425375645417e+01 2.766521200972506256e-02 9.996108223131099368e-01 -3.583288847556157213e-03 5.199596155340956150e-02 1.667097121254748626e-02 3.122782767032414742e-03 9.998561531273487679e-01 1.407598036527485386e-01
9.993990000941095353e-01 -2.871856534695237106e-02 -1.941346479397520336e-02 1.051222852143162001e+01 2.868896963747151474e-02 9.995867637180009257e-01 -1.801338644897650023e-03 6.207990929667452085e-02 1.945717430754850819e-02 1.243303738509113094e-03 9.998099182163474596e-01 1.160978353554601855e-01
9.993097357719161744e-01 -2.984960299674687539e-02 -2.211454707652122514e-02 1.094873459245719438e+01 2.981478731119584918e-02 9.995536299495899613e-01 -1.902448997029718061e-03 6.509283629931052195e-02 2.216146315231078134e-02 1.241795286971406238e-03 9.997536333994561097e-01 1.159687592918769439e-01
9.992478820174822696e-01 -3.055849140547003615e-02 -2.387150784088953176e-02 1.140387248217658112e+01 3.050157614782518165e-02 9.995309499512862184e-01 -2.744802721099093810e-03 8.001263736871125354e-02 2.394418793933630885e-02 2.014619691441794057e-03 9.997112669023114906e-01 1.292319882612987803e-01
9.992048112826663608e-01 -3.137015959478711702e-02 -2.461012386333708696e-02 1.187190575378257584e+01 3.131317451285171860e-02 9.995059820808203099e-01 -2.697570496321724867e-03 1.060287868072489620e-01 2.468258923814316969e-02 1.924804315383266823e-03 9.996934854828496420e-01 1.434067379750627036e-01
9.991813997641960654e-01 -3.237813453144354481e-02 -2.425256212290747768e-02 1.235097513497156108e+01 3.233465653658716688e-02 9.994747146420774886e-01 -2.182837098504251602e-03 1.263605656851429782e-01 2.431049880036780311e-02 1.396851961164237996e-03 9.997034802643611773e-01 1.499518057378751157e-01
9.991406943297322929e-01 -3.321675338404955768e-02 -2.478951852948670098e-02 1.284503740654667148e+01 3.318710920769166184e-02 9.994478652017618758e-01 -1.606401592861487907e-03 1.327715438162712092e-01 2.482919081922082410e-02 7.823287442198440574e-04 9.996914020061384853e-01 1.553363676174085162e-01
9.990503359321820653e-01 -3.409474360047936442e-02 -2.712885424436127860e-02 1.334213386646169930e+01 3.404613986012015175e-02 9.994177257810384907e-01 -2.251611707645404230e-03 1.410549486557841625e-01 2.718982593580483373e-02 1.325840667063636754e-03 9.996294090872407390e-01 1.635437578072898857e-01
9.989622737303421873e-01 -3.516437914418745619e-02 -2.894550229152415693e-02 1.385369287609423417e+01 3.510588631860404180e-02 9.993804044191074709e-01 -2.526659630111184260e-03 1.515786461298143650e-01 2.901641620341915973e-02 1.507880136157394241e-03 9.995777978167607047e-01 1.720871823553149771e-01
9.988978122800377113e-01 -3.621983146693546346e-02 -2.985438712587054622e-02 1.438056138281635832e+01 3.614844813748562674e-02 9.993421433788407526e-01 -2.927484284516786162e-03 1.769926778943168577e-01 2.994078020703643678e-02 1.845067882592059047e-03 9.995499714396987034e-01 1.835272455072532449e-01
9.988106086794216187e-01 -3.733727208125438984e-02 -3.135755256670665070e-02 1.492691450292144850e+01 3.728520588128288876e-02 9.993021461163850150e-01 -2.243699974910666126e-03 1.955228533048369854e-01 3.141944321329925849e-02 1.071858534251717270e-03 9.995057126937538783e-01 1.839645987651185310e-01
9.987443152726022122e-01 -3.878665292792337488e-02 -3.170785810031434560e-02 1.547872581944887216e+01 3.878879734264784745e-02 9.992472813156236811e-01 -5.477079932237591308e-04 1.987643634708174678e-01 3.170523476291969844e-02 -6.828894373609334942e-04 9.994970293856028087e-01 1.888373042747442110e-01
9.987128421288995472e-01 -3.930254498685938763e-02 -3.206195446899215429e-02 1.603949688967781739e+01 3.929543124281371230e-02 9.992272728702826790e-01 -8.521946132850641373e-04 2.099633737035455638e-01 3.207067274406839863e-02 -4.087906230656401189e-04 9.994855200751882052e-01 2.132262693582481772e-01
9.986280136577081468e-01 -4.076719961597913278e-02 -3.286526697793826918e-02 1.662867715700150129e+01 4.072869542907851803e-02 9.991685473700933073e-01 -1.840465968970902760e-03 2.150353987140158352e-01 3.291297170882032802e-02 4.993814258582222974e-04 9.994580966261096266e-01 2.393100429615135361e-01
9.985666088127158613e-01 -4.116147425774518975e-02 -3.421199791303287246e-02 1.720839173644823106e+01 4.109649531756057184e-02 9.991517976526670397e-01 -2.600638394230703372e-03 2.371152180597309034e-01 3.429002532641391848e-02 1.190917450037753478e-03 9.994112146052499535e-01 2.667410488129687840e-01
9.984927195468866756e-01 -4.203181961335979155e-02 -3.529327346467509008e-02 1.779147674166510740e+01 4.194052094804920361e-02 9.991145813686265198e-01 -3.323552196147889180e-03 2.740547571757945833e-01 3.540171908917137678e-02 1.838324395817298763e-03 9.993714719006877578e-01 2.925713146686639288e-01
9.984005003804230505e-01 -4.357489090939486998e-02 -3.602318312358465668e-02 1.837645766996597274e+01 4.350785569077519899e-02 9.990495886850043750e-01 -2.643074254405659764e-03 2.955318804942618782e-01 3.610411795504299415e-02 1.071555205277934051e-03 9.993474593133913064e-01 3.072534538722356823e-01
9.983127369547023511e-01 -4.517138449558078667e-02 -3.648595972101765367e-02 1.895840067975812460e+01 4.515261004028570807e-02 9.989792036759895799e-01 -1.338816430888787375e-03 3.174791826205751732e-01 3.650919117922512419e-02 -3.108788158281699946e-04 9.993332688917149209e-01 3.194289674633167264e-01
9.982313277784568006e-01 -4.678193890409382272e-02 -3.668332637633708870e-02 1.956007435742528600e+01 4.675782840789781403e-02 9.989051051851431939e-01 -1.515360562872959064e-03 3.306810883035050108e-01 3.671405349776593607e-02 -2.025522933958979034e-04 9.993257913455109165e-01 3.479203533708062346e-01
9.981044206569932298e-01 -4.815771331961238300e-02 -3.831970919506094003e-02 2.016267774089153875e+01 4.810123537840937935e-02 9.988395943279894107e-01 -2.394985964144967505e-03 3.438330817069103484e-01 3.839057983462697971e-02 5.472207266007186746e-04 9.992626601296765720e-01 3.655054458801309525e-01
9.980067870503512850e-01 -4.882261508164578018e-02 -3.998506293635580716e-02 2.077075505441502301e+01 4.873134914916656818e-02 9.988066196339357994e-01 -3.254563800636636230e-03 3.638428084922348815e-01 4.009624186300885657e-02 1.299550699220794990e-03 9.991949772474055802e-01 3.943577490252530016e-01
9.979078247260390055e-01 -4.959102305776084268e-02 -4.148136669192112325e-02 2.137974114433366069e+01 4.947337678411353051e-02 9.987679894904122335e-01 -3.858517702050401864e-03 3.960913404889037648e-01 4.162160905253577126e-02 1.798221722850641127e-03 9.991318271672229301e-01 4.187918407067288129e-01
9.977773110239620546e-01 -5.052088082855556161e-02 -4.345202188734731408e-02 2.199374734183457392e+01 5.040193710883868194e-02 9.987216736672731576e-01 -3.829266629187680696e-03 4.159507159641934737e-01 4.358993394659245457e-02 1.630689286046715014e-03 9.990481762712867253e-01 4.365233378708263112e-01
9.976885883175795611e-01 -5.117800474667637267e-02 -4.470226583769897066e-02 2.261363499906903129e+01 5.106689931194671739e-02 9.986886570370020477e-01 -3.624651747804646332e-03 4.435350371042945383e-01 4.482914828031683840e-02 1.333467576860416278e-03 9.989937784234108609e-01 4.606637245992274976e-01
9.975981360604720960e-01 -5.164853663834689107e-02 -4.615612193186450357e-02 2.323177333094180952e+01 5.153679768121361554e-02 9.986645772158219136e-01 -3.608420583776054610e-03 4.737978847548089401e-01 4.628085363773510458e-02 1.221014930745305564e-03 9.989277209633845578e-01 4.805462053619874441e-01
9.975257457724369115e-01 -5.182782974997408865e-02 -4.750013246877563683e-02 2.386509405790287985e+01 5.174301333708149209e-02 9.986558839898582729e-01 -3.014289838980956180e-03 5.012619438787458970e-01 4.759251088083227971e-02 5.490317317587618297e-04 9.988666835330004545e-01 4.987515148029843526e-01
9.974759469245538801e-01 -5.182163030151387684e-02 -4.854126017995100129e-02 2.448903388223992295e+01 5.176224929143725950e-02 9.986563558869816504e-01 -2.480402149937689042e-03 5.276388550197201877e-01 4.860457648468487213e-02 -3.846332709234482825e-05 9.988180983869470175e-01 5.206882908543312150e-01
9.974136067269954165e-01 -5.181523769122937245e-02 -4.981243076630555155e-02 2.515194450472873200e+01 5.173882126759069694e-02 9.986566598227335501e-01 -2.823148161407291329e-03 5.544995632202067704e-01 4.989179781975075501e-02 2.386099376718141957e-04 9.987546002775710141e-01 5.533999988842508433e-01
9.973987271387250164e-01 -5.146772646426651249e-02 -5.046634754616886182e-02 2.581191376018460915e+01 5.140296015201731988e-02 9.986746581092924568e-01 -2.581266723534650625e-03 5.901915755896639526e-01 5.053231431135311175e-02 -1.956750747456699122e-05 9.987224263164672378e-01 5.895089010641008098e-01
9.974244264536413773e-01 -5.090504037407316690e-02 -5.052910426811985795e-02 2.647413007174865029e+01 5.084865859065549470e-02 9.987034828165559652e-01 -2.401526517050317673e-03 6.315505076235328197e-01 5.058584222048206208e-02 -1.739959629391354696e-04 9.987197015640821851e-01 6.310208023343457651e-01
9.974315596341463142e-01 -5.049960646334426817e-02 -5.079442482046388208e-02 2.715472327208500047e+01 5.043496867674431006e-02 9.987240807893719152e-01 -2.554287767657883144e-03 6.595568768450710273e-01 5.085860576510350950e-02 -1.408799292391504747e-05 9.987058636160890401e-01 6.656346999814808374e-01
9.974175006080064909e-01 -4.992353087823965530e-02 -5.163303734554913066e-02 2.783518510623390085e+01 4.984891208061975609e-02 9.987530315381933921e-01 -2.732756419269902030e-03 6.892479519477834327e-01 5.170508142587208061e-02 1.518483383850363546e-04 9.986623861429978488e-01 7.034928709190249041e-01
9.973642903760464584e-01 -4.945222250488690019e-02 -5.309378468344902458e-02 2.850735964473572892e+01 4.932128862244229695e-02 9.987758332223355406e-01 -3.774315785834063929e-03 7.154714673684451354e-01 5.321543734018384375e-02 1.145713906963306350e-03 9.985823974857239715e-01 7.390161665603971475e-01
9.973111552107667421e-01 -4.851906286783246036e-02 -5.492140047916898443e-02 2.923780573572682684e+01 4.840734199569525498e-02 9.988220143632632331e-01 -3.363460156606656870e-03 7.443808819878072747e-01 5.501989579304689820e-02 6.958173184130973712e-04 9.984850158641248585e-01 7.674223590115640814e-01
9.972332402480779123e-01 -4.728077208695609379e-02 -5.736194849532701145e-02 2.995825806370240940e+01 4.717347837842546243e-02 9.988815092431682086e-01 -3.223884267567390764e-03 7.757773859764527380e-01 5.745021742343070503e-02 5.090019172423671575e-04 9.983482425662143500e-01 7.933691434292270417e-01
9.972411982577554790e-01 -4.575063847585452564e-02 -5.845401249262332372e-02 3.067650123092841241e+01 4.571557571889737354e-02 9.989526172821281413e-01 -1.937669186375137699e-03 7.993693117793425618e-01 5.848143837257992889e-02 -7.399352929320214631e-04 9.982882218385812356e-01 8.139935675443188412e-01
9.972031585508277507e-01 -4.350938715856052241e-02 -6.076836187803017625e-02 3.140282268042659908e+01 4.346492490210777937e-02 9.990528421975019002e-01 -2.053971846822150518e-03 8.209870224814782569e-01 6.080017170622854100e-02 -5.930650722271652627e-04 9.981497820439141355e-01 8.440280862153893837e-01
9.972046847597049180e-01 -4.099841891447473380e-02 -6.246556123025603924e-02 3.214475824772743096e+01 4.096354524539858738e-02 9.991589486370423545e-01 -1.839380180488081780e-03 8.552608917087931584e-01 6.248843616402804946e-02 -7.245723106979422420e-04 9.980454249886328011e-01 8.785527685780482043e-01
9.974223609881495145e-01 -3.829901865103480657e-02 -6.067799412631517258e-02 3.289306082306271861e+01 3.827432645504911385e-02 9.992660368111251357e-01 -1.569589181711821078e-03 8.918519601711778488e-01 6.069357243759653658e-02 -7.568660084236767142e-04 9.981561588341814062e-01 9.335652065037326475e-01
9.976402311097796183e-01 -3.550402709807884416e-02 -5.876591980939714632e-02 3.362905059943921771e+01 3.553381193303038754e-02 9.993683296606783450e-01 -5.384057334125422244e-04 9.047709168697984916e-01 5.874791469263943022e-02 -1.551041922266144062e-03 9.982716447882418187e-01 9.693920492502887676e-01
9.977354330586124531e-01 -3.267372996584880923e-02 -5.879143636161601044e-02 3.436859205943144957e+01 3.262706231650409211e-02 9.994660569628760483e-01 -1.753791229303060684e-03 9.125010688739496612e-01 5.881734798457093766e-02 -1.683722061841445936e-04 9.982687469949472758e-01 1.014982797798395620e+00
9.976854709387146247e-01 -2.955754681593111832e-02 -6.123767226160054672e-02 3.510266462602130844e+01 2.940826818874658216e-02 9.995619106307053192e-01 -3.337750504849600931e-03 9.221625470324750218e-01 6.130950040518937799e-02 1.529131295183090407e-03 9.981176318037610073e-01 1.061964110349940649e+00
9.977083079808787280e-01 -2.612620697387975713e-02 -6.241436929978545073e-02 3.583624536236058589e+01 2.595578634506109580e-02 9.996568244286175853e-01 -3.539848655173385983e-03 9.490492657782152452e-01 6.248543303155979639e-02 1.911722377854456522e-03 9.980440451084353626e-01 1.105989419015445785e+00
9.976992264458094395e-01 -2.258831073785499965e-02 -6.392199752388537382e-02 3.655632184246722005e+01 2.244842973342074666e-02 9.997437794477711526e-01 -2.905762892929578903e-03 9.664755932792131743e-01 6.397125566953625053e-02 1.464128920675942473e-03 9.979506675054465870e-01 1.139098246149796712e+00
9.976013312243766640e-01 -2.014940014571695720e-02 -6.622375414546734229e-02 3.729111067846258010e+01 1.999272934307046168e-02 9.997955409395685722e-01 -3.027720391669742016e-03 9.820156199058426294e-01 6.627122084861762630e-02 1.696464300592556880e-03 9.978002040970479491e-01 1.187115371631099592e+00
9.976294598819901438e-01 -1.669371075423878650e-02 -6.675912519515461718e-02 3.800934946937052672e+01 1.662386824225116702e-02 9.998605312058767014e-01 -1.601605871129730286e-03 9.978480210988647237e-01 6.677655112562183581e-02 4.880142989467768861e-04 9.977678357522912211e-01 1.217881625582472038e+00
9.976560648342335247e-01 -1.296667385574686027e-02 -6.718810660072534191e-02 3.872545196583428861e+01 1.288916102903935046e-02 9.999156718481921891e-01 -1.587047682308125214e-03 9.964017053874907326e-01 6.720301948156225114e-02 7.173294202228044187e-04 9.977390638894838570e-01 1.256300748654305188e+00
9.975351563737895333e-01 -8.702765733907264281e-03 -6.962667353033677453e-02 3.944807349006273967e+01 8.572829346483555948e-03 9.999609093844187280e-01 -2.164786382642676799e-03 9.939395445450536215e-01 6.964279140955967340e-02 1.562552932586411779e-03 9.975707694359420286e-01 1.294751626745041184e+00
9.972844980881685473e-01 -3.971815013711447843e-03 -7.353811636509786920e-02 4.016454532167978186e+01 3.787672823021995348e-03 9.999893331227338589e-01 -2.643326566231484973e-03 1.003537456016503793e+00 7.354783074717811953e-02 2.357610283074977955e-03 9.972889041126135057e-01 1.344190575418817701e+00
9.972236681796970981e-01 7.689120872089352365e-04 -7.446048882750914977e-02 4.086996688899738217e+01 -8.471507180684558977e-04 9.999991218213898359e-01 -1.019162455168660030e-03 1.015242078783565427e+00 7.445963979156995649e-02 1.079412178592269742e-03 9.972234438236289300e-01 1.387866158131295435e+00
9.971686032262881971e-01 5.765886162074618931e-03 -7.497687174388804887e-02 4.159432605995006327e+01 -5.779847968819324527e-03 9.999832960658687764e-01 3.076846380006871833e-05 1.008494032364550375e+00 7.497579674262074001e-02 4.026735737864053097e-04 9.971852725330444533e-01 1.428392031432971221e+00
9.970718532445160820e-01 1.124576827253888009e-02 -7.563895929682375174e-02 4.230169621656731493e+01 -1.127442482906187288e-02 9.999364404933831496e-01 4.814765447727035064e-05 9.863697920931414620e-01 7.563469317925496094e-02 8.047790896614814057e-04 9.971352694184960619e-01 1.486722938941734684e+00
9.969561677227442020e-01 1.708812596200257744e-02 -7.606836129880910347e-02 4.301355322125383651e+01 -1.710443917135463787e-02 9.998536128439946546e-01 4.370851685685840388e-04 9.759978935047999293e-01 7.606469483415322086e-02 8.653519040755224424e-04 9.971025089557589149e-01 1.539420353439086231e+00
9.967976128635435140e-01 2.301120484493233975e-02 -7.658331046073785231e-02 4.372940686182129610e+01 -2.297656346934578986e-02 9.997351145366166758e-01 1.333526751559763017e-03 9.645473865014595471e-01 7.659371071230536288e-02 4.303650108493084752e-04 9.970622940745864637e-01 1.590267412706298789e+00
9.966500190139584436e-01 2.903144442927725610e-02 -7.645858247329699597e-02 4.443136229821632810e+01 -2.897867222306205887e-02 9.995784097529790690e-01 1.799808849227994964e-03 9.356683617713622558e-01 7.647859933121488318e-02 4.218886763290594175e-04 9.970711337985270761e-01 1.649349702682294749e+00
9.965061442678443404e-01 3.558561199323966029e-02 -7.555904085879372456e-02 4.513126653404057720e+01 -3.559801736891590740e-02 9.993654894837556979e-01 1.183041967034360268e-03 9.057512670304711522e-01 7.555319712518210329e-02 1.510843459793509251e-03 9.971406278736231199e-01 1.705545677424908924e+00
9.962972218307160066e-01 4.199924788391542346e-02 -7.501939049060982190e-02 4.582896639025995711e+01 -4.205496132734905940e-02 9.991149476796254980e-01 8.375863503394026435e-04 8.653369355490810877e-01 7.498817240173510923e-02 2.320452611997416911e-03 9.971817234082878123e-01 1.766263672899623050e+00
9.960137459019375861e-01 4.780982297715802298e-02 -7.530497195592952830e-02 4.651889200231643429e+01 -4.794944487683523715e-02 9.988497627799269862e-01 -4.615719679939211603e-05 8.298060081855207493e-01 7.521614660692116372e-02 3.656804804236961793e-03 9.971605482911113372e-01 1.821791363400738328e+00
9.956511539265026078e-01 5.360477596732601824e-02 -7.619256970542931384e-02 4.723865205179987470e+01 -5.376791145975380604e-02 9.985534555632809006e-01 -8.988819092816194289e-05 7.947799253015255250e-01 7.607753533126579426e-02 4.186212622834633613e-03 9.970931171369082913e-01 1.861329927413611696e+00
9.952924629377253307e-01 5.839490370038367961e-02 -7.734952127311151004e-02 4.789945693453628195e+01 -5.859609532914120122e-02 9.982817174154748896e-01 -3.320936435236526534e-04 7.565422634097639376e-01 7.719722036145348909e-02 4.862910222571296265e-03 9.970039825761141117e-01 1.905610560806664022e+00
9.948219492923939811e-01 6.377685953156277121e-02 -7.913154487543345994e-02 4.859037171989717052e+01 -6.398544814522204305e-02 9.979508265994669891e-01 -1.005738324526385744e-04 7.050483490204110248e-01 7.896297633534675453e-02 5.163320417326699129e-03 9.968641775540595384e-01 1.943715804833680227e+00
9.943646376136676679e-01 6.879935278585395941e-02 -8.065740213822342186e-02 4.928609403292641389e+01 -6.897975207490565641e-02 9.976179079337655908e-01 5.509750822419541214e-04 6.588713232304764800e-01 8.050317550956626045e-02 5.015857464512934495e-03 9.967417317975462154e-01 1.996215011267442607e+00
9.940652005995935792e-01 7.384855333741933980e-02 -7.987971035788786478e-02 4.999325620632028944e+01 -7.399804874998526516e-02 9.972577892385382503e-01 1.091138972787548825e-03 5.960525330477480788e-01 7.974124239115244761e-02 4.826279419331600852e-03 9.968039131588930513e-01 2.045481815114996493e+00
9.936823453837776432e-01 7.928683657859533773e-02 -7.942917611277390544e-02 5.068404943377372973e+01 -7.948427808473731981e-02 9.968358892357862544e-01 6.778413144046028203e-04 5.210282328843460764e-01 7.923159729516425498e-02 5.639811775093706014e-03 9.968402813456117562e-01 2.097422969325402509e+00
9.932664047051602552e-01 8.412208223985268019e-02 -7.965754555417940697e-02 5.137630083927491143e+01 -8.433182106696282543e-02 9.964374571089585908e-01 7.335023940536603872e-04 4.487974586330932270e-01 7.943546588026327571e-02 5.989102592524190791e-03 9.968220189233992778e-01 2.138986180780737989e+00
9.927331694024335018e-01 8.826158059080539686e-02 -8.179699114155777884e-02 5.206130982703726318e+01 -8.862441929746316116e-02 9.960647862100807659e-01 -8.086881064112657648e-04 3.755907731206382105e-01 8.140372640356677292e-02 8.052022347136002928e-03 9.966486834706271836e-01 2.192049492463964633e+00
