1.000000000000000000e+00 0.000000000000000000e+00 0.000000000000000000e+00 0.000000000000000000e+00 0.000000000000000000e+00 1.000000000000000000e+00 0.000000000000000000e+00 0.000000000000000000e+00 0.000000000000000000e+00 0.000000000000000000e+00 1.000000000000000000e+00 0.000000000000000000e+00
9.999999210722472220e-01 3.972360751776794871e-04 7.681133442547926984e-06 2.754426811501884710e-03 -3.972358552484901522e-04 9.999999206924898854e-01 -2.861274579415464320e-05 -3.539028643479122144e-05 -7.692498848215683908e-06 2.860969231420258882e-05 9.999999995611554837e-01 -6.484240410728227526e-04
9.999999928729048637e-01 -1.193790609143712678e-04 -1.682297430842740149e-06 1.011724873002421525e-03 1.193790326695009309e-04 9.999999927335462280e-01 -1.677957364187448680e-05 -1.261327372063545196e-04 1.684300548362314310e-06 1.677937269124491021e-05 9.999999998578078531e-01 -5.801395531451861457e-04
9.999999009760657254e-01 4.449679548882303870e-04 7.167842084309857347e-06 1.294312583527566047e-03 -4.449679818035303454e-04 9.999999009946969331e-01 3.753850404045456708e-06 -2.064660176723760038e-03 -7.166171031518234815e-06 -3.757039492550562404e-06 9.999999999672652962e-01 -4.060287365746207506e-04
9.999999866508708646e-01 -1.621017632183305746e-04 -2.052502186152773921e-05 1.560491179579876148e-03 1.621014828577634558e-04 9.999999867682515253e-01 -1.366037965281648469e-05 1.026944633852489713e-04 2.052723596157376493e-05 1.365705233398287063e-05 9.999999996960587945e-01 -4.139155963023390464e-04
9.999999942648837292e-01 -1.065466072426324859e-04 -1.086521579984906328e-05 -2.098155724793280934e-03 1.065465192040043947e-04 9.999999942910898776e-01 -8.103053024172341803e-06 -1.917327544987233647e-03 1.086607909062855625e-05 8.101895326776517958e-06 9.999999999081438107e-01 -7.465007805996073985e-04
9.999999981963404450e-01 -5.715810484559129896e-05 -1.844641415394888368e-05 -1.703804372061753537e-03 5.715765046029655494e-05 9.999999980631263385e-01 -2.463230391875219201e-05 -1.173312021701137121e-03 1.844782205403048341e-05 2.463124952063144339e-05 9.999999995264896580e-01 -1.434147028369510933e-04
9.999999889892509097e-01 1.472137789055658747e-04 -1.869762947310211237e-05 -2.432556871983457877e-03 -1.472136160500089267e-04 9.999999891261345253e-01 8.711035081610564852e-06 -1.360966239064753149e-03 1.869891165417914911e-05 -8.708282440049245601e-06 9.999999997872582869e-01 -4.535954885547030914e-04
9.999999299982668122e-01 3.741662737568445538e-04 -1.749608508177870032e-06 -3.441513120995220130e-04 -3.741662884271956422e-04 9.999999299645778716e-01 -8.392137608372224106e-06 -3.036789707288444634e-04 1.746468330785520169e-06 8.392791665429751561e-06 9.999999999632555037e-01 -1.276382030500109550e-04
9.999998781891374922e-01 4.932829383878078316e-04 1.713629976670243081e-05 1.683564532776117301e-03 -4.932824197651306929e-04 9.999998778785184061e-01 -3.025562098384591915e-05 2.156845631514974979e-04 -1.715122225561377717e-05 3.024716426296789271e-05 9.999999993954723498e-01 -2.112219474453895204e-04
9.999999993080525007e-01 3.562743826971438699e-05 -1.070423933287776658e-05 9.919428687943853892e-04 -3.562751343693645661e-05 9.999999993406852861e-01 -7.022083219049030794e-06 -1.771722692898707475e-04 1.070398914698389371e-05 7.022464579620782445e-06 9.999999999180547716e-01 -5.428933678651294385e-04
9.999999542606943237e-01 -3.022922663871430420e-04 -9.899241780418363508e-06 -1.270252311520169613e-03 3.022921432937976296e-04 9.999999542324298218e-01 -1.243375991521096693e-05 -1.561271483099089413e-04 9.902999956818602434e-06 1.243076688348463572e-05 9.999999998737033602e-01 -6.164031110894062967e-04
9.999998632181628100e-01 5.230030102268677129e-04 5.613110618234961718e-06 6.793049296512699599e-04 -5.230030036722261178e-04 9.999998632332363080e-01 -1.169142151531733052e-06 -4.203689996483633384e-04 -5.613721315412622422e-06 1.166206317901040078e-06 9.999999999835630371e-01 -1.660367383395996857e-04
9.999999388754829965e-01 -3.145865362265863000e-04 1.525920755028648706e-04 -2.454977996166560813e-03 3.145997299454971006e-04 9.999999467769019601e-01 -8.644768990057496267e-05 3.194113067091332650e-04 -1.525648721021112823e-04 8.649569004224670870e-05 9.999999846212276333e-01 8.542496943015622738e-04
9.999997461380661923e-01 4.319494712038505092e-04 5.666952068569607948e-04 -1.054051320304457209e-02 -4.316995017327753502e-04 9.999998095117201835e-01 -4.411485730050237314e-04 -4.463599649749999849e-04 -5.668856528009974397e-04 4.409038189757594184e-04 9.999997421222063254e-01 4.561988611250384837e-03
9.999998233539373338e-01 -2.907070515301562476e-04 5.184414184468605141e-04 -1.378392262514673179e-02 2.908681909091369766e-04 9.999999094098699359e-01 -3.107667090570782149e-04 -1.750526937041080224e-03 -5.183510294074813443e-04 3.109174522788386939e-04 9.999998173212574226e-01 3.026326447490841447e-03
9.999999662189297256e-01 1.557917799384117194e-04 2.080650398774170501e-04 -6.995382903672560035e-03 -1.557774197287273700e-04 9.999999854839676239e-01 -6.903231096508561683e-05 -3.199159993716034836e-03 -2.080757915237367204e-04 6.899989679805241215e-05 9.999999759717392855e-01 -8.999652211647555296e-04
9.999999646082498028e-01 6.440322439586145702e-05 -2.581389623464444365e-04 6.254886776062004890e-03 -6.442029121859556729e-05 9.999999957399389183e-01 -6.610709593701134194e-05 -1.273283170177696207e-03 2.581347037366228821e-04 6.612372298449473130e-05 9.999999644970634094e-01 -1.261614510325587222e-03
9.999999162537823727e-01 -2.768191192287337453e-04 -3.014359026400970695e-04 1.825621881538271041e-02 2.768171170531206170e-04 9.999999616638043376e-01 -6.683828270228688434e-06 -3.470083639015044113e-04 3.014377412956461720e-04 6.600385092938215272e-06 9.999999545458604366e-01 -1.420967764743807970e-03
9.999999939129843307e-01 1.311301347810296494e-05 -1.095540055070786680e-04 3.929708410506010247e-02 -1.312025794374392108e-05 9.999999977275768615e-01 -6.612643273537796389e-05 2.512504704783452125e-03 1.095531381413218945e-04 6.612786970967635938e-05 9.999999918126073473e-01 -2.794795112565004718e-04
9.999999917581305908e-01 1.252134800001882464e-04 2.837821816436271970e-05 5.726478624672944051e-02 -1.252118345435543974e-04 9.999999904803060780e-01 -5.797744628982492412e-05 1.549643921329122657e-03 -2.838547745202224087e-05 5.797389252322494564e-05 9.999999979166461772e-01 5.829294651679412095e-04
9.999999884410946116e-01 3.358984487481475568e-05 -1.482886808704928807e-04 8.037865316765913093e-02 -3.360028487810128267e-05 9.999999969573383218e-01 -7.040130807874303716e-05 5.142635718604562792e-04 1.482863156502832512e-04 7.040628980690242394e-05 9.999999865270613464e-01 7.480363667209211998e-04
9.999999546845667053e-01 -1.804504993720088002e-04 -2.409740274497656598e-04 1.046634341953865399e-01 1.804168480957002777e-04 9.999999739722353898e-01 -1.396613386480025066e-04 -1.189197248351455197e-03 2.409992231360524016e-04 1.396178565446830290e-04 9.999999612131135196e-01 1.247391408889163668e-03
9.999998975908760412e-01 -3.786197417912996787e-04 -2.479220209217374623e-04 1.396071296257881955e-01 3.785525821726896034e-04 9.999998916607056865e-01 -2.708810060639093003e-04 -2.697845088407129638e-04 2.480245549586127104e-04 2.707871268020253493e-04 9.999999325790738247e-01 2.342439729906866698e-03
9.999997463217386029e-01 -6.910096813873753668e-04 -1.728064774233859934e-04 1.717631387418314115e-01 6.909776811943257272e-04 9.999997441308224877e-01 -1.851705530068713517e-04 -1.957315484323524698e-03 1.729343878523703594e-04 1.850511006140620181e-04 9.999999679248933182e-01 2.437334138140353525e-03
9.999995564429352557e-01 -8.918968672917399311e-04 -3.027109361873218181e-04 2.123166718560903499e-01 8.918326266817937610e-04 9.999995797844475343e-01 -2.122863497531462921e-04 -5.255834099305611504e-03 3.029001465137921910e-04 2.120162881026908580e-04 9.999999316502951041e-01 3.055738068607848253e-03
9.999994793348054856e-01 -8.197991465322436574e-04 -6.076672422360732085e-04 2.572553560178014731e-01 8.196419375415415478e-04 9.999996305755306514e-01 -2.589129130729060516e-04 -4.319923254216101981e-03 6.078792743340880782e-04 2.584147087101568542e-04 9.999997818522893267e-01 3.322164379290907122e-03
9.999989155247394068e-01 -1.022068433313573499e-03 -1.060342144231617460e-03 3.158907281696645142e-01 1.021819950451089126e-03 9.999994503628364395e-01 -2.348574330480881025e-04 -5.901270989383247331e-03 1.060581601796816266e-03 2.337736995937322285e-04 9.999994102580878064e-01 3.145987884630210060e-03
9.999978554419387544e-01 -1.455009663980176560e-03 -1.473790487529990549e-03 3.940588610215094989e-01 1.454746274853683467e-03 9.999989256971322238e-01 -1.797716809350330066e-04 -3.011164287504892491e-03 1.474050473765713696e-03 1.776273041825764240e-04 9.999988978112633875e-01 3.023239562064684340e-03
9.999971312956036362e-01 -1.699124173807231618e-03 -1.688306134953046012e-03 4.742414515424925314e-01 1.698706062338498210e-03 9.999985261836815686e-01 -2.490545693362183790e-04 -3.373657637549368291e-03 1.688726821339270020e-03 2.461859190057524133e-04 9.999985437960478007e-01 3.840497832076138467e-03
9.999963003190095456e-01 -1.922178865441676737e-03 -1.924727695668175184e-03 5.703235268458947127e-01 1.921876883974060497e-03 9.999981405948192847e-01 -1.587329419829071201e-04 -7.377729112002682707e-03 1.925029229925855241e-03 1.550332650554098082e-04 9.999981351118364392e-01 2.792223665935152435e-03
9.999943872620357110e-01 -2.263331200085327583e-03 -2.470379789519182648e-03 6.783387584343965049e-01 2.263063506711738160e-03 9.999974330911970410e-01 -1.111511648665069552e-04 -1.096219244701098633e-02 2.470625020178922500e-03 1.055599146547650372e-04 9.999969424298826848e-01 1.627301674894362669e-03
9.999922923688157050e-01 -2.504549180459943441e-03 -3.023646203459334075e-03 7.914553093208990253e-01 2.503422332490963954e-03 9.999967955925326279e-01 -3.764057539598873194e-04 -9.259587341672018482e-03 3.024579241187461826e-03 3.688333893318684995e-04 9.999953579303979545e-01 2.721041765926652829e-03
9.999895406137162546e-01 -3.048388938786165524e-03 -3.409690315345306234e-03 9.119571940686009848e-01 3.046646092592712653e-03 9.999952257196343952e-01 -5.162223590882108722e-04 -1.013811623217488779e-03 3.411247683057179458e-03 5.058288400429509406e-04 9.999940537455357381e-01 2.798193054679812795e-03
9.999880639497537027e-01 -3.511352222026077347e-03 -3.397405421233032439e-03 1.044766685476034462e+00 3.510457482989218312e-03 9.999938020671949035e-01 -2.692869396506623295e-04 -2.552002566721866747e-04 3.398329925636424994e-03 2.573572781445043864e-04 9.999941925436106605e-01 7.114009330795320954e-04
9.999866200142387695e-01 -3.837964746808741282e-03 -3.468402961120285125e-03 1.183795777743068101e+00 3.837308288362636498e-03 9.999926183162907156e-01 -1.959031122200282032e-04 -6.243390478010027098e-03 3.469129227705140383e-03 1.825911596090877608e-04 9.999939658832296407e-01 1.208625650911321001e-03
9.999831653284999566e-01 -4.041544793258564951e-03 -4.163529185428582226e-03 1.334539469690371183e+00 4.040815105584251964e-03 9.999918190087441205e-01 -1.836542011692046401e-04 -7.299407743928388453e-03 4.164237370313217911e-03 1.668270577860376809e-04 9.999913156102189227e-01 -1.424911387614765865e-03
9.999774404570140884e-01 -4.603893466082460348e-03 -4.891088017184318237e-03 1.502477922882175854e+00 4.601670940542401320e-03 9.999893038821686675e-01 -4.655596747496666687e-04 -4.947181826843158325e-03 4.893179088675213978e-03 4.430419943398593947e-04 9.999879301832584888e-01 6.106060750696445938e-04
9.999730431811206799e-01 -5.286332379529808112e-03 -5.095841545975817767e-03 1.672799627686053503e+00 5.282726673474454765e-03 9.999857865374075505e-01 -7.207787841937039405e-04 -1.779860002066782371e-03 5.099579392647987826e-03 6.938394162318405750e-04 9.999867563507441881e-01 6.000631473825259604e-03
9.999654332133781631e-01 -5.978327939168235662e-03 -5.778578841960543312e-03 1.865105524419751415e+00 5.972537288689349320e-03 9.999816452266845346e-01 -1.018826809812743575e-03 3.114512418059307060e-03 5.784563658238091148e-03 9.842788146345634714e-04 9.999827848610689518e-01 1.018864761009967250e-02
9.999557988314896617e-01 -6.957778345521252635e-03 -6.323741279643316227e-03 2.062862238746356436e+00 6.952608582855652510e-03 9.999754782443045498e-01 -8.391328667203423351e-04 1.179524513779888796e-02 6.329424710893658337e-03 7.951292781704911950e-04 9.999796528691271558e-01 1.094022451016003067e-02
9.999502654687686398e-01 -7.558836271401358185e-03 -6.506195751844398578e-03 2.272599031906092026e+00 7.554868770145895147e-03 9.999712604833116414e-01 -6.341650279926379493e-04 1.615642564814628868e-02 6.510802316538655959e-03 5.849800329941822830e-04 9.999786333975121400e-01 1.232850775309565598e-02
9.999398525797318360e-01 -8.176155463526856709e-03 -7.310383345653840778e-03 2.490273181578430250e+00 8.172256451245096115e-03 9.999664480278758205e-01 -5.630657231298323443e-04 1.487975048105893289e-02 7.314741780764104015e-03 5.032895287215504538e-04 9.999731202649054795e-01 1.427286284792455770e-02
9.999329191986408016e-01 -8.838636656873784941e-03 -7.485693350137322642e-03 2.726361357391168916e+00 8.835264291575689599e-03 9.999608514200986065e-01 -4.834584672838130757e-04 2.009603834485543944e-02 7.489673409604098546e-03 4.172879573482498466e-04 9.999718649356981182e-01 1.558651753299704346e-02
9.999204853631219470e-01 -9.673044993479186504e-03 -8.090435818463619783e-03 2.965887975528175513e+00 9.669551605220497170e-03 9.999531379624998495e-01 -4.707979435958344018e-04 1.731192877996287280e-02 8.094610733848144057e-03 3.925296216129481493e-04 9.999671610595838311e-01 1.443008716378229965e-02
9.999119033235954745e-01 -1.011244667472391626e-02 -8.597907538210209158e-03 3.226823282968382056e+00 1.011056790851424039e-02 9.999488525905521064e-01 -2.619530599015949053e-04 1.881456628639593953e-02 8.600116763862493754e-03 1.750002546714427324e-04 9.999630029988904045e-01 1.597616284082705937e-02
9.999105395308632849e-01 -1.063469555910599718e-02 -8.112717514062709259e-03 3.485425668432804880e+00 1.062509659160573716e-02 9.999428012411782918e-01 -1.225384986264963297e-03 1.953995067867729876e-02 8.125285072961859964e-03 1.139076955541890989e-03 9.999663405566071583e-01 2.743409115191355885e-02
9.999028150968743978e-01 -1.124123556471019400e-02 -8.245907125628672632e-03 3.756076155607617206e+00 1.123240209902871475e-02 9.999362909361801943e-01 -1.116786407733433425e-03 2.492895920832122192e-02 8.257935845690152557e-03 1.024056528448278594e-03 9.999653783025664877e-01 1.745192952333156355e-02
9.998882695213721084e-01 -1.197226700369992403e-02 -8.950603127611032536e-03 4.033995342395865435e+00 1.196767357314702449e-02 9.999282243101476064e-01 -5.665837992928083244e-04 1.573313475858951344e-02 8.956743984422059143e-03 4.594025980996929042e-04 9.999597820344827692e-01 6.964265219392359180e-03
9.998580330886043255e-01 -1.258674755280987483e-02 -1.120211829205808828e-02 4.325925434406709513e+00 1.258177104349316767e-02 9.999207139625057028e-01 -5.146125940595381188e-04 -2.378048177011884978e-03 1.120770741929609342e-02 3.735970485461926542e-04 9.999371218829955499e-01 -1.711733320225507140e-03
9.998371441266874493e-01 -1.259660193255941231e-02 -1.292326755671160086e-02 4.611770432897285943e+00 1.258267595465947276e-02 9.999201640754902254e-01 -1.158335471620217192e-03 -1.293770612213740977e-02 1.293682690653888585e-02 9.955375419439314692e-04 9.999158201641740185e-01 -5.965385044228262677e-03
9.998188456229872845e-01 -1.297573125916182298e-02 -1.392502550830929282e-02 4.913993609510143301e+00 1.296052869017317970e-02 9.999153108667715451e-01 -1.181435685421594909e-03 -2.728756346352347387e-02 1.393917620192282499e-02 1.000745970564186028e-03 9.999023441688263958e-01 -8.237241136141756903e-03
9.997987169030700949e-01 -1.306683397838214085e-02 -1.522443853664562537e-02 5.236947508540803042e+00 1.304480096243597169e-02 9.999137183819764019e-01 -1.545625886168620596e-03 -2.999993130440641032e-02 1.524332138430243948e-02 1.346715007328175241e-03 9.998829069005349401e-01 -1.024865484378625728e-02
9.997722546212245431e-01 -1.324252095599744335e-02 -1.673542734211609651e-02 5.538509363498782534e+00 1.319638278755342654e-02 9.999088213288270799e-01 -2.864351605533950462e-03 -3.187082043938234410e-02 1.677183266425116143e-02 2.642852157372750470e-03 9.998558500911801650e-01 -2.145383415279743591e-03
9.997330573509132234e-01 -1.396137472141993630e-02 -1.840907536200163744e-02 5.879206566491401276e+00 1.389427282109191586e-02 9.998963705822411230e-01 -3.767927710899517980e-03 -3.084529410682597395e-02 1.845977309093548360e-02 3.511141174831110268e-03 9.998234387456025329e-01 9.079798008415603319e-04
9.996758483228066483e-01 -1.456663182300154888e-02 -2.088088880795060595e-02 6.226485976978315406e+00 1.450350583301095522e-02 9.998897891554395789e-01 -3.171413130207320283e-03 -1.865351945930404653e-02 2.092478431498627153e-02 2.867539018697525845e-03 9.997769404328885612e-01 -4.179760722042551863e-04
9.996877593292605724e-01 -1.511093525308506574e-02 -1.990084126411523213e-02 6.606328813117563925e+00 1.508899234808411260e-02 9.998853704372928641e-01 -1.252316013257294197e-03 -6.098828552222644930e-03 1.991748370557635400e-02 9.516413477106656308e-04 9.998011743449711775e-01 -6.831403521699856707e-03
9.997129822117878373e-01 -1.731646820321315616e-02 -1.655575809743374885e-02 6.988268264728833223e+00 1.732006536690936654e-02 9.998499936858181725e-01 7.390639592107499812e-05 6.670464375018088712e-03 1.655199483142808306e-02 -3.606319959170744866e-04 9.998629413132901211e-01 2.904869826096220797e-02
9.997205595733187344e-01 -1.870219292552119730e-02 -1.445789563480942910e-02 7.375714026569665904e+00 1.872121276710252483e-02 9.998240448803059621e-01 1.181300856213875336e-03 -2.636006139212897920e-04 1.443325877753648748e-02 -1.451640093342406205e-03 9.998947813555684183e-01 4.817122636257693824e-02
9.997274031542627837e-01 -1.982552065024556845e-02 -1.233159005889874690e-02 7.760642206519681174e+00 1.982601889001997866e-02 9.998034418198075146e-01 -8.185498977293168411e-05 -4.539331866223836331e-03 1.233078900178796039e-02 -1.626536610907973826e-04 9.999239597021265524e-01 7.017428559238328423e-02
9.997084130357372089e-01 -2.128337002997772801e-02 -1.140644842774579150e-02 8.147634156647225012e+00 2.126752718412476192e-02 9.997726825908944681e-01 -1.508453671509005179e-03 -1.119675875621030381e-02 1.143596052110590518e-02 1.265426874070798213e-03 9.999338065601073300e-01 8.874312818686201643e-02
9.996547434823342959e-01 -2.223365981396947452e-02 -1.400207857945078536e-02 8.521839094226001166e+00 2.219353807137195225e-02 9.997491488819274519e-01 -3.014328737269536367e-03 -6.105040442507267753e-03 1.406558570209571167e-02 2.702532356595224380e-03 9.998974225477924582e-01 1.006393275032665402e-01
9.995828419780022900e-01 -2.409399085462857540e-02 -1.592550243719468434e-02 8.894885625931818751e+00 2.403216993333780541e-02 9.997029335551603779e-01 -4.061951440113405198e-03 4.440091330013158470e-03 1.601864012565341888e-02 3.677532583640748861e-03 9.998649303394039345e-01 1.134801451017137253e-01
9.995450904381891766e-01 -2.544473923921160979e-02 -1.619189383490128240e-02 9.291323277721190266e+00 2.536917879944972781e-02 9.996663611763074719e-01 -4.855007678883108309e-03 2.227744592351506639e-02 1.631002599488240098e-02 4.442024039668001668e-03 9.998571155292526047e-01 1.410287324378745322e-01
9.995137179301356589e-01 -2.689525146557806418e-02 -1.577888202885668542e-02 9.676520367907118114e+00 2.681257291159892808e-02 9.996257401552356425e-01 -5.428218212033750212e-03 4.436932921528190243e-02 1.591896992074068665e-02 5.002506141983689009e-03 9.998607709721198944e-01 1.633236577892047681e-01
9.994782212551144296e-01 -2.772096936072008383e-02 -1.657809079522252690e-02 1.009273425375645594e+01 2.766521200972506256e-02 9.996108223131099368e-01 -3.583288847556157213e-03 5.199596155340667492e-02 1.667097121254750361e-02 3.122782767032413875e-03 9.998561531273487679e-01 1.407598036527486496e-01
9.993990000941095353e-01 -2.871856534695238147e-02 -1.941346479397521377e-02 1.051222852143162001e+01 2.868896963747152515e-02 9.995867637180009257e-01 -1.801338644897647855e-03 6.207990929667493718e-02 1.945717430754851859e-02 1.243303738509110058e-03 9.998099182163474596e-01 1.160978353554604769e-01
9.993097357719161744e-01 -2.984960299674688927e-02 -2.211454707652123902e-02 1.094873459245719260e+01 2.981478731119586306e-02 9.995536299495899613e-01 -1.902448997029716109e-03 6.509283629930916193e-02 2.216146315231079522e-02 1.241795286971403419e-03 9.997536333994561097e-01 1.159687592918771937e-01
9.992478820174822696e-01 -3.055849140547004308e-02 -2.387150784088954217e-02 1.140387248217657934e+01 3.050157614782518858e-02 9.995309499512862184e-01 -2.744802721099094678e-03 8.001263736871104537e-02 2.394418793933631925e-02 2.014619691441794057e-03 9.997112669023114906e-01 1.292319882612988080e-01
9.992048112826663608e-01 -3.137015959478712396e-02 -2.461012386333709390e-02 1.187190575378257584e+01 3.131317451285172554e-02 9.995059820808203099e-01 -2.697570496321718796e-03 1.060287868072516820e-01 2.468258923814317662e-02 1.924804315383260101e-03 9.996934854828496420e-01 1.434067379750626758e-01
9.991813997641960654e-01 -3.237813453144355175e-02 -2.425256212290748462e-02 1.235097513497156285e+01 3.233465653658717381e-02 9.994747146420774886e-01 -2.182837098504248566e-03 1.263605656851416181e-01 2.431049880036781005e-02 1.396851961164234743e-03 9.997034802643611773e-01 1.499518057378748936e-01
9.991406943297322929e-01 -3.321675338404956462e-02 -2.478951852948671486e-02 1.284503740654667325e+01 3.318710920769166878e-02 9.994478652017618758e-01 -1.606401592861482486e-03 1.327715438162696548e-01 2.482919081922083798e-02 7.823287442198380943e-04 9.996914020061384853e-01 1.553363676174086550e-01
9.990503359321820653e-01 -3.409474360047937136e-02 -2.712885424436128901e-02 1.334213386646170107e+01 3.404613986012015869e-02 9.994177257810384907e-01 -2.251611707645402496e-03 1.410549486557830523e-01 2.718982593580484414e-02 1.325840667063634369e-03 9.996294090872407390e-01 1.635437578072898301e-01
9.989622737303421873e-01 -3.516437914418747701e-02 -2.894550229152417081e-02 1.385369287609423417e+01 3.510588631860406261e-02 9.993804044191074709e-01 -2.526659630111181658e-03 1.515786461298123111e-01 2.901641620341916666e-02 1.507880136157390772e-03 9.995777978167607047e-01 1.720871823553153379e-01
9.988978122800377113e-01 -3.621983146693548428e-02 -2.985438712587055315e-02 1.438056138281635832e+01 3.614844813748564756e-02 9.993421433788407526e-01 -2.927484284516782692e-03 1.769926778943153589e-01 2.994078020703644372e-02 1.845067882592054710e-03 9.995499714396987034e-01 1.835272455072534670e-01
9.988106086794216187e-01 -3.733727208125439678e-02 -3.135755256670666458e-02 1.492691450292144850e+01 3.728520588128290958e-02 9.993021461163850150e-01 -2.243699974910662656e-03 1.955228533048367634e-01 3.141944321329927237e-02 1.071858534251713150e-03 9.995057126937538783e-01 1.839645987651187531e-01
9.987443152726022122e-01 -3.878665292792338876e-02 -3.170785810031434560e-02 1.547872581944887216e+01 3.878879734264786133e-02 9.992472813156236811e-01 -5.477079932237530592e-04 1.987643634708184948e-01 3.170523476291969844e-02 -6.828894373609399994e-04 9.994970293856028087e-01 1.888373042747444885e-01
9.987128421288995472e-01 -3.930254498685939457e-02 -3.206195446899216123e-02 1.603949688967781739e+01 3.929543124281371924e-02 9.992272728702826790e-01 -8.521946132850578490e-04 2.099633737035445646e-01 3.207067274406840557e-02 -4.087906230656468409e-04 9.994855200751882052e-01 2.132262693582484547e-01
9.986280136577081468e-01 -4.076719961597913972e-02 -3.286526697793827612e-02 1.662867715700150129e+01 4.072869542907852497e-02 9.991685473700933073e-01 -1.840465968970897122e-03 2.150353987140143641e-01 3.291297170882033496e-02 4.993814258582162258e-04 9.994580966261096266e-01 2.393100429615135083e-01
9.985666088127158613e-01 -4.116147425774518975e-02 -3.421199791303287940e-02 1.720839173644823106e+01 4.109649531756057184e-02 9.991517976526670397e-01 -2.600638394230701637e-03 2.371152180597277115e-01 3.429002532641392542e-02 1.190917450037750876e-03 9.994112146052499535e-01 2.667410488129692281e-01
9.984927195468866756e-01 -4.203181961335977768e-02 -3.529327346467509702e-02 1.779147674166510740e+01 4.194052094804918973e-02 9.991145813686265198e-01 -3.323552196147891782e-03 2.740547571757919743e-01 3.540171908917138371e-02 1.838324395817301582e-03 9.993714719006877578e-01 2.925713146686639288e-01
9.984005003804230505e-01 -4.357489090939487691e-02 -3.602318312358465668e-02 1.837645766996596919e+01 4.350785569077520593e-02 9.990495886850043750e-01 -2.643074254405653259e-03 2.955318804942636546e-01 3.610411795504299415e-02 1.071555205277927329e-03 9.993474593133913064e-01 3.072534538722358488e-01
9.983127369547023511e-01 -4.517138449558078667e-02 -3.648595972101767448e-02 1.895840067975812460e+01 4.515261004028570807e-02 9.989792036759895799e-01 -1.338816430888783039e-03 3.174791826205745626e-01 3.650919117922514501e-02 -3.108788158281747651e-04 9.993332688917149209e-01 3.194289674633170595e-01
9.982313277784568006e-01 -4.678193890409384353e-02 -3.668332637633710258e-02 1.956007435742528600e+01 4.675782840789783484e-02 9.989051051851431939e-01 -1.515360562872952125e-03 3.306810883035045667e-01 3.671405349776594995e-02 -2.025522933959062518e-04 9.993257913455109165e-01 3.479203533708065121e-01
9.981044206569932298e-01 -4.815771331961239687e-02 -3.831970919506094697e-02 2.016267774089153875e+01 4.810123537840939323e-02 9.988395943279894107e-01 -2.394985964144964469e-03 3.438330817069095713e-01 3.839057983462698664e-02 5.472207266007149884e-04 9.992626601296765720e-01 3.655054458801310635e-01
9.980067870503512850e-01 -4.882261508164578712e-02 -3.998506293635582104e-02 2.077075505441502301e+01 4.873134914916657512e-02 9.988066196339357994e-01 -3.254563800636638398e-03 3.638428084922320505e-01 4.009624186300887044e-02 1.299550699220796291e-03 9.991949772474055802e-01 3.943577490252530571e-01
9.979078247260390055e-01 -4.959102305776083575e-02 -4.148136669192113019e-02 2.137974114433366069e+01 4.947337678411352357e-02 9.987679894904122335e-01 -3.858517702050403599e-03 3.960913404889011002e-01 4.162160905253577819e-02 1.798221722850642862e-03 9.991318271672229301e-01 4.187918407067288129e-01
9.977773110239620546e-01 -5.052088082855555468e-02 -4.345202188734732796e-02 2.199374734183457392e+01 5.040193710883867501e-02 9.987216736672731576e-01 -3.829266629187681997e-03 4.159507159641909202e-01 4.358993394659246845e-02 1.630689286046715664e-03 9.990481762712867253e-01 4.365233378708265333e-01
9.976885883175796721e-01 -5.117800474667635879e-02 -4.470226583769897760e-02 2.261363499906903485e+01 5.106689931194670351e-02 9.986886570370020477e-01 -3.624651747804648501e-03 4.435350371042915407e-01 4.482914828031684534e-02 1.333467576860418446e-03 9.989937784234108609e-01 4.606637245992277196e-01
9.975981360604720960e-01 -5.164853663834687025e-02 -4.615612193186451051e-02 2.323177333094180597e+01 5.153679768121359472e-02 9.986645772158219136e-01 -3.608420583776058080e-03 4.737978847548047212e-01 4.628085363773511152e-02 1.221014930745309901e-03 9.989277209633845578e-01 4.805462053619877771e-01
9.975257457724369115e-01 -5.182782974997406089e-02 -4.750013246877565765e-02 2.386509405790288341e+01 5.174301333708146433e-02 9.986558839898582729e-01 -3.014289838980954879e-03 5.012619438787419002e-01 4.759251088083230052e-02 5.490317317587611792e-04 9.988666835330004545e-01 4.987515148029848522e-01
9.974759469245538801e-01 -5.182163030151384908e-02 -4.854126017995101516e-02 2.448903388223992295e+01 5.176224929143723175e-02 9.986563558869816504e-01 -2.480402149937689475e-03 5.276388550197177452e-01 4.860457648468488601e-02 -3.846332709234352720e-05 9.988180983869470175e-01 5.206882908543315480e-01
9.974136067269954165e-01 -5.181523769122937245e-02 -4.981243076630555849e-02 2.515194450472873200e+01 5.173882126759069694e-02 9.986566598227335501e-01 -2.823148161407292630e-03 5.544995632202003311e-01 4.989179781975076194e-02 2.386099376718150630e-04 9.987546002775710141e-01 5.533999988842512874e-01
9.973987271387250164e-01 -5.146772646426649167e-02 -5.046634754616886875e-02 2.581191376018460915e+01 5.140296015201729907e-02 9.986746581092924568e-01 -2.581266723534651059e-03 5.901915755896625093e-01 5.053231431135311869e-02 -1.956750747456590701e-05 9.987224263164672378e-01 5.895089010641009208e-01
9.974244264536413773e-01 -5.090504037407315996e-02 -5.052910426811986488e-02 2.647413007174865029e+01 5.084865859065548777e-02 9.987034828165559652e-01 -2.401526517050314637e-03 6.315505076235315984e-01 5.058584222048206902e-02 -1.739959629391391559e-04 9.987197015640821851e-01 6.310208023343458761e-01
9.974315596341463142e-01 -5.049960646334426817e-02 -5.079442482046389595e-02 2.715472327208500047e+01 5.043496867674431006e-02 9.987240807893719152e-01 -2.554287767657874905e-03 6.595568768450726926e-01 5.085860576510352338e-02 -1.408799292392393793e-05 9.987058636160890401e-01 6.656346999814815035e-01
9.974175006080064909e-01 -4.992353087823966223e-02 -5.163303734554914454e-02 2.783518510623390085e+01 4.984891208061976303e-02 9.987530315381933921e-01 -2.732756419269898561e-03 6.892479519477827665e-01 5.170508142587209449e-02 1.518483383850315841e-04 9.986623861429978488e-01 7.034928709190251261e-01
9.973642903760464584e-01 -4.945222250488690713e-02 -5.309378468344901764e-02 2.850735964473572892e+01 4.932128862244230388e-02 9.987758332223355406e-01 -3.774315785834057857e-03 7.154714673684445803e-01 5.321543734018383681e-02 1.145713906963300712e-03 9.985823974857239715e-01 7.390161665603973695e-01
9.973111552107667421e-01 -4.851906286783246730e-02 -5.492140047916899137e-02 2.923780573572682684e+01 4.840734199569526192e-02 9.988220143632632331e-01 -3.363460156606653401e-03 7.443808819878059424e-01 5.501989579304690514e-02 6.958173184130926007e-04 9.984850158641248585e-01 7.674223590115645255e-01
9.972332402480779123e-01 -4.728077208695609379e-02 -5.736194849532702533e-02 2.995825806370240940e+01 4.717347837842546243e-02 9.988815092431682086e-01 -3.223884267567391632e-03 7.757773859764497404e-01 5.745021742343071891e-02 5.090019172423673743e-04 9.983482425662143500e-01 7.933691434292270417e-01
9.972411982577554790e-01 -4.575063847585452564e-02 -5.845401249262333759e-02 3.067650123092841241e+01 4.571557571889737354e-02 9.989526172821281413e-01 -1.937669186375136831e-03 7.993693117793400083e-01 5.848143837257994276e-02 -7.399352929320227642e-04 9.982882218385812356e-01 8.139935675443192853e-01
9.972031585508277507e-01 -4.350938715856052241e-02 -6.076836187803018319e-02 3.140282268042659908e+01 4.346492490210777937e-02 9.990528421975019002e-01 -2.053971846822147482e-03 8.209870224814787010e-01 6.080017170622854794e-02 -5.930650722271685153e-04 9.981497820439141355e-01 8.440280862153897168e-01
9.972046847597049180e-01 -4.099841891447473380e-02 -6.246556123025605312e-02 3.214475824772743096e+01 4.096354524539858738e-02 9.991589486370423545e-01 -1.839380180488074624e-03 8.552608917087931584e-01 6.248843616402806334e-02 -7.245723106979499398e-04 9.980454249886328011e-01 8.785527685780486484e-01
9.974223609881495145e-01 -3.829901865103480657e-02 -6.067799412631517952e-02 3.289306082306271861e+01 3.827432645504911385e-02 9.992660368111251357e-01 -1.569589181711821945e-03 8.918519601711751843e-01 6.069357243759654352e-02 -7.568660084236758468e-04 9.981561588341814062e-01 9.335652065037329805e-01
9.976402311097796183e-01 -3.550402709807887192e-02 -5.876591980939714632e-02 3.362905059943921060e+01 3.553381193303041530e-02 9.993683296606783450e-01 -5.384057334125401644e-04 9.047709168698018223e-01 5.874791469263943022e-02 -1.551041922266147748e-03 9.982716447882418187e-01 9.693920492502886566e-01
9.977354330586124531e-01 -3.267372996584880229e-02 -5.879143636161602432e-02 3.436859205943144246e+01 3.262706231650408517e-02 9.994660569628760483e-01 -1.753791229303061769e-03 9.125010688739459974e-01 5.881734798457095154e-02 -1.683722061841435094e-04 9.982687469949472758e-01 1.014982797798396064e+00
9.976854709387146247e-01 -2.955754681593111485e-02 -6.123767226160056754e-02 3.510266462602130844e+01 2.940826818874657869e-02 9.995619106307053192e-01 -3.337750504849597462e-03 9.221625470324741336e-01 6.130950040518939881e-02 1.529131295183086721e-03 9.981176318037610073e-01 1.061964110349941093e+00
9.977083079808787280e-01 -2.612620697387973978e-02 -6.241436929978546461e-02 3.583624536236059299e+01 2.595578634506107846e-02 9.996568244286175853e-01 -3.539848655173383381e-03 9.490492657782145791e-01 6.248543303155981027e-02 1.911722377854455221e-03 9.980440451084353626e-01 1.105989419015446451e+00
9.976992264458094395e-01 -2.258831073785499272e-02 -6.392199752388537382e-02 3.655632184246722005e+01 2.244842973342073972e-02 9.997437794477711526e-01 -2.905762892929575868e-03 9.664755932792115090e-01 6.397125566953625053e-02 1.464128920675940087e-03 9.979506675054465870e-01 1.139098246149796712e+00
9.976013312243766640e-01 -2.014940014571697802e-02 -6.622375414546731454e-02 3.729111067846258720e+01 1.999272934307048250e-02 9.997955409395685722e-01 -3.027720391669736812e-03 9.820156199058429625e-01 6.627122084861759854e-02 1.696464300592550592e-03 9.978002040970479491e-01 1.187115371631099814e+00
9.976294598819901438e-01 -1.669371075423876916e-02 -6.675912519515460330e-02 3.800934946937052672e+01 1.662386824225115661e-02 9.998605312058767014e-01 -1.601605871129722480e-03 9.978480210988663890e-01 6.677655112562182194e-02 4.880142989467702724e-04 9.977678357522912211e-01 1.217881625582472260e+00
9.976560648342335247e-01 -1.296667385574685506e-02 -6.718810660072534191e-02 3.872545196583428861e+01 1.288916102903934525e-02 9.999156718481921891e-01 -1.587047682308117841e-03 9.964017053874905105e-01 6.720301948156225114e-02 7.173294202227972630e-04 9.977390638894838570e-01 1.256300748654305854e+00
9.975351563737895333e-01 -8.702765733907257342e-03 -6.962667353033677453e-02 3.944807349006273967e+01 8.572829346483549010e-03 9.999609093844187280e-01 -2.164786382642668126e-03 9.939395445450524003e-01 6.964279140955967340e-02 1.562552932586403973e-03 9.975707694359420286e-01 1.294751626745041850e+00
9.972844980881685473e-01 -3.971815013711438302e-03 -7.353811636509786920e-02 4.016454532167978897e+01 3.787672823021986240e-03 9.999893331227338589e-01 -2.643326566231478034e-03 1.003537456016502016e+00 7.354783074717811953e-02 2.357610283074971884e-03 9.972889041126135057e-01 1.344190575418818367e+00
9.972236681796970981e-01 7.689120872089471627e-04 -7.446048882750914977e-02 4.086996688899738928e+01 -8.471507180684673902e-04 9.999991218213898359e-01 -1.019162455168653308e-03 1.015242078783563873e+00 7.445963979156995649e-02 1.079412178592263887e-03 9.972234438236289300e-01 1.387866158131295657e+00
9.971686032262881971e-01 5.765886162074638013e-03 -7.497687174388804887e-02 4.159432605995006327e+01 -5.779847968819343609e-03 9.999832960658687764e-01 3.076846380007145594e-05 1.008494032364547266e+00 7.497579674262074001e-02 4.026735737864039545e-04 9.971852725330444533e-01 1.428392031432970999e+00
9.970718532445160820e-01 1.124576827253891305e-02 -7.563895929682376562e-02 4.230169621656732204e+01 -1.127442482906190584e-02 9.999364404933831496e-01 4.814765447727414535e-05 9.863697920931394636e-01 7.563469317925497482e-02 8.047790896614803215e-04 9.971352694184960619e-01 1.486722938941734684e+00
9.969561677227442020e-01 1.708812596200260173e-02 -7.606836129880910347e-02 4.301355322125383651e+01 -1.710443917135466216e-02 9.998536128439946546e-01 4.370851685685914114e-04 9.759978935047989301e-01 7.606469483415322086e-02 8.653519040755170214e-04 9.971025089557589149e-01 1.539420353439086897e+00
9.967976128635435140e-01 2.301120484493234669e-02 -7.658331046073786619e-02 4.372940686182131032e+01 -2.297656346934579680e-02 9.997351145366166758e-01 1.333526751559771474e-03 9.645473865014588810e-01 7.659371071230537675e-02 4.303650108493009400e-04 9.970622940745864637e-01 1.590267412706299455e+00
9.966500190139584436e-01 2.903144442927727345e-02 -7.645858247329700985e-02 4.443136229821633520e+01 -2.897867222306207621e-02 9.995784097529790690e-01 1.799808849227998650e-03 9.356683617713589252e-01 7.647859933121489706e-02 4.218886763290575744e-04 9.970711337985270761e-01 1.649349702682295415e+00
9.965061442678443404e-01 3.558561199323966723e-02 -7.555904085879372456e-02 4.513126653404058430e+01 -3.559801736891591434e-02 9.993654894837556979e-01 1.183041967034365472e-03 9.057512670304692648e-01 7.555319712518210329e-02 1.510843459793504481e-03 9.971406278736231199e-01 1.705545677424909146e+00
9.962972218307158956e-01 4.199924788391545122e-02 -7.501939049060982190e-02 4.582896639025997132e+01 -4.205496132734908715e-02 9.991149476796254980e-01 8.375863503394080645e-04 8.653369355490809767e-01 7.498817240173510923e-02 2.320452611997413876e-03 9.971817234082878123e-01 1.766263672899623494e+00
9.960137459019375861e-01 4.780982297715801604e-02 -7.530497195592954218e-02 4.651889200231644139e+01 -4.794944487683523021e-02 9.988497627799269862e-01 -4.615719679939081499e-05 8.298060081855208603e-01 7.521614660692117760e-02 3.656804804236960926e-03 9.971605482911113372e-01 1.821791363400738772e+00
9.956511539265026078e-01 5.360477596732602518e-02 -7.619256970542929996e-02 4.723865205179988180e+01 -5.376791145975381297e-02 9.985534555632809006e-01 -8.988819092815673872e-05 7.947799253015275234e-01 7.607753533126578038e-02 4.186212622834627542e-03 9.970931171369082913e-01 1.861329927413611030e+00
9.952924629377253307e-01 5.839490370038367961e-02 -7.734952127311149617e-02 4.789945693453628905e+01 -5.859609532914120122e-02 9.982817174154748896e-01 -3.320936435236548218e-04 7.565422634097641597e-01 7.719722036145347521e-02 4.862910222571297132e-03 9.970039825761141117e-01 1.905610560806664022e+00
9.948219492923939811e-01 6.377685953156278509e-02 -7.913154487543344606e-02 4.859037171989717763e+01 -6.398544814522205693e-02 9.979508265994669891e-01 -1.005738324526385744e-04 7.050483490204081383e-01 7.896297633534674065e-02 5.163320417326699996e-03 9.968641775540595384e-01 1.943715804833680227e+00
9.943646376136675569e-01 6.879935278585398717e-02 -8.065740213822344962e-02 4.928609403292642099e+01 -6.897975207490568417e-02 9.976179079337655908e-01 5.509750822419623613e-04 6.588713232304787004e-01 8.050317550956628820e-02 5.015857464512930158e-03 9.967417317975462154e-01 1.996215011267442385e+00
9.940652005995935792e-01 7.384855333741933980e-02 -7.987971035788786478e-02 4.999325620632028944e+01 -7.399804874998526516e-02 9.972577892385382503e-01 1.091138972787549259e-03 5.960525330477469685e-01 7.974124239115244761e-02 4.826279419331599985e-03 9.968039131588930513e-01 2.045481815114996049e+00
9.936823453837776432e-01 7.928683657859536549e-02 -7.942917611277390544e-02 5.068404943377373684e+01 -7.948427808473734757e-02 9.968358892357862544e-01 6.778413144046032540e-04 5.210282328843449662e-01 7.923159729516425498e-02 5.639811775093708617e-03 9.968402813456117562e-01 2.097422969325402953e+00
9.932664047051602552e-01 8.412208223985270794e-02 -7.965754555417937921e-02 5.137630083927491853e+01 -8.433182106696285318e-02 9.964374571089585908e-01 7.335023940536638566e-04 4.487974586330915061e-01 7.943546588026324795e-02 5.989102592524185587e-03 9.968220189233992778e-01 2.138986180780737101e+00
9.927331694024335018e-01 8.826158059080542462e-02 -8.179699114155775108e-02 5.206130982703727028e+01 -8.862441929746318892e-02 9.960647862100807659e-01 -8.086881064112562238e-04 3.755907731206390987e-01 8.140372640356674516e-02 8.052022347135992519e-03 9.966486834706271836e-01 2.192049492463964189e+00
