-5.415640730197693875e-01 -8.401168057683184864e-01 3.020111719580821641e-02 1.261430000000000007e+01 8.403649413477498609e-01 -5.419757638560694923e-01 -7.002624238288829468e-03 -1.960269999999999868e+01 2.225129586857188535e-02 2.158759037657725921e-02 9.995193123566458171e-01 -1.131640000000000007e-01
-5.415648851239366346e-01 -8.401156152852273795e-01 3.021966503160361528e-02 1.261480000000000068e+01 8.403641662294037973e-01 -5.419769745524616322e-01 -7.001940625282888735e-03 -1.960249999999999915e+01 2.226080228241745715e-02 2.160351843763947191e-02 9.995187565387939621e-01 -1.131960000000000049e-01
-5.415654148476889418e-01 -8.401151413182986749e-01 3.022334807043813507e-02 1.261529999999999951e+01 8.403638072067467490e-01 -5.419775519026226451e-01 -7.000340750430174459e-03 -1.960229999999999961e+01 2.226146845634077373e-02 2.160746540842612209e-02 9.995186563845577243e-01 -1.132470000000000004e-01
-5.415696405667193014e-01 -8.401129938875020464e-01 3.020731563399248198e-02 1.261539999999999928e+01 8.403612286767826456e-01 -5.419815020222429336e-01 -7.004056150639046199e-03 -1.960219999999999985e+01 2.225600488144077391e-02 2.159187270919860416e-02 9.995191150146287562e-01 -1.131100000000000022e-01
-5.415658854430530633e-01 -8.401149410262966910e-01 3.022048293234528768e-02 1.261560000000000059e+01 8.403636537927277050e-01 -5.419778529862745442e-01 -6.995445412918852197e-03 -1.960219999999999985e+01 2.225581066640788808e-02 2.160770086729048300e-02 9.995187772897575762e-01 -1.130150000000000043e-01
-5.415649470268469878e-01 -8.401155650148122156e-01 3.021995320398098567e-02 1.261580000000000013e+01 8.403642401927015060e-01 -5.419769283207083177e-01 -6.996640150300677437e-03 -1.960210000000000008e+01 2.225650370456433783e-02 2.160663296055888999e-02 9.995187849435125393e-01 -1.129399999999999987e-01
-5.415583608982552644e-01 -8.401204782885921540e-01 3.020138575203905676e-02 1.261589999999999989e+01 8.403688394818736862e-01 -5.419698454153552003e-01 -6.992874111932301587e-03 -1.960210000000000008e+01 2.224309711089058478e-02 2.159325405315951768e-02 9.995193725037606614e-01 -1.128279999999999977e-01
-5.415687215973423729e-01 -8.401136739622563354e-01 3.020487723958205709e-02 1.261599999999999966e+01 8.403615796602418309e-01 -5.419807969912994183e-01 -7.016489408354607826e-03 -1.960210000000000008e+01 2.226511213450313442e-02 2.158310715151525935e-02 9.995191015019790903e-01 -1.127940000000000054e-01
-5.415610271653851227e-01 -8.401189670771069817e-01 3.019561247710867216e-02 1.261619999999999919e+01 8.403673890255249912e-01 -5.419722026799005388e-01 -6.984481707276769986e-03 -1.960200000000000031e+01 2.223297816297358301e-02 2.159288492980378921e-02 9.995196056118221817e-01 -1.127240000000000048e-01
-5.415600612795145041e-01 -8.401190214943640155e-01 3.021141754835144147e-02 1.261640000000000050e+01 8.403676457362500019e-01 -5.419717237831230827e-01 -6.990752410351304402e-03 -1.960200000000000031e+01 2.224679812110530105e-02 2.160278553572315616e-02 9.995190841752129574e-01 -1.126930000000000015e-01
-5.415560949724452788e-01 -8.401222334592586272e-01 3.019319204096824333e-02 1.261660000000000004e+01 8.403698435450067672e-01 -5.419679544382077774e-01 -7.018719413515817594e-03 -1.960200000000000031e+01 2.226032475811034334e-02 2.157241779430194711e-02 9.995194388965987775e-01 -1.126510000000000011e-01
-5.415581721858506725e-01 -8.401213002846082967e-01 3.018189766763609144e-02 1.261669999999999980e+01 8.403692699507747665e-01 -5.419691947711556823e-01 -6.991569316464511276e-03 -1.960200000000000031e+01 2.223142508077243298e-02 2.157759780894474497e-02 9.995199702915764650e-01 -1.125970000000000026e-01
-5.415550532338345713e-01 -8.401221246486858529e-01 3.021489686688053414e-02 1.261700000000000088e+01 8.403707505992252802e-01 -5.419668654332551183e-01 -6.994162547850050864e-03 -1.960200000000000031e+01 2.225142364417029631e-02 2.160399148837158570e-02 9.995189551467128508e-01 -1.125720000000000054e-01
-5.415474604972672079e-01 -8.401274725509496610e-01 3.020228292885229759e-02 1.261679999999999957e+01 8.403759874996821200e-01 -5.419588364622331955e-01 -6.987074812555537848e-03 -1.960210000000000008e+01 2.223842761742075153e-02 2.159744072003525611e-02 9.995193859507920386e-01 -1.123139999999999972e-01
-5.414237979788820709e-01 -8.401930829452292082e-01 3.059173668022003093e-02 1.261619999999999919e+01 8.404375276154525398e-01 -5.418559499669048929e-01 -7.542656102928026358e-03 -1.960190000000000055e+01 2.291360202471279597e-02 2.162667002689093454e-02 9.995035037386318377e-01 -1.136680000000000051e-01
-5.414717952635557108e-01 -8.401317974986147741e-01 3.141429238114706174e-02 1.261459999999999937e+01 8.403617082455596687e-01 -5.419528864679358238e-01 -8.903267022695362382e-03 -1.959979999999999833e+01 2.450498415969755081e-02 2.157850043025668837e-02 9.994667948814078828e-01 -1.173150000000000026e-01
-5.413407500147024987e-01 -8.401924894266007415e-01 3.204330015232322720e-02 1.261079999999999934e+01 8.404126851769558870e-01 -5.418577187717265042e-01 -9.835202141294805203e-03 -1.959430000000000049e+01 2.562637249356393768e-02 2.160540021923032517e-02 9.994380899856617484e-01 -1.200669999999999932e-01
-5.413277605357521560e-01 -8.401946997709439646e-01 3.220438091566671379e-02 1.260469999999999935e+01 8.404158901914066115e-01 -5.418509753934050988e-01 -9.932370260982318483e-03 -1.958490000000000109e+01 2.579510006053465851e-02 2.168840570511368707e-02 9.994319515959240174e-01 -1.202140000000000014e-01
-5.414339919009534263e-01 -8.401435341328221673e-01 3.175018848778541486e-02 1.259609999999999985e+01 8.403588485464782432e-01 -5.419422547964466430e-01 -9.777429916930547790e-03 -1.957229999999999848e+01 2.542121326442862636e-02 2.138771892827342341e-02 9.994480113518715569e-01 -1.187379999999999963e-01
-5.414122651898272132e-01 -8.401694023127836974e-01 3.143460703427600200e-02 1.258569999999999922e+01 8.403825559507687171e-01 -5.419087085031505380e-01 -9.597463315936978490e-03 -1.955709999999999837e+01 2.509818231811822634e-02 2.122091105081516660e-02 9.994597311440315268e-01 -1.175800000000000040e-01
-5.414598765368848765e-01 -8.401349051247218869e-01 3.153638044757842152e-02 1.257409999999999961e+01 8.403484585637669424e-01 -5.419603582792041907e-01 -9.666345916497932900e-03 -1.953900000000000148e+01 2.521250265565853216e-02 2.126761023129312977e-02 9.994558611889208244e-01 -1.175550000000000067e-01
-5.414507991127227582e-01 -8.401282223438825136e-01 3.186851363809974080e-02 1.256090000000000018e+01 8.403436431266259055e-01 -5.419641148461549207e-01 -9.872166717290903684e-03 -1.951810000000000045e+01 2.556547666021537907e-02 2.143521029362014524e-02 9.994433141318243008e-01 -1.179079999999999989e-01
-5.414763451422949236e-01 -8.401061078312717090e-01 3.201710848803467763e-02 1.254550000000000054e+01 8.403209015108281665e-01 -5.419966606376794838e-01 -1.002009688743624692e-02 -1.949429999999999907e+01 2.577111047998537768e-02 2.147900002785460213e-02 9.994370927789464343e-01 -1.179790000000000005e-01
-5.415900981296621897e-01 -8.400274008513893831e-01 3.215791390562540430e-02 1.252759999999999962e+01 8.402367752969991388e-01 -5.421210159627893876e-01 -1.034241219314800501e-02 -1.946709999999999852e+01 2.612139059090538146e-02 2.141891384575675059e-02 9.994292886859306169e-01 -1.179339999999999972e-01
-5.416220889043642517e-01 -8.399919865019600529e-01 3.254190257749966370e-02 1.250699999999999967e+01 8.401923272260825026e-01 -5.421771148955996100e-01 -1.099224062252140456e-02 -1.943590000000000018e+01 2.687686888930171381e-02 2.138781653124441004e-02 9.994099235162380301e-01 -1.185380000000000045e-01
-5.416610984275646024e-01 -8.399379953636677554e-01 3.327789648862374688e-02 1.248290000000000077e+01 8.401353026535641755e-01 -5.422510950523951045e-01 -1.168003209251881717e-02 -1.939849999999999852e+01 2.785547855357005734e-02 2.163131662524084634e-02 9.993778857147131989e-01 -1.196949999999999958e-01
-5.417261295074597971e-01 -8.398644191049209340e-01 3.406696538322235429e-02 1.245390000000000086e+01 8.400563966123415494e-01 -5.423557520904894735e-01 -1.246951021686875521e-02 -1.935340000000000060e+01 2.894911258667155415e-02 2.186311267670909206e-02 9.993417599522851358e-01 -1.209009999999999946e-01
-5.418238387136067313e-01 -8.397826341706485787e-01 3.452615163985269658e-02 1.241960000000000086e+01 8.399659286243478240e-01 -5.424808786154056151e-01 -1.310477343924469629e-02 -1.930079999999999885e+01 2.973493823581443984e-02 2.190031237367013467e-02 9.993178722338790232e-01 -1.213339999999999974e-01
-5.420638045044527953e-01 -8.396271306888194452e-01 3.454147155839046995e-02 1.237920000000000087e+01 8.398027177050966241e-01 -5.427270963682632177e-01 -1.336765509759086507e-02 -1.923870000000000147e+01 2.997043845680014487e-02 2.176189970876590829e-02 9.993138608764380315e-01 -1.207119999999999999e-01
-5.423278089850268602e-01 -8.394606685181335015e-01 3.444319399516058977e-02 1.233210000000000051e+01 8.396312473429834444e-01 -5.429901365492888488e-01 -1.345660044181828767e-02 -1.916649999999999920e+01 2.999860141349608433e-02 2.162169330263477920e-02 9.993160592585111912e-01 -1.199859999999999954e-01
-5.425759182643241640e-01 -8.392932760623641464e-01 3.461458762038921444e-02 1.227970000000000006e+01 8.394620427572537791e-01 -5.432472873669813573e-01 -1.363317784798458512e-02 -1.908579999999999899e+01 3.024651532727894512e-02 2.166059844328082143e-02 9.993077437834833043e-01 -1.199110000000000037e-01
-5.428248742564738549e-01 -8.391190897905782542e-01 3.493292197161738250e-02 1.222289999999999921e+01 8.392941472088434329e-01 -5.435062785994997370e-01 -1.364769518649120578e-02 -1.899729999999999919e+01 3.043830398402819215e-02 2.191068853218391954e-02 9.992964682108215202e-01 -1.195739999999999997e-01
-5.430198614068528773e-01 -8.389921760831652309e-01 3.495080240735221055e-02 1.216009999999999991e+01 8.391739053070299548e-01 -5.436971913982594495e-01 -1.343579984194165008e-02 -1.890030000000000143e+01 3.027518405280140226e-02 2.203389518173064915e-02 9.992987144461306093e-01 -1.183469999999999939e-01
-5.434472765516323856e-01 -8.387375335263509424e-01 3.441522138162678157e-02 1.209249999999999936e+01 8.389067461636359191e-01 -5.441089039057573906e-01 -1.345258085332727907e-02 -1.879700000000000060e+01 3.000881286811444421e-02 2.156039296043043771e-02 9.993170771109821660e-01 -1.172779999999999934e-01
-5.438021219697541930e-01 -8.385301838107845906e-01 3.385827785705178283e-02 1.201939999999999920e+01 8.386860457984384176e-01 -5.444480264343515286e-01 -1.349307580648255629e-02 -1.868590000000000018e+01 2.974842389392039557e-02 2.105890191801167849e-02 9.993355562201492459e-01 -1.164680000000000021e-01
-5.441050397422376728e-01 -8.383293541052954101e-01 3.396468419544460687e-02 1.194219999999999970e+01 8.384916944095501812e-01 -5.447509917969201032e-01 -1.334298851355983188e-02 -1.856650000000000134e+01 2.968811434394461393e-02 2.121911830567288493e-02 9.993339606382997120e-01 -1.159270000000000023e-01
-5.443499256803792097e-01 -8.381600967912281597e-01 3.421710915149022564e-02 1.185979999999999990e+01 8.383321122415561266e-01 -5.450002107385241157e-01 -1.319241750306792381e-02 -1.843909999999999982e+01 2.970568962970693630e-02 2.150400990242931631e-02 9.993273485508838982e-01 -1.154459999999999931e-01
-5.447602248462724006e-01 -8.379085124089499237e-01 3.384704208730494185e-02 1.177059999999999995e+01 8.380880700126825955e-01 -5.453881549192054479e-01 -1.265493485726104650e-02 -1.830180000000000007e+01 2.906345347434768217e-02 2.147289702033103667e-02 9.993469019142946497e-01 -1.137679999999999941e-01
-5.452991840404366464e-01 -8.375938678943025684e-01 3.294407914476366744e-02 1.167370000000000019e+01 8.377612442467646803e-01 -5.458958897094308149e-01 -1.240061435824974662e-02 -1.815439999999999898e+01 2.837071593998053559e-02 2.083722784372730660e-02 9.993802641701718947e-01 -1.116769999999999985e-01
-5.457757043413055120e-01 -8.373163232923269694e-01 3.209759023620582102e-02 1.157099999999999973e+01 8.374530538957447590e-01 -5.463578896656674511e-01 -1.286230619948480584e-02 -1.799940000000000140e+01 2.830659060081950479e-02 1.986029074052743718e-02 9.994019740726247658e-01 -1.098429999999999962e-01
-5.464010154914039630e-01 -8.369693645911445712e-01 3.046658835277451724e-02 1.145940000000000047e+01 8.370509752233468159e-01 -5.469532067989555379e-01 -1.370600051009429436e-02 -1.783269999999999911e+01 2.813530073779325555e-02 1.801311489537693253e-02 9.994418104843123540e-01 -1.072349999999999970e-01
-5.469431141293465970e-01 -8.366600234372058020e-01 2.921018809502227628e-02 1.134309999999999974e+01 8.367038440426640689e-01 -5.474697995149790941e-01 -1.426520183024894937e-02 -1.765909999999999869e+01 2.792681991780921608e-02 1.663802275159438973e-02 9.994714948052274561e-01 -1.050330000000000014e-01
-5.473919963122534371e-01 -8.363860405312700808e-01 2.864251346704328044e-02 1.122189999999999976e+01 8.364130964438412086e-01 -5.479070915896967486e-01 -1.452415515423968219e-02 -1.747530000000000072e+01 2.784123687106316442e-02 1.600656709427597871e-02 9.994841946420890411e-01 -1.029540000000000038e-01
-5.479441771335465949e-01 -8.360592865470943824e-01 2.760521914066249582e-02 1.109179999999999922e+01 8.360677567740809613e-01 -5.484318516702343382e-01 -1.460171758100879853e-02 -1.727890000000000015e+01 2.734748303221649218e-02 1.507890751752823284e-02 9.995122519108410319e-01 -9.961739999999999484e-02
-5.484981187065468555e-01 -8.357101834079139202e-01 2.717173391025790724e-02 1.095819999999999972e+01 8.357105517261714800e-01 -5.489747064176545566e-01 -1.465078315955152186e-02 -1.707689999999999841e+01 2.716040332758079198e-02 1.467177773690675653e-02 9.995234121465699229e-01 -9.655740000000000156e-02
-5.489525010491334012e-01 -8.354233906918288044e-01 2.681249479010223633e-02 1.081809999999999938e+01 8.354302284784250743e-01 -5.494129068111603953e-01 -1.420532202372601187e-02 -1.686400000000000077e+01 2.659858899241965627e-02 1.460192159543894676e-02 9.995395434645555355e-01 -9.446530000000000205e-02
-5.494981325790179172e-01 -8.350555081037779326e-01 2.709429234567024489e-02 1.067229999999999990e+01 8.350678821469529334e-01 -5.499651249160151245e-01 -1.414190873657377584e-02 -1.664130000000000109e+01 2.671019465997446704e-02 1.485462088551908581e-02 9.995328437523066656e-01 -9.372550000000000325e-02
-5.499210302310680865e-01 -8.347329008434991593e-01 2.842260999623237930e-02 1.052369999999999983e+01 8.346842353632072387e-01 -5.504670600148985349e-01 -1.697772289479725083e-02 -1.641669999999999874e+01 2.981757444426729256e-02 1.438749762644733060e-02 9.994518058247277015e-01 -9.418179999999999608e-02
-5.502910268018874618e-01 -8.343498948938483650e-01 3.224963119090096253e-02 1.037270000000000003e+01 8.342721450536960681e-01 -5.510009997818052785e-01 -1.969482741625740857e-02 -1.618449999999999989e+01 3.420195621348774001e-02 1.606708218924563988e-02 9.992857824772124475e-01 -9.404129999999999434e-02
-5.504594535134129663e-01 -8.340020861128918384e-01 3.788021115383077148e-02 1.021819999999999951e+01 8.339755446400679562e-01 -5.513989629015693117e-01 -2.107070604834663380e-02 -1.594009999999999927e+01 3.846012194490737446e-02 1.999260039158214444e-02 9.990601157836123125e-01 -9.333840000000000192e-02
-5.501739362327897620e-01 -8.339964909203289034e-01 4.193438949949637728e-02 1.005889999999999951e+01 8.340456602349152204e-01 -5.512811634532900351e-01 -2.137558104217605545e-02 -1.569100000000000072e+01 4.094479861254378406e-02 2.321490801541865878e-02 9.988916815713371200e-01 -9.109540000000000692e-02
-5.504398532964898116e-01 -8.336498167372947687e-01 4.521007583286605624e-02 9.891949999999999577e+00 8.337865986416566066e-01 -5.516797601030916098e-01 -2.119788239831711663e-02 -1.543319999999999936e+01 4.261309456629392561e-02 2.602739607549089604e-02 9.987525713734176636e-01 -8.783639999999999504e-02
-5.505028899382607976e-01 -8.334323625694749493e-01 4.834320212280017459e-02 9.720579999999999998e+00 8.336969965009086714e-01 -5.518513485210888581e-01 -2.023381231551622458e-02 -1.516760000000000019e+01 4.354177528520296325e-02 2.916481025685471740e-02 9.986258196380138896e-01 -8.429419999999999968e-02
-5.504412195716862355e-01 -8.333534153007393641e-01 5.036416387700062836e-02 9.553530000000000300e+00 8.337448751798358648e-01 -5.518319732680811995e-01 -1.873383010533534801e-02 -1.491029999999999944e+01 4.340445723418721868e-02 3.167899123473707362e-02 9.985552035849372121e-01 -8.083200000000000107e-02
-5.510761075285164345e-01 -8.328991232023429392e-01 5.093303721541395795e-02 9.361269999999999314e+00 8.333045031500652122e-01 -5.524943060952653973e-01 -1.880549818893266500e-02 -1.461919999999999931e+01 4.380329600659976785e-02 3.207946852862263859e-02 9.985250016689013464e-01 -7.908660000000000689e-02
-5.515900077582448491e-01 -8.326668708697394505e-01 4.913598983693821115e-02 9.178660000000000707e+00 8.330363897266843676e-01 -5.529151669959424531e-01 -1.830823576921852824e-02 -1.434909999999999997e+01 4.241269541530220261e-02 3.083342766942737470e-02 9.986242852072858556e-01 -7.484300000000000674e-02
-5.527581415349790417e-01 -8.322151690839002525e-01 4.331684791685213448e-02 8.974650000000000460e+00 8.325740509383555699e-01 -5.537330015381568549e-01 -1.414965411737252599e-02 -1.404920000000000080e+01 3.576152500793800676e-02 2.824314703073298877e-02 9.989611794133477218e-01 -6.375480000000000036e-02
-5.548304534947673394e-01 -8.311913202007530366e-01 3.583513775221774944e-02 8.772479999999999833e+00 8.315921427446292258e-01 -5.553548555894219918e-01 -5.957558111227594794e-03 -1.374740000000000073e+01 2.485308834305392095e-02 2.649478432034197903e-02 9.993399573736810870e-01 -4.877789999999999904e-02
-5.567037550886982933e-01 -8.302400549452763068e-01 2.797106066289241008e-02 8.564590000000000813e+00 8.306211299337661336e-01 -5.568233694654447508e-01 4.034070488088650937e-03 -1.343570000000000064e+01 1.222569334215021022e-02 2.547913620226905512e-02 9.996005932574719699e-01 -3.536050000000000304e-02
-5.582599967447913203e-01 -8.293268348596465334e-01 2.372292174640838400e-02 8.360170000000000101e+00 8.296614298081405048e-01 -5.581241807964933965e-01 1.262183421515143851e-02 -1.312439999999999962e+01 2.772710446038850231e-03 2.672825830321570728e-02 9.996388909425536484e-01 -2.600879999999999859e-02
-5.595142176116618682e-01 -8.284393240002664305e-01 2.514213078462412820e-02 8.155350000000000321e+00 8.288194981147872786e-01 -5.593086619842798646e-01 1.523352139548260833e-02 -1.280760000000000076e+01 1.442163361564726288e-03 2.936166002351247445e-02 9.995678131500146391e-01 -2.234490000000000087e-02
-5.603610951377225868e-01 -8.277702006196043794e-01 2.814139339533617071e-02 7.951500000000000234e+00 8.282407189517981827e-01 -5.601788511874609133e-01 1.472977095898851674e-02 -1.249629999999999974e+01 3.571347961211072865e-03 3.156183848376534901e-02 9.994954206124532226e-01 -2.111060000000000020e-02
-5.615758817774714196e-01 -8.269921745038860683e-01 2.676700048922976694e-02 7.733799999999999564e+00 8.274172841966834779e-01 -5.614184285831694821e-01 1.378353582322213063e-02 -1.217580000000000062e+01 3.628611089749604352e-03 2.988798013482708849e-02 9.995466681576301582e-01 -1.935879999999999893e-02
-5.629220859334995719e-01 -8.261851031980661508e-01 2.317111179632587448e-02 7.505829999999999558e+00 8.265019366165603509e-01 -5.628189404231173087e-01 1.137493165146123003e-02 -1.184929999999999950e+01 3.643341509300249137e-03 2.555416902581373814e-02 9.996667997428179131e-01 -2.174119999999999872e-02
-5.637800975389877234e-01 -8.256509440692921808e-01 2.127252162804963570e-02 7.274619999999999642e+00 8.258929746801872973e-01 -5.637978470145683652e-01 5.725563347737710508e-03 -1.152309999999999945e+01 7.266085111077067935e-03 2.079678482899175590e-02 9.997573194270371610e-01 -3.356970000000000093e-02
-5.643542972250998879e-01 -8.252003869550781356e-01 2.342111382392572314e-02 7.038759999999999906e+00 8.253793145561612032e-01 -5.645691824229834843e-01 -3.259656583995229010e-03 -1.118720000000000070e+01 1.591270895746285316e-02 1.749170167347795235e-02 9.997203739377331644e-01 -5.681270000000000070e-02
-5.651044673066707436e-01 -8.245698183112972757e-01 2.723152144332822641e-02 6.798969999999999736e+00 8.247151823316146713e-01 -5.654845331046317591e-01 -8.491810829771693006e-03 -1.083569999999999922e+01 2.240109510214800467e-02 1.765948893687450255e-02 9.995930839040022553e-01 -7.493020000000000236e-02
-5.660057341985221813e-01 -8.238977829141262976e-01 2.880889035660290712e-02 6.553390000000000271e+00 8.240656107753028259e-01 -5.664268492842938763e-01 -8.746058963613811271e-03 -1.047150000000000070e+01 2.352398758542491308e-02 1.879009630242861259e-02 9.995466743924598108e-01 -7.825719999999999898e-02
-5.666949840804981209e-01 -8.234488930250241090e-01 2.808408079083032222e-02 6.294999999999999929e+00 8.236148426348508522e-01 -5.670898336305522092e-01 -8.228704906741752742e-03 -1.009510000000000041e+01 2.270211464982507810e-02 1.846729998495500943e-02 9.995716946881254561e-01 -7.351720000000000477e-02
-5.675997075995513619e-01 -8.229105739991481316e-01 2.547075054440021621e-02 6.026510000000000034e+00 8.230207161512627101e-01 -5.679448029948666044e-01 -8.694914432219962713e-03 -9.710940000000000794e+00 2.162111742636250999e-02 1.602772446463131967e-02 9.996377540537979556e-01 -6.906869999999999676e-02
-5.685502849851752361e-01 -8.222935044714319019e-01 2.416538738295276323e-02 5.752609999999999779e+00 8.223547950558235398e-01 -5.688869226407706758e-01 -1.001300639213222217e-02 -9.318680000000000518e+00 2.198100297919139759e-02 1.417962455094749948e-02 9.996578283370881612e-01 -6.868570000000000231e-02
-5.692332197305217667e-01 -8.217723420479199348e-01 2.576352849088213437e-02 5.475279999999999703e+00 8.218258163720359999e-01 -5.696258900481995235e-01 -1.134340915391445805e-02 -8.915340000000000487e+00 2.399727275462095952e-02 1.471608751923996448e-02 9.996037053094921632e-01 -7.183090000000000308e-02
-5.699210500860918405e-01 -8.212058100415375872e-01 2.847831144553959054e-02 5.193590000000000373e+00 8.212894814531722654e-01 -5.703891523533436425e-01 -1.182381207621227906e-02 -8.501630000000000464e+00 2.595350309970066716e-02 1.665029824527359745e-02 9.995244785622802164e-01 -7.539940000000000531e-02
-5.706349364623337639e-01 -8.206809324022039664e-01 2.930147573207171965e-02 4.904480000000000395e+00 8.207681821767628394e-01 -5.711311433858582420e-01 -1.219869587352978742e-02 -8.082829999999999515e+00 2.674622244133045140e-02 1.708871692699416578e-02 9.994961807525374331e-01 -7.587009999999999588e-02
-5.715972702791064508e-01 -8.200398811787936726e-01 2.848076343329673452e-02 4.597730000000000317e+00 8.200912969117707396e-01 -5.720848554608407577e-01 -1.300703201805102419e-02 -7.643539999999999779e+00 2.695969842272328762e-02 1.592204222509870440e-02 9.995097114247250003e-01 -7.415380000000000582e-02
-5.725008493374722507e-01 -8.194238468246232143e-01 2.805952178866708696e-02 4.285490000000000244e+00 8.194379943591432180e-01 -5.729940389349741370e-01 -1.411399113116522212e-02 -7.198269999999999946e+00 2.764327962702022370e-02 1.491276634704833022e-02 9.995066075276043405e-01 -7.233399999999999552e-02
-5.737152031872151392e-01 -8.186010308931481738e-01 2.726202216506362283e-02 3.969539999999999846e+00 8.186215554153626339e-01 -5.741765065338949592e-01 -1.341970021517333543e-02 -6.745129999999999626e+00 2.663859307820378927e-02 1.461819295287277408e-02 9.995382402857866389e-01 -6.872580000000000355e-02
-5.746758720503331030e-01 -8.179141395802910219e-01 2.764240144815566583e-02 3.649369999999999781e+00 8.180297391356600167e-01 -5.750910422725481475e-01 -9.881244229257580766e-03 -6.281130000000000102e+00 2.397890683149195637e-02 1.693379380132711831e-02 9.995690364625450242e-01 -6.432319999999999705e-02
-5.754347524518941270e-01 -8.173687715892344885e-01 2.798458327961890479e-02 3.321070000000000189e+00 8.175588594492677608e-01 -5.758039887128745260e-01 -6.875894004170059713e-03 -5.807479999999999976e+00 2.173377571063845812e-02 1.892241562407326674e-02 9.995847063557495860e-01 -6.056639999999999940e-02
-5.762127258498842552e-01 -8.168258559417881370e-01 2.782832430478321059e-02 2.987379999999999924e+00 8.170429629421057660e-01 -5.765511465947982250e-01 -5.438020504631300295e-03 -5.330750000000000099e+00 2.048636803905906981e-02 1.960347992549265478e-02 9.995979253176647816e-01 -5.784460000000000296e-02
-5.770713397243193432e-01 -8.162701488966773722e-01 2.630043514805212312e-02 2.650189999999999824e+00 8.164499077376827785e-01 -5.773867005336542624e-01 -5.843475163822304565e-03 -4.855550000000000033e+00 1.995537581478041764e-02 1.810088580865514690e-02 9.996370045716758135e-01 -5.539009999999999767e-02
-5.781840322221443174e-01 -8.155190408266018709e-01 2.513799778427727727e-02 2.311890000000000001e+00 8.156435258628527141e-01 -5.785053692765480537e-01 -7.561510181105462677e-03 -4.381739999999999746e+00 2.070902222116204755e-02 1.613170069970011264e-02 9.996553929385763038e-01 -5.361570000000000225e-02
-5.795983421740565911e-01 -8.145293026834019567e-01 2.465313000768154864e-02 1.971629999999999994e+00 8.146384964634610926e-01 -5.799152262461098051e-01 -7.902559564763303804e-03 -3.901299999999999990e+00 2.073359179778009806e-02 1.550307833990740604e-02 9.996648301971761130e-01 -5.293729999999999963e-02
-5.808109123068293522e-01 -8.136191250996240854e-01 2.612668018387830776e-02 1.630819999999999936e+00 8.137836943523656386e-01 -5.811329587684139764e-01 -6.370481872249852094e-03 -3.414779999999999927e+00 2.036622084541620664e-02 1.756142093314345953e-02 9.996383413731612100e-01 -5.355290000000000050e-02
-5.817573448291295524e-01 -8.128631402333358347e-01 2.849398159896021632e-02 1.290489999999999915e+00 8.130891885040527622e-01 -5.821128900594407796e-01 -5.527636426785809652e-03 -2.928990000000000204e+00 2.107992588181657051e-02 1.995240528472027111e-02 9.995786803689699074e-01 -5.551400000000000085e-02
-5.822800844064796033e-01 -8.124339504172188864e-01 3.001632077811055080e-02 9.414280000000000426e-01 8.127040001436476313e-01 -5.826558807899743231e-01 -4.932821846850590081e-03 -2.436659999999999826e+00 2.149677776078557506e-02 2.152210004461906773e-02 9.995372368028982990e-01 -5.414519999999999750e-02
-5.828980246703476809e-01 -8.119658435139154307e-01 3.068161993999866249e-02 5.904920000000000169e-01 8.122336726843953914e-01 -5.833046270201367456e-01 -5.672129628080743377e-03 -1.946039999999999992e+00 2.250230639345934813e-02 2.161437169188948348e-02 9.995131140427019334e-01 -5.144730000000000136e-02
-5.833851954848885413e-01 -8.115897506963138941e-01 3.136543087146469871e-02 2.312720000000000053e-01 8.118398820153137629e-01 -5.838375395718208294e-01 -7.052188035207919946e-03 -1.446199999999999930e+00 2.403579951696387107e-02 2.134956560253341296e-02 9.994831046046567247e-01 -4.988130000000000341e-02
-5.840091085888204914e-01 -8.111366597282616553e-01 3.147507474446593900e-02 -1.290350000000000108e-01 8.113590915364905509e-01 -5.844897122860586158e-01 -8.258378342109216202e-03 -9.449720000000000342e-01 2.509553080476563044e-02 2.071461987674850375e-02 9.994704192005823273e-01 -4.961490000000000344e-02
-5.843340486939845313e-01 -8.108998631466275420e-01 3.154570471041781565e-02 -4.930249999999999910e-01 8.110918510121714053e-01 -5.848417449585558980e-01 -9.494344394490593017e-03 -4.391550000000000176e-01 2.614820755894747134e-02 2.003859532532845447e-02 9.994572156620021852e-01 -4.993800000000000322e-02
-5.846659213715786896e-01 -8.106488672129300577e-01 3.184610609032916678e-02 -8.582119999999999749e-01 8.108237517197790512e-01 -5.851988040060740470e-01 -1.035390925801268729e-02 6.957579999999999321e-02 2.702968800754462775e-02 1.976800132169306140e-02 9.994391537707337791e-01 -4.775999999999999690e-02
-5.848012347604623073e-01 -8.105366955712481891e-01 3.221460779026345117e-02 -1.221090000000000009e+00 8.107233577126927715e-01 -5.853408034098122048e-01 -1.018730202815224146e-02 5.770729999999999471e-01 2.711370652816958229e-02 2.015958819017857687e-02 9.994290559726121126e-01 -4.281549999999999939e-02
-5.845941526045270731e-01 -8.106857350797760375e-01 3.222290611905113955e-02 -1.602700000000000014e+00 8.109151641536115340e-01 -5.851007758668366199e-01 -8.583625443031307062e-03 1.111240000000000006e+00 2.581227007287435760e-02 2.111210596289329194e-02 9.994438481953326070e-01 -3.765690000000000009e-02
-5.844391259302378350e-01 -8.108725600100371578e-01 3.027539437675499587e-02 -1.983829999999999982e+00 8.111052290443161450e-01 -5.848607220535591011e-01 -6.800236463333652996e-03 1.641820000000000057e+00 2.322101416534212703e-02 2.058220643561528215e-02 9.995184627006019618e-01 -3.458200000000000163e-02
-5.840748694506053829e-01 -8.112192854422046739e-01 2.792521804565264304e-02 -2.370190000000000019e+00 8.114442687736531656e-01 -5.844085286023192882e-01 -4.987020279051574377e-03 2.177620000000000111e+00 2.036530261621679119e-02 1.974696491896487521e-02 9.995975749399556021e-01 -3.184180000000000343e-02
-5.838689304674160585e-01 -8.114076076303196050e-01 2.673511388561606791e-02 -2.764679999999999804e+00 8.116308706569855813e-01 -5.841576947674491649e-01 -3.888115297013359801e-03 2.727869999999999795e+00 1.877236882810736848e-02 1.942889404009482540e-02 9.996349915068796221e-01 -2.950530000000000166e-02
-5.835644219221313156e-01 -8.116192747102632943e-01 2.695771476732163052e-02 -3.154879999999999907e+00 8.118463133738070825e-01 -5.838580011110779955e-01 -3.924028533983489782e-03 3.274300000000000210e+00 1.892429465126505353e-02 1.959559790779263205e-02 9.996288729396469730e-01 -2.920170000000000057e-02
-5.828062749960504219e-01 -8.121369639389762751e-01 2.775603770732762085e-02 -3.545389999999999819e+00 8.123623844615844858e-01 -5.831329751334782818e-01 -4.825932435025943011e-03 3.821270000000000167e+00 2.010477896214759794e-02 1.973537726929045985e-02 9.996030775997655216e-01 -3.176699999999999663e-02
-5.819650568627262599e-01 -8.127255219085463001e-01 2.817620679304859432e-02 -3.973380000000000134e+00 8.128961900851479072e-01 -5.823567369816637918e-01 -7.772711053449593566e-03 4.418759999999999799e+00 2.272568449607950680e-02 1.838088492292223181e-02 9.995727518963460900e-01 -3.633490000000000331e-02
-5.811222700455245249e-01 -8.132886101403189461e-01 2.930091932286170084e-02 -4.387050000000000338e+00 8.134163466941972676e-01 -5.815886997607822018e-01 -1.041303227828204413e-02 4.999259999999999593e+00 2.550988411972898717e-02 1.778260179477074432e-02 9.995163955061504568e-01 -3.915359999999999674e-02
-5.798834092480825708e-01 -8.141291016731562191e-01 3.048011626749572156e-02 -4.803759999999999586e+00 8.142102298178971465e-01 -5.804258259679138110e-01 -1.294458223937308174e-02 5.585569999999999702e+00 2.823000777023435687e-02 1.731087399077406094e-02 9.994515497526468284e-01 -3.932599999999999985e-02
-5.780303691937951349e-01 -8.153618833766875795e-01 3.264799268110063490e-02 -5.219319999999999737e+00 8.154843272958799405e-01 -5.786347792514264787e-01 -1.292687802367680633e-02 6.177500000000000213e+00 2.943134764959684860e-02 1.915179827255909448e-02 9.993833120472122022e-01 -3.683510000000000256e-02
-5.757702632399018805e-01 -8.170199801016787555e-01 3.109591747007814724e-02 -5.647700000000000387e+00 8.171588051968271538e-01 -5.763005840419335168e-01 -1.136327075364207233e-02 6.785590000000000011e+00 2.720461464435644169e-02 1.886766937325740079e-02 9.994518097409563762e-01 -3.070960000000000009e-02
-5.736499374306837096e-01 -8.186587178933646403e-01 2.690079744108013482e-02 -6.072280000000000122e+00 8.187811714184010103e-01 -5.740339844318047557e-01 -9.076235346098859846e-03 7.386870000000000047e+00 2.287231113123180601e-02 1.681928460250094876e-02 9.995969032810062549e-01 -2.172889999999999891e-02
-5.717017514050689586e-01 -8.201062560692030656e-01 2.414200067374779393e-02 -6.496170000000000222e+00 8.202219323104193993e-01 -5.719983803343123840e-01 -7.337210088647277278e-03 7.993560000000000443e+00 1.982647717920732466e-02 1.560710258435425712e-02 9.996816138909344618e-01 -1.290039999999999937e-02
-5.695069087609313518e-01 -8.215637337950500996e-01 2.636118711866425324e-02 -6.910140000000000171e+00 8.217701125864077527e-01 -5.697999854552048271e-01 -4.675321910973004140e-03 8.601969999999999672e+00 1.886167896266961741e-02 1.900020757743571195e-02 9.996415503462844354e-01 -7.589620000000000047e-03
-5.667192194875135813e-01 -8.234401213892720284e-01 2.785126119018053320e-02 -7.324300000000000033e+00 8.236968630464087671e-01 -5.670187695292049357e-01 -3.632190673854771013e-03 9.210409999999999542e+00 1.878307937928059765e-02 2.088256421052120393e-02 9.996054793972596331e-01 -6.869039999999999868e-03
-5.639112029386508240e-01 -8.253845071597806227e-01 2.728681991163153797e-02 -7.737250000000000405e+00 8.256026413236212669e-01 -5.642288985524513967e-01 -5.101830823132499568e-03 9.812120000000000175e+00 1.960698446330272696e-02 1.965109103570285287e-02 9.996146261341731787e-01 -7.130359999999999650e-03
-5.611233785331533053e-01 -8.272931461831478650e-01 2.695559945405387112e-02 -8.145730000000000359e+00 8.274560592964169681e-01 -5.614797606137414965e-01 -7.546413371901827989e-03 1.041019999999999968e+01 2.137811958950128557e-02 1.807010513317468606e-02 9.996081468772118894e-01 -6.213999999999999906e-03
-5.586078719043618968e-01 -8.290008536608922673e-01 2.673630632666117168e-02 -8.552500000000000213e+00 8.291093966818043892e-01 -5.589992961304121044e-01 -9.868903669549582494e-03 1.101280000000000037e+01 2.312690598448424381e-02 1.665447553112159654e-02 9.995938048349276572e-01 -4.694189999999999995e-03
-5.559122830527594150e-01 -8.308490853350484207e-01 2.552118627695291672e-02 -8.955510000000000304e+00 8.308761417743235622e-01 -5.563158695678304122e-01 -1.254951382337873497e-02 1.161040000000000028e+01 2.462459301761939917e-02 1.422851590654179710e-02 9.995955075698444992e-01 -3.060429999999999835e-03
-5.528126681925950026e-01 -8.328857827152894577e-01 2.644667912089843781e-02 -9.355209999999999582e+00 8.329058076293678337e-01 -5.532520594411488579e-01 -1.341917811931938112e-02 1.221400000000000041e+01 2.580832236032142013e-02 1.460930097121405230e-02 9.995601526782057489e-01 6.646109999999999561e-04
-5.492301296628633311e-01 -8.351682057946696602e-01 2.898849254835056399e-02 -9.746840000000000614e+00 8.351895946751748401e-01 -5.497607406125002427e-01 -1.488183548869894020e-02 1.281450000000000067e+01 2.836557097664923338e-02 1.603733490662164959e-02 9.994689581333988659e-01 5.880520000000000191e-03
-5.450452358002672026e-01 -8.378612885324671078e-01 3.023494848920114941e-02 -1.013710000000000022e+01 8.378466514100521012e-01 -5.456447246071437496e-01 -1.687670670946750731e-02 1.341310000000000002e+01 3.063787937168028705e-02 1.613368175923907133e-02 9.994003325297113882e-01 1.207569999999999998e-02
-5.408978912886457380e-01 -8.406276572882592779e-01 2.783187024888923028e-02 -1.052309999999999945e+01 8.405246026526725922e-01 -5.414506331420270158e-01 -1.869770589312765019e-02 1.400300000000000011e+01 3.078739246939241753e-02 1.327982199250003596e-02 9.994377333244842676e-01 1.869900000000000034e-02
-5.368987506214977223e-01 -8.432519342899309489e-01 2.580517191118178802e-02 -1.090990000000000038e+01 8.431205757021628111e-01 -5.373929374785679780e-01 -1.888188485850349208e-02 1.460529999999999973e+01 2.978970306546225785e-02 1.161921100793959945e-02 9.994886530255481238e-01 2.770070000000000171e-02
-5.326695997457675524e-01 -8.459452242489402529e-01 2.529377546143664682e-02 -1.128609999999999935e+01 8.458306451364596690e-01 -5.331413169570029531e-01 -1.818944477966398174e-02 1.520320000000000071e+01 2.887243070342167608e-02 1.170528614610225927e-02 9.995145666880065338e-01 3.889820000000000083e-02
-5.280648871355921870e-01 -8.488657842343625415e-01 2.396571156162188854e-02 -1.166220000000000034e+01 8.487393497214075211e-01 -5.284991958451703553e-01 -1.816910084431494835e-02 1.580550000000000033e+01 2.808898732521705049e-02 1.074617825971337787e-02 9.995476619170565735e-01 4.909820000000000156e-02
-5.230390096590772364e-01 -8.520043304477837864e-01 2.277751683295684698e-02 -1.203049999999999997e+01 8.518954104248397385e-01 -5.234308303915887750e-01 -1.715737429404145045e-02 1.640269999999999939e+01 2.654061174777001472e-02 1.043008599176569080e-02 9.995933219236011746e-01 5.724030000000000090e-02
-5.178260600242848843e-01 -8.552167274813786690e-01 2.145974360906156495e-02 -1.239489999999999981e+01 8.551779941775163874e-01 -5.181497709661385676e-01 -1.383521312660314709e-02 1.700489999999999924e+01 2.295146693016807474e-02 1.118766659221564173e-02 9.996739799964663442e-01 6.480930000000000024e-02
-5.126247844563935896e-01 -8.583904516075930857e-01 1.953619589246024385e-02 -1.275440000000000040e+01 8.584135830130876776e-01 -5.128632360886409280e-01 -9.870236436871291860e-03 1.760739999999999839e+01 1.849191335878844211e-02 1.171040808850755746e-02 9.997604290442442254e-01 7.197389999999999344e-02
-5.072324933015155413e-01 -8.616125553523389380e-01 1.841201233816330482e-02 -1.310640000000000072e+01 8.616696998640229754e-01 -5.074190675117447036e-01 -7.156693493245072819e-03 1.820459999999999923e+01 1.550890310023389854e-02 1.223496566094449053e-02 9.998048707322360062e-01 7.791520000000000390e-02
-5.020338061141226271e-01 -8.646479551913788253e-01 1.860029843673388292e-02 -1.345529999999999937e+01 8.647227388803713222e-01 -5.022110166238507034e-01 -6.219296171448157780e-03 1.880640000000000001e+01 1.471877650479142853e-02 1.296180407990181471e-02 9.998076561285156316e-01 8.051690000000000236e-02
-4.969530718898372279e-01 -8.675707264688190534e-01 1.893882028058641726e-02 -1.381230000000000047e+01 8.676337046061153302e-01 -4.971496023008163401e-01 -7.350344455070351168e-03 1.942859999999999943e+01 1.579237064922160705e-02 1.277918254451888141e-02 9.997936254661615729e-01 7.869600000000000206e-02
-4.924528318700396867e-01 -8.701089480571551071e-01 2.001566621551178343e-02 -1.413719999999999999e+01 8.701649721521568237e-01 -4.926841231803837928e-01 -8.676174584061739983e-03 2.000309999999999988e+01 1.741061809975883237e-02 1.314432489130722137e-02 9.997620202330836925e-01 7.453569999999999640e-02
-4.878310267997861271e-01 -8.726822432120417972e-01 2.113271572388217279e-02 -1.447550000000000026e+01 8.727189102788712738e-01 -4.881080588932923958e-01 -1.059370025446850286e-02 2.060910000000000153e+01 1.955998295311342158e-02 1.327498496503299631e-02 9.997205518748986108e-01 7.073849999999999583e-02
-4.833378585201345556e-01 -8.751679192928043527e-01 2.157840498912983948e-02 -1.481039999999999957e+01 8.752021840967342259e-01 -4.836301984507408447e-01 -1.108909819614024156e-02 2.121600000000000108e+01 2.014079128229296148e-02 1.352568620076840221e-02 9.997056588513050235e-01 6.997390000000000554e-02
-4.789450226900487939e-01 -8.776119718316269802e-01 2.022108152971244938e-02 -1.514439999999999920e+01 8.776553975489815862e-01 -4.791931794875811113e-01 -9.741657236907425021e-03 2.182649999999999935e+01 1.823919936749063969e-02 1.308142310246082282e-02 9.997480722542290144e-01 7.139539999999999775e-02
-4.744112344047943797e-01 -8.800538913491581239e-01 2.095540483320368699e-02 -1.547170000000000023e+01 8.801371597149960646e-01 -4.746497930776634178e-01 -8.133512165754740522e-03 2.243649999999999878e+01 1.710440759974699368e-02 1.458500094397168281e-02 9.997473265721326108e-01 7.252060000000000450e-02
-4.700903020452835146e-01 -8.823165609365936080e-01 2.307800294646040334e-02 -1.579529999999999923e+01 8.824456626899287448e-01 -4.703548175325895642e-01 -7.483182719711645864e-03 2.305069999999999908e+01 1.745738590701504875e-02 1.684731197868011981e-02 9.997056605603402701e-01 7.375650000000000261e-02
