1.000000000000000000e+00 0.000000000000000000e+00 0.000000000000000000e+00 0.000000000000000000e+00 0.000000000000000000e+00 1.000000000000000000e+00 0.000000000000000000e+00 0.000000000000000000e+00 0.000000000000000000e+00 0.000000000000000000e+00 1.000000000000000000e+00 0.000000000000000000e+00
9.999999210722472220e-01 3.972360751776796498e-04 7.681133442547877856e-06 2.754426811501881674e-03 -3.972358552484903148e-04 9.999999206924898854e-01 -2.861274579415462626e-05 -3.539028643477801450e-05 -7.692498848215634780e-06 2.860969231420257188e-05 9.999999995611554837e-01 -6.484240410728260053e-04
9.999999928729048637e-01 -1.193790609143711594e-04 -1.682297430842682550e-06 1.011724873002405913e-03 1.193790326695008225e-04 9.999999927335462280e-01 -1.677957364187449357e-05 -1.261327372063449244e-04 1.684300548362256712e-06 1.677937269124491699e-05 9.999999998578078531e-01 -5.801395531451882057e-04
9.999999009760657254e-01 4.449679548882303870e-04 7.167842084309645589e-06 1.294312583527674684e-03 -4.449679818035303454e-04 9.999999009946969331e-01 3.753850404045477037e-06 -2.064660176723761339e-03 -7.166171031518023057e-06 -3.757039492550582733e-06 9.999999999672652962e-01 -4.060287365746186364e-04
9.999999866508708646e-01 -1.621017632183320925e-04 -2.052502186152785441e-05 1.560491179580222225e-03 1.621014828577649737e-04 9.999999867682515253e-01 -1.366037965281674897e-05 1.026944633852368283e-04 2.052723596157388013e-05 1.365705233398313490e-05 9.999999996960587945e-01 -4.139155963023297222e-04
9.999999942648837292e-01 -1.065466072426311849e-04 -1.086521579984892775e-05 -2.098155724793479126e-03 1.065465192040030936e-04 9.999999942910898776e-01 -8.103053024172341803e-06 -1.917327544987304771e-03 1.086607909062842072e-05 8.101895326776517958e-06 9.999999999081438107e-01 -7.465007805995905934e-04
9.999999981963404450e-01 -5.715810484558716544e-05 -1.844641415394665090e-05 -1.703804372062066655e-03 5.715765046029242142e-05 9.999999980631263385e-01 -2.463230391875209375e-05 -1.173312021701287608e-03 1.844782205402825063e-05 2.463124952063134514e-05 9.999999995264896580e-01 -1.434147028369432871e-04
9.999999889892509097e-01 1.472137789055650615e-04 -1.869762947310241391e-05 -2.432556871982968251e-03 -1.472136160500081136e-04 9.999999891261345253e-01 8.711035081610115925e-06 -1.360966239064564497e-03 1.869891165417945065e-05 -8.708282440048796674e-06 9.999999997872582869e-01 -4.535954885547000557e-04
9.999999299982668122e-01 3.741662737568415722e-04 -1.749608508175288488e-06 -3.441513120989577942e-04 -3.741662884271926607e-04 9.999999299645778716e-01 -8.392137608372093663e-06 -3.036789707292879021e-04 1.746468330782938624e-06 8.392791665429621118e-06 9.999999999632555037e-01 -1.276382030500167013e-04
9.999998781891374922e-01 4.932829383878166137e-04 1.713629976670072997e-05 1.683564532775318678e-03 -4.932824197651394750e-04 9.999998778785184061e-01 -3.025562098384637315e-05 2.156845631496498005e-04 -1.715122225561207633e-05 3.024716426296834672e-05 9.999999993954723498e-01 -2.112219474453887614e-04
9.999999993080525007e-01 3.562743826971286911e-05 -1.070423933287772762e-05 9.919428687945540911e-04 -3.562751343693493873e-05 9.999999993406852861e-01 -7.022083219048149880e-06 -1.771722692889433209e-04 1.070398914698385475e-05 7.022464579619901531e-06 9.999999999180547716e-01 -5.428933678651399553e-04
9.999999542606943237e-01 -3.022922663871377294e-04 -9.899241780421485671e-06 -1.270252311521626997e-03 3.022921432937923170e-04 9.999999542324298218e-01 -1.243375991521116006e-05 -1.561271483108899816e-04 9.902999956821724597e-06 1.243076688348482884e-05 9.999999998737033602e-01 -6.164031110893812516e-04
9.999998632181628100e-01 5.230030102268644603e-04 5.613110618233674228e-06 6.793049296509082700e-04 -5.230030036722228652e-04 9.999998632332363080e-01 -1.169142151531239232e-06 -4.203689996485906414e-04 -5.613721315411334932e-06 1.166206317900547105e-06 9.999999999835630371e-01 -1.660367383396411023e-04
9.999999388754829965e-01 -3.145865362265819632e-04 1.525920755028653585e-04 -2.454977996166276752e-03 3.145997299454927638e-04 9.999999467769019601e-01 -8.644768990057615529e-05 3.194113067087234366e-04 -1.525648721021117702e-04 8.649569004224787422e-05 9.999999846212276333e-01 8.542496943015343014e-04
9.999997461380661923e-01 4.319494712038533281e-04 5.666952068569649148e-04 -1.054051320304343758e-02 -4.316995017327781691e-04 9.999998095117201835e-01 -4.411485730050237314e-04 -4.463599649753337024e-04 -5.668856528010015597e-04 4.409038189757594184e-04 9.999997421222063254e-01 4.561988611250355347e-03
9.999998233539373338e-01 -2.907070515301540792e-04 5.184414184468635499e-04 -1.378392262514582800e-02 2.908681909091348082e-04 9.999999094098699359e-01 -3.107667090570784859e-04 -1.750526937041453623e-03 -5.183510294074843800e-04 3.109174522788389649e-04 9.999998173212574226e-01 3.026326447490816293e-03
9.999999662189297256e-01 1.557917799384188752e-04 2.080650398774203027e-04 -6.995382903671902575e-03 -1.557774197287345257e-04 9.999999854839676239e-01 -6.903231096508613183e-05 -3.199159993717269092e-03 -2.080757915237399730e-04 6.899989679805292714e-05 9.999999759717392855e-01 -8.999652211647360140e-04
9.999999646082498028e-01 6.440322439585852968e-05 -2.581389623464411839e-04 6.254886776063072612e-03 -6.442029121859263994e-05 9.999999957399389183e-01 -6.610709593701104378e-05 -1.273283170176386057e-03 2.581347037366196295e-04 6.612372298449443314e-05 9.999999644970634094e-01 -1.261614510325561635e-03
9.999999162537823727e-01 -2.768191192287317937e-04 -3.014359026400918111e-04 1.825621881538240510e-02 2.768171170531186654e-04 9.999999616638043376e-01 -6.683828270235068286e-06 -3.470083639030381237e-04 3.014377412956409136e-04 6.600385092944596818e-06 9.999999545458604366e-01 -1.420967764743449749e-03
9.999999939129843307e-01 1.311301347810090326e-05 -1.095540055070773263e-04 3.929708410505978328e-02 -1.312025794374185940e-05 9.999999977275768615e-01 -6.612643273538116229e-05 2.512504704783177605e-03 1.095531381413205528e-04 6.612786970967955778e-05 9.999999918126073473e-01 -2.794795112563187595e-04
9.999999917581305908e-01 1.252134800001921224e-04 2.837821816436627724e-05 5.726478624673050910e-02 -1.252118345435582734e-04 9.999999904803060780e-01 -5.797744628982596767e-05 1.549643921328331189e-03 -2.838547745202579841e-05 5.797389252322598919e-05 9.999999979166461772e-01 5.829294651680291383e-04
9.999999884410946116e-01 3.358984487481464726e-05 -1.482886808704920133e-04 8.037865316765943624e-02 -3.360028487810117425e-05 9.999999969573383218e-01 -7.040130807874637109e-05 5.142635718585371329e-04 1.482863156502823839e-04 7.040628980690575786e-05 9.999999865270613464e-01 7.480363667209734583e-04
9.999999546845667053e-01 -1.804504993720024034e-04 -2.409740274497678553e-04 1.046634341953865122e-01 1.804168480956938809e-04 9.999999739722353898e-01 -1.396613386480061387e-04 -1.189197248354134694e-03 2.409992231360545971e-04 1.396178565446866610e-04 9.999999612131135196e-01 1.247391408889293122e-03
9.999998975908760412e-01 -3.786197417912956129e-04 -2.479220209217319871e-04 1.396071296257881400e-01 3.785525821726855376e-04 9.999998916607056865e-01 -2.708810060639076740e-04 -2.697845088419623984e-04 2.480245549586072352e-04 2.707871268020237230e-04 9.999999325790738247e-01 2.342439729906504141e-03
9.999997463217386029e-01 -6.910096813873747162e-04 -1.728064774233837165e-04 1.717631387418311062e-01 6.909776811943250767e-04 9.999997441308224877e-01 -1.851705530068714330e-04 -1.957315484323720722e-03 1.729343878523680825e-04 1.850511006140620994e-04 9.999999679248933182e-01 2.437334138140300182e-03
9.999995564429352557e-01 -8.918968672917306070e-04 -3.027109361873164513e-04 2.123166718560913213e-01 8.918326266817844369e-04 9.999995797844475343e-01 -2.122863497531488400e-04 -5.255834099308971663e-03 3.029001465137868242e-04 2.120162881026934059e-04 9.999999316502951041e-01 3.055738068607828303e-03
9.999994793348054856e-01 -8.197991465322397543e-04 -6.076672422360577044e-04 2.572553560178027499e-01 8.196419375415376447e-04 9.999996305755306514e-01 -2.589129130729019858e-04 -4.319923254214771448e-03 6.078792743340725741e-04 2.584147087101528969e-04 9.999997818522893267e-01 3.322164379290995593e-03
9.999989155247394068e-01 -1.022068433313572415e-03 -1.060342144231613123e-03 3.158907281696651803e-01 1.021819950451088041e-03 9.999994503628364395e-01 -2.348574330480872622e-04 -5.901270989383342741e-03 1.060581601796811929e-03 2.337736995937313882e-04 9.999994102580878064e-01 3.145987884630247790e-03
9.999978554419387544e-01 -1.455009663980177861e-03 -1.473790487529997488e-03 3.940588610215096654e-01 1.454746274853684768e-03 9.999989256971322238e-01 -1.797716809350314888e-04 -3.011164287505686994e-03 1.474050473765720634e-03 1.776273041825749061e-04 9.999988978112633875e-01 3.023239562064660053e-03
9.999971312956036362e-01 -1.699124173807228799e-03 -1.688306134953042759e-03 4.742414515424934196e-01 1.698706062338495391e-03 9.999985261836815686e-01 -2.490545693362168612e-04 -3.373657637550244327e-03 1.688726821339266767e-03 2.461859190057508954e-04 9.999985437960478007e-01 3.840497832076178366e-03
9.999963003190095456e-01 -1.922178865441674786e-03 -1.924727695668172799e-03 5.703235268458950458e-01 1.921876883974058545e-03 9.999981405948192847e-01 -1.587329419829117008e-04 -7.377729112004945654e-03 1.925029229925852856e-03 1.550332650554143890e-04 9.999981351118364392e-01 2.792223665934936462e-03
9.999943872620357110e-01 -2.263331200085333221e-03 -2.470379789519179178e-03 6.783387584343970600e-01 2.263063506711743798e-03 9.999974330911970410e-01 -1.111511648665032011e-04 -1.096219244700852996e-02 2.470625020178919030e-03 1.055599146547612832e-04 9.999969424298826848e-01 1.627301674894485834e-03
9.999922923688157050e-01 -2.504549180459936936e-03 -3.023646203459328004e-03 7.914553093209001355e-01 2.503422332490957448e-03 9.999967955925326279e-01 -3.764057539598853136e-04 -9.259587341672866762e-03 3.024579241187455754e-03 3.688333893318666021e-04 9.999953579303979545e-01 2.721041765926722651e-03
9.999895406137162546e-01 -3.048388938786164223e-03 -3.409690315345301898e-03 9.119571940686027611e-01 3.046646092592711352e-03 9.999952257196343952e-01 -5.162223590882121732e-04 -1.013811623218303232e-03 3.411247683057175122e-03 5.058288400429522417e-04 9.999940537455357381e-01 2.798193054679752947e-03
9.999880639497537027e-01 -3.511352222026075613e-03 -3.397405421233034174e-03 1.044766685476033796e+00 3.510457482989216577e-03 9.999938020671949035e-01 -2.692869396506588058e-04 -2.552002566727443883e-04 3.398329925636426729e-03 2.573572781445008627e-04 9.999941925436106605e-01 7.114009330796290231e-04
9.999866200142387695e-01 -3.837964746808741716e-03 -3.468402961120281222e-03 1.183795777743068545e+00 3.837308288362636932e-03 9.999926183162907156e-01 -1.959031122200272546e-04 -6.243390478010669813e-03 3.469129227705136480e-03 1.825911596090868121e-04 9.999939658832296407e-01 1.208625650911163574e-03
9.999831653284999566e-01 -4.041544793258560614e-03 -4.163529185428573552e-03 1.334539469690371183e+00 4.040815105584247627e-03 9.999918190087441205e-01 -1.836542011692075403e-04 -7.299407743929950572e-03 4.164237370313209237e-03 1.668270577860406353e-04 9.999913156102189227e-01 -1.424911387614453614e-03
9.999774404570140884e-01 -4.603893466082456878e-03 -4.891088017184314768e-03 1.502477922882176076e+00 4.601670940542397850e-03 9.999893038821686675e-01 -4.655596747496662893e-04 -4.947181826843683947e-03 4.893179088675210509e-03 4.430419943398590152e-04 9.999879301832584888e-01 6.106060750695084180e-04
9.999730431811206799e-01 -5.286332379529807245e-03 -5.095841545975806491e-03 1.672799627686053725e+00 5.282726673474453898e-03 9.999857865374075505e-01 -7.207787841937063258e-04 -1.779860002067670550e-03 5.099579392647976550e-03 6.938394162318429603e-04 9.999867563507441881e-01 6.000631473825369759e-03
9.999654332133781631e-01 -5.978327939168238264e-03 -5.778578841960532037e-03 1.865105524419751637e+00 5.972537288689351923e-03 9.999816452266845346e-01 -1.018826809812744660e-03 3.114512418061299824e-03 5.784563658238079872e-03 9.842788146345645556e-04 9.999827848610689518e-01 1.018864761009985638e-02
9.999557988314896617e-01 -6.957778345521255237e-03 -6.323741279643300614e-03 2.062862238746356880e+00 6.952608582855655112e-03 9.999754782443045498e-01 -8.391328667203447203e-04 1.179524513779939277e-02 6.329424710893642725e-03 7.951292781704935803e-04 9.999796528691271558e-01 1.094022451016071762e-02
9.999502654687686398e-01 -7.558836271401368594e-03 -6.506195751844388170e-03 2.272599031906093803e+00 7.554868770145905556e-03 9.999712604833116414e-01 -6.341650279926316610e-04 1.615642564815123264e-02 6.510802316538645551e-03 5.849800329941759946e-04 9.999786333975121400e-01 1.232850775309627528e-02
9.999398525797318360e-01 -8.176155463526858444e-03 -7.310383345653818227e-03 2.490273181578431583e+00 8.172256451245097850e-03 9.999664480278758205e-01 -5.630657231298305011e-04 1.487975048106186110e-02 7.314741780764081464e-03 5.032895287215486107e-04 9.999731202649054795e-01 1.427286284792485087e-02
9.999329191986408016e-01 -8.838636656873779737e-03 -7.485693350137311367e-03 2.726361357391169360e+00 8.835264291575684395e-03 9.999608514200986065e-01 -4.834584672838160031e-04 2.009603834485432575e-02 7.489673409604087270e-03 4.172879573482529908e-04 9.999718649356981182e-01 1.558651753299746326e-02
9.999204853631219470e-01 -9.673044993479181300e-03 -8.090435818463605905e-03 2.965887975528176401e+00 9.669551605220491966e-03 9.999531379624998495e-01 -4.707979435958322876e-04 1.731192877996378526e-02 8.094610733848130180e-03 3.925296216129462519e-04 9.999671610595838311e-01 1.443008716378267955e-02
9.999119033235954745e-01 -1.011244667472392667e-02 -8.597907538210195280e-03 3.226823282968382056e+00 1.011056790851425080e-02 9.999488525905521064e-01 -2.619530599015912732e-04 1.881456628639830569e-02 8.600116763862479877e-03 1.750002546714391817e-04 9.999630029988904045e-01 1.597616284082740978e-02
9.999105395308632849e-01 -1.063469555910600411e-02 -8.112717514062695381e-03 3.485425668432805324e+00 1.062509659160574410e-02 9.999428012411782918e-01 -1.225384986264962646e-03 1.953995067867912369e-02 8.125285072961846086e-03 1.139076955541890772e-03 9.999663405566071583e-01 2.743409115191401682e-02
9.999028150968743978e-01 -1.124123556471020441e-02 -8.245907125628660489e-03 3.756076155607618094e+00 1.123240209902872516e-02 9.999362909361801943e-01 -1.116786407733429088e-03 2.492895920832421952e-02 8.257935845690140414e-03 1.024056528448274257e-03 9.999653783025664877e-01 1.745192952333227826e-02
9.998882695213721084e-01 -1.197226700369993617e-02 -8.950603127611016924e-03 4.033995342395865435e+00 1.196767357314703663e-02 9.999282243101476064e-01 -5.665837992928082160e-04 1.573313475859360044e-02 8.956743984422043531e-03 4.594025980996928500e-04 9.999597820344827692e-01 6.964265219392720870e-03
9.998580330886043255e-01 -1.258674755280987829e-02 -1.120211829205807787e-02 4.325925434406709513e+00 1.258177104349317114e-02 9.999207139625057028e-01 -5.146125940595438651e-04 -2.378048177014494002e-03 1.120770741929608301e-02 3.735970485461984005e-04 9.999371218829955499e-01 -1.711733320225350147e-03
9.998371441266874493e-01 -1.259660193255942098e-02 -1.292326755671157658e-02 4.611770432897287719e+00 1.258267595465948144e-02 9.999201640754902254e-01 -1.158335471620218927e-03 -1.293770612213730915e-02 1.293682690653886157e-02 9.955375419439336376e-04 9.999158201641740185e-01 -5.965385044227963438e-03
9.998188456229872845e-01 -1.297573125916182818e-02 -1.392502550830927721e-02 4.913993609510144189e+00 1.296052869017318490e-02 9.999153108667715451e-01 -1.181435685421594693e-03 -2.728756346352399775e-02 1.393917620192280937e-02 1.000745970564185811e-03 9.999023441688263958e-01 -8.237241136141760373e-03
9.997987169030700949e-01 -1.306683397838213738e-02 -1.522443853664562884e-02 5.236947508540804819e+00 1.304480096243596822e-02 9.999137183819764019e-01 -1.545625886168629486e-03 -2.999993130440929689e-02 1.524332138430244295e-02 1.346715007328184131e-03 9.998829069005349401e-01 -1.024865484378654351e-02
9.997722546212245431e-01 -1.324252095599745375e-02 -1.673542734211609651e-02 5.538509363498784310e+00 1.319638278755343695e-02 9.999088213288270799e-01 -2.864351605533950462e-03 -3.187082043938101877e-02 1.677183266425116143e-02 2.642852157372750470e-03 9.998558500911801650e-01 -2.145383415279930941e-03
9.997330573509132234e-01 -1.396137472141995364e-02 -1.840907536200162356e-02 5.879206566491402164e+00 1.389427282109193321e-02 9.998963705822411230e-01 -3.767927710899521884e-03 -3.084529410682566516e-02 1.845977309093546972e-02 3.511141174831114171e-03 9.998234387456025329e-01 9.079798008414952798e-04
9.996758483228066483e-01 -1.456663182300155235e-02 -2.088088880795059901e-02 6.226485976978317183e+00 1.450350583301095869e-02 9.998897891554395789e-01 -3.171413130207329390e-03 -1.865351945930667638e-02 2.092478431498626459e-02 2.867539018697534952e-03 9.997769404328885612e-01 -4.179760722043714127e-04
9.996877593292605724e-01 -1.511093525308506921e-02 -1.990084126411522866e-02 6.606328813117563925e+00 1.508899234808411607e-02 9.998853704372928641e-01 -1.252316013257290727e-03 -6.098828552222991008e-03 1.991748370557635053e-02 9.516413477106621614e-04 9.998011743449711775e-01 -6.831403521699790787e-03
9.997129822117878373e-01 -1.731646820321316657e-02 -1.655575809743373150e-02 6.988268264728835888e+00 1.732006536690937695e-02 9.998499936858181725e-01 7.390639592107646179e-05 6.670464375021063763e-03 1.655199483142806571e-02 -3.606319959170758418e-04 9.998629413132901211e-01 2.904869826096241614e-02
9.997205595733187344e-01 -1.870219292552120771e-02 -1.445789563480940829e-02 7.375714026569667681e+00 1.872121276710253523e-02 9.998240448803059621e-01 1.181300856213872083e-03 -2.636006139197753784e-04 1.443325877753646666e-02 -1.451640093342402519e-03 9.998947813555684183e-01 4.817122636257650803e-02
9.997274031542627837e-01 -1.982552065024556845e-02 -1.233159005889873129e-02 7.760642206519682951e+00 1.982601889001997866e-02 9.998034418198075146e-01 -8.185498977293274121e-05 -4.539331866223289026e-03 1.233078900178794478e-02 -1.626536610907960544e-04 9.999239597021265524e-01 7.017428559238308994e-02
9.997084130357372089e-01 -2.128337002997773147e-02 -1.140644842774577415e-02 8.147634156647226789e+00 2.126752718412476539e-02 9.997726825908944681e-01 -1.508453671509004963e-03 -1.119675875620998115e-02 1.143596052110588783e-02 1.265426874070798430e-03 9.999338065601073300e-01 8.874312818686196092e-02
9.996547434823342959e-01 -2.223365981396948146e-02 -1.400207857945075414e-02 8.521839094226002942e+00 2.219353807137195919e-02 9.997491488819274519e-01 -3.014328737269538969e-03 -6.105040442507411735e-03 1.406558570209568045e-02 2.702532356595227850e-03 9.998974225477924582e-01 1.006393275032663459e-01
9.995828419780022900e-01 -2.409399085462858234e-02 -1.592550243719466352e-02 8.894885625931822304e+00 2.403216993333781235e-02 9.997029335551603779e-01 -4.061951440113401729e-03 4.440091330013546181e-03 1.601864012565339807e-02 3.677532583640745825e-03 9.998649303394039345e-01 1.134801451017135865e-01
9.995450904381891766e-01 -2.544473923921161673e-02 -1.619189383490126852e-02 9.291323277721190266e+00 2.536917879944973475e-02 9.996663611763074719e-01 -4.855007678883108309e-03 2.227744592351579150e-02 1.631002599488238711e-02 4.442024039668001668e-03 9.998571155292526047e-01 1.410287324378742546e-01
9.995137179301356589e-01 -2.689525146557805724e-02 -1.577888202885666807e-02 9.676520367907118114e+00 2.681257291159892114e-02 9.996257401552356425e-01 -5.428218212033754549e-03 4.436932921527945300e-02 1.591896992074066930e-02 5.002506141983693345e-03 9.998607709721198944e-01 1.633236577892046570e-01
9.994782212551144296e-01 -2.772096936072008383e-02 -1.657809079522251303e-02 1.009273425375645772e+01 2.766521200972506256e-02 9.996108223131099368e-01 -3.583288847556151142e-03 5.199596155341004722e-02 1.667097121254748973e-02 3.122782767032408670e-03 9.998561531273487679e-01 1.407598036527486496e-01
9.993990000941095353e-01 -2.871856534695237453e-02 -1.941346479397519295e-02 1.051222852143162179e+01 2.868896963747151821e-02 9.995867637180009257e-01 -1.801338644897645469e-03 6.207990929667377145e-02 1.945717430754849778e-02 1.243303738509108540e-03 9.998099182163474596e-01 1.160978353554604214e-01
9.993097357719161744e-01 -2.984960299674687886e-02 -2.211454707652122167e-02 1.094873459245719438e+01 2.981478731119585265e-02 9.995536299495899613e-01 -1.902448997029714158e-03 6.509283629930949500e-02 2.216146315231077787e-02 1.241795286971402335e-03 9.997536333994561097e-01 1.159687592918772492e-01
9.992478820174822696e-01 -3.055849140547004655e-02 -2.387150784088953176e-02 1.140387248217658289e+01 3.050157614782519205e-02 9.995309499512862184e-01 -2.744802721099087739e-03 8.001263736871210008e-02 2.394418793933630885e-02 2.014619691441787118e-03 9.997112669023114906e-01 1.292319882612990023e-01
9.992048112826663608e-01 -3.137015959478712396e-02 -2.461012386333707308e-02 1.187190575378257940e+01 3.131317451285172554e-02 9.995059820808203099e-01 -2.697570496321721831e-03 1.060287868072498640e-01 2.468258923814315581e-02 1.924804315383263787e-03 9.996934854828496420e-01 1.434067379750626758e-01
9.991813997641960654e-01 -3.237813453144355869e-02 -2.425256212290746727e-02 1.235097513497156285e+01 3.233465653658718075e-02 9.994747146420774886e-01 -2.182837098504248566e-03 1.263605656851428394e-01 2.431049880036779270e-02 1.396851961164234960e-03 9.997034802643611773e-01 1.499518057378749769e-01
9.991406943297322929e-01 -3.321675338404957156e-02 -2.478951852948669404e-02 1.284503740654667503e+01 3.318710920769167572e-02 9.994478652017618758e-01 -1.606401592861481835e-03 1.327715438162720418e-01 2.482919081922081717e-02 7.823287442198379859e-04 9.996914020061384853e-01 1.553363676174087105e-01
9.990503359321820653e-01 -3.409474360047937136e-02 -2.712885424436126472e-02 1.334213386646170107e+01 3.404613986012015869e-02 9.994177257810384907e-01 -2.251611707645399894e-03 1.410549486557847176e-01 2.718982593580481985e-02 1.325840667063632851e-03 9.996294090872407390e-01 1.635437578072901355e-01
9.989622737303421873e-01 -3.516437914418746313e-02 -2.894550229152414653e-02 1.385369287609423594e+01 3.510588631860404873e-02 9.993804044191074709e-01 -2.526659630111180790e-03 1.515786461298144205e-01 2.901641620341914238e-02 1.507880136157391422e-03 9.995777978167607047e-01 1.720871823553151714e-01
9.988978122800377113e-01 -3.621983146693546346e-02 -2.985438712587053234e-02 1.438056138281636009e+01 3.614844813748562674e-02 9.993421433788407526e-01 -2.927484284516785294e-03 1.769926778943168022e-01 2.994078020703642290e-02 1.845067882592058396e-03 9.995499714396987034e-01 1.835272455072533282e-01
9.988106086794216187e-01 -3.733727208125438984e-02 -3.135755256670664376e-02 1.492691450292145028e+01 3.728520588128290264e-02 9.993021461163850150e-01 -2.243699974910663090e-03 1.955228533048379569e-01 3.141944321329925155e-02 1.071858534251714234e-03 9.995057126937538783e-01 1.839645987651187253e-01
9.987443152726022122e-01 -3.878665292792339570e-02 -3.170785810031432478e-02 1.547872581944887393e+01 3.878879734264786827e-02 9.992472813156236811e-01 -5.477079932237551192e-04 1.987643634708197715e-01 3.170523476291967763e-02 -6.828894373609372889e-04 9.994970293856028087e-01 1.888373042747442665e-01
9.987128421288995472e-01 -3.930254498685940151e-02 -3.206195446899214041e-02 1.603949688967781739e+01 3.929543124281372618e-02 9.992272728702826790e-01 -8.521946132850601258e-04 2.099633737035462022e-01 3.207067274406838475e-02 -4.087906230656439136e-04 9.994855200751882052e-01 2.132262693582485935e-01
9.986280136577081468e-01 -4.076719961597914665e-02 -3.286526697793825530e-02 1.662867715700150484e+01 4.072869542907853191e-02 9.991685473700933073e-01 -1.840465968970900375e-03 2.150353987140149470e-01 3.291297170882031414e-02 4.993814258582200205e-04 9.994580966261096266e-01 2.393100429615134805e-01
9.985666088127158613e-01 -4.116147425774519669e-02 -3.421199791303285859e-02 1.720839173644823106e+01 4.109649531756057877e-02 9.991517976526670397e-01 -2.600638394230707275e-03 2.371152180597289327e-01 3.429002532641390460e-02 1.190917450037757164e-03 9.994112146052499535e-01 2.667410488129688950e-01
9.984927195468866756e-01 -4.203181961335977768e-02 -3.529327346467508314e-02 1.779147674166510740e+01 4.194052094804918973e-02 9.991145813686265198e-01 -3.323552196147894384e-03 2.740547571757929179e-01 3.540171908917136984e-02 1.838324395817304835e-03 9.993714719006877578e-01 2.925713146686639288e-01
9.984005003804230505e-01 -4.357489090939488385e-02 -3.602318312358464281e-02 1.837645766996597274e+01 4.350785569077521286e-02 9.990495886850043750e-01 -2.643074254405656295e-03 2.955318804942640987e-01 3.610411795504298027e-02 1.071555205277931015e-03 9.993474593133913064e-01 3.072534538722354602e-01
9.983127369547023511e-01 -4.517138449558079361e-02 -3.648595972101763979e-02 1.895840067975812815e+01 4.515261004028571501e-02 9.989792036759895799e-01 -1.338816430888786508e-03 3.174791826205755063e-01 3.650919117922511031e-02 -3.108788158281706451e-04 9.993332688917149209e-01 3.194289674633167819e-01
9.982313277784568006e-01 -4.678193890409382272e-02 -3.668332637633708176e-02 1.956007435742528955e+01 4.675782840789781403e-02 9.989051051851431939e-01 -1.515360562872958197e-03 3.306810883035025128e-01 3.671405349776592913e-02 -2.025522933958983371e-04 9.993257913455109165e-01 3.479203533708064011e-01
9.981044206569932298e-01 -4.815771331961236912e-02 -3.831970919506092615e-02 2.016267774089154230e+01 4.810123537840936547e-02 9.988395943279894107e-01 -2.394985964144967939e-03 3.438330817069097933e-01 3.839057983462696583e-02 5.472207266007204094e-04 9.992626601296765720e-01 3.655054458801307860e-01
9.980067870503512850e-01 -4.882261508164575242e-02 -3.998506293635580716e-02 2.077075505441502656e+01 4.873134914916654042e-02 9.988066196339357994e-01 -3.254563800636637964e-03 3.638428084922339378e-01 4.009624186300885657e-02 1.299550699220797809e-03 9.991949772474055802e-01 3.943577490252528350e-01
9.979078247260390055e-01 -4.959102305776082187e-02 -4.148136669192110937e-02 2.137974114433366424e+01 4.947337678411350970e-02 9.987679894904122335e-01 -3.858517702050404032e-03 3.960913404889020994e-01 4.162160905253575738e-02 1.798221722850644379e-03 9.991318271672229301e-01 4.187918407067288129e-01
9.977773110239620546e-01 -5.052088082855554080e-02 -4.345202188734729326e-02 2.199374734183457747e+01 5.040193710883866113e-02 9.987216736672731576e-01 -3.829266629187684165e-03 4.159507159641919749e-01 4.358993394659243376e-02 1.630689286046719784e-03 9.990481762712867253e-01 4.365233378708262557e-01
9.976885883175796721e-01 -5.117800474667635879e-02 -4.470226583769895679e-02 2.261363499906903485e+01 5.106689931194670351e-02 9.986886570370020477e-01 -3.624651747804647633e-03 4.435350371042932616e-01 4.482914828031682453e-02 1.333467576860418663e-03 9.989937784234108609e-01 4.606637245992273866e-01
9.975981360604720960e-01 -5.164853663834687025e-02 -4.615612193186448969e-02 2.323177333094180952e+01 5.153679768121359472e-02 9.986645772158219136e-01 -3.608420583776057212e-03 4.737978847548059980e-01 4.628085363773509070e-02 1.221014930745309467e-03 9.989277209633845578e-01 4.805462053619876661e-01
9.975257457724369115e-01 -5.182782974997406783e-02 -4.750013246877562989e-02 2.386509405790287985e+01 5.174301333708147127e-02 9.986558839898582729e-01 -3.014289838980960951e-03 5.012619438787433435e-01 4.759251088083227277e-02 5.490317317587681181e-04 9.988666835330004545e-01 4.987515148029843526e-01
9.974759469245538801e-01 -5.182163030151387684e-02 -4.854126017995099435e-02 2.448903388223992295e+01 5.176224929143725950e-02 9.986563558869816504e-01 -2.480402149937688608e-03 5.276388550197227412e-01 4.860457648468486519e-02 -3.846332709234461140e-05 9.988180983869470175e-01 5.206882908543311039e-01
9.974136067269954165e-01 -5.181523769122935164e-02 -4.981243076630554462e-02 2.515194450472873200e+01 5.173882126759067612e-02 9.986566598227335501e-01 -2.823148161407293931e-03 5.544995632202034397e-01 4.989179781975074807e-02 2.386099376718183156e-04 9.987546002775710141e-01 5.533999988842510653e-01
9.973987271387250164e-01 -5.146772646426649861e-02 -5.046634754616885488e-02 2.581191376018460915e+01 5.140296015201730601e-02 9.986746581092924568e-01 -2.581266723534652793e-03 5.901915755896613991e-01 5.053231431135310481e-02 -1.956750747456352177e-05 9.987224263164672378e-01 5.895089010641008098e-01
9.974244264536413773e-01 -5.090504037407313220e-02 -5.052910426811986488e-02 2.647413007174865029e+01 5.084865859065546001e-02 9.987034828165559652e-01 -2.401526517050319408e-03 6.315505076235304882e-01 5.058584222048206902e-02 -1.739959629391326507e-04 9.987197015640821851e-01 6.310208023343457651e-01
9.974315596341463142e-01 -5.049960646334424041e-02 -5.079442482046388208e-02 2.715472327208500403e+01 5.043496867674428230e-02 9.987240807893719152e-01 -2.554287767657882711e-03 6.595568768450710273e-01 5.085860576510350950e-02 -1.408799292391396327e-05 9.987058636160890401e-01 6.656346999814810594e-01
9.974175006080064909e-01 -4.992353087823964836e-02 -5.163303734554910984e-02 2.783518510623390441e+01 4.984891208061974915e-02 9.987530315381933921e-01 -2.732756419269905934e-03 6.892479519477808791e-01 5.170508142587205980e-02 1.518483383850413419e-04 9.986623861429978488e-01 7.034928709190246821e-01
9.973642903760464584e-01 -4.945222250488687243e-02 -5.309378468344901764e-02 2.850735964473573247e+01 4.932128862244226919e-02 9.987758332223355406e-01 -3.774315785834066531e-03 7.154714673684430259e-01 5.321543734018383681e-02 1.145713906963310687e-03 9.985823974857239715e-01 7.390161665603969254e-01
9.973111552107667421e-01 -4.851906286783243955e-02 -5.492140047916898443e-02 2.923780573572683039e+01 4.840734199569523416e-02 9.988220143632632331e-01 -3.363460156606649064e-03 7.443808819878068306e-01 5.501989579304689820e-02 6.958173184130904323e-04 9.984850158641248585e-01 7.674223590115643034e-01
9.972332402480779123e-01 -4.728077208695607991e-02 -5.736194849532699758e-02 2.995825806370241651e+01 4.717347837842544855e-02 9.988815092431682086e-01 -3.223884267567390764e-03 7.757773859764490743e-01 5.745021742343069115e-02 5.090019172423686754e-04 9.983482425662143500e-01 7.933691434292269307e-01
9.972411982577554790e-01 -4.575063847585449095e-02 -5.845401249262330984e-02 3.067650123092841596e+01 4.571557571889733884e-02 9.989526172821281413e-01 -1.937669186375141168e-03 7.993693117793400083e-01 5.848143837257991501e-02 -7.399352929320158253e-04 9.982882218385812356e-01 8.139935675443187302e-01
9.972031585508277507e-01 -4.350938715856047384e-02 -6.076836187803016931e-02 3.140282268042659553e+01 4.346492490210773080e-02 9.990528421975019002e-01 -2.053971846822149217e-03 8.209870224814771467e-01 6.080017170622853406e-02 -5.930650722271634196e-04 9.981497820439141355e-01 8.440280862153893837e-01
9.972046847597049180e-01 -4.099841891447476849e-02 -6.246556123025601148e-02 3.214475824772743806e+01 4.096354524539862207e-02 9.991589486370423545e-01 -1.839380180488083948e-03 8.552608917087937135e-01 6.248843616402802170e-02 -7.245723106979411578e-04 9.980454249886328011e-01 8.785527685780478713e-01
9.974223609881496255e-01 -3.829901865103476494e-02 -6.067799412631517258e-02 3.289306082306271861e+01 3.827432645504907222e-02 9.992660368111251357e-01 -1.569589181711820427e-03 8.918519601711737410e-01 6.069357243759653658e-02 -7.568660084236748711e-04 9.981561588341814062e-01 9.335652065037326475e-01
9.976402311097796183e-01 -3.550402709807884416e-02 -5.876591980939713245e-02 3.362905059943921060e+01 3.553381193303038754e-02 9.993683296606783450e-01 -5.384057334125389718e-04 9.047709168698009341e-01 5.874791469263941635e-02 -1.551041922266145796e-03 9.982716447882418187e-01 9.693920492502885455e-01
9.977354330586124531e-01 -3.267372996584878148e-02 -5.879143636161599656e-02 3.436859205943144246e+01 3.262706231650406435e-02 9.994660569628760483e-01 -1.753791229303063720e-03 9.125010688739484399e-01 5.881734798457092378e-02 -1.683722061841392810e-04 9.982687469949472758e-01 1.014982797798395175e+00
9.976854709387146247e-01 -2.955754681593109404e-02 -6.123767226160053978e-02 3.510266462602131554e+01 2.940826818874655788e-02 9.995619106307053192e-01 -3.337750504849601799e-03 9.221625470324749108e-01 6.130950040518937105e-02 1.529131295183093009e-03 9.981176318037610073e-01 1.061964110349940427e+00
9.977083079808787280e-01 -2.612620697387971203e-02 -6.241436929978545073e-02 3.583624536236059299e+01 2.595578634506105070e-02 9.996568244286175853e-01 -3.539848655173385115e-03 9.490492657782150232e-01 6.248543303155979639e-02 1.911722377854458907e-03 9.980440451084353626e-01 1.105989419015445341e+00
9.976992264458094395e-01 -2.258831073785497884e-02 -6.392199752388534606e-02 3.655632184246722005e+01 2.244842973342072584e-02 9.997437794477711526e-01 -2.905762892929575434e-03 9.664755932792122861e-01 6.397125566953622278e-02 1.464128920675940738e-03 9.979506675054465870e-01 1.139098246149796267e+00
9.976013312243766640e-01 -2.014940014571693638e-02 -6.622375414546731454e-02 3.729111067846258010e+01 1.999272934307044086e-02 9.997955409395685722e-01 -3.027720391669739847e-03 9.820156199058438506e-01 6.627122084861759854e-02 1.696464300592556446e-03 9.978002040970479491e-01 1.187115371631099370e+00
9.976294598819901438e-01 -1.669371075423876222e-02 -6.675912519515458943e-02 3.800934946937052672e+01 1.662386824225114274e-02 9.998605312058767014e-01 -1.601605871129724648e-03 9.978480210988645016e-01 6.677655112562180806e-02 4.880142989467733082e-04 9.977678357522912211e-01 1.217881625582471816e+00
9.976560648342335247e-01 -1.296667385574684986e-02 -6.718810660072532803e-02 3.872545196583428861e+01 1.288916102903934005e-02 9.999156718481921891e-01 -1.587047682308123913e-03 9.964017053874916208e-01 6.720301948156223726e-02 7.173294202228039851e-04 9.977390638894838570e-01 1.256300748654305188e+00
9.975351563737895333e-01 -8.702765733907250403e-03 -6.962667353033677453e-02 3.944807349006274677e+01 8.572829346483542071e-03 9.999609093844187280e-01 -2.164786382642672462e-03 9.939395445450539546e-01 6.964279140955967340e-02 1.562552932586408743e-03 9.975707694359420286e-01 1.294751626745041184e+00
9.972844980881685473e-01 -3.971815013711441772e-03 -7.353811636509785532e-02 4.016454532167978897e+01 3.787672823021990143e-03 9.999893331227338589e-01 -2.643326566231483238e-03 1.003537456016502460e+00 7.354783074717810565e-02 2.357610283074977088e-03 9.972889041126135057e-01 1.344190575418817701e+00
9.972236681796970981e-01 7.689120872089454280e-04 -7.446048882750913589e-02 4.086996688899738928e+01 -8.471507180684658724e-04 9.999991218213898359e-01 -1.019162455168655911e-03 1.015242078783565205e+00 7.445963979156994261e-02 1.079412178592266489e-03 9.972234438236289300e-01 1.387866158131294769e+00
9.971686032262881971e-01 5.765886162074642350e-03 -7.497687174388802112e-02 4.159432605995006327e+01 -5.779847968819347946e-03 9.999832960658687764e-01 3.076846380007026331e-05 1.008494032364549708e+00 7.497579674262071225e-02 4.026735737864053097e-04 9.971852725330444533e-01 1.428392031432970111e+00
9.970718532445160820e-01 1.124576827253890611e-02 -7.563895929682375174e-02 4.230169621656732204e+01 -1.127442482906189890e-02 9.999364404933831496e-01 4.814765447727333220e-05 9.863697920931406848e-01 7.563469317925496094e-02 8.047790896614805383e-04 9.971352694184960619e-01 1.486722938941733796e+00
9.969561677227442020e-01 1.708812596200260520e-02 -7.606836129880907571e-02 4.301355322125384362e+01 -1.710443917135466563e-02 9.998536128439946546e-01 4.370851685685915198e-04 9.759978935047998183e-01 7.606469483415319310e-02 8.653519040755166961e-04 9.971025089557589149e-01 1.539420353439086009e+00
9.967976128635435140e-01 2.301120484493235710e-02 -7.658331046073785231e-02 4.372940686182130321e+01 -2.297656346934580721e-02 9.997351145366166758e-01 1.333526751559770823e-03 9.645473865014585479e-01 7.659371071230536288e-02 4.303650108493022410e-04 9.970622940745864637e-01 1.590267412706298344e+00
9.966500190139584436e-01 2.903144442927729774e-02 -7.645858247329698210e-02 4.443136229821633520e+01 -2.897867222306210050e-02 9.995784097529790690e-01 1.799808849228001686e-03 9.356683617713605905e-01 7.647859933121486931e-02 4.218886763290554060e-04 9.970711337985270761e-01 1.649349702682294527e+00
9.965061442678443404e-01 3.558561199323966723e-02 -7.555904085879371068e-02 4.513126653404058430e+01 -3.559801736891591434e-02 9.993654894837556979e-01 1.183041967034363521e-03 9.057512670304705971e-01 7.555319712518208941e-02 1.510843459793505998e-03 9.971406278736231199e-01 1.705545677424908702e+00
9.962972218307160066e-01 4.199924788391543734e-02 -7.501939049060980802e-02 4.582896639025996421e+01 -4.205496132734907327e-02 9.991149476796254980e-01 8.375863503393993909e-04 8.653369355490773129e-01 7.498817240173509535e-02 2.320452611997420814e-03 9.971817234082879233e-01 1.766263672899622605e+00
9.960137459019375861e-01 4.780982297715802992e-02 -7.530497195592951443e-02 4.651889200231643429e+01 -4.794944487683524409e-02 9.988497627799269862e-01 -4.615719679939601916e-05 8.298060081855179737e-01 7.521614660692114984e-02 3.656804804236965696e-03 9.971605482911113372e-01 1.821791363400738106e+00
9.956511539265026078e-01 5.360477596732603212e-02 -7.619256970542928609e-02 4.723865205179988180e+01 -5.376791145975381991e-02 9.985534555632809006e-01 -8.988819092816107553e-05 7.947799253015255250e-01 7.607753533126576651e-02 4.186212622834631879e-03 9.970931171369084023e-01 1.861329927413610363e+00
9.952924629377253307e-01 5.839490370038368655e-02 -7.734952127311144066e-02 4.789945693453628905e+01 -5.859609532914120816e-02 9.982817174154748896e-01 -3.320936435236604596e-04 7.565422634097612731e-01 7.719722036145341970e-02 4.862910222571299734e-03 9.970039825761141117e-01 1.905610560806662912e+00
9.948219492923939811e-01 6.377685953156278509e-02 -7.913154487543344606e-02 4.859037171989717763e+01 -6.398544814522205693e-02 9.979508265994669891e-01 -1.005738324526385744e-04 7.050483490204070280e-01 7.896297633534674065e-02 5.163320417326699996e-03 9.968641775540595384e-01 1.943715804833679339e+00
9.943646376136676679e-01 6.879935278585398717e-02 -8.065740213822342186e-02 4.928609403292643520e+01 -6.897975207490568417e-02 9.976179079337655908e-01 5.509750822419532540e-04 6.588713232304752587e-01 8.050317550956626045e-02 5.015857464512937965e-03 9.967417317975462154e-01 1.996215011267441497e+00
9.940652005995935792e-01 7.384855333741936756e-02 -7.987971035788783702e-02 4.999325620632028944e+01 -7.399804874998529292e-02 9.972577892385382503e-01 1.091138972787552295e-03 5.960525330477474126e-01 7.974124239115241985e-02 4.826279419331597383e-03 9.968039131588930513e-01 2.045481815114995605e+00
9.936823453837776432e-01 7.928683657859539324e-02 -7.942917611277387768e-02 5.068404943377373684e+01 -7.948427808473737533e-02 9.968358892357862544e-01 6.778413144046023867e-04 5.210282328843434119e-01 7.923159729516422722e-02 5.639811775093709484e-03 9.968402813456117562e-01 2.097422969325402065e+00
9.932664047051602552e-01 8.412208223985270794e-02 -7.965754555417939309e-02 5.137630083927492564e+01 -8.433182106696285318e-02 9.964374571089585908e-01 7.335023940536668924e-04 4.487974586330910620e-01 7.943546588026326183e-02 5.989102592524183852e-03 9.968220189233992778e-01 2.138986180780737545e+00
9.927331694024335018e-01 8.826158059080546625e-02 -8.179699114155773720e-02 5.206130982703727739e+01 -8.862441929746323055e-02 9.960647862100807659e-01 -8.086881064112566575e-04 3.755907731206385991e-01 8.140372640356673128e-02 8.052022347135995989e-03 9.966486834706271836e-01 2.192049492463963745e+00
