1.000000000000000000e+00 0.000000000000000000e+00 0.000000000000000000e+00 0.000000000000000000e+00 0.000000000000000000e+00 1.000000000000000000e+00 0.000000000000000000e+00 0.000000000000000000e+00 0.000000000000000000e+00 0.000000000000000000e+00 1.000000000000000000e+00 0.000000000000000000e+00
9.999999210722472220e-01 3.972360751776795413e-04 7.681133442547901573e-06 2.754426811501882542e-03 -3.972358552484902064e-04 9.999999206924898854e-01 -2.861274579415460254e-05 -3.539028643479254959e-05 -7.692498848215658497e-06 2.860969231420254817e-05 9.999999995611554837e-01 -6.484240410728248126e-04
9.999999928729048637e-01 -1.193790609143711594e-04 -1.682297430842618176e-06 1.011724873002414586e-03 1.193790326695008225e-04 9.999999927335462280e-01 -1.677957364187437838e-05 -1.261327372063674487e-04 1.684300548362192337e-06 1.677937269124480179e-05 9.999999998578078531e-01 -5.801395531451861457e-04
9.999999009760657254e-01 4.449679548882299533e-04 7.167842084309673541e-06 1.294312583527557374e-03 -4.449679818035299117e-04 9.999999009946969331e-01 3.753850404045543106e-06 -2.064660176723799503e-03 -7.166171031518051009e-06 -3.757039492550648802e-06 9.999999999672652962e-01 -4.060287365746148417e-04
9.999999866508708646e-01 -1.621017632183305746e-04 -2.052502186152758675e-05 1.560491179579877883e-03 1.621014828577634558e-04 9.999999867682515253e-01 -1.366037965281655585e-05 1.026944633851847866e-04 2.052723596157361247e-05 1.365705233398294178e-05 9.999999996960587945e-01 -4.139155963023391548e-04
9.999999942648837292e-01 -1.065466072426321607e-04 -1.086521579984884644e-05 -2.098155724793290908e-03 1.065465192040040694e-04 9.999999942910898776e-01 -8.103053024172175784e-06 -1.917327544987371124e-03 1.086607909062833941e-05 8.101895326776351939e-06 9.999999999081438107e-01 -7.465007805996030617e-04
9.999999981963404450e-01 -5.715810484559090594e-05 -1.844641415394877526e-05 -1.703804372061774354e-03 5.715765046029616192e-05 9.999999980631263385e-01 -2.463230391875237835e-05 -1.173312021701340517e-03 1.844782205403037499e-05 2.463124952063162974e-05 9.999999995264896580e-01 -1.434147028369502259e-04
9.999999889892509097e-01 1.472137789055672841e-04 -1.869762947310220385e-05 -2.432556871983505582e-03 -1.472136160500103362e-04 9.999999891261345253e-01 8.711035081610131171e-06 -1.360966239064663160e-03 1.869891165417924059e-05 -8.708282440048811920e-06 9.999999997872582869e-01 -4.535954885547054225e-04
9.999999299982668122e-01 3.741662737568440659e-04 -1.749608508178317054e-06 -3.441513120999617655e-04 -3.741662884271951543e-04 9.999999299645778716e-01 -8.392137608370706223e-06 -3.036789707295257761e-04 1.746468330785968037e-06 8.392791665428233678e-06 9.999999999632555037e-01 -1.276382030497677685e-04
9.999998781891374922e-01 4.932829383878162884e-04 1.713629976670216315e-05 1.683564532776054201e-03 -4.932824197651391497e-04 9.999998778785184061e-01 -3.025562098384801979e-05 2.156845631493598849e-04 -1.715122225561350951e-05 3.024716426296999335e-05 9.999999993954723498e-01 -2.112219474453441465e-04
9.999999993080525007e-01 3.562743826971362805e-05 -1.070423933287698900e-05 9.919428687945497543e-04 -3.562751343693569767e-05 9.999999993406852861e-01 -7.022083219049085005e-06 -1.771722692892684732e-04 1.070398914698311614e-05 7.022464579620836655e-06 9.999999999180547716e-01 -5.428933678651038514e-04
9.999999542606943237e-01 -3.022922663871381089e-04 -9.899241780421631361e-06 -1.270252311521669715e-03 3.022921432937926965e-04 9.999999542324298218e-01 -1.243375991521112279e-05 -1.561271483111718742e-04 9.902999956821870287e-06 1.243076688348479157e-05 9.999999998737033602e-01 -6.164031110893628202e-04
9.999998632181628100e-01 5.230030102268670624e-04 5.613110618233723356e-06 6.793049296507816352e-04 -5.230030036722254673e-04 9.999998632332363080e-01 -1.169142151531794674e-06 -4.203689996489999277e-04 -5.613721315411384060e-06 1.166206317901102547e-06 9.999999999835630371e-01 -1.660367383396193098e-04
9.999999388754829965e-01 -3.145865362265865169e-04 1.525920755028648435e-04 -2.454977996166573823e-03 3.145997299454973174e-04 9.999999467769019601e-01 -8.644768990057583003e-05 3.194113067088054023e-04 -1.525648721021112552e-04 8.649569004224757606e-05 9.999999846212276333e-01 8.542496943016955223e-04
9.999997461380661923e-01 4.319494712038515934e-04 5.666952068569643727e-04 -1.054051320304470393e-02 -4.316995017327764344e-04 9.999998095117201835e-01 -4.411485730050240567e-04 -4.463599649754230406e-04 -5.668856528010010176e-04 4.409038189757597437e-04 9.999997421222063254e-01 4.561988611250247794e-03
9.999998233539373338e-01 -2.907070515301525613e-04 5.184414184468633330e-04 -1.378392262514729211e-02 2.908681909091332903e-04 9.999999094098699359e-01 -3.107667090570781607e-04 -1.750526937041708411e-03 -5.183510294074841632e-04 3.109174522788386397e-04 9.999998173212574226e-01 3.026326447490766854e-03
9.999999662189297256e-01 1.557917799384173573e-04 2.080650398774205195e-04 -6.995382903672468095e-03 -1.557774197287330078e-04 9.999999854839676239e-01 -6.903231096508659261e-05 -3.199159993716941229e-03 -2.080757915237401898e-04 6.899989679805338793e-05 9.999999759717392855e-01 -8.999652211648001988e-04
9.999999646082498028e-01 6.440322439586427595e-05 -2.581389623464417802e-04 6.254886776062952916e-03 -6.442029121859838621e-05 9.999999957399389183e-01 -6.610709593701177562e-05 -1.273283170178554028e-03 2.581347037366202258e-04 6.612372298449516498e-05 9.999999644970634094e-01 -1.261614510325676560e-03
9.999999162537823727e-01 -2.768191192287289206e-04 -3.014359026400874201e-04 1.825621881538200611e-02 2.768171170531157923e-04 9.999999616638043376e-01 -6.683828270233908698e-06 -3.470083639035894405e-04 3.014377412956365226e-04 6.600385092943438924e-06 9.999999545458604366e-01 -1.420967764743693261e-03
9.999999939129843307e-01 1.311301347810307167e-05 -1.095540055070771501e-04 3.929708410505972777e-02 -1.312025794374402780e-05 9.999999977275768615e-01 -6.612643273538213807e-05 2.512504704783113420e-03 1.095531381413203766e-04 6.612786970968053356e-05 9.999999918126073473e-01 -2.794795112564315166e-04
9.999999917581305908e-01 1.252134800001938300e-04 2.837821816436602652e-05 5.726478624672906581e-02 -1.252118345435599810e-04 9.999999904803060780e-01 -5.797744628982400255e-05 1.549643921328401446e-03 -2.838547745202554769e-05 5.797389252322402407e-05 9.999999979166461772e-01 5.829294651679068403e-04
9.999999884410946116e-01 3.358984487481437621e-05 -1.482886808704907394e-04 8.037865316765951951e-02 -3.360028487810090320e-05 9.999999969573383218e-01 -7.040130807874134310e-05 5.142635718603228139e-04 1.482863156502811099e-04 7.040628980690072987e-05 9.999999865270613464e-01 7.480363667211275235e-04
9.999999546845667053e-01 -1.804504993720008313e-04 -2.409740274497598322e-04 1.046634341953860403e-01 1.804168480956923088e-04 9.999999739722353898e-01 -1.396613386480077379e-04 -1.189197248353802494e-03 2.409992231360465740e-04 1.396178565446882602e-04 9.999999612131135196e-01 1.247391408889380725e-03
9.999998975908760412e-01 -3.786197417912951250e-04 -2.479220209217314992e-04 1.396071296257881955e-01 3.785525821726850497e-04 9.999998916607056865e-01 -2.708810060639094087e-04 -2.697845088420807932e-04 2.480245549586067473e-04 2.707871268020254577e-04 9.999999325790738247e-01 2.342439729906561820e-03
9.999997463217386029e-01 -6.910096813873731984e-04 -1.728064774233847465e-04 1.717631387418310784e-01 6.909776811943235588e-04 9.999997441308224877e-01 -1.851705530068724359e-04 -1.957315484324615405e-03 1.729343878523691125e-04 1.850511006140631023e-04 9.999999679248933182e-01 2.437334138140311024e-03
9.999995564429352557e-01 -8.918968672917389554e-04 -3.027109361873176439e-04 2.123166718560907384e-01 8.918326266817927853e-04 9.999995797844475343e-01 -2.122863497531469155e-04 -5.255834099306340955e-03 3.029001465137880168e-04 2.120162881026914814e-04 9.999999316502951041e-01 3.055738068607783200e-03
9.999994793348054856e-01 -8.197991465322430069e-04 -6.076672422360675707e-04 2.572553560178023613e-01 8.196419375415408973e-04 9.999996305755306514e-01 -2.589129130729065395e-04 -4.319923254217008374e-03 6.078792743340824404e-04 2.584147087101573421e-04 9.999997818522893267e-01 3.322164379290810411e-03
9.999989155247394068e-01 -1.022068433313571981e-03 -1.060342144231618544e-03 3.158907281696658464e-01 1.021819950451087608e-03 9.999994503628364395e-01 -2.348574330480875062e-04 -5.901270989384040100e-03 1.060581601796817350e-03 2.337736995937316322e-04 9.999994102580878064e-01 3.145987884630118553e-03
9.999978554419387544e-01 -1.455009663980180680e-03 -1.473790487529982310e-03 3.940588610215088328e-01 1.454746274853687587e-03 9.999989256971322238e-01 -1.797716809350315701e-04 -3.011164287504482229e-03 1.474050473765705456e-03 1.776273041825749874e-04 9.999988978112633875e-01 3.023239562064911155e-03
9.999971312956036362e-01 -1.699124173807230534e-03 -1.688306134953044711e-03 4.742414515424926980e-01 1.698706062338497125e-03 9.999985261836815686e-01 -2.490545693362190296e-04 -3.373657637550172769e-03 1.688726821339268718e-03 2.461859190057530638e-04 9.999985437960478007e-01 3.840497832076151911e-03
9.999963003190095456e-01 -1.922178865441671316e-03 -1.924727695668163692e-03 5.703235268458957119e-01 1.921876883974054642e-03 9.999981405948192847e-01 -1.587329419829138421e-04 -7.377729112005382804e-03 1.925029229925843749e-03 1.550332650554165303e-04 9.999981351118364392e-01 2.792223665935097791e-03
9.999943872620357110e-01 -2.263331200085333221e-03 -2.470379789519178745e-03 6.783387584343975041e-01 2.263063506711743798e-03 9.999974330911970410e-01 -1.111511648665023609e-04 -1.096219244700730351e-02 2.470625020178918597e-03 1.055599146547604429e-04 9.999969424298826848e-01 1.627301674894205893e-03
9.999922923688157050e-01 -2.504549180459940405e-03 -3.023646203459331473e-03 7.914553093208986922e-01 2.503422332490960918e-03 9.999967955925326279e-01 -3.764057539598853678e-04 -9.259587341671997665e-03 3.024579241187459223e-03 3.688333893318665479e-04 9.999953579303979545e-01 2.721041765926715712e-03
9.999895406137162546e-01 -3.048388938786163790e-03 -3.409690315345304066e-03 9.119571940686026501e-01 3.046646092592710919e-03 9.999952257196343952e-01 -5.162223590882131490e-04 -1.013811623217993584e-03 3.411247683057177290e-03 5.058288400429532174e-04 9.999940537455357381e-01 2.798193054679791979e-03
9.999880639497537027e-01 -3.511352222026076914e-03 -3.397405421233031571e-03 1.044766685476035351e+00 3.510457482989217878e-03 9.999938020671949035e-01 -2.692869396506587516e-04 -2.552002566721094795e-04 3.398329925636424127e-03 2.573572781445008085e-04 9.999941925436106605e-01 7.114009330795234218e-04
9.999866200142387695e-01 -3.837964746808735211e-03 -3.468402961120283824e-03 1.183795777743067879e+00 3.837308288362630427e-03 9.999926183162907156e-01 -1.959031122200283659e-04 -6.243390478012559794e-03 3.469129227705139082e-03 1.825911596090879234e-04 9.999939658832296407e-01 1.208625650911275681e-03
9.999831653284999566e-01 -4.041544793258571890e-03 -4.163529185428582226e-03 1.334539469690370739e+00 4.040815105584258903e-03 9.999918190087441205e-01 -1.836542011692070253e-04 -7.299407743927583542e-03 4.164237370313217911e-03 1.668270577860400119e-04 9.999913156102189227e-01 -1.424911387614700379e-03
9.999774404570140884e-01 -4.603893466082462083e-03 -4.891088017184324309e-03 1.502477922882175632e+00 4.601670940542403054e-03 9.999893038821686675e-01 -4.655596747496665061e-04 -4.947181826842581530e-03 4.893179088675220050e-03 4.430419943398592321e-04 9.999879301832584888e-01 6.106060750694876013e-04
9.999730431811206799e-01 -5.286332379529808112e-03 -5.095841545975809961e-03 1.672799627686053503e+00 5.282726673474454765e-03 9.999857865374075505e-01 -7.207787841937068679e-04 -1.779860002066987069e-03 5.099579392647980020e-03 6.938394162318435024e-04 9.999867563507441881e-01 6.000631473825407923e-03
9.999654332133781631e-01 -5.978327939168241734e-03 -5.778578841960535506e-03 1.865105524419751193e+00 5.972537288689355392e-03 9.999816452266845346e-01 -1.018826809812744660e-03 3.114512418061352733e-03 5.784563658238083342e-03 9.842788146345645556e-04 9.999827848610689518e-01 1.018864761009994138e-02
9.999557988314896617e-01 -6.957778345521250900e-03 -6.323741279643309288e-03 2.062862238746356436e+00 6.952608582855650775e-03 9.999754782443045498e-01 -8.391328667203469972e-04 1.179524513779760253e-02 6.329424710893651398e-03 7.951292781704958571e-04 9.999796528691271558e-01 1.094022451016039323e-02
9.999502654687686398e-01 -7.558836271401365992e-03 -6.506195751844391639e-03 2.272599031906092470e+00 7.554868770145902954e-03 9.999712604833116414e-01 -6.341650279926338294e-04 1.615642564815017099e-02 6.510802316538649021e-03 5.849800329941781630e-04 9.999786333975121400e-01 1.232850775309600466e-02
9.999398525797318360e-01 -8.176155463526856709e-03 -7.310383345653842513e-03 2.490273181578430250e+00 8.172256451245096115e-03 9.999664480278758205e-01 -5.630657231298292001e-04 1.487975048106085149e-02 7.314741780764105750e-03 5.032895287215470928e-04 9.999731202649054795e-01 1.427286284792449698e-02
9.999329191986408016e-01 -8.838636656873790146e-03 -7.485693350137322642e-03 2.726361357391167584e+00 8.835264291575694803e-03 9.999608514200986065e-01 -4.834584672838146478e-04 2.009603834485507168e-02 7.489673409604098546e-03 4.172879573482514187e-04 9.999718649356981182e-01 1.558651753299712152e-02
9.999204853631219470e-01 -9.673044993479189974e-03 -8.090435818463621517e-03 2.965887975528174625e+00 9.669551605220500640e-03 9.999531379624998495e-01 -4.707979435958317997e-04 1.731192877996465262e-02 8.094610733848145792e-03 3.925296216129455472e-04 9.999671610595838311e-01 1.443008716378247312e-02
9.999119033235954745e-01 -1.011244667472392840e-02 -8.597907538210207423e-03 3.226823282968380724e+00 1.011056790851425254e-02 9.999488525905521064e-01 -2.619530599015911648e-04 1.881456628639843059e-02 8.600116763862492020e-03 1.750002546714389377e-04 9.999630029988904045e-01 1.597616284082697263e-02
9.999105395308632849e-01 -1.063469555910600758e-02 -8.112717514062707524e-03 3.485425668432803548e+00 1.062509659160574757e-02 9.999428012411782918e-01 -1.225384986264962429e-03 1.953995067867927982e-02 8.125285072961858229e-03 1.139076955541890122e-03 9.999663405566071583e-01 2.743409115191357273e-02
9.999028150968743978e-01 -1.124123556471020441e-02 -8.245907125628670897e-03 3.756076155607616762e+00 1.123240209902872516e-02 9.999362909361801943e-01 -1.116786407733428221e-03 2.492895920832512852e-02 8.257935845690150822e-03 1.024056528448273390e-03 9.999653783025664877e-01 1.745192952333162253e-02
9.998882695213721084e-01 -1.197226700369992923e-02 -8.950603127611032536e-03 4.033995342395863659e+00 1.196767357314702969e-02 9.999282243101476064e-01 -5.665837992928071318e-04 1.573313475859089081e-02 8.956743984422059143e-03 4.594025980996916032e-04 9.999597820344827692e-01 6.964265219392463263e-03
9.998580330886043255e-01 -1.258674755280987829e-02 -1.120211829205808654e-02 4.325925434406709513e+00 1.258177104349317114e-02 9.999207139625057028e-01 -5.146125940595414798e-04 -2.378048177013233726e-03 1.120770741929609168e-02 3.735970485461959068e-04 9.999371218829955499e-01 -1.711733320225407393e-03
9.998371441266874493e-01 -1.259660193255941751e-02 -1.292326755671158699e-02 4.611770432897285943e+00 1.258267595465947797e-02 9.999201640754902254e-01 -1.158335471620215674e-03 -1.293770612213651638e-02 1.293682690653887198e-02 9.955375419439303850e-04 9.999158201641740185e-01 -5.965385044228321658e-03
9.998188456229872845e-01 -1.297573125916182298e-02 -1.392502550830928762e-02 4.913993609510142413e+00 1.296052869017317970e-02 9.999153108667715451e-01 -1.181435685421598379e-03 -2.728756346352564921e-02 1.393917620192281978e-02 1.000745970564189498e-03 9.999023441688263958e-01 -8.237241136141951192e-03
9.997987169030700949e-01 -1.306683397838213564e-02 -1.522443853664563577e-02 5.236947508540803931e+00 1.304480096243596648e-02 9.999137183819764019e-01 -1.545625886168628836e-03 -2.999993130440921363e-02 1.524332138430244989e-02 1.346715007328183481e-03 9.998829069005349401e-01 -1.024865484378660249e-02
9.997722546212245431e-01 -1.324252095599745375e-02 -1.673542734211610691e-02 5.538509363498783422e+00 1.319638278755343695e-02 9.999088213288270799e-01 -2.864351605533948294e-03 -3.187082043938009590e-02 1.677183266425117183e-02 2.642852157372747434e-03 9.998558500911801650e-01 -2.145383415280055842e-03
9.997330573509132234e-01 -1.396137472141994150e-02 -1.840907536200163744e-02 5.879206566491401276e+00 1.389427282109192106e-02 9.998963705822411230e-01 -3.767927710899523185e-03 -3.084529410682873909e-02 1.845977309093548360e-02 3.511141174831115472e-03 9.998234387456025329e-01 9.079798008413322158e-04
9.996758483228066483e-01 -1.456663182300155408e-02 -2.088088880795060942e-02 6.226485976978316295e+00 1.450350583301096043e-02 9.998897891554395789e-01 -3.171413130207322451e-03 -1.865351945930442817e-02 2.092478431498627500e-02 2.867539018697528013e-03 9.997769404328885612e-01 -4.179760722044113114e-04
9.996877593292605724e-01 -1.511093525308507095e-02 -1.990084126411522866e-02 6.606328813117563925e+00 1.508899234808411781e-02 9.998853704372928641e-01 -1.252316013257295715e-03 -6.098828552222184361e-03 1.991748370557635053e-02 9.516413477106671487e-04 9.998011743449711775e-01 -6.831403521700037118e-03
9.997129822117878373e-01 -1.731646820321317351e-02 -1.655575809743373497e-02 6.988268264728834112e+00 1.732006536690938389e-02 9.998499936858181725e-01 7.390639592107570285e-05 6.670464375022234702e-03 1.655199483142806918e-02 -3.606319959170752455e-04 9.998629413132901211e-01 2.904869826096210389e-02
9.997205595733187344e-01 -1.870219292552120771e-02 -1.445789563480940829e-02 7.375714026569666792e+00 1.872121276710253523e-02 9.998240448803059621e-01 1.181300856213877721e-03 -2.636006139186530123e-04 1.443325877753646666e-02 -1.451640093342408157e-03 9.998947813555684183e-01 4.817122636257652191e-02
9.997274031542627837e-01 -1.982552065024557539e-02 -1.233159005889873303e-02 7.760642206519682063e+00 1.982601889001998560e-02 9.998034418198075146e-01 -8.185498977292761835e-05 -4.539331866221887370e-03 1.233078900178794651e-02 -1.626536610908012857e-04 9.999239597021265524e-01 7.017428559238292340e-02
9.997084130357372089e-01 -2.128337002997773494e-02 -1.140644842774577589e-02 8.147634156647226789e+00 2.126752718412476886e-02 9.997726825908944681e-01 -1.508453671508999975e-03 -1.119675875620855174e-02 1.143596052110588956e-02 1.265426874070793009e-03 9.999338065601073300e-01 8.874312818686191928e-02
9.996547434823342959e-01 -2.223365981396948493e-02 -1.400207857945076281e-02 8.521839094226002942e+00 2.219353807137196266e-02 9.997491488819274519e-01 -3.014328737269532463e-03 -6.105040442505118431e-03 1.406558570209568912e-02 2.702532356595220477e-03 9.998974225477924582e-01 1.006393275032664708e-01
9.995828419780022900e-01 -2.409399085462857887e-02 -1.592550243719467046e-02 8.894885625931820528e+00 2.403216993333780888e-02 9.997029335551603779e-01 -4.061951440113403464e-03 4.440091330012507082e-03 1.601864012565340500e-02 3.677532583640747560e-03 9.998649303394039345e-01 1.134801451017133506e-01
9.995450904381891766e-01 -2.544473923921161673e-02 -1.619189383490127199e-02 9.291323277721190266e+00 2.536917879944973475e-02 9.996663611763074719e-01 -4.855007678883108309e-03 2.227744592351734582e-02 1.631002599488239058e-02 4.442024039668001668e-03 9.998571155292526047e-01 1.410287324378743101e-01
9.995137179301356589e-01 -2.689525146557805724e-02 -1.577888202885668195e-02 9.676520367907116338e+00 2.681257291159892114e-02 9.996257401552356425e-01 -5.428218212033751079e-03 4.436932921527956403e-02 1.591896992074068318e-02 5.002506141983689876e-03 9.998607709721198944e-01 1.633236577892047126e-01
9.994782212551144296e-01 -2.772096936072009077e-02 -1.657809079522252343e-02 1.009273425375645417e+01 2.766521200972506950e-02 9.996108223131099368e-01 -3.583288847556150708e-03 5.199596155341067172e-02 1.667097121254750014e-02 3.122782767032407369e-03 9.998561531273487679e-01 1.407598036527486218e-01
9.993990000941095353e-01 -2.871856534695238494e-02 -1.941346479397521724e-02 1.051222852143162001e+01 2.868896963747152862e-02 9.995867637180009257e-01 -1.801338644897642434e-03 6.207990929667469432e-02 1.945717430754852206e-02 1.243303738509104637e-03 9.998099182163474596e-01 1.160978353554604492e-01
9.993097357719161744e-01 -2.984960299674689274e-02 -2.211454707652123555e-02 1.094873459245719260e+01 2.981478731119586653e-02 9.995536299495899613e-01 -1.902448997029710688e-03 6.509283629931057746e-02 2.216146315231079175e-02 1.241795286971397998e-03 9.997536333994561097e-01 1.159687592918772492e-01
9.992478820174822696e-01 -3.055849140547004308e-02 -2.387150784088954217e-02 1.140387248217658112e+01 3.050157614782518858e-02 9.995309499512862184e-01 -2.744802721099087739e-03 8.001263736871183641e-02 2.394418793933631925e-02 2.014619691441787118e-03 9.997112669023114906e-01 1.292319882612989745e-01
9.992048112826663608e-01 -3.137015959478713090e-02 -2.461012386333709390e-02 1.187190575378257584e+01 3.131317451285173248e-02 9.995059820808203099e-01 -2.697570496321717495e-03 1.060287868072518763e-01 2.468258923814317662e-02 1.924804315383258583e-03 9.996934854828496420e-01 1.434067379750628701e-01
9.991813997641960654e-01 -3.237813453144355175e-02 -2.425256212290748462e-02 1.235097513497156108e+01 3.233465653658717381e-02 9.994747146420774886e-01 -2.182837098504247699e-03 1.263605656851426173e-01 2.431049880036781005e-02 1.396851961164233659e-03 9.997034802643611773e-01 1.499518057378754765e-01
9.991406943297322929e-01 -3.321675338404956462e-02 -2.478951852948670792e-02 1.284503740654667325e+01 3.318710920769166878e-02 9.994478652017618758e-01 -1.606401592861483787e-03 1.327715438162702932e-01 2.482919081922083104e-02 7.823287442198395038e-04 9.996914020061384853e-01 1.553363676174089048e-01
9.990503359321820653e-01 -3.409474360047937830e-02 -2.712885424436128554e-02 1.334213386646170107e+01 3.404613986012016563e-02 9.994177257810384907e-01 -2.251611707645401195e-03 1.410549486557844401e-01 2.718982593580484067e-02 1.325840667063633068e-03 9.996294090872407390e-01 1.635437578072900522e-01
9.989622737303421873e-01 -3.516437914418747007e-02 -2.894550229152416734e-02 1.385369287609423417e+01 3.510588631860405567e-02 9.993804044191074709e-01 -2.526659630111181224e-03 1.515786461298125332e-01 2.901641620341916319e-02 1.507880136157390989e-03 9.995777978167607047e-01 1.720871823553154489e-01
9.988978122800377113e-01 -3.621983146693548428e-02 -2.985438712587055315e-02 1.438056138281635832e+01 3.614844813748564756e-02 9.993421433788407526e-01 -2.927484284516785728e-03 1.769926778943153034e-01 2.994078020703644372e-02 1.845067882592057746e-03 9.995499714396987034e-01 1.835272455072535502e-01
9.988106086794216187e-01 -3.733727208125439678e-02 -3.135755256670666458e-02 1.492691450292144673e+01 3.728520588128290958e-02 9.993021461163850150e-01 -2.243699974910663524e-03 1.955228533048377626e-01 3.141944321329927237e-02 1.071858534251713801e-03 9.995057126937538783e-01 1.839645987651188919e-01
9.987443152726022122e-01 -3.878665292792340263e-02 -3.170785810031435253e-02 1.547872581944887216e+01 3.878879734264787521e-02 9.992472813156236811e-01 -5.477079932237530592e-04 1.987643634708198548e-01 3.170523476291970538e-02 -6.828894373609406500e-04 9.994970293856028087e-01 1.888373042747446273e-01
9.987128421288995472e-01 -3.930254498685940845e-02 -3.206195446899215429e-02 1.603949688967781739e+01 3.929543124281373312e-02 9.992272728702826790e-01 -8.521946132850608847e-04 2.099633737035460357e-01 3.207067274406839863e-02 -4.087906230656440220e-04 9.994855200751882052e-01 2.132262693582486490e-01
9.986280136577081468e-01 -4.076719961597914665e-02 -3.286526697793826918e-02 1.662867715700150129e+01 4.072869542907853191e-02 9.991685473700933073e-01 -1.840465968970900808e-03 2.150353987140146972e-01 3.291297170882032802e-02 4.993814258582199121e-04 9.994580966261096266e-01 2.393100429615137581e-01
9.985666088127158613e-01 -4.116147425774519669e-02 -3.421199791303287246e-02 1.720839173644823106e+01 4.109649531756057877e-02 9.991517976526670397e-01 -2.600638394230706842e-03 2.371152180597291548e-01 3.429002532641391848e-02 1.190917450037756080e-03 9.994112146052499535e-01 2.667410488129689505e-01
9.984927195468866756e-01 -4.203181961335979155e-02 -3.529327346467509008e-02 1.779147674166510740e+01 4.194052094804920361e-02 9.991145813686265198e-01 -3.323552196147896119e-03 2.740547571757931955e-01 3.540171908917137678e-02 1.838324395817305702e-03 9.993714719006877578e-01 2.925713146686640398e-01
9.984005003804230505e-01 -4.357489090939488385e-02 -3.602318312358465668e-02 1.837645766996596919e+01 4.350785569077521286e-02 9.990495886850043750e-01 -2.643074254405657162e-03 2.955318804942643762e-01 3.610411795504299415e-02 1.071555205277931015e-03 9.993474593133913064e-01 3.072534538722357378e-01
9.983127369547023511e-01 -4.517138449558078667e-02 -3.648595972101766755e-02 1.895840067975812460e+01 4.515261004028570807e-02 9.989792036759895799e-01 -1.338816430888787809e-03 3.174791826205736744e-01 3.650919117922513807e-02 -3.108788158281697777e-04 9.993332688917149209e-01 3.194289674633168374e-01
9.982313277784568006e-01 -4.678193890409385047e-02 -3.668332637633709564e-02 1.956007435742528244e+01 4.675782840789784178e-02 9.989051051851431939e-01 -1.515360562872958197e-03 3.306810883035058435e-01 3.671405349776594301e-02 -2.025522933959002887e-04 9.993257913455109165e-01 3.479203533708063456e-01
9.981044206569932298e-01 -4.815771331961240381e-02 -3.831970919506094003e-02 2.016267774089153875e+01 4.810123537840940017e-02 9.988395943279894107e-01 -2.394985964144965770e-03 3.438330817069116807e-01 3.839057983462697971e-02 5.472207266007166147e-04 9.992626601296765720e-01 3.655054458801308970e-01
9.980067870503512850e-01 -4.882261508164578712e-02 -3.998506293635581410e-02 2.077075505441502301e+01 4.873134914916657512e-02 9.988066196339357994e-01 -3.254563800636639699e-03 3.638428084922346595e-01 4.009624186300886350e-02 1.299550699220798243e-03 9.991949772474055802e-01 3.943577490252528350e-01
9.979078247260390055e-01 -4.959102305776084962e-02 -4.148136669192112325e-02 2.137974114433366069e+01 4.947337678411353745e-02 9.987679894904122335e-01 -3.858517702050404466e-03 3.960913404889034872e-01 4.162160905253577126e-02 1.798221722850643078e-03 9.991318271672229301e-01 4.187918407067287574e-01
9.977773110239620546e-01 -5.052088082855557549e-02 -4.345202188734731408e-02 2.199374734183457392e+01 5.040193710883869582e-02 9.987216736672731576e-01 -3.829266629187685032e-03 4.159507159641935292e-01 4.358993394659245457e-02 1.630689286046718050e-03 9.990481762712867253e-01 4.365233378708263667e-01
9.976885883175795611e-01 -5.117800474667639349e-02 -4.470226583769896372e-02 2.261363499906903485e+01 5.106689931194673820e-02 9.986886570370020477e-01 -3.624651747804647633e-03 4.435350371042949269e-01 4.482914828031683147e-02 1.333467576860416929e-03 9.989937784234108609e-01 4.606637245992274421e-01
9.975981360604720960e-01 -5.164853663834691189e-02 -4.615612193186450357e-02 2.323177333094180597e+01 5.153679768121363636e-02 9.986645772158219136e-01 -3.608420583776057212e-03 4.737978847548093286e-01 4.628085363773510458e-02 1.221014930745307299e-03 9.989277209633845578e-01 4.805462053619877216e-01
9.975257457724369115e-01 -5.182782974997409559e-02 -4.750013246877564377e-02 2.386509405790288341e+01 5.174301333708149903e-02 9.986558839898582729e-01 -3.014289838980953144e-03 5.012619438787468962e-01 4.759251088083228665e-02 5.490317317587585771e-04 9.988666835330004545e-01 4.987515148029847412e-01
9.974759469245538801e-01 -5.182163030151388378e-02 -4.854126017995100822e-02 2.448903388223991939e+01 5.176224929143726644e-02 9.986563558869816504e-01 -2.480402149937690343e-03 5.276388550197232963e-01 4.860457648468487907e-02 -3.846332709234417772e-05 9.988180983869470175e-01 5.206882908543311039e-01
9.974136067269954165e-01 -5.181523769122938633e-02 -4.981243076630556543e-02 2.515194450472872845e+01 5.173882126759071082e-02 9.986566598227335501e-01 -2.823148161407292196e-03 5.544995632202056601e-01 4.989179781975076888e-02 2.386099376718139788e-04 9.987546002775710141e-01 5.533999988842511764e-01
9.973987271387250164e-01 -5.146772646426653330e-02 -5.046634754616887569e-02 2.581191376018460915e+01 5.140296015201734070e-02 9.986746581092924568e-01 -2.581266723534651926e-03 5.901915755896639526e-01 5.053231431135312562e-02 -1.956750747456720806e-05 9.987224263164672378e-01 5.895089010641012539e-01
9.974244264536413773e-01 -5.090504037407316690e-02 -5.052910426811986488e-02 2.647413007174865385e+01 5.084865859065549470e-02 9.987034828165559652e-01 -2.401526517050319408e-03 6.315505076235325976e-01 5.058584222048206902e-02 -1.739959629391343854e-04 9.987197015640821851e-01 6.310208023343458761e-01
9.974315596341463142e-01 -5.049960646334428205e-02 -5.079442482046389595e-02 2.715472327208500403e+01 5.043496867674432393e-02 9.987240807893719152e-01 -2.554287767657880542e-03 6.595568768450743580e-01 5.085860576510352338e-02 -1.408799292391938428e-05 9.987058636160890401e-01 6.656346999814813925e-01
9.974175006080064909e-01 -4.992353087823967611e-02 -5.163303734554913066e-02 2.783518510623390441e+01 4.984891208061977691e-02 9.987530315381933921e-01 -2.732756419269900296e-03 6.892479519477850980e-01 5.170508142587208061e-02 1.518483383850331020e-04 9.986623861429978488e-01 7.034928709190252372e-01
9.973642903760464584e-01 -4.945222250488692101e-02 -5.309378468344902458e-02 2.850735964473572892e+01 4.932128862244231776e-02 9.987758332223355406e-01 -3.774315785834060025e-03 7.154714673684474668e-01 5.321543734018384375e-02 1.145713906963301363e-03 9.985823974857239715e-01 7.390161665603974805e-01
9.973111552107667421e-01 -4.851906286783248118e-02 -5.492140047916900525e-02 2.923780573572682329e+01 4.840734199569527579e-02 9.988220143632632331e-01 -3.363460156606649064e-03 7.443808819878110494e-01 5.501989579304691902e-02 6.958173184130871797e-04 9.984850158641248585e-01 7.674223590115647475e-01
9.972332402480779123e-01 -4.728077208695613542e-02 -5.736194849532701839e-02 2.995825806370240940e+01 4.717347837842550407e-02 9.988815092431682086e-01 -3.223884267567391198e-03 7.757773859764521829e-01 5.745021742343071197e-02 5.090019172423647723e-04 9.983482425662143500e-01 7.933691434292272637e-01
9.972411982577554790e-01 -4.575063847585454646e-02 -5.845401249262333759e-02 3.067650123092841241e+01 4.571557571889739435e-02 9.989526172821281413e-01 -1.937669186375137916e-03 7.993693117793447822e-01 5.848143837257994276e-02 -7.399352929320237400e-04 9.982882218385812356e-01 8.139935675443189522e-01
9.972031585508277507e-01 -4.350938715856054323e-02 -6.076836187803019707e-02 3.140282268042659908e+01 4.346492490210780019e-02 9.990528421975019002e-01 -2.053971846822153120e-03 8.209870224814783679e-01 6.080017170622856182e-02 -5.930650722271649375e-04 9.981497820439141355e-01 8.440280862153898278e-01
9.972046847597049180e-01 -4.099841891447476155e-02 -6.246556123025605312e-02 3.214475824772743096e+01 4.096354524539861514e-02 9.991589486370423545e-01 -1.839380180488080479e-03 8.552608917087962670e-01 6.248843616402806334e-02 -7.245723106979458199e-04 9.980454249886328011e-01 8.785527685780484264e-01
9.974223609881495145e-01 -3.829901865103483433e-02 -6.067799412631518646e-02 3.289306082306271861e+01 3.827432645504914160e-02 9.992660368111251357e-01 -1.569589181711822379e-03 8.918519601711767386e-01 6.069357243759655046e-02 -7.568660084236777984e-04 9.981561588341814062e-01 9.335652065037330916e-01
9.976402311097796183e-01 -3.550402709807888579e-02 -5.876591980939715326e-02 3.362905059943921060e+01 3.553381193303042918e-02 9.993683296606783450e-01 -5.384057334125418991e-04 9.047709168698027105e-01 5.874791469263943716e-02 -1.551041922266146881e-03 9.982716447882418187e-01 9.693920492502886566e-01
9.977354330586124531e-01 -3.267372996584883699e-02 -5.879143636161602432e-02 3.436859205943144246e+01 3.262706231650411987e-02 9.994660569628760483e-01 -1.753791229303061985e-03 9.125010688739508824e-01 5.881734798457095154e-02 -1.683722061841452441e-04 9.982687469949472758e-01 1.014982797798395842e+00
9.976854709387146247e-01 -2.955754681593114955e-02 -6.123767226160057447e-02 3.510266462602130844e+01 2.940826818874661339e-02 9.995619106307053192e-01 -3.337750504849596594e-03 9.221625470324774643e-01 6.130950040518940575e-02 1.529131295183083468e-03 9.981176318037610073e-01 1.061964110349941093e+00
9.977083079808787280e-01 -2.612620697387977101e-02 -6.241436929978546461e-02 3.583624536236059299e+01 2.595578634506110968e-02 9.996568244286175853e-01 -3.539848655173385983e-03 9.490492657782166885e-01 6.248543303155981027e-02 1.911722377854455437e-03 9.980440451084353626e-01 1.105989419015446229e+00
9.976992264458094395e-01 -2.258831073785501353e-02 -6.392199752388537382e-02 3.655632184246722005e+01 2.244842973342076053e-02 9.997437794477711526e-01 -2.905762892929583674e-03 9.664755932792137294e-01 6.397125566953625053e-02 1.464128920675946376e-03 9.979506675054465870e-01 1.139098246149796489e+00
9.976013312243766640e-01 -2.014940014571699536e-02 -6.622375414546732841e-02 3.729111067846258010e+01 1.999272934307049984e-02 9.997955409395685722e-01 -3.027720391669740281e-03 9.820156199058451829e-01 6.627122084861761242e-02 1.696464300592552543e-03 9.978002040970479491e-01 1.187115371631099814e+00
9.976294598819901438e-01 -1.669371075423880038e-02 -6.675912519515461718e-02 3.800934946937052672e+01 1.662386824225118090e-02 9.998605312058767014e-01 -1.601605871129726816e-03 9.978480210988658339e-01 6.677655112562183581e-02 4.880142989467724408e-04 9.977678357522912211e-01 1.217881625582472482e+00
9.976560648342335247e-01 -1.296667385574689323e-02 -6.718810660072534191e-02 3.872545196583428861e+01 1.288916102903938342e-02 9.999156718481921891e-01 -1.587047682308124347e-03 9.964017053874941743e-01 6.720301948156225114e-02 7.173294202228011661e-04 9.977390638894838570e-01 1.256300748654305854e+00
9.975351563737895333e-01 -8.702765733907286833e-03 -6.962667353033676065e-02 3.944807349006273967e+01 8.572829346483578500e-03 9.999609093844187280e-01 -2.164786382642674631e-03 9.939395445450545097e-01 6.964279140955965952e-02 1.562552932586407876e-03 9.975707694359420286e-01 1.294751626745041850e+00
9.972844980881685473e-01 -3.971815013711480803e-03 -7.353811636509786920e-02 4.016454532167978186e+01 3.787672823022028307e-03 9.999893331227338589e-01 -2.643326566231486707e-03 1.003537456016503793e+00 7.354783074717811953e-02 2.357610283074977088e-03 9.972889041126135057e-01 1.344190575418817923e+00
9.972236681796970981e-01 7.689120872089113840e-04 -7.446048882750916365e-02 4.086996688899738217e+01 -8.471507180684318284e-04 9.999991218213898359e-01 -1.019162455168657862e-03 1.015242078783566981e+00 7.445963979156997037e-02 1.079412178592265839e-03 9.972234438236289300e-01 1.387866158131295657e+00
9.971686032262881971e-01 5.765886162074592911e-03 -7.497687174388804887e-02 4.159432605995006327e+01 -5.779847968819298507e-03 9.999832960658687764e-01 3.076846380006644150e-05 1.008494032364549486e+00 7.497579674262074001e-02 4.026735737864056350e-04 9.971852725330444533e-01 1.428392031432970777e+00
9.970718532445160820e-01 1.124576827253886795e-02 -7.563895929682376562e-02 4.230169621656731493e+01 -1.127442482906186073e-02 9.999364404933831496e-01 4.814765447726867013e-05 9.863697920931401297e-01 7.563469317925497482e-02 8.047790896614822730e-04 9.971352694184960619e-01 1.486722938941734684e+00
9.969561677227442020e-01 1.708812596200256356e-02 -7.606836129880910347e-02 4.301355322125383651e+01 -1.710443917135462399e-02 9.998536128439946546e-01 4.370851685685885925e-04 9.759978935048032600e-01 7.606469483415322086e-02 8.653519040755168045e-04 9.971025089557589149e-01 1.539420353439086897e+00
9.967976128635435140e-01 2.301120484493232241e-02 -7.658331046073786619e-02 4.372940686182129610e+01 -2.297656346934577251e-02 9.997351145366166758e-01 1.333526751559766920e-03 9.645473865014599912e-01 7.659371071230537675e-02 4.303650108493037589e-04 9.970622940745864637e-01 1.590267412706298789e+00
9.966500190139584436e-01 2.903144442927723876e-02 -7.645858247329700985e-02 4.443136229821632099e+01 -2.897867222306204152e-02 9.995784097529790690e-01 1.799808849227996482e-03 9.356683617713632550e-01 7.647859933121489706e-02 4.218886763290564902e-04 9.970711337985270761e-01 1.649349702682295193e+00
9.965061442678443404e-01 3.558561199323964641e-02 -7.555904085879373844e-02 4.513126653404057720e+01 -3.559801736891589352e-02 9.993654894837556979e-01 1.183041967034359834e-03 9.057512670304701530e-01 7.555319712518211717e-02 1.510843459793508817e-03 9.971406278736231199e-01 1.705545677424909146e+00
9.962972218307160066e-01 4.199924788391539571e-02 -7.501939049060982190e-02 4.582896639025995711e+01 -4.205496132734903164e-02 9.991149476796254980e-01 8.375863503393976561e-04 8.653369355490816428e-01 7.498817240173510923e-02 2.320452611997419947e-03 9.971817234082878123e-01 1.766263672899623272e+00
9.960137459019375861e-01 4.780982297715799523e-02 -7.530497195592954218e-02 4.651889200231643429e+01 -4.794944487683520939e-02 9.988497627799270973e-01 -4.615719679939688652e-05 8.298060081855190839e-01 7.521614660692117760e-02 3.656804804236965262e-03 9.971605482911113372e-01 1.821791363400738550e+00
9.956511539265026078e-01 5.360477596732595579e-02 -7.619256970542929996e-02 4.723865205179987470e+01 -5.376791145975374359e-02 9.985534555632809006e-01 -8.988819092816931547e-05 7.947799253015255250e-01 7.607753533126578038e-02 4.186212622834634481e-03 9.970931171369082913e-01 1.861329927413611696e+00
9.952924629377253307e-01 5.839490370038363798e-02 -7.734952127311149617e-02 4.789945693453628195e+01 -5.859609532914115959e-02 9.982817174154748896e-01 -3.320936435236595922e-04 7.565422634097639376e-01 7.719722036145347521e-02 4.862910222571298000e-03 9.970039825761141117e-01 1.905610560806664244e+00
9.948219492923939811e-01 6.377685953156275733e-02 -7.913154487543345994e-02 4.859037171989717052e+01 -6.398544814522202917e-02 9.979508265994669891e-01 -1.005738324526433448e-04 7.050483490204100256e-01 7.896297633534675453e-02 5.163320417326703465e-03 9.968641775540595384e-01 1.943715804833680005e+00
9.943646376136676679e-01 6.879935278585393166e-02 -8.065740213822343574e-02 4.928609403292641389e+01 -6.897975207490562866e-02 9.976179079337655908e-01 5.509750822419549887e-04 6.588713232304787004e-01 8.050317550956627433e-02 5.015857464512932760e-03 9.967417317975462154e-01 1.996215011267441941e+00
9.940652005995935792e-01 7.384855333741931205e-02 -7.987971035788785090e-02 4.999325620632028944e+01 -7.399804874998523740e-02 9.972577892385382503e-01 1.091138972787550343e-03 5.960525330477502992e-01 7.974124239115243373e-02 4.826279419331595648e-03 9.968039131588930513e-01 2.045481815114996493e+00
9.936823453837776432e-01 7.928683657859533773e-02 -7.942917611277389156e-02 5.068404943377373684e+01 -7.948427808473731981e-02 9.968358892357862544e-01 6.778413144046093256e-04 5.210282328843498512e-01 7.923159729516424110e-02 5.639811775093699076e-03 9.968402813456117562e-01 2.097422969325402065e+00
9.932664047051602552e-01 8.412208223985266631e-02 -7.965754555417940697e-02 5.137630083927491853e+01 -8.433182106696281155e-02 9.964374571089585908e-01 7.335023940536625556e-04 4.487974586330938931e-01 7.943546588026327571e-02 5.989102592524187321e-03 9.968220189233992778e-01 2.138986180780737545e+00
9.927331694024335018e-01 8.826158059080539686e-02 -8.179699114155776496e-02 5.206130982703727028e+01 -8.862441929746316116e-02 9.960647862100807659e-01 -8.086881064112592596e-04 3.755907731206407085e-01 8.140372640356675904e-02 8.052022347135995989e-03 9.966486834706271836e-01 2.192049492463965077e+00
