1.000000000000000000e+00 0.000000000000000000e+00 0.000000000000000000e+00 0.000000000000000000e+00 0.000000000000000000e+00 1.000000000000000000e+00 0.000000000000000000e+00 0.000000000000000000e+00 0.000000000000000000e+00 0.000000000000000000e+00 1.000000000000000000e+00 0.000000000000000000e+00
9.999999995969379718e-01 2.445824693239750862e-05 -1.441936943031323006e-05 -5.761853747959142479e-03 -2.445783138483999006e-05 9.999999992856635211e-01 2.881817725320421120e-05 2.467926568531924290e-03 1.442007426210834846e-05 -2.881782457508249882e-05 9.999999994807972081e-01 1.373867411082756998e-03
9.999999879963147320e-01 1.249787102051147514e-04 -9.158434537637276081e-05 2.796529006579754825e-03 -1.249760077099543155e-04 9.999999917549784456e-01 2.951339412703470608e-05 3.228408344901271491e-03 9.158803316718964831e-05 -2.950194792691134389e-05 9.999999953706336653e-01 -4.070154608979068001e-03
9.999999983636920220e-01 -1.068107059389309846e-05 -5.620080686382808129e-05 -8.519003696827273653e-03 1.068461820822117823e-05 9.999999979506009051e-01 6.312398224329495886e-05 -3.790949079644943473e-04 5.620013251693969307e-05 -6.312458262416901697e-05 9.999999964284160825e-01 -4.478580889623832301e-04
9.999999991031375268e-01 -1.867901454033324735e-05 -3.801077989812676194e-05 -2.061955182936690834e-03 1.868003502951415810e-05 9.999999994651425084e-01 2.684718442600016628e-05 -2.788004628528513267e-03 3.801027839884814753e-05 -2.684789444462193036e-05 9.999999989172047021e-01 -1.540552754132839229e-04
9.999999974505446865e-01 -4.460851669351778212e-05 -5.575832486498324584e-05 -4.608216335319960215e-03 4.461035594607116930e-05 9.999999984609416748e-01 3.298534310076126579e-05 1.980756780850679438e-04 5.575685335193957345e-05 -3.298783041538579580e-05 9.999999979014881912e-01 -2.112074663336310602e-03
9.999999782130877257e-01 2.087065989931382020e-04 -3.921682486178976652e-06 -7.558892039185562996e-03 -2.087066986864942572e-04 9.999999778972139541e-01 -2.543787753395285926e-05 2.967531414368405288e-03 3.916373346593151739e-06 2.543869546114504212e-05 9.999999996687674031e-01 6.284167529182690948e-05
9.999999851095120462e-01 1.400269071761891940e-04 -1.008634771815660570e-04 -9.605598944687852164e-04 -1.400240700337387499e-04 9.999999898008392618e-01 2.813505343571364893e-05 2.684905122635078325e-03 1.008674158173590829e-04 -2.812092970217625225e-05 9.999999945174888882e-01 -2.642870803503920805e-03
9.999999987149645886e-01 4.305767172885064829e-05 -2.676018925524868095e-05 -6.080853966496978583e-03 -4.305744068573919350e-05 9.999999990357523183e-01 8.634353117899584511e-06 -9.607455377611392663e-04 2.676056100458737040e-05 -8.633200881542537209e-06 9.999999996046701201e-01 -1.137654903533184998e-03
9.999999990225666435e-01 -4.035738057108269751e-05 -1.805958099566119270e-05 -1.948581450515615709e-03 4.035783444570350024e-05 9.999999988698036191e-01 2.513240952761220287e-05 -3.071521020560266831e-03 1.805856669703434633e-05 -2.513313834862693203e-05 9.999999995211067416e-01 -5.865629279844247626e-04
9.999999836720150359e-01 1.696079374858172519e-04 -6.236278657040545824e-05 -2.616784838012778565e-03 -1.696075225248743119e-04 9.999999855944714522e-01 6.659211732796705969e-06 4.035394762779111015e-03 6.236391512720384578e-05 -6.648634426337243111e-06 9.999999980332688887e-01 -1.333778459806893822e-03
9.999999919455994091e-01 1.242324229274507366e-04 -2.598280804931598262e-05 -2.733023761198468630e-03 -1.242324759341466116e-04 9.999999922810682840e-01 -2.038464019367990577e-06 3.446103247402496766e-03 2.598255460543228456e-05 2.041691911525073035e-06 9.999999996603691210e-01 -2.191903489778152317e-03
9.999999917116930703e-01 1.266228262038696236e-04 -2.330823285250395585e-05 2.199175306733143053e-03 -1.266234750991312031e-04 9.999999915957045182e-01 -2.784037499088946971e-05 8.765994439919578239e-04 2.330470742965076058e-05 2.784332612958210148e-05 9.999999993408199561e-01 -6.502883299332128629e-04
9.999999438408961883e-01 -1.180163188281505428e-04 3.136723656897274972e-04 -2.426955885571295893e-02 1.180887920185919580e-04 9.999999663380217951e-01 -2.310389414894513209e-04 1.788379113645917860e-03 -3.136450887655146697e-04 2.310759697052653240e-04 9.999999241153243457e-01 2.095754858118829920e-03
9.999993678003328279e-01 1.423752736433812340e-04 -1.115404956126724413e-03 -9.569431342090431447e-02 -1.434419857616784863e-04 9.999995324347428216e-01 -9.563235291307160477e-04 2.792906459834062702e-02 1.115268277777967500e-03 9.564829204451344262e-04 9.999989206579632528e-01 -9.608370063589714849e-03
9.999984394036056656e-01 8.487804752547087306e-05 -1.764648993479589565e-03 -1.241315476435919107e-01 -8.575820132009120056e-05 9.999998719718063978e-01 -4.987002121755582974e-04 4.040872409822821032e-02 1.764606438854456841e-03 4.988507670294474537e-04 9.999983186546006486e-01 1.887044175444885230e-03
9.999972817107685152e-01 -9.028883298135262272e-05 -2.329896778935433652e-03 -1.334730682919071376e-01 9.025811986701501115e-05 9.999999958384594434e-01 -1.328732094578633191e-05 3.509519879403488751e-02 2.329897968936175696e-03 1.307699272425396481e-05 9.999972856985396286e-01 -1.110393564159354099e-03
9.999963687244474153e-01 9.422692462647631125e-05 -2.693261815275007839e-03 -8.372270399186787504e-02 -9.403110876143844872e-05 9.999999929267979759e-01 7.283237385452032240e-05 3.231732707327713422e-02 2.693268658995624093e-03 -7.257885898542656619e-05 9.999963705115332280e-01 -9.744507672010670543e-03
9.999961995503762191e-01 4.843402392948416876e-04 -2.714092728101736435e-03 -3.726473838134160971e-02 -4.841068497292387303e-04 9.999998790663302550e-01 8.664804036369260051e-05 4.515530452665433847e-02 2.714134367009147022e-03 -8.533380018170582575e-05 9.999963130895935803e-01 -1.808694418843452556e-02
9.999967315961574288e-01 6.068910187961459824e-04 -2.483642545538866132e-03 -4.831875709407434938e-03 -6.063111794098096025e-04 9.999997887662924745e-01 2.342095730844543559e-04 4.659004036440193147e-02 2.483784160596263883e-03 -2.327029473519676747e-04 9.999968883279496401e-01 -1.797065905753981313e-02
9.999970771928624602e-01 1.462189108145589350e-04 -2.413343274859840269e-03 -1.679846000934637207e-02 -1.456238341964677331e-04 9.999999589536794353e-01 2.467515719492753448e-04 3.662130517805115004e-02 2.413379255547071136e-03 -2.463994104411022855e-04 9.999970574396204182e-01 -1.457226613043919802e-02
9.999968727376968847e-01 1.041346750770514456e-04 -2.498733838547822269e-03 -1.263473380161403425e-02 -1.038680982262533189e-04 9.999999889010611209e-01 1.068143047828342220e-04 4.444204956704250753e-02 2.498744933887450236e-03 -1.065544320147018950e-04 9.999968724550634125e-01 -1.162582271027606286e-02
9.999970413125907065e-01 -2.121806749737738655e-05 -2.432471142372085327e-03 -1.096026370192626498e-02 2.130396629833790771e-05 9.999999991504672225e-01 3.528748428456192490e-05 4.384544083045056190e-02 2.432470391573398217e-03 -3.533920116316524221e-05 9.999970409150894524e-01 -8.368840021243217908e-03
9.999972830573872207e-01 -2.328409372617434500e-04 -2.319410041733607070e-03 -9.588811577496168109e-03 2.329764514503435797e-04 9.999999711699182336e-01 5.815613252836094937e-05 5.661831618238327007e-02 2.319396433736420522e-03 -5.869634244246768113e-05 9.999973084738391638e-01 -7.923228652576413955e-04
9.999965341040958355e-01 -5.456287720906761573e-04 -2.575668658621921465e-03 -1.556059521857337466e-02 5.458612692119109260e-04 9.999998470068179879e-01 8.956458727998944859e-05 6.131503731724501083e-02 2.575619395546397197e-03 -9.097023462151792455e-05 9.999966789490581931e-01 3.830953858001492993e-03
9.999920158073531962e-01 4.161538689699040608e-04 -3.974309688943349940e-03 5.008987994490778778e-02 -4.188541028159732085e-04 9.999996820221290772e-01 -6.786139412954525019e-04 8.780461177918906512e-02 3.974026017383609603e-03 6.802731790300876403e-04 9.999918721397764720e-01 -7.370405033035008768e-03
9.999753511286396668e-01 5.391710148454227072e-04 -7.000459254259825542e-03 1.652808329489354744e-01 -5.475045091514494982e-04 9.999991437824968799e-01 -1.188559247796272707e-03 9.674710742351827486e-02 6.999812423648244311e-03 1.192362734160107903e-03 9.999747901308032594e-01 -3.985525682994988522e-02
9.999730847622007035e-01 1.377887676169449861e-04 -7.335582146228867770e-03 2.215832697643378701e-01 -1.444642125891098812e-04 9.999995759818389729e-01 -9.094867967498955919e-04 9.312921968585906318e-02 7.335453718743927681e-03 9.105220467951235293e-04 9.999726806609980923e-01 -3.594956113189575614e-02
9.999728479477797416e-01 -8.720472146740685954e-04 -7.317301474044781741e-03 2.926239263059172147e-01 8.661098494536177955e-04 9.999992931854844169e-01 -8.145442040107038918e-04 7.217115639524337989e-02 7.318006623074221721e-03 8.081845005858492338e-04 9.999728964411374044e-01 -3.084291471695787754e-02
9.999724661274870252e-01 -1.651012459051159160e-03 -7.234718016058623406e-03 3.723575692024620465e-01 1.646910411591857729e-03 9.999984797257124303e-01 -5.729156657694818751e-04 6.391784939934828935e-02 7.235652908205017671e-03 5.609849587570017899e-04 9.999736649646669973e-01 -3.103558785478705701e-02
9.999720583542155428e-01 -1.896057442533979334e-03 -7.231008021564998625e-03 4.648664891548858202e-01 1.892048935365484843e-03 9.999980526287276517e-01 -5.611502282610964995e-04 6.866117253037566648e-02 7.232057913174381666e-03 5.474531277713651483e-04 9.999736984708215148e-01 -3.007254276848969274e-02
9.999703917500559758e-01 -2.171779918529038404e-03 -7.382343477856305285e-03 5.870965891199289022e-01 2.166276376719665411e-03 9.999973698026937141e-01 -7.534151274286900049e-04 5.962542764897989234e-02 7.383960312680441611e-03 7.374006238443749561e-04 9.999724663061582142e-01 -3.331533251520726879e-02
9.999694834580488134e-01 -1.972890120524901838e-03 -7.559091031030642019e-03 7.396852546215703095e-01 1.966783184417972372e-03 9.999977335700973580e-01 -8.152414206978552107e-04 7.510708120276718414e-02 7.560682280625430005e-03 8.003494492195243216e-04 9.999710973444235762e-01 -3.831465916800955163e-02
9.999685409012188941e-01 -2.212953194183074710e-03 -7.617089079666060705e-03 8.805950784885312466e-01 2.209342094135365291e-03 9.999974430163645067e-01 -4.824606139367551517e-04 9.995589310453846521e-02 7.618137265650613138e-03 4.656166806221583195e-04 9.999708731686680618e-01 -4.874210491672394119e-02
9.999695119496641027e-01 -2.353276785532707090e-03 -7.445620156933714304e-03 1.012532488738224989e+00 2.349441520875567360e-03 9.999971028705645359e-01 -5.238081877454726617e-04 1.125036044776733801e-01 7.446831251656686051e-03 5.062991687097101413e-04 9.999721437947465263e-01 -6.064065542268567283e-02
9.999683035180915169e-01 -2.991434886924720146e-03 -7.378568727557452932e-03 1.150487377867216665e+00 2.986681771261895640e-03 9.999953252683271288e-01 -6.551133411670607759e-04 1.136282215488347153e-01 7.380493963632178515e-03 6.330551396622954982e-04 9.999725633986379369e-01 -6.301868547659982001e-02
9.999649372169993056e-01 -3.653459902360390362e-03 -7.535022716919044690e-03 1.327935167760762258e+00 3.648499341780562111e-03 9.999931184275158147e-01 -6.719748249759104888e-04 1.117460299369409799e-01 7.537425897192493417e-03 6.444597382454596681e-04 9.999713855318511646e-01 -7.433515202743286310e-02
9.999711934052242235e-01 -3.961947501242415147e-03 -6.474205104025004126e-03 1.499216762402796776e+00 3.963262429979742298e-03 9.999921281401519257e-01 1.902856826710249869e-04 1.139572840295412087e-01 6.473400238104817794e-03 -2.159391750412380489e-04 9.999790240098188621e-01 -6.846260970086562314e-02
9.999715436867704366e-01 -3.974111662608100989e-03 -6.412351611583856636e-03 1.669914821794536097e+00 3.977017737105036088e-03 9.999919946075240818e-01 4.405119571092374437e-04 1.506341196644783442e-01 6.410549634486246290e-03 -4.660014578588276331e-04 9.999793436346697817e-01 -8.158538012699761977e-02
9.999697407707057728e-01 -3.966962890034643301e-03 -6.691841928539287582e-03 1.866196192338261506e+00 3.975781448941845785e-03 9.999912450043972889e-01 1.305019703189662676e-03 2.065874775782943207e-01 6.686606376759312437e-03 -1.331585515297968288e-03 9.999767578174892924e-01 -8.587169121543863914e-02
9.999669703008186028e-01 -5.063786943415250243e-03 -6.357386978430537572e-03 2.074449126237969843e+00 5.085875784490069378e-03 9.999810699803463043e-01 3.463170291291404849e-03 1.966608494114787387e-01 6.339729876466224795e-03 -3.495388784304702227e-03 9.999737946978111136e-01 -9.737579805372731379e-02
9.999656920416208905e-01 -5.791167213138910877e-03 -5.922594197792157428e-03 2.269150349096334285e+00 5.816600617197036430e-03 9.999738977813238394e-01 4.286130339420006832e-03 2.145469792328491276e-01 5.897617907450388233e-03 -4.320432656104999242e-03 9.999732756252447397e-01 -9.875459515270046396e-02
9.999675718469956953e-01 -5.922228448653801477e-03 -5.457331273191213736e-03 2.506030683750555710e+00 5.951888646118848325e-03 9.999675184098205660e-01 5.434808814426302613e-03 2.311384097913669333e-01 5.424967831019535461e-03 -5.467114001657536436e-03 9.999703397543975303e-01 -9.746529886353494376e-02
9.999667298448630115e-01 -6.569547613307124938e-03 -4.835312557354640335e-03 2.726516798599885494e+00 6.599513463109710730e-03 9.999589549059880733e-01 6.207650551894199932e-03 2.275737182397232217e-01 4.794332635628705160e-03 -6.239354732717907089e-03 9.999690419343482128e-01 -1.028501344270458667e-01
9.999597157193645947e-01 -7.684512412569158638e-03 -4.638448817070134518e-03 2.976260535190263123e+00 7.715233978444010002e-03 9.999481775613463519e-01 6.642089761516474337e-03 2.221576600089451570e-01 4.587167220123092130e-03 -6.677608907629248476e-03 9.999671831796138610e-01 -1.097695053381538971e-01
9.999576304372218560e-01 -8.280232259457558086e-03 -4.021825966628651827e-03 3.241208984062942999e+00 8.305410586553013674e-03 9.999457605418301531e-01 6.284594609813701389e-03 2.232078307926791960e-01 3.969569921941576082e-03 -6.317731250248357668e-03 9.999721640058208960e-01 -1.233634458308642545e-01
9.999471115007616540e-01 -8.781737300640283031e-03 -5.353063727048253985e-03 3.497275825580155484e+00 8.807502707368774705e-03 9.999496504604258318e-01 4.808787802757016373e-03 2.731874786905752472e-01 5.310564691535951155e-03 -4.855680596455668081e-03 9.999741097991499128e-01 -1.310737121796378413e-01
9.999208719312657756e-01 -9.898843081781134867e-03 -7.762910656410113366e-03 3.748328460030136533e+00 9.937883523169075556e-03 9.999380835302313919e-01 5.006753136308652805e-03 2.479309277976716741e-01 7.712868940741603868e-03 -5.083503863506519393e-03 9.999573339103887681e-01 -1.256130345607726351e-01
9.998778833686789991e-01 -1.061729384973082030e-02 -1.146697089378265547e-02 4.035964083963743398e+00 1.063786557385514725e-02 9.999419119848086401e-01 1.734494796112069333e-03 2.748291078679877542e-01 1.144788915927202888e-02 -1.856267080357893720e-03 9.999327477917319129e-01 -1.193457176978879319e-01
9.998260766283064704e-01 -1.083719169120363375e-02 -1.517800284279900366e-02 4.325544371832381607e+00 1.080247723003484144e-02 9.999388493688506907e-01 -2.367278731702694532e-03 2.891346260533536605e-01 1.520272935174755286e-02 2.202906976497198341e-03 9.998820051491628114e-01 -1.280343962694411308e-01
9.997961968667350430e-01 -1.096205784322178654e-02 -1.695281742527175381e-02 4.638401411283799902e+00 1.088104692968787889e-02 9.999289721088108207e-01 -4.863492071634957156e-03 2.882330636577319360e-01 1.700492718380963372e-02 4.678036474717336621e-03 9.998444621170907709e-01 -1.231107519706629294e-01
9.997641837135295972e-01 -1.126467992627044022e-02 -1.856566588567416798e-02 4.952763361366709027e+00 1.111742019415608469e-02 9.999060685493188494e-01 -8.016049305701222066e-03 3.092562347602200168e-01 1.865422021544659026e-02 7.807756681886438704e-03 9.997955085935074093e-01 -1.367011561886483095e-01
9.997530193640968843e-01 -1.136707296421738192e-02 -1.909685640616741453e-02 5.262544548796539878e+00 1.116860279657723096e-02 9.998828397498085163e-01 -1.046752527730209978e-02 3.360981589141435744e-01 1.921360413727488115e-02 1.025165479738902527e-02 9.997628423731156344e-01 -1.441832501350112095e-01
9.997434509855843698e-01 -1.183029050265726675e-02 -1.931518672074131193e-02 5.565819107463165771e+00 1.160250675605094955e-02 9.998623188259053718e-01 -1.186276650108674703e-02 3.407914799900972347e-01 1.945286735702879410e-02 1.163561853561086330e-02 9.997430661589424838e-01 -1.562854472737748857e-01
9.997160253993908618e-01 -1.257328245347689132e-02 -2.024305135076032505e-02 5.913902022385818746e+00 1.235152897786141908e-02 9.998627413285088306e-01 -1.104256469070452606e-02 3.594849685337354050e-01 2.037911410129200976e-02 1.078939624744753092e-02 9.997341049684471681e-01 -1.706477670350045606e-01
9.997601576567454185e-01 -1.309889569653896295e-02 -1.755124194154923656e-02 6.248231906387372803e+00 1.296801551682411936e-02 9.998874060950504461e-01 -7.550212319337694898e-03 3.729330937087571574e-01 1.764816522234004953e-02 7.320796680885410627e-03 9.998174574392277858e-01 -1.865610948457113449e-01
9.998659544629392437e-01 -1.391040954684245531e-02 -8.635601435600137252e-03 6.606217946998720336e+00 1.388233489791549854e-02 9.998981819106574909e-01 -3.302512610691353458e-03 4.065296171840145911e-01 8.680661478109969256e-03 3.182187612440882680e-03 9.999572589857537164e-01 -1.899737081228998481e-01
9.998703688652342825e-01 -1.575818972086414499e-02 3.305286980224566608e-03 6.977053078385965890e+00 1.576071398907776672e-02 9.998755190997814513e-01 -7.390531083627594530e-04 4.404362233783862823e-01 -3.293229396030413272e-03 7.910509868168122492e-04 9.999942644227922672e-01 -2.035661751611629322e-01
9.997282784810711531e-01 -1.683541459790245318e-02 1.612259348214880109e-02 7.326962235321931693e+00 1.684737271704009678e-02 9.998578892054981182e-01 -6.061567940732442809e-04 4.535141976442377820e-01 -1.611009738664006055e-02 8.776154297875319449e-04 9.998698388057069009e-01 -2.187741512328965632e-01
9.995785526351581574e-01 -1.816550668795818835e-02 2.264357477458252277e-02 7.680714876409173719e+00 1.827889454308254807e-02 9.998213540550358047e-01 -4.810612210279467151e-03 4.649345695424152991e-01 -2.255214238349054212e-02 5.222484305823167465e-03 9.997320273611275399e-01 -2.409940306418053013e-01
9.995556064991273360e-01 -1.988308864698022649e-02 2.220928414015146610e-02 8.037506568366769244e+00 2.006738742484616422e-02 9.997657653485779727e-01 -8.106441815824967298e-03 4.681343525780660153e-01 -2.204290085498692917e-02 8.548521675035723397e-03 9.997204775831435297e-01 -2.428351700698802296e-01
9.996051157949882304e-01 -2.068019407021981504e-02 1.902477462957603144e-02 8.435935944426834254e+00 2.083915795687488887e-02 9.997492489624557610e-01 -8.195650959748475642e-03 5.153030723324893980e-01 -1.885051649521923833e-02 8.588874910234361656e-03 9.997854216058762455e-01 -2.709722882579186365e-01
9.995717067008919043e-01 -2.253175729965069263e-02 1.867412852199128864e-02 8.807878865951701997e+00 2.263667972796615246e-02 9.997290309166712019e-01 -5.426368334985608687e-03 5.209716502489575296e-01 -1.854680279616131855e-02 5.846764524340437343e-03 9.998108978455061413e-01 -2.868133141615856752e-01
9.995825700124770785e-01 -2.348292418366639336e-02 1.682967614173322760e-02 9.214678588362641420e+00 2.351938249727958050e-02 9.997214368387452588e-01 -1.971641960751847542e-03 5.804587009175843360e-01 -1.677868809526262064e-02 2.366642528755535414e-03 9.998564270078694749e-01 -3.194937322281660164e-01
9.996279161182630713e-01 -2.477832379840162400e-02 1.140455991260858407e-02 9.628334082781027092e+00 2.477663597373506651e-02 9.996929701793881851e-01 2.892814164197732947e-04 6.374298435766024840e-01 -1.140822628122937013e-02 -6.607150072082879815e-06 9.999349240472911182e-01 -3.419270801904386037e-01
9.996488022582644684e-01 -2.601787909394512321e-02 5.034094861060531279e-03 1.003686330778062441e+01 2.600315095076400490e-02 9.996574508806977954e-01 2.969349985618298816e-03 6.592720603826373038e-01 -5.109626625212816339e-03 -2.837404828036304855e-03 9.999829202789379812e-01 -3.415636133192394008e-01
9.996222725960288713e-01 -2.748012200934769542e-02 3.937312558929310057e-04 1.045993120462423676e+01 2.747878513620323135e-02 9.996176648971677459e-01 3.072522249248088155e-03 6.628659398721319373e-01 -4.780140048984937414e-04 -3.060542416813147228e-03 9.999952022798539453e-01 -3.733212643134696251e-01
9.995875445924217173e-01 -2.871827896166817204e-02 -3.389945583915852223e-05 1.090218704025066820e+01 2.871826893217753821e-02 9.995840954416247426e-01 2.626246311361328262e-03 6.763819144512159820e-01 -4.153591729077807908e-05 -2.626136635558018375e-03 9.999965508346211340e-01 -3.903574702308383326e-01
9.995916027742063337e-01 -2.857476644349606423e-02 3.322438758106222912e-04 1.136710655693842575e+01 2.857320223468485035e-02 9.995836207893351588e-01 4.019597459745413368e-03 7.591552077813645827e-01 -4.469645949769592464e-04 -4.008462595839272849e-03 9.999918661920549345e-01 -4.029677033649738949e-01
9.995489653682808617e-01 -3.001293702085984852e-02 1.043763661534450986e-03 1.181704209757984358e+01 3.000652746588651845e-02 9.995334899205239321e-01 5.693051619015584638e-03 7.942789462502284348e-01 -1.214141934963773248e-03 -5.659164132597515814e-03 9.999832497200551451e-01 -4.220208275898884032e-01
9.995087690471538000e-01 -3.133574498187558649e-02 5.400780261168946052e-04 1.231430719868283141e+01 3.133160465985906223e-02 9.994881349683343297e-01 6.465184216940741101e-03 8.150640760223031300e-01 -7.423929429438564905e-04 -6.445086807137755981e-03 9.999789546329296286e-01 -4.444892161829503974e-01
9.994747346326353643e-01 -3.240347949047766435e-02 -5.189874114769972742e-04 1.280047982182743027e+01 3.240568670868827078e-02 9.994620890709142724e-01 5.040236000633717059e-03 8.374429750944956119e-01 3.553870586026040834e-04 -5.054406682681316862e-03 9.999871632541712518e-01 -4.460156311239068527e-01
9.994550447448498076e-01 -3.290540869124885387e-02 -2.616794400040392283e-03 1.331315758910987057e+01 3.291523682794295774e-02 9.994509005611433849e-01 3.805857601099730918e-03 9.076892248735177748e-01 2.490124219918844663e-03 -3.889915986407022769e-03 9.999893338606107296e-01 -4.668883364469837427e-01
9.994336220412456395e-01 -3.341040972783899249e-02 -4.022394229123682149e-03 1.383415286564926561e+01 3.342659232355447291e-02 9.994330686613672743e-01 4.025443051101583111e-03 9.629455715147366979e-01 3.885622106105469931e-03 -4.157618060944754529e-03 9.999838079453625683e-01 -5.060017124653296561e-01
9.993649722933782842e-01 -3.541133307536784708e-02 -3.961015385054392039e-03 1.436773724041067801e+01 3.543304132032288473e-02 9.993566329904690626e-01 5.551547599118155686e-03 9.640644156097446515e-01 3.761879297315271452e-03 -5.688373034387153755e-03 9.999767450677911063e-01 -5.069169453991814178e-01
9.993249405672528507e-01 -3.648883662102138381e-02 -4.269421775945319956e-03 1.488668399855707847e+01 3.651620307116917874e-02 9.993118057738711313e-01 6.517802868301214407e-03 1.011935810383665757e+00 4.028656540540738289e-03 -6.669306036561072591e-03 9.999696446810117934e-01 -5.321539263116955576e-01
9.992645692321610040e-01 -3.831472055807323002e-02 -1.517519627715963352e-03 1.544150495161533776e+01 3.832350563344832234e-02 9.992457811825184999e-01 6.259209606759926978e-03 1.057009544699659020e+00 1.276555218859428591e-03 -6.312763063434402577e-03 9.999792594995549067e-01 -5.421865328358345115e-01
9.992208253116532379e-01 -3.944385054929751971e-02 1.387413904834499312e-03 1.600081706747952737e+01 3.943832629152359964e-02 9.992147577387726631e-01 3.806092007437481255e-03 1.085386465718305882e+00 -1.536451373120848547e-03 -3.748409114603507095e-03 9.999917943394773800e-01 -5.576335140257067113e-01
9.992106073230073715e-01 -3.965173300844269250e-02 2.429461383492321179e-03 1.656509221106335872e+01 3.964626664462637257e-02 9.992112256237974943e-01 2.258346415336149205e-03 1.129820285122179246e+00 -2.517092435706531905e-03 -2.160244619401011350e-03 9.999944987792954709e-01 -5.862763571331921497e-01
9.991817077362867838e-01 -4.036971157414832173e-02 2.490243485623645954e-03 1.714735513140590939e+01 4.036441286661710676e-02 9.991827277911422556e-01 2.142582037035007953e-03 1.183653618652084072e+00 -2.574703697688611112e-03 -2.040311562537614528e-03 9.999946040002399839e-01 -6.170975713161047649e-01
9.991400511540088347e-01 -4.138148737006644429e-02 2.594355990520776523e-03 1.772950975823134456e+01 4.137145145049665740e-02 9.991365724065044418e-01 3.809551766424786046e-03 1.245469424560749605e+00 -2.749760870279131710e-03 -3.698943473872369839e-03 9.999893782597559788e-01 -6.354437787818768557e-01
9.990627721747687984e-01 -4.323349228645098630e-02 2.107699974737040852e-03 1.830039824392337167e+01 4.322122120779234300e-02 9.990500764405907397e-01 5.556149868099938098e-03 1.283260343033089335e+00 -2.345909583339736513e-03 -5.459845122994632337e-03 9.999823432438493809e-01 -6.523769128439648179e-01
9.990274057857871925e-01 -4.394378225759956041e-02 3.631320671143288027e-03 1.887648185920069821e+01 4.392481309417762408e-02 9.990215751429454283e-01 5.148125246123689061e-03 1.359022163829150864e+00 -3.853995791585215595e-03 -4.983613127530274120e-03 9.999801549614040219e-01 -6.665173766871171912e-01
9.989584306925201052e-01 -4.545631719888424543e-02 3.972024049767775185e-03 1.945583144205735948e+01 4.544684352762986407e-02 9.989637694547820468e-01 2.443712353798889719e-03 1.418007996397670611e+00 -4.078990281018179433e-03 -2.260651102537084966e-03 9.999891255883135432e-01 -6.894754653685715162e-01
9.988896491057053240e-01 -4.699237308917181971e-02 3.344515051383405504e-03 2.006415605403934777e+01 4.698956541321356456e-02 9.988949628362222555e-01 9.132155821607936290e-04 1.433614805784861890e+00 -3.383733405304558024e-03 -7.550442836399996879e-04 9.999939901101263517e-01 -7.049862440654071083e-01
9.988715125809830564e-01 -4.743522411053405219e-02 2.366615254421036187e-03 2.068164297965818932e+01 4.743691901322398541e-02 9.988740141745581225e-01 -6.652227728019928987e-04 1.489288645628322527e+00 -2.332395487878989940e-03 7.767370134314734902e-04 9.999969783008847424e-01 -7.302514127353422202e-01
9.988438558408245793e-01 -4.806726628196768963e-02 6.996865102058281429e-04 2.129143716057815894e+01 4.806769710865354400e-02 9.988438923636014932e-01 -6.125215104271484502e-04 1.570231531363339483e+00 -6.694353627431593118e-04 6.454456665040833943e-04 9.999995676279999079e-01 -7.574845480732087522e-01
9.988130734779823161e-01 -4.870470133488296466e-02 -5.443503894665601079e-04 2.189844484533730196e+01 4.870464130170030354e-02 9.988132171654392488e-01 -1.230093403996271469e-04 1.629632522291089458e+00 5.496954969539195315e-04 9.635094688964127799e-05 9.999998442756656836e-01 -7.742948276540134733e-01
9.987849658213022730e-01 -4.925427638834645877e-02 -1.615025324989256611e-03 2.249449021854611530e+01 4.925468358538951513e-02 9.987862287016263663e-01 2.133093660345581190e-04 1.701924168909807022e+00 1.602558655132749069e-03 -2.925977492289264762e-04 9.999986730952766800e-01 -8.011173228953497594e-01
9.987297264200661884e-01 -5.033468083962744366e-02 -2.313756614815825133e-03 2.310767874597810234e+01 5.033774537696704410e-02 9.987314243274052483e-01 1.285865979045513899e-03 1.733953873106716115e+00 2.246097785804173318e-03 -1.400701868805868900e-03 9.999964965333685285e-01 -8.184476120213296513e-01
9.987299935569230458e-01 -5.030484779712548343e-02 -2.796829972743403430e-03 2.374980363210899625e+01 5.030867256516669689e-02 9.987328520961114009e-01 1.314385292703673744e-03 1.800454599076400042e+00 2.727166023409670088e-03 -1.453420818232446614e-03 9.999952250553029165e-01 -8.369346664165251415e-01
9.987009382508788002e-01 -5.090847899839059248e-02 -2.182361767614848704e-03 2.438667926093301475e+01 5.091052873319374533e-02 9.987028179304021647e-01 8.941599300800907998e-04 1.825213730057667405e+00 2.134010525038837914e-03 -1.004103552593706150e-03 9.999972188837000786e-01 -8.550977294855615085e-01
9.987008938770622901e-01 -5.094494043534121552e-02 -1.066589516291873568e-03 2.501603463419600359e+01 5.094593328628210793e-02 9.987009840860695542e-01 9.253470192402611606e-04 1.862508514525743841e+00 1.018062250759363494e-03 -9.784832936025776237e-04 9.999990030593519652e-01 -8.864866294906577071e-01
9.987312454729551092e-01 -5.033017602942290586e-02 1.665141701825659411e-03 2.566978435472667996e+01 5.032601480973420555e-02 9.987298306425178573e-01 2.453083394008596149e-03 1.923640217499767990e+00 -1.786490808895441467e-03 -2.366171087400845054e-03 9.999956048328286773e-01 -9.125206003122459109e-01
9.987601577936539021e-01 -4.959622815720907130e-02 4.285015352793690620e-03 2.633135925933580879e+01 4.958612623261567098e-02 9.987668892588561498e-01 2.432489554123777164e-03 2.012392903957572532e+00 -4.400373761252545333e-03 -2.216996338715754387e-03 9.999878607453169810e-01 -9.333780466967228628e-01
9.987946639157428974e-01 -4.882049009052377014e-02 5.077310386343585405e-03 2.700085149535323836e+01 4.881159733758450719e-02 9.988062699107451703e-01 1.860954684328570757e-03 2.082344177711924704e+00 -5.162102167888097531e-03 -1.610879978360243688e-03 9.999853787765616842e-01 -9.643469515980754858e-01
9.988106081406221692e-01 -4.852814845268441091e-02 4.731582559224781735e-03 2.767097652835455790e+01 4.852192627595702801e-02 9.988211066190012533e-01 1.421141394908730397e-03 2.121095275860726659e+00 -4.794969888448448979e-03 -1.189865600795292225e-03 9.999877961673436788e-01 -9.827188259555430516e-01
9.988703868080784920e-01 -4.746868455754794935e-02 2.162023185724796549e-03 2.838947308564248218e+01 4.746470641902329757e-02 9.988711920761462748e-01 1.855609046782318071e-03 2.186536715960132327e+00 -2.247665997325037045e-03 -1.750893130542474944e-03 9.999959411771679463e-01 -1.020625569603813787e+00
9.989245018312008506e-01 -4.636596203429343976e-02 -1.928883656573119384e-04 2.907175496171863216e+01 4.636631477080573049e-02 9.989208294015763379e-01 2.709509594260418788e-03 2.261735096489164931e+00 6.705118722528420486e-05 -2.715539044331141075e-03 9.999963106691128756e-01 -1.046691332368253402e+00
9.989566252329228346e-01 -4.558174792499584266e-02 -2.822261389705385971e-03 2.978982426098129466e+01 4.558995323797680049e-02 9.989559854983471876e-01 2.914652772632916194e-03 2.309497096649627323e+00 2.686459939916034743e-03 -3.040278462257175671e-03 9.999917697860634114e-01 -1.070323925588345215e+00
9.990167818525638177e-01 -4.413961589417318004e-02 -4.142932012696953943e-03 3.050003568874222637e+01 4.415049778633050453e-02 9.990215781253484195e-01 2.572933181710676358e-03 2.345930280296628201e+00 4.025310195028455017e-03 -2.753315937769772528e-03 9.999881079938803818e-01 -1.078220023258726901e+00
9.991206232087116446e-01 -4.160007347305436087e-02 -5.235853900944611831e-03 3.123372663589756115e+01 4.161375431842079253e-02 9.991305652006370330e-01 2.531626627620841511e-03 2.417097772285645707e+00 5.125985813643382273e-03 -2.747283911801358478e-03 9.999830882072687777e-01 -1.111253597280151828e+00
9.992570675008949355e-01 -3.846848568638888688e-02 -2.342788617880367259e-03 3.194919868704733901e+01 3.847974850139732061e-02 9.992470268270112754e-01 4.968735517947958993e-03 2.487645467938366828e+00 2.149884829749486911e-03 -5.055193999660190923e-03 9.999849113905892040e-01 -1.139504077344331456e+00
9.993668600565877025e-01 -3.555046474723435462e-02 1.429502323308071750e-03 3.266777627841784692e+01 3.554025241548613295e-02 9.993462703008213488e-01 6.627404777232025201e-03 2.551794819121061320e+00 -1.664175135082920053e-03 -6.572403829147505094e-03 9.999770167503982954e-01 -1.167804186207072936e+00
9.994277471416700420e-01 -3.340790587418066004e-02 5.300006455467625756e-03 3.340474218938935991e+01 3.337907406781043251e-02 9.994279678952298074e-01 5.438235300833060316e-03 2.595269975622774172e+00 -5.478654734671485442e-03 -5.258213947100960454e-03 9.999711673485315311e-01 -1.172036381730365395e+00
9.995099294295334280e-01 -3.090270026266031880e-02 4.992403053164896388e-03 3.414406169680253811e+01 3.089299937907676388e-02 9.995206789508427336e-01 2.008715761567966569e-03 2.618693314110043691e+00 -5.052084830388253907e-03 -1.853501044667265566e-03 9.999855203815423144e-01 -1.212632641549531876e+00
9.996291912633606946e-01 -2.698705652465483232e-02 3.630255403484883726e-03 3.488624101715014092e+01 2.698401501663319144e-02 9.996354741068611549e-01 8.842175824582618193e-04 2.696986930323591380e+00 -3.652794511269501134e-03 -7.859308405317464233e-04 9.999930196781237068e-01 -1.257195423756208630e+00
9.997135999822875929e-01 -2.378725269895063527e-02 2.623855844171898207e-03 3.559011976919018139e+01 2.378039700487492858e-02 9.997137894232092092e-01 2.613800944555687462e-03 2.731244597543277308e+00 -2.685280012450224404e-03 -2.550656018260900708e-03 9.999931416890474045e-01 -1.265746736375866988e+00
9.997895660047992905e-01 -2.050924714153743236e-02 4.410097759536255914e-04 3.632694591546199092e+01 2.050732460460533493e-02 9.997817255457672747e-01 3.993858070761759603e-03 2.788116532240824341e+00 -5.228245370069448464e-04 -3.983973696622378734e-03 9.999919272714595797e-01 -1.297703186481421467e+00
9.998404533571586539e-01 -1.779914981111285072e-02 -1.502696427454248626e-03 3.707150478911857050e+01 1.780808537785584511e-02 9.998224562397372006e-01 6.158578887521381530e-03 2.816398035944449152e+00 1.392812164837435151e-03 -6.184356453212307321e-03 9.999799067028962707e-01 -1.319437702427771031e+00
9.998896702152719751e-01 -1.479115926712325398e-02 -1.367115331374720542e-03 3.778277237808379141e+01 1.480074546358944691e-02 9.998638863680178179e-01 7.290176319238225039e-03 2.818269044912617094e+00 1.259099089318365707e-03 -7.309606321693341846e-03 9.999724917841016358e-01 -1.322784216779504307e+00
9.999380392977558207e-01 -1.081885503470932271e-02 -2.621057248082201904e-03 3.851633440319083235e+01 1.083472996503536713e-02 9.999225731770304826e-01 6.120153397651892889e-03 2.868009670690053525e+00 2.554641255547281976e-03 -6.148172636155402153e-03 9.999778366450385869e-01 -1.332752237513977311e+00
9.999616745091447489e-01 -6.081140556775376307e-03 -6.298352355650308800e-03 3.922577060820495376e+01 6.112633589419914915e-03 9.999688519450821156e-01 4.993080235280795282e-03 2.906762581970471881e+00 6.267792551503242708e-03 -5.031388393197049058e-03 9.999676994320206846e-01 -1.369084200532967976e+00
9.999608674330371372e-01 -2.069018219336353492e-03 -8.601323513038871063e-03 3.993108107407223883e+01 2.128299739525702124e-03 9.999740076778678155e-01 6.888708796443703854e-03 2.893738538643005676e+00 8.586847080659812045e-03 -6.906745418177816752e-03 9.999392796189885413e-01 -1.389925458912067091e+00
9.999596549883008612e-01 3.074319515298945711e-03 -8.440198765198443989e-03 4.067278884112379700e+01 -2.994144137408239967e-03 9.999504341877647473e-01 9.495486748199459884e-03 2.926466234522396181e+00 8.468972580108471634e-03 -9.469832481024136397e-03 9.999192961315521710e-01 -1.424104269257119748e+00
9.999442316750550841e-01 7.974755879080612161e-03 -6.923641271245853379e-03 4.136580679888116663e+01 -7.899201848873016810e-03 9.999096961308077125e-01 1.087208322938128247e-02 2.954264267793879295e+00 7.009718249301521986e-03 -1.081678567158015844e-02 9.999169270483425631e-01 -1.432750706830462351e+00
9.998994951041899615e-01 1.247822614251817633e-02 -6.730049236242931568e-03 4.206585104070321535e+01 -1.240167032025413923e-02 9.998592504431346173e-01 1.129946355189991557e-02 2.936888105367070345e+00 6.870099246284996908e-03 -1.121486404862596063e-02 9.999135105401452117e-01 -1.464177304470100749e+00
9.998116464508850498e-01 1.868563918070295995e-02 -5.245808763102512845e-03 4.276756824756407838e+01 -1.861632511795381986e-02 9.997426383871798050e-01 1.296493076507788424e-02 2.963281651421527663e+00 5.486716711577735092e-03 -1.286483109291372377e-02 9.999021912470628104e-01 -1.463990212816966618e+00
9.996956775367749071e-01 2.453088661437317908e-02 -2.605362969218724331e-03 4.344224389321045265e+01 -2.449370782430605048e-02 9.996094495077109121e-01 1.345387423415962160e-02 2.962617156860185563e+00 2.934380906790710550e-03 -1.338596491866845227e-02 9.999060982671773568e-01 -1.476830133795697497e+00
9.995078266841745940e-01 3.134182560298785780e-02 1.339539081153413467e-03 4.412560001841994506e+01 -3.135656001234032875e-02 9.994244226010590149e-01 1.294564222942990415e-02 3.006219818218029527e+00 -9.330280116598363167e-04 -1.298127406735541910e-02 9.999153044044868377e-01 -1.507655500101378498e+00
9.992760248138781165e-01 3.767496897253602706e-02 5.293670285556847585e-03 4.483799147677520835e+01 -3.773638687462467500e-02 9.992153693158990491e-01 1.202542425613761616e-02 2.968021853514128949e+00 -4.836459223687718939e-03 -1.221648213725606315e-02 9.999136793875598173e-01 -1.516932266916283911e+00
9.990189606687269741e-01 4.371908421080187429e-02 7.053927994050760743e-03 4.553151278419278469e+01 -4.379364275608273877e-02 9.989823695025085160e-01 1.078620773516683271e-02 2.957976299904912398e+00 -6.575186577507945336e-03 -1.108454324374194208e-02 9.999169464623292036e-01 -1.556148050211774381e+00
9.987570824902025635e-01 4.938195619629728861e-02 6.761107741020312527e-03 4.623294476530170982e+01 -4.944680500859288674e-02 9.987288160868476039e-01 9.785979368763433189e-03 2.938197590996672215e+00 -6.269262325098693030e-03 -1.010813137976779991e-02 9.999292585127752542e-01 -1.582060753902078343e+00
9.984797664853949373e-01 5.481360553900459925e-02 5.798669423726404010e-03 4.691322091333903188e+01 -5.487077558526758797e-02 9.984412830305164910e-01 1.020795410683503560e-02 2.918399059697852849e+00 -5.230096169522899241e-03 -1.051061312152871963e-02 9.999310841782382830e-01 -1.598390331469780046e+00
9.981773013837621500e-01 6.023735213884728185e-02 3.679185987507549004e-03 4.761636659709394337e+01 -6.027168589892058920e-02 9.981312198742836594e-01 1.006934909397408720e-02 2.916671763814489449e+00 -3.065759470672580703e-03 -1.027274644751684923e-02 9.999425342484902224e-01 -1.631137042014088046e+00
9.978427778111264024e-01 6.561803667974885901e-02 2.015944560262754141e-03 4.832426720701796086e+01 -6.563559301322280382e-02 9.977890597178450394e-01 1.043844994149688982e-02 2.881997090272903961e+00 -1.326536836087013112e-03 -1.054824960236027190e-02 9.999434857682452105e-01 -1.646097132076811631e+00
9.975225592022121113e-01 7.032247610415567896e-02 1.869020398391425851e-03 4.898975162524492077e+01 -7.033890483717644693e-02 9.974619700155894497e-01 1.104793369485555267e-02 2.860398819361406275e+00 -1.087358715322057955e-03 -1.115202794112985819e-02 9.999372229914358368e-01 -1.681240619129179326e+00
9.971397173748897114e-01 7.544048906183709047e-02 4.595284935232540544e-03 4.967911609093889780e+01 -7.548602701545903404e-02 9.970893629729740137e-01 1.070803303927331425e-02 2.846343532287842315e+00 -3.774090479377229662e-03 -1.102428484118666945e-02 9.999321083877614758e-01 -1.696576585515086055e+00
9.967326343151194923e-01 8.061175158235366067e-02 5.079487972927479618e-03 5.036504730330983648e+01 -8.065389672465390902e-02 9.967039821899863483e-01 8.724725196371161534e-03 2.807967873033772044e+00 -4.359430509948786399e-03 -9.105898827037141319e-03 9.999490376875116437e-01 -1.717518405087065103e+00
9.962897867422364495e-01 8.595729222009469706e-02 4.243200124712081731e-03 5.105869093204092479e+01 -8.597974338281015594e-02 9.962821037815702274e-01 5.427099814333458637e-03 2.782734128240667015e+00 -3.760925542366091306e-03 -5.771793374495765884e-03 9.999762706386121636e-01 -1.743494033721332936e+00
9.959855045181310595e-01 8.950201515145057851e-02 1.504683884893988095e-03 5.175187776581609000e+01 -8.950607546630452716e-02 9.959820794341671668e-01 2.891349271982123111e-03 2.709513218490818609e+00 -1.239856598218715567e-03 -3.014420312747499199e-03 9.999946879987883230e-01 -1.769201161099350550e+00
