1.000000000000000000e+00 0.000000000000000000e+00 0.000000000000000000e+00 0.000000000000000000e+00 0.000000000000000000e+00 1.000000000000000000e+00 0.000000000000000000e+00 0.000000000000000000e+00 0.000000000000000000e+00 0.000000000000000000e+00 1.000000000000000000e+00 0.000000000000000000e+00
9.999999999024742348e-01 -1.082566160091140237e-05 8.823634205901189679e-06 -3.360287789428634871e-03 1.082605176476344470e-05 9.999999989637295972e-01 -4.421919647071237777e-05 -2.821175310378456862e-03 -8.823155494700264361e-06 4.421929199152053281e-05 9.999999989834030822e-01 -1.444422461334152630e-03
9.999999996070149111e-01 1.953340860875836123e-05 -2.011009798216934014e-05 1.696177460323641285e-03 -1.953391677971214407e-05 9.999999994899377853e-01 -2.526955567042171545e-05 -3.100197327604262143e-03 2.010960437135566532e-05 2.526994848947157300e-05 9.999999994785168100e-01 -1.605943072959382543e-03
9.999999998486315267e-01 -1.015344306498892579e-05 1.412955988482900126e-05 1.132380293167817818e-03 1.015366307346620954e-05 9.999999998272265378e-01 -1.557081015822919765e-05 -2.683066908330210103e-03 -1.412940178505336964e-05 1.557095362266271369e-05 9.999999997789527084e-01 -8.116337228286553017e-04
9.999999999857311916e-01 4.388028343573175618e-07 -5.324002208814780200e-06 -1.491842620458807764e-03 -4.388959824544753449e-07 9.999999998468506179e-01 -1.749589020520565325e-05 -2.830858413666577020e-03 5.323994530753200793e-06 1.749589254163919013e-05 9.999999998327744333e-01 -1.136470605901018262e-03
9.999999999971279641e-01 1.095445296763909701e-06 2.131660216415950306e-06 -1.410192681192109446e-03 -1.095404584566495669e-06 9.999999998170193694e-01 -1.909872868164197893e-05 -2.868640971959985578e-03 -2.131681137638406544e-06 1.909872634655675587e-05 9.999999998153472625e-01 -1.352747244566794398e-03
9.999999998699053982e-01 -8.300677890751289472e-06 -1.383068501516045509e-05 6.446996830309725899e-04 8.300218504401629942e-06 9.999999994139437964e-01 -3.321473696395662055e-05 -1.602730269947343468e-03 1.383096071188765887e-05 3.321462216192787022e-05 9.999999993527467490e-01 -1.003039035239084061e-03
9.999999999743826029e-01 -3.747741403133007123e-06 6.098293055248737604e-06 7.948512571723960734e-04 3.747868990511496619e-06 9.999999997741129132e-01 -2.092194125295592633e-05 -1.876819476997110053e-05 -6.098214643845744800e-06 2.092196410802339463e-05 9.999999997625416137e-01 -1.212199765044664080e-03
9.999999997788107109e-01 -1.125931404616854627e-05 1.776531696206831690e-05 -1.012660910005096747e-04 1.125952062698183359e-05 9.999999998690033420e-01 -1.162826411580169939e-05 -2.555449315606040869e-03 -1.776518603346362795e-05 1.162846414218242916e-05 9.999999997745885327e-01 -8.393931610169761380e-04
9.999999999969420017e-01 6.226250488346215791e-07 -2.393402284717679215e-06 -4.016958809569339027e-04 -6.226825656988675635e-07 9.999999997110496919e-01 -2.403149801302921300e-05 -3.250037092401396321e-03 2.393387321413480711e-06 2.403149950328559728e-05 9.999999997083793835e-01 -1.288319570230031172e-03
9.999999999349974411e-01 -1.115886974644484492e-05 -2.341967047523629609e-06 1.743633386648202463e-03 1.115882757709157631e-05 9.999999997756467973e-01 -1.800519573434836769e-05 -3.633964322853600569e-04 2.342167964632160211e-06 1.800516959957150959e-05 9.999999998351640773e-01 -7.284110994339309132e-04
9.999999998951066837e-01 -1.354353732213213510e-05 5.134129383832303965e-06 1.730218292094699503e-03 1.354358212332743061e-05 9.999999998702122639e-01 -8.726218040160444762e-06 3.885009202210173984e-05 -5.134011199306248111e-06 8.726287573748065955e-06 9.999999999487468871e-01 -8.389045509429578305e-04
9.999999996331456753e-01 -7.762948642670586545e-06 2.595082396716517228e-05 -1.464477485392247933e-03 7.763067430153498528e-06 9.999999999593914835e-01 -4.577309390548845759e-06 -2.999552645392823767e-03 -2.595078843269362783e-05 4.577510846865965368e-06 9.999999996528015078e-01 -1.109624201106855588e-03
9.999999954457143847e-01 -4.308801151054026751e-05 8.515864347100533425e-05 -6.149454432912017376e-03 4.308830748548177664e-05 9.999999990656653903e-01 -3.473739735715147079e-06 -6.358718554071119897e-03 -8.515849371490095282e-05 3.477409061709668863e-06 9.999999963679693238e-01 -7.927758584648213766e-04
9.999999856259087494e-01 6.785170538054402555e-05 1.553844536171807662e-04 -2.367962490249762852e-02 -6.778966940166109337e-05 9.999999180170325852e-01 -3.992123354020011205e-04 8.227724734299769055e-04 -1.554115281160681769e-04 3.992017962029456579e-04 9.999999082425872210e-01 -9.387067382058095905e-03
9.999979656178410448e-01 -1.792065164809755463e-06 -2.017116002522892707e-03 1.246018453647616125e-02 1.005836992151407252e-06 9.999999240355361696e-01 -3.897793095679868416e-04 -4.960149601712900494e-03 2.017116547803679376e-03 3.897764877180206903e-04 9.999978896553343155e-01 -2.643383091488043721e-03
9.999960699625835003e-01 -3.087622980929262883e-05 -2.803409717868722562e-03 -5.579342655901521619e-03 3.039333220427776366e-05 9.999999846951483917e-01 -1.722961065279949807e-04 -3.842206692926982206e-03 2.803414994817132917e-03 1.722102244349897507e-04 9.999960555962235098e-01 -7.878655212792450360e-04
9.999949067919871037e-01 8.692441670727835330e-05 -3.190428534044926264e-03 -3.729327789166674012e-03 -8.725669994944597113e-05 9.999999907839912661e-01 -1.040109888685439228e-04 -5.342309247545343545e-05 3.190419463547370087e-03 1.042888453842473077e-04 9.999949051607629480e-01 -6.629885376494603147e-04
9.999950017540428782e-01 -3.822373655579587066e-05 -3.161487921500399575e-03 1.314488338198608296e-02 3.831425689141838142e-05 9.999999988578397447e-01 2.857163381401323765e-05 7.891299211054025875e-03 3.161486825774870169e-03 -2.869262106634351794e-05 9.999950020764023506e-01 3.640898210690434334e-04
9.999956835064672811e-01 8.850397736362798022e-06 -2.938178024518240360e-03 1.575296447192404969e-02 -8.669485125167689549e-06 9.999999980660152499e-01 6.158579035887982490e-05 7.492098781915184497e-03 2.938178563894588632e-03 -6.156005203353537172e-05 9.999956816492192591e-01 -1.097672880704826182e-03
9.999961400987775750e-01 1.120963240841765335e-05 -2.778427953016207597e-03 1.734845659968496309e-02 -1.097300284943139587e-05 9.999999963118154644e-01 8.518193609924270019e-05 4.000781358990016662e-03 2.778428897627044196e-03 -8.515111960753803783e-05 9.999961365336106356e-01 -1.411602274552197032e-03
9.999957590546664221e-01 6.100666222896543255e-06 -2.912359089024332392e-03 1.739598533504001579e-02 -6.044453662157602491e-06 9.999999997952906394e-01 1.931018530632830579e-05 9.438031358388609959e-07 2.912359206233140155e-03 -1.929249979332686994e-05 9.999957588868331193e-01 -1.579609673167196079e-03
9.999954821729771792e-01 6.939009298323959554e-05 -3.005132051978586134e-03 1.698309371762233774e-02 -6.952616512420011863e-05 9.999999965626443776e-01 -4.517547646599572725e-05 -3.885003506060961953e-04 3.005128906918366066e-03 4.538420767827327151e-05 9.999954835600641800e-01 -2.955686964969521727e-03
9.999953799444764035e-01 1.501279687180754665e-05 -3.039714512620165284e-03 2.591020273842478683e-02 -1.544195289886238600e-05 9.999999899177589580e-01 -1.411595838873139273e-04 6.245724659788894767e-04 3.039712362772871174e-03 1.412058708505285309e-04 9.999953700941087709e-01 -5.378655620001156733e-03
9.999946816850319165e-01 1.293315196548285307e-06 -3.261380072774722368e-03 4.079591670416377741e-02 -1.609923721231950659e-06 9.999999952868816600e-01 -9.707545935559456552e-05 -3.588245459359653070e-03 3.261379931854285590e-03 9.708019365086914283e-05 9.999946769740207797e-01 -6.996323697997806727e-03
9.999871317451574093e-01 -2.745613375078687014e-05 -5.073025749374892104e-03 7.690409596711926532e-02 2.484037805618166255e-05 9.999998667271380315e-01 -5.156827142234103947e-04 -6.081612778472939018e-03 5.073039231931806767e-03 5.155500624093227544e-04 9.999869991560312865e-01 -6.382998778105766421e-03
9.999831494023438960e-01 -1.422332016301307148e-04 -5.803505930548765249e-03 1.070388993792246585e-01 1.385875631005774441e-04 9.999997928428495664e-01 -6.285759662951765020e-04 -1.205248713335058119e-02 5.803594132683166998e-03 6.277610806701177304e-04 9.999829619604369002e-01 -1.184192839563793370e-02
9.999796649984027397e-01 -2.295707137876472738e-04 -6.373137921739155561e-03 1.616582938769278444e-01 2.260086587005034117e-04 9.999998178662812265e-01 -5.596315668684595035e-04 -1.405182235018199999e-02 6.373265235994110024e-03 5.581798024062479017e-04 9.999795347533567691e-01 -1.292577131777145755e-02
9.999767518499043106e-01 -1.461089054340924823e-03 -6.660403778318387674e-03 2.887455900969072564e-01 1.458593876104002712e-03 9.999988642522822380e-01 -3.794707500994211314e-04 -6.600372021223746902e-03 6.660950654339409596e-03 3.697471039430306919e-04 9.999777472641376841e-01 -1.316555011610920541e-02
9.999765750031179845e-01 -1.616460901351503103e-03 -6.651052487238280284e-03 3.437185811729683294e-01 1.614187937165364843e-03 9.999986369588876878e-01 -3.470989343863773021e-04 -8.426066075069236702e-03 6.651604493436637233e-03 3.363547549005678093e-04 9.999778212656227350e-01 -1.408198970573607336e-02
9.999760327765396806e-01 -1.757116856246902130e-03 -6.696746437370264954e-03 4.263126114036308589e-01 1.755265978933072185e-03 9.999984196863568320e-01 -2.822518946650301756e-04 -1.245493086610276190e-02 6.697231803972329353e-03 2.704905586797413247e-04 9.999775367082109900e-01 -1.592580704982545642e-02
9.999753982624073334e-01 -1.320056952963613627e-03 -6.889145054420356407e-03 5.484339248562244418e-01 1.317816938669834652e-03 9.999990773342104511e-01 -3.296805178243624921e-04 -1.030158445649477506e-02 6.889573895101705828e-03 3.205937750651049090e-04 9.999762152127296133e-01 -1.746300628695269738e-02
9.999722270227159315e-01 -2.367014113526624917e-03 -7.066995642863526696e-03 7.060552287044794539e-01 2.363071092110556170e-03 9.999970476255130025e-01 -5.662466521813746189e-04 -3.775156464201272471e-03 7.068315092263342293e-03 5.495311127142443177e-04 9.999748681528514149e-01 -2.078452039202290449e-02
9.999713602778638188e-01 -2.591833400272953655e-03 -7.110627515481454837e-03 8.148520014044976501e-01 2.588743133616606615e-03 9.999965507336097126e-01 -4.437678122878375465e-04 -3.497696394733425425e-04 7.111753161270805042e-03 4.253475147445927263e-04 9.999746207011780408e-01 -2.125924412333019681e-02
9.999726603017535798e-01 -2.906213299039016578e-03 -6.799453896756782988e-03 9.333633510343334327e-01 2.905565649953144401e-03 9.999957733094051449e-01 -1.051264881581789689e-04 1.023456867829652082e-02 6.799730677566913524e-03 8.536735435085846793e-05 9.999768779202483637e-01 -2.356034844773733858e-02
9.999702861796816444e-01 -3.843245446347932914e-03 -6.682531119621190792e-03 1.091120304221437687e+00 3.842939236963311897e-03 9.999926141611064079e-01 -5.866223320029774463e-05 8.626083471981786654e-03 6.682707216883560127e-03 3.297992907942032156e-05 9.999776699189726337e-01 -2.742923710231900958e-02
9.999696798814784460e-01 -3.751469082158388497e-03 -6.823913646815336562e-03 1.240863379235482622e+00 3.750991571974551884e-03 9.999929615806533167e-01 -8.277306975737480513e-05 4.512784241460657611e-03 6.824176137861534194e-03 5.717411749100291416e-05 9.999767134044470485e-01 -2.626171845958832560e-02
9.999695266134956961e-01 -3.839396114075800583e-03 -6.797417293402823781e-03 1.410792294869044783e+00 3.837848397457608533e-03 9.999926064591702080e-01 -2.407211523426744197e-04 1.559854623228179409e-02 6.798291260277407842e-03 2.146263596876226375e-04 9.999768683181957662e-01 -2.890394024551939250e-02
9.999688988475774476e-01 -4.741150971358882617e-03 -6.302604622717020155e-03 1.597780780918821364e+00 4.741294584309247752e-03 9.999887599688912498e-01 7.844996185932387917e-06 2.827196560865487956e-02 6.302496586933707678e-03 -3.772725736224089336e-05 9.999801383594705273e-01 -3.341888129658156237e-02
9.999693071658628529e-01 -5.031541881304351163e-03 -6.005690012056526944e-03 1.788401003107344733e+00 5.038711901477269106e-03 9.999866101823261522e-01 1.179338134078052091e-03 3.019445029614719472e-02 5.999675707748427025e-03 -1.209562878588643425e-03 9.999812702491205352e-01 -3.807309301594628131e-02
9.999640388071150410e-01 -5.982136927699365989e-03 -6.011250314264873773e-03 1.991135033846248792e+00 5.997971594799535525e-03 9.999785807719469011e-01 2.619605709058762770e-03 3.103789280948681881e-02 5.995450717875334956e-03 -2.655566813546767109e-03 9.999785010366913918e-01 -3.765953563835816587e-02
9.999641605900402297e-01 -6.470694956103078578e-03 -5.459637555844842199e-03 2.200522399129214435e+00 6.494881987190515189e-03 9.999691213804168255e-01 4.424115013163846914e-03 4.059164562307789742e-02 5.430841871072794244e-03 -4.459416157110227506e-03 9.999753094772435569e-01 -4.395461094337475838e-02
9.999608551057102002e-01 -6.959691140909181513e-03 -5.463602793032984462e-03 2.411306116303210789e+00 6.987590007408468924e-03 9.999625609892787148e-01 5.103940208447605049e-03 4.790819907885773832e-02 5.427876393696975943e-03 -5.141917831528729742e-03 9.999720490288058761e-01 -4.721071623231418851e-02
9.999585222515912086e-01 -7.512517323642340164e-03 -5.149355287402980312e-03 2.647621835414104563e+00 7.541960511199022679e-03 9.999551850737675718e-01 5.722471121356783805e-03 6.036849406117887618e-02 5.106134355992394437e-03 -5.761070000375062908e-03 9.999703682931756488e-01 -4.987836300575103354e-02
9.999547424695155451e-01 -8.194572565710741066e-03 -4.833424582034946508e-03 2.893916116988335840e+00 8.224329060664796812e-03 9.999471505742351107e-01 6.168992621958083872e-03 6.555381954287667345e-02 4.782616880623338958e-03 -6.208465102838999286e-03 9.999692902968770891e-01 -5.067503115576722089e-02
9.999545047501575690e-01 -8.571969138596596469e-03 -4.184468300036497598e-03 3.147343705210550624e+00 8.599365077799603005e-03 9.999414178676609977e-01 6.573564715629736516e-03 7.200164383932228240e-02 4.127874771087830866e-03 -6.609249420229137278e-03 9.999696387750857118e-01 -5.416749877231645527e-02
9.999495252870496120e-01 -9.249926408006974021e-03 -3.922466016497072258e-03 3.404483961071863352e+00 9.271326184092636841e-03 9.999420423541399705e-01 5.473065267244570271e-03 7.537843719785666807e-02 3.871613228652558570e-03 -5.509155477731209581e-03 9.999773296514925525e-01 -7.342613666398487005e-02
9.999288987055208189e-01 -9.943525245579060493e-03 -6.582084719504012124e-03 3.673069065578861370e+00 9.978914301697639280e-03 9.999358129652984317e-01 5.365744942415094296e-03 7.749190260518691586e-02 6.528307814707470444e-03 -5.431045490346288543e-03 9.999639418208829955e-01 -8.000977407588973078e-02
9.998924634623451713e-01 -1.060042164913491819e-02 -1.013373435922171849e-02 3.950061566378891609e+00 1.064106680503539015e-02 9.999355195468484503e-01 3.965406136215922535e-03 8.415448894109127387e-02 1.009104595438416359e-02 -4.072813454470598955e-03 9.999407897381282773e-01 -8.626042039164928676e-02
9.998361562730144758e-01 -1.147909409519215322e-02 -1.399610688576664874e-02 4.236498708388045209e+00 1.149036854021196451e-02 9.999337204228756493e-01 7.253909818645673177e-04 9.197699281861342058e-02 1.398685239838424327e-02 -8.860925573482341874e-04 9.999017865770445379e-01 -8.931692480292363623e-02
9.997846584287499727e-01 -1.166242124499925967e-02 -1.716463519017717362e-02 4.531857338467046858e+00 1.161610951673644129e-02 9.999286235310940185e-01 -2.795325188038900836e-03 9.045991323507859838e-02 1.719601029898690583e-02 2.595336956136827869e-03 9.998487692925771553e-01 -8.498901097824379525e-02
9.997534120029387683e-01 -1.208991110460913565e-02 -1.862657343594674095e-02 4.844387512970912191e+00 1.199398004059547967e-02 9.999142696319545109e-01 -5.253363606382872343e-03 9.364940713731427502e-02 1.868848927195200862e-02 5.028661439957909755e-03 9.998127089274543300e-01 -8.531200851209036484e-02
9.997299695476107306e-01 -1.257662823086607047e-02 -1.954012309776500048e-02 5.148224111360427457e+00 1.241979441972244393e-02 9.998898444015715814e-01 -8.126977862209458850e-03 9.648321363483680635e-02 1.964018062302528775e-02 7.882099018890456957e-03 9.997760428316690984e-01 -8.191602026772279443e-02
9.997201185657998979e-01 -1.262145291679631597e-02 -2.000958422986384364e-02 5.479798771538559876e+00 1.240302031255473107e-02 9.998625381359729225e-01 -1.100317769630646848e-02 1.085112405591510260e-01 2.014570976434627500e-02 1.075191883150329077e-02 9.997392393116975029e-01 -8.641720379707026889e-02
9.997002979102581621e-01 -1.335548520475719064e-02 -2.051695330907348999e-02 5.813236569973983414e+00 1.311482198921551379e-02 9.998441314145573022e-01 -1.182008122055934300e-02 1.189614221221223650e-01 2.067161828044382019e-02 1.154746252710707639e-02 9.997196308499961548e-01 -8.904601334969566850e-02
9.997025375551321646e-01 -1.367321508892822488e-02 -2.019602918797285332e-02 6.153113854679979511e+00 1.348213218831730009e-02 9.998633385599419166e-01 -9.567461284146131298e-03 1.275911578157369330e-01 2.032408712553369565e-02 9.292329788530005394e-03 9.997502608599884155e-01 -7.548840627896137578e-02
9.997943674216236420e-01 -1.425547297786919701e-02 -1.442235633218870092e-02 6.502236323679500885e+00 1.418005468801257149e-02 9.998853154446839531e-01 -5.318083031492516419e-03 1.508580472342513357e-01 1.449651409961564066e-02 5.112479658846291394e-03 9.998818498356181195e-01 -6.235087118176859539e-02
9.998694364596795170e-01 -1.569601668066171463e-02 -3.839934135269479788e-03 6.860564193001053468e+00 1.568768307121649885e-02 9.998745405660616203e-01 -2.190828077311553559e-03 1.619509972406808218e-01 3.873839653352452016e-03 2.130302365313092861e-03 9.999902275413357078e-01 -6.267238768091532020e-02
9.998079127688355161e-01 -1.747277876601457947e-02 8.879164770320557495e-03 7.228692979008102704e+00 1.747623730164005185e-02 9.998472302029527414e-01 -3.120661152978283087e-04 1.691563096851792791e-01 -8.872355639927676993e-03 4.671805619482848710e-04 9.999605307449495051e-01 -7.094053017822810059e-02
9.996300571592550144e-01 -1.888540000344527542e-02 1.957269757837415761e-02 7.607099541269492171e+00 1.894789917137885277e-02 9.998159335869127862e-01 -3.012650447911184234e-03 1.818080354055211512e-01 -1.951219979335710661e-02 3.382397439673236715e-03 9.998038974952959679e-01 -1.122211573534567519e-01
9.995420861627756226e-01 -2.041601034072651477e-02 2.233393183328460235e-02 7.980481851411749261e+00 2.058009075034978458e-02 9.997627001646762768e-01 -7.141654160126974932e-03 1.896822118328948259e-01 -2.218282790975539126e-02 7.598018241807504361e-03 9.997250583359023057e-01 -1.371053440847229132e-01
9.995791202311514745e-01 -2.154438788698382831e-02 1.942734537944914436e-02 8.357766009353159831e+00 2.173974734156683755e-02 9.997146322207471902e-01 -9.901389259142861707e-03 1.957267472654232177e-01 -1.920848207022244486e-02 1.031956754478677470e-02 9.997622421067153820e-01 -1.326429267913662724e-01
9.995773266122159884e-01 -2.271863398576235565e-02 1.813923351733279926e-02 8.733773795082848679e+00 2.287867685750528263e-02 9.997006991221387695e-01 -8.664774662783333511e-03 2.104893129639475446e-01 -1.793695258468445269e-02 9.076113955208115966e-03 9.997979245264749792e-01 -1.319026141737030255e-01
9.995489624264722872e-01 -2.425963675013272092e-02 1.770146143442025144e-02 9.134675272691564984e+00 2.436485531060203491e-02 9.996865805830942309e-01 -5.752775658241915738e-03 2.307204933536239344e-01 -1.755635320492514306e-02 6.181474486903823853e-03 9.998267669128045876e-01 -1.503854302809491117e-01
9.995621541692680800e-01 -2.565151512488158397e-02 1.474787185631951103e-02 9.542245316007354816e+00 2.568786506061243591e-02 9.996674109139721542e-01 -2.280601934431759556e-03 2.573519030688784515e-01 -1.468446598008305015e-02 2.658444724559548902e-03 9.998886433651130723e-01 -1.863244411371814679e-01
9.996115860244038087e-01 -2.688239206775469570e-02 7.349427358058491233e-03 9.946241492725995670e+00 2.687821556440226495e-02 9.996384933256585725e-01 6.664755665081105278e-04 2.888268647359896746e-01 -7.364686948498415722e-03 -4.686772052788739490e-04 9.999727704931908878e-01 -2.101360534502235422e-01
9.996089014808998696e-01 -2.794228868438466615e-02 1.128088306398793454e-03 1.036559016429794688e+01 2.793940570263761178e-02 9.996065042326732764e-01 2.495256443309747801e-03 3.035235334077812097e-01 -1.197367584305586733e-03 -2.462762435349117283e-03 9.999962505489983222e-01 -2.236334907925725812e-01
9.995728794851893584e-01 -2.920938955280354826e-02 -9.328234772290302157e-04 1.079472265273728482e+01 2.921145152788015564e-02 9.995706561380744981e-01 2.279141797607591238e-03 3.183648704401701446e-01 8.658506345824247335e-04 -2.305417457178815348e-03 9.999969676719158151e-01 -2.281064075013307380e-01
9.995534134428419870e-01 -2.987079795899824294e-02 -8.420831644022465715e-04 1.125199286001927845e+01 2.987250284267970249e-02 9.995515312003703245e-01 2.090466194220447042e-03 3.493195776025366794e-01 7.792616230486437701e-04 -2.114687751842293795e-03 9.999974604202928052e-01 -2.314117934964203260e-01
9.995223380061623031e-01 -3.090451009440248198e-02 -8.415770923616880503e-05 1.170850836152798458e+01 3.090458956041197691e-02 9.995133907231762427e-01 4.229433669147531112e-03 3.635007351696741829e-01 -4.659181820763734624e-05 -4.230014288890610909e-03 9.999910523641289961e-01 -2.400893273077886192e-01
9.994798917921773329e-01 -3.224619839786128234e-02 3.585972439101195821e-04 1.219291421007431175e+01 3.224357117523023869e-02 9.994631254425513367e-01 5.814894536864768926e-03 3.926697770098308005e-01 -5.459129650718740458e-04 -5.800307706731264862e-03 9.999830290607645278e-01 -2.599218613173842618e-01
9.994493466442482266e-01 -3.316944411097638712e-02 -8.896458587900705215e-04 1.267622117535411874e+01 3.317384856114936886e-02 9.994344422917607051e-01 5.503756226351951344e-03 4.187027350715598617e-01 7.065861781666093284e-04 -5.530238541509226169e-03 9.999844584780539503e-01 -2.746503567289611536e-01
9.994189213164824670e-01 -3.394121518529005094e-02 -3.132670800530469330e-03 1.317275603702825215e+01 3.395255927588467643e-02 9.994168097438791420e-01 3.641993957222454566e-03 4.428585139369985435e-01 3.007230156838352261e-03 -3.746239863215256385e-03 9.999884610602619572e-01 -2.835181790816242442e-01
9.993825517439148820e-01 -3.487523998614911608e-02 -4.270000670935656349e-03 1.369235323797351711e+01 3.488950293533828878e-02 9.993856859163381401e-01 3.312607802833915198e-03 4.611824177327422669e-01 4.151849557282431998e-03 -3.459540639865467566e-03 9.999853967552799761e-01 -2.928576342171642644e-01
9.993394985359962401e-01 -3.602037180593228166e-02 -4.806191921460317359e-03 1.421216324834792211e+01 3.603754505336660002e-02 9.993441820750461613e-01 3.535689364676884022e-03 4.964680485021172873e-01 4.675683089141513538e-03 -3.706557394580005035e-03 9.999821995515373318e-01 -3.021824450585793298e-01
9.992979532907549922e-01 -3.704998231169418649e-02 -5.558719241986607128e-03 1.473768527068912348e+01 3.707896458527896316e-02 9.992987852301210561e-01 5.204634750691516411e-03 5.235515395828931329e-01 5.361989760500565465e-03 -5.407092407905101684e-03 9.999710057884181325e-01 -3.091373228030400155e-01
9.992520240526334696e-01 -3.844469207348650414e-02 -4.171100345222509068e-03 1.529537396837628549e+01 3.847135492496008696e-02 9.992384823544493422e-01 6.512313890972545351e-03 5.576575909834300404e-01 3.917560076483930787e-03 -6.667910718629076368e-03 9.999700953977050943e-01 -3.100345151580533032e-01
9.992110259150528417e-01 -3.969134327099637510e-02 -1.386708019605232319e-03 1.586680642769124638e+01 3.969744054971444808e-02 9.992007504717869137e-01 4.687586843953274983e-03 5.784262003468320090e-01 1.199543075338837562e-03 -4.738937218580547249e-03 9.999880517138436398e-01 -3.239045102710343960e-01
9.991675425869988025e-01 -4.078565518670435042e-02 8.672782997544381490e-04 1.643329253610816565e+01 4.078344566693067885e-02 9.991650575174131355e-01 2.428661309661674268e-03 6.199096966274412202e-01 -9.656087149988982652e-04 -2.391268955134633924e-03 9.999966747107681408e-01 -3.434489436365480985e-01
9.991256162610782088e-01 -4.176914245353387928e-02 1.828023418093555671e-03 1.700555288241871210e+01 4.176692646032444806e-02 9.991266190438308215e-01 1.234087558350554841e-03 6.458773464069524906e-01 -1.877973636277639746e-03 -1.156657572585862792e-03 9.999975676761825305e-01 -3.546345176138816502e-01
9.990976783642135928e-01 -4.244340430362137512e-02 1.544836029428779461e-03 1.758773972317924006e+01 4.244105078250517277e-02 9.990978078124437278e-01 1.525658168150180244e-03 6.815787051772560501e-01 -1.608196416891893724e-03 -1.458717069400613511e-03 9.999976429216201890e-01 -3.637364062747179827e-01
9.990275605321407015e-01 -4.406972105499596531e-02 1.339023276456680848e-03 1.817612397443031824e+01 4.406437126468685378e-02 9.990214977217928283e-01 3.791869559176638382e-03 7.150431145716960035e-01 -1.504819672879940257e-03 -3.729178976774475632e-03 9.999919143382667297e-01 -3.769353213533195857e-01
9.989574106013249244e-01 -4.561773683973988081e-02 1.764621862102885895e-03 1.875455355940669477e+01 4.560781563565022290e-02 9.989453392898778317e-01 5.304362730379275255e-03 7.549177685286558859e-01 -2.004733807893669360e-03 -5.218351909476428609e-03 9.999843748007807287e-01 -3.858571645323414234e-01
9.988806238805008064e-01 -4.723201817527743901e-02 2.575984315103704760e-03 1.934335160124867414e+01 4.722274715305011666e-02 9.988780812523567754e-01 3.548372152010142045e-03 7.902944827885679535e-01 -2.740691047983346857e-03 -3.422755132977720830e-03 9.999903866337311875e-01 -4.156138134062827283e-01
9.988133948995541189e-01 -4.866322084339484016e-02 1.921745658053342380e-03 1.994555373867770953e+01 4.866178189265048942e-02 9.988150024439330643e-01 7.885911222633028338e-04 8.249914448026020031e-01 -1.957843778083006789e-03 -6.941398079501191103e-04 9.999978425065064735e-01 -4.237649594320970770e-01
9.987749449821644587e-01 -4.946369823986498937e-02 1.397079922563202337e-03 2.054841286335275186e+01 4.946521943824454259e-02 9.987752670468619254e-01 -1.076104732845382071e-03 8.652453568960579711e-01 -1.342140752963916824e-03 1.143893310285047649e-03 9.999984450819380255e-01 -4.411673256255273512e-01
9.987452333958152240e-01 -5.007947512771434434e-02 7.028564024355144857e-05 2.114014274470363475e+01 5.007952012007400172e-02 9.987435797775949808e-01 -1.817558136023028278e-03 9.026487959100090164e-01 2.082502552233531125e-05 1.818797395907511671e-03 9.999983457698072842e-01 -4.487365733869526641e-01
9.987153079738192440e-01 -5.065092177708822863e-02 -1.489208477872040011e-03 2.175601018560746169e+01 5.064826139222128321e-02 9.987149794525311819e-01 -1.772973512365199700e-03 9.391643622552152681e-01 1.577097557066168545e-03 1.695269967176459480e-03 9.999973194079241345e-01 -4.572858295135736606e-01
9.986636376958026862e-01 -5.162415307989628999e-02 -2.426017924506379802e-03 2.237385717223900983e+01 5.162187454029770750e-02 9.986662088411946137e-01 -9.926669638898985744e-04 9.854401223323341341e-01 2.474027714548777523e-03 8.661048082473524288e-04 9.999965645187631758e-01 -4.714889313012046723e-01
9.986373591055242027e-01 -5.205831165787831727e-02 -3.654748428488642335e-03 2.298715155835748902e+01 5.205609178325140696e-02 9.986439171875217680e-01 -6.999804395644739071e-04 1.034260710242491443e+00 3.686232086838102905e-03 5.087746979540915806e-04 9.999930763966862202e-01 -4.861808754468139870e-01
9.986003715101888778e-01 -5.270965601902168757e-02 -4.357772604118680636e-03 2.361230018603482961e+01 5.271159614873949933e-02 9.986097224392005423e-01 3.314835666172014387e-04 1.062788470737538571e+00 4.334241705879757385e-03 -5.607247623898044655e-04 9.999904499226859311e-01 -4.990484316199067516e-01
9.985957166189857181e-01 -5.277043161539969607e-02 -4.677210422751365386e-03 2.425300504409199576e+01 5.277244429391463043e-02 9.986065162727203459e-01 3.078650787388263798e-04 1.108652592259355751e+00 4.654446633053842437e-03 -5.542605754107222124e-04 9.999890144005355586e-01 -5.047686456472104677e-01
9.986152172314646247e-01 -5.246980650167866467e-02 -3.816715791244361302e-03 2.488566084708332582e+01 5.246859081687434145e-02 9.986224873479960795e-01 -4.180198473951126812e-04 1.149007916185367018e+00 3.833391637459501646e-03 2.171832815984309315e-04 9.999926289428218151e-01 -5.106258747910380480e-01
9.986368660068241088e-01 -5.217043085056673191e-02 -1.629722962555127733e-03 2.554512185364274046e+01 5.217111176267663630e-02 9.986380886679289137e-01 3.780993414214916777e-04 1.188606228961017308e+00 1.607777818838012924e-03 -4.626084001780666685e-04 9.999986005209974271e-01 -5.183150205930214804e-01
9.986668730101397884e-01 -5.160537621020915011e-02 1.167004006930574518e-03 2.620443419591896017e+01 5.160403720075604217e-02 9.986669621538996067e-01 1.149802976476307480e-03 1.239718882079763773e+00 -1.224784361591463181e-03 -1.088048024908268470e-03 9.999986580264811353e-01 -5.365924188611504997e-01
9.986777922321637968e-01 -5.130563694518720103e-02 3.224735638722165277e-03 2.687963012278896713e+01 5.130152017908324452e-02 9.986823020695575481e-01 1.346684953547663257e-03 1.278507826556947835e+00 -3.289578940551059812e-03 -1.179470515799140333e-03 9.999938937412049533e-01 -5.585250917359327882e-01
9.986943476330406577e-01 -5.098484510430580791e-02 3.185212003199652548e-03 2.755902103295986194e+01 5.098239333613695939e-02 9.986991936259204117e-01 8.462982073355111668e-04 1.324264977911324248e+00 -3.224217042136148011e-03 -6.828035048718406790e-04 9.999945690871721027e-01 -5.791457317531527593e-01
9.987477745017081521e-01 -4.999578066525911524e-02 1.817922868692728022e-03 2.824679008470648611e+01 4.999594922693971488e-02 9.987494194327171115e-01 -4.736779261240761489e-05 1.360988881331403277e+00 -1.813281219910274373e-03 1.381972568963547800e-04 9.999983464550007417e-01 -5.981551780654555950e-01
9.987871889192004859e-01 -4.923097967653988771e-02 -6.796256097965880068e-04 2.894429768517128210e+01 4.923164926545398057e-02 9.987868800971295702e-01 1.006407693404184943e-03 1.416266773224300168e+00 6.292547057425485922e-04 -1.038646200655148370e-03 9.999992626260206796e-01 -6.186729212965140778e-01
9.988231310125484930e-01 -4.837897178640332418e-02 -3.439192227803439077e-03 2.965247878160576533e+01 4.838428003798934951e-02 9.988277023178699920e-01 1.477338014754795174e-03 1.455702014788928800e+00 3.363688376591582666e-03 -1.642002221315765021e-03 9.999929946900679711e-01 -6.329477156266372084e-01
9.988764654298996071e-01 -4.705852718573283466e-02 -5.594803783896009491e-03 3.036432185930808458e+01 4.707237822723590870e-02 9.988886689847082945e-01 2.370270446579436901e-03 1.493056038561509702e+00 5.477044668678597225e-03 -2.630968085614940940e-03 9.999815398239257913e-01 -6.486368813815500678e-01
9.989628040319518121e-01 -4.494767614398065964e-02 -7.281659829743304668e-03 3.109176970705279786e+01 4.495916716175222400e-02 9.989878132487022278e-01 1.422064941409496809e-03 1.531268742719987808e+00 7.210370915693998725e-03 -1.747967342886409597e-03 9.999724772019609187e-01 -6.530872748949009265e-01
9.990800468186586958e-01 -4.236180101281802196e-02 -6.673669438715776510e-03 3.181859161084810239e+01 4.237827594003507753e-02 9.990988810683334442e-01 2.346822608194393429e-03 1.572756646459752439e+00 6.568240036500152222e-03 -2.627482246276417223e-03 9.999749769668581090e-01 -6.500097320294919712e-01
9.992199764814901908e-01 -3.941565615635173048e-02 -2.417571114673192686e-03 3.255896818938921200e+01 3.942652559694401204e-02 9.992117619120276517e-01 4.626438804842165214e-03 1.618554559986314478e+00 2.233311371880164226e-03 -4.718146503202536382e-03 9.999863756141332827e-01 -6.632891224182978496e-01
9.993187350174806971e-01 -3.687045822696261022e-02 1.623315494913088550e-03 3.331166319096100636e+01 3.686012623737552896e-02 9.993024755900258294e-01 5.991107861709193440e-03 1.656714166454928527e+00 -1.843078084878673265e-03 -5.927190715650930593e-03 9.999807355511372009e-01 -6.806145510495901219e-01
9.994076862887896207e-01 -3.426710422228161634e-02 3.168935958269277625e-03 3.405092813968229137e+01 3.425864894088102852e-02 9.994093933173840982e-01 2.685055255229629959e-03 1.688719131187849776e+00 -3.259073431789080537e-03 -2.574901395676118272e-03 9.999913741243815490e-01 -7.005790967716729600e-01
9.995105474638557030e-01 -3.118225187026958667e-02 2.516481035609155481e-03 3.477218285295919742e+01 3.118236977638346591e-02 9.995137116403276512e-01 -7.622651015885205080e-06 1.718425316757693055e+00 -2.515019608750305655e-03 8.608876227763443962e-05 9.999968336275333325e-01 -7.124057404982495623e-01
9.996197397828967546e-01 -2.753351304846368350e-02 1.510462043138679003e-03 3.551035176500977997e+01 2.753314611773910112e-02 9.996208564234119187e-01 2.631884948198523846e-04 1.746997556781348937e+00 -1.517135865013670686e-03 -2.215006425666371233e-04 9.999988246174255080e-01 -7.308240574719677696e-01
9.997045304519577291e-01 -2.430607732014457290e-02 -2.576803018384707074e-04 3.623889511988719647e+01 2.430656452174273507e-02 9.997023561053431928e-01 2.095260980394627725e-03 1.772645222066832726e+00 2.066760294745014100e-04 -2.100905217462338635e-03 9.999977717386604459e-01 -7.505514289932442296e-01
9.997763136582021870e-01 -2.100298208556755294e-02 -2.489456070999673722e-03 3.696772913616575096e+01 2.101057910135139747e-02 9.997745526465772192e-01 3.065851621040527244e-03 1.793715266736956915e+00 2.424502803043281866e-03 -3.117470745605999908e-03 9.999922015507463069e-01 -7.556275988741151250e-01
9.998320178667751135e-01 -1.794411333773110462e-02 -3.734279713049829755e-03 3.769363461678864979e+01 1.796660737991467166e-02 9.998201016675553054e-01 6.079911244032543648e-03 1.820770358838370129e+00 3.624509305910304183e-03 -6.145982265023099307e-03 9.999745445931558230e-01 -7.690681183648390151e-01
9.998839071876065576e-01 -1.463870995458289512e-02 -4.228512517591945241e-03 3.841227378286736638e+01 1.466464905551604150e-02 9.998734322947557818e-01 6.169883239005329555e-03 1.834941456571151042e+00 4.137658193276555138e-03 -6.231176612005316813e-03 9.999720257200725992e-01 -7.898898936184357567e-01
9.999219155275617110e-01 -1.055499861531180791e-02 -6.689906720011889324e-03 3.912163616122717258e+01 1.058492274543595957e-02 9.999340606319587765e-01 4.453515303138641697e-03 1.858566357079681985e+00 6.642458743932619022e-03 -4.523979698551199545e-03 9.999677051532825933e-01 -8.019059265047422391e-01
9.999309288783122529e-01 -5.971267418093068567e-03 -1.012331161118903977e-02 3.983746810762321644e+01 6.015776015340606846e-03 9.999723480425931621e-01 4.371909092843482246e-03 1.865882768309845119e+00 1.009692584348658925e-02 -4.432506695364932421e-03 9.999392006381720988e-01 -7.951974209475303201e-01
9.999435610318132550e-01 -7.066090824639993575e-04 -1.060072896648448469e-02 4.054760745158139201e+01 7.871710585950304415e-04 9.999708293808780013e-01 7.597417261373400760e-03 1.882932324528079127e+00 1.059505133261723180e-02 -7.605333058024712350e-03 9.999149482812704770e-01 -7.991410667227210052e-01
9.999453639907113223e-01 4.366277168036138828e-03 -9.497613235738956369e-03 4.127274768518872605e+01 -4.272728105243572480e-03 9.999423803142599709e-01 9.847834583828332655e-03 1.893153285864702218e+00 9.540064361546999813e-03 -9.806715818441461008e-03 9.999064033682522057e-01 -8.086534608264861479e-01
9.999201536025239534e-01 9.228289459104345449e-03 -8.632791736383812337e-03 4.197399858458863520e+01 -9.141109430962669757e-03 9.999073698775093888e-01 1.008423437910511283e-02 1.889686423255687808e+00 8.725052313651667640e-03 -1.000451589536164448e-02 9.999118876800212607e-01 -8.168967631844223920e-01
9.998662822565376196e-01 1.428511668146903099e-02 -7.959462788819988976e-03 4.268625697332716840e+01 -1.419797622965160433e-02 9.998398013488463132e-01 1.089904168639298579e-02 1.886169882525744246e+00 8.113881775823630904e-03 -1.078457602765631532e-02 9.999089247738673913e-01 -8.184737368053252027e-01
9.997720754978585145e-01 2.028960095245601128e-02 -6.642977336578236199e-03 4.338775249581448179e+01 -2.020631518629923892e-02 9.997192642651908656e-01 1.237325679266764421e-02 1.884828610805089566e+00 6.892160858259824795e-03 -1.223620653043496452e-02 9.999013818214516069e-01 -8.173922808904796611e-01
9.996475113182623495e-01 2.637038388934264191e-02 -3.075055891082183017e-03 4.409237858598380200e+01 -2.633022840039122778e-02 9.995758963441637723e-01 1.243971543664667938e-02 1.870869772623382943e+00 3.401791820175428804e-03 -1.235436365379506164e-02 9.999178953849771068e-01 -8.281299773839040368e-01
9.994601860138606630e-01 3.283411711885317330e-02 1.121305562503066003e-03 4.479137441538494357e+01 -3.284484548888096100e-02 9.993944405689961785e-01 1.148774497430669374e-02 1.855844475974038010e+00 -7.434365814267524354e-04 -1.151837283684659617e-02 9.999333849758397230e-01 -8.365715368231599891e-01
9.992165616473741574e-01 3.932836159676950105e-02 4.420735652919420208e-03 4.549171789300874735e+01 -3.937273019079984282e-02 9.991700255702757882e-01 1.044261074716460597e-02 1.835087346360723126e+00 -4.006375783888125805e-03 -1.060848603751098074e-02 9.999357024214458045e-01 -8.605587700550334507e-01
9.989670615743446724e-01 4.512288061346320794e-02 5.360553578002005305e-03 4.617701918457594701e+01 -4.517135256579690034e-02 9.989360161577789388e-01 9.294327851009722558e-03 1.806052403418295649e+00 -4.935463189606153871e-03 -9.526870838251547818e-03 9.999424383108935777e-01 -8.750204974844311145e-01
9.986931974888537678e-01 5.089714742057126207e-02 4.623599673187104957e-03 4.687575824332925833e+01 -5.093781265275409975e-02 9.986599096377941631e-01 9.150088763812017773e-03 1.771896498548153565e+00 -4.151690215103315783e-03 -9.373647458772397384e-03 9.999474477199671307e-01 -8.917147391225140884e-01
9.984054765866873238e-01 5.637739398445359984e-02 2.844955049099914812e-03 4.757487881352935233e+01 -5.640097587955095193e-02 9.983673494994406150e-01 9.031355008861175274e-03 1.739218217233974295e+00 -2.331145972266897813e-03 -9.177412542948298543e-03 9.999551694238459909e-01 -9.124024597441166007e-01
9.981084649833880107e-01 6.147399467289517416e-02 6.634059555199123747e-04 4.826001501158690132e+01 -6.147749044862095558e-02 9.980668020336503909e-01 9.120134125212080514e-03 1.705013496529300454e+00 -1.014723838464601713e-04 -9.143667605452076783e-03 9.999581906490272454e-01 -9.237162050498661792e-01
9.977746715182315151e-01 6.667428401385136483e-02 -4.946998337287512133e-04 4.895268656437216492e+01 -6.666631657258864641e-02 9.977277409630592730e-01 9.744595804539324044e-03 1.669319801950379434e+00 1.143289695833027073e-03 -9.689931062228393163e-03 9.999523979293617471e-01 -9.307808625226016153e-01
9.974214491334142396e-01 7.175591902600238214e-02 1.241327246840560113e-03 4.964799658324192677e+01 -7.176480784963788773e-02 9.973706710102775430e-01 1.007754746023034435e-02 1.628428243340138026e+00 -5.149397095877256657e-04 -1.014064560284174028e-02 9.999484497432120644e-01 -9.397034026498032322e-01
9.970307211214201049e-01 7.694641826030694520e-02 2.998309025268626818e-03 5.033678801881722364e+01 -7.697020782070713996e-02 9.969941122303277448e-01 8.850270396871124864e-03 1.576085649422867219e+00 -2.308299837165415751e-03 -9.054771944697602784e-03 9.999563404753686324e-01 -9.622945172088931409e-01
9.966391329841711721e-01 8.186532637772835075e-02 2.916666183764884002e-03 5.103245470170487152e+01 -8.188355024305495056e-02 9.966187009284785958e-01 6.800673439071189263e-03 1.522831867190799215e+00 -2.350064712427870402e-03 -7.016644262024923293e-03 9.999726215747847258e-01 -9.755141264486371089e-01
9.962296149479592522e-01 8.675130885772770750e-02 8.744781940851854623e-04 5.172610142112333875e+01 -8.675338423691895950e-02 9.962261326586088206e-01 2.709784403507213991e-03 1.470152963899018728e+00 -6.361006856612608533e-04 -2.775431415676256081e-03 9.999959461699705621e-01 -9.939459579005829326e-01
