1.000000000000000000e+00 0.000000000000000000e+00 0.000000000000000000e+00 0.000000000000000000e+00 0.000000000000000000e+00 1.000000000000000000e+00 0.000000000000000000e+00 0.000000000000000000e+00 0.000000000000000000e+00 0.000000000000000000e+00 1.000000000000000000e+00 0.000000000000000000e+00
9.999999999024742348e-01 -1.082566160091140068e-05 8.823634205901182903e-06 -3.360287789428634438e-03 1.082605176476344300e-05 9.999999989637295972e-01 -4.421919647071241165e-05 -2.821175310378455127e-03 -8.823155494700257585e-06 4.421929199152056669e-05 9.999999989834030822e-01 -1.444422461334175182e-03
9.999999996070149111e-01 1.953340860875834090e-05 -2.011009798216934692e-05 1.696177460323642153e-03 -1.953391677971212374e-05 9.999999994899377853e-01 -2.526955567042167480e-05 -3.100197327604257806e-03 2.010960437135567210e-05 2.526994848947153235e-05 9.999999994785168100e-01 -1.605943072959354137e-03
9.999999998486315267e-01 -1.015344306498891901e-05 1.412955988482923843e-05 1.132380293167820420e-03 1.015366307346620277e-05 9.999999998272265378e-01 -1.557081015822933996e-05 -2.683066908330200995e-03 -1.412940178505360681e-05 1.557095362266285599e-05 9.999999997789527084e-01 -8.116337228286168125e-04
9.999999999857311916e-01 4.388028343482711970e-07 -5.324002208814549807e-06 -1.491842620458725364e-03 -4.388959824454289801e-07 9.999999998468506179e-01 -1.749589020520865513e-05 -2.830858413667630864e-03 5.323994530752970400e-06 1.749589254164219201e-05 9.999999998327744333e-01 -1.136470605900977713e-03
9.999999999971279641e-01 1.095445296763870738e-06 2.131660216416031621e-06 -1.410192681191665791e-03 -1.095404584566456705e-06 9.999999998170193694e-01 -1.909872868164254475e-05 -2.868640971961051566e-03 -2.131681137638487860e-06 1.909872634655732169e-05 9.999999998153472625e-01 -1.352747244566780086e-03
9.999999998699053982e-01 -8.300677890747343993e-06 -1.383068501516003666e-05 6.446996830312143670e-04 8.300218504397684463e-06 9.999999994139437964e-01 -3.321473696395474352e-05 -1.602730269946902198e-03 1.383096071188724044e-05 3.321462216192599319e-05 9.999999993527467490e-01 -1.003039035239070183e-03
9.999999999743826029e-01 -3.747741403137564584e-06 6.098293055246538706e-06 7.948512571724717507e-04 3.747868990516054080e-06 9.999999997741129132e-01 -2.092194125295629564e-05 -1.876819477009919902e-05 -6.098214643843545903e-06 2.092196410802377071e-05 9.999999997625416137e-01 -1.212199765044754719e-03
9.999999997788107109e-01 -1.125931404617030979e-05 1.776531696207042771e-05 -1.012660910005104336e-04 1.125952062698359711e-05 9.999999998690033420e-01 -1.162826411580228893e-05 -2.555449315605989695e-03 -1.776518603346573876e-05 1.162846414218302209e-05 9.999999997745885327e-01 -8.393931610168300960e-04
9.999999999969420017e-01 6.226250488372573339e-07 -2.393402284721155438e-06 -4.016958809570357093e-04 -6.226825657015035300e-07 9.999999997110496919e-01 -2.403149801302960942e-05 -3.250037092402333072e-03 2.393387321416956934e-06 2.403149950328599369e-05 9.999999997083793835e-01 -1.288319570229927089e-03
9.999999999349974411e-01 -1.115886974644242580e-05 -2.341967047523198892e-06 1.743633386648818289e-03 1.115882757708915718e-05 9.999999997756467973e-01 -1.800519573434803904e-05 -3.633964322852039318e-04 2.342167964631729495e-06 1.800516959957118094e-05 9.999999998351640773e-01 -7.284110994338890629e-04
9.999999998951066837e-01 -1.354353732213268568e-05 5.134129383832472525e-06 1.730218292094601925e-03 1.354358212332798118e-05 9.999999998702122639e-01 -8.726218040161227421e-06 3.885009202009770055e-05 -5.134011199306416671e-06 8.726287573748848613e-06 9.999999999487468871e-01 -8.389045509428829121e-04
9.999999996331456753e-01 -7.762948642677830371e-06 2.595082396716969544e-05 -1.464477485390373564e-03 7.763067430160742354e-06 9.999999999593914835e-01 -4.577309390551893384e-06 -2.999552645393606127e-03 -2.595078843269815099e-05 4.577510846869012993e-06 9.999999996528015078e-01 -1.109624201106846697e-03
9.999999954457143847e-01 -4.308801151054254434e-05 8.515864347100082126e-05 -6.149454432913951593e-03 4.308830748548405347e-05 9.999999990656653903e-01 -3.473739735715153855e-06 -6.358718554069404255e-03 -8.515849371489643983e-05 3.477409061709675639e-06 9.999999963679693238e-01 -7.927758584647713949e-04
9.999999856259087494e-01 6.785170538055226548e-05 1.553844536171819046e-04 -2.367962490249553992e-02 -6.778966940166933331e-05 9.999999180170325852e-01 -3.992123354019991147e-04 8.227724734311669258e-04 -1.554115281160693154e-04 3.992017962029436521e-04 9.999999082425872210e-01 -9.387067382057984882e-03
9.999979656178410448e-01 -1.792065164812980541e-06 -2.017116002522895309e-03 1.246018453647608493e-02 1.005836992154629788e-06 9.999999240355361696e-01 -3.897793095679875463e-04 -4.960149601713204071e-03 2.017116547803681978e-03 3.897764877180213950e-04 9.999978896553343155e-01 -2.643383091487903208e-03
9.999960699625835003e-01 -3.087622980929024359e-05 -2.803409717868722562e-03 -5.579342655903450632e-03 3.039333220427537841e-05 9.999999846951483917e-01 -1.722961065279951976e-04 -3.842206692927074146e-03 2.803414994817132917e-03 1.722102244349899675e-04 9.999960555962235098e-01 -7.878655212793421805e-04
9.999949067919871037e-01 8.692441670727968145e-05 -3.190428534044925397e-03 -3.729327789166209106e-03 -8.725669994944729928e-05 9.999999907839912661e-01 -1.040109888685441261e-04 -5.342309247557963658e-05 3.190419463547369220e-03 1.042888453842475110e-04 9.999949051607629480e-01 -6.629885376495056343e-04
9.999950017540428782e-01 -3.822373655579291621e-05 -3.161487921500399142e-03 1.314488338198639000e-02 3.831425689141542697e-05 9.999999988578397447e-01 2.857163381401291239e-05 7.891299211053481172e-03 3.161486825774869735e-03 -2.869262106634318590e-05 9.999950020764023506e-01 3.640898210690251104e-04
9.999956835064672811e-01 8.850397736362118701e-06 -2.938178024518240793e-03 1.575296447192385541e-02 -8.669485125167010229e-06 9.999999980660152499e-01 6.158579035888025858e-05 7.492098781915521033e-03 2.938178563894589066e-03 -6.156005203353580541e-05 9.999956816492192591e-01 -1.097672880704924627e-03
9.999961400987775750e-01 1.120963240840683335e-05 -2.778427953016208030e-03 1.734845659968537596e-02 -1.097300284942058264e-05 9.999999963118154644e-01 8.518193609923982706e-05 4.000781358989094656e-03 2.778428897627044630e-03 -8.515111960753519180e-05 9.999961365336106356e-01 -1.411602274552180335e-03
9.999957590546664221e-01 6.100666222895900357e-06 -2.912359089024331958e-03 1.739598533503959252e-02 -6.044453662156962981e-06 9.999999997952906394e-01 1.931018530632736051e-05 9.438031351708840375e-07 2.912359206233139722e-03 -1.929249979332592466e-05 9.999957588868331193e-01 -1.579609673167260697e-03
9.999954821729771792e-01 6.939009298323165376e-05 -3.005132051978586568e-03 1.698309371762329878e-02 -6.952616512419220395e-05 9.999999965626443776e-01 -4.517547646599845131e-05 -3.885003506065220699e-04 3.005128906918366500e-03 4.538420767827596846e-05 9.999954835600641800e-01 -2.955686964969491803e-03
9.999953799444764035e-01 1.501279687180038753e-05 -3.039714512620162682e-03 2.591020273842355517e-02 -1.544195289885523365e-05 9.999999899177589580e-01 -1.411595838873158247e-04 6.245724659781614349e-04 3.039712362772868572e-03 1.412058708505304282e-04 9.999953700941087709e-01 -5.378655620001051782e-03
9.999946816850319165e-01 1.293315196550451382e-06 -3.261380072774723235e-03 4.079591670416243820e-02 -1.609923721234121393e-06 9.999999952868816600e-01 -9.707545935559600209e-05 -3.588245459362135459e-03 3.261379931854286457e-03 9.708019365087060650e-05 9.999946769740207797e-01 -6.996323697997720858e-03
9.999871317451574093e-01 -2.745613375079058015e-05 -5.073025749374892104e-03 7.690409596711719753e-02 2.484037805618536578e-05 9.999998667271380315e-01 -5.156827142234122379e-04 -6.081612778475941825e-03 5.073039231931806767e-03 5.155500624093243807e-04 9.999869991560312865e-01 -6.382998778105990201e-03
9.999831494023438960e-01 -1.422332016301531578e-04 -5.803505930548766983e-03 1.070388993792240756e-01 1.385875631005998329e-04 9.999997928428495664e-01 -6.285759662951810557e-04 -1.205248713335249806e-02 5.803594132683168733e-03 6.277610806701220672e-04 9.999829619604369002e-01 -1.184192839563801003e-02
9.999796649984027397e-01 -2.295707137876530472e-04 -6.373137921739156428e-03 1.616582938769274835e-01 2.260086587005091850e-04 9.999998178662812265e-01 -5.596315668684613467e-04 -1.405182235018098344e-02 6.373265235994110892e-03 5.581798024062495280e-04 9.999795347533567691e-01 -1.292577131777150265e-02
9.999767518499043106e-01 -1.461089054340928726e-03 -6.660403778318392011e-03 2.887455900969058131e-01 1.458593876104006615e-03 9.999988642522822380e-01 -3.794707500994229203e-04 -6.600372021221861257e-03 6.660950654339413933e-03 3.697471039430324808e-04 9.999777472641376841e-01 -1.316555011610887407e-02
9.999765750031179845e-01 -1.616460901351499200e-03 -6.651052487238282018e-03 3.437185811729691065e-01 1.614187937165360940e-03 9.999986369588876878e-01 -3.470989343863789827e-04 -8.426066075068761388e-03 6.651604493436638968e-03 3.363547549005694898e-04 9.999778212656227350e-01 -1.408198970573589295e-02
9.999760327765396806e-01 -1.757116856246894541e-03 -6.696746437370268423e-03 4.263126114036293601e-01 1.755265978933064595e-03 9.999984196863568320e-01 -2.822518946650289830e-04 -1.245493086610003318e-02 6.697231803972332823e-03 2.704905586797402405e-04 9.999775367082109900e-01 -1.592580704982534193e-02
9.999753982624073334e-01 -1.320056952963598231e-03 -6.889145054420363345e-03 5.484339248562224434e-01 1.317816938669819690e-03 9.999990773342104511e-01 -3.296805178243596732e-04 -1.030158445649279053e-02 6.889573895101712767e-03 3.205937750651021985e-04 9.999762152127296133e-01 -1.746300628695271126e-02
9.999722270227159315e-01 -2.367014113526618845e-03 -7.066995642863526696e-03 7.060552287044773445e-01 2.363071092110550098e-03 9.999970476255130025e-01 -5.662466521813726674e-04 -3.775156464201560869e-03 7.068315092263342293e-03 5.495311127142423662e-04 9.999748681528514149e-01 -2.078452039202303980e-02
9.999713602778638188e-01 -2.591833400272953655e-03 -7.110627515481456572e-03 8.148520014044972060e-01 2.588743133616606615e-03 9.999965507336097126e-01 -4.437678122878386307e-04 -3.497696394738299998e-04 7.111753161270806776e-03 4.253475147445938105e-04 9.999746207011780408e-01 -2.125924412333005803e-02
9.999726603017535798e-01 -2.906213299039017012e-03 -6.799453896756782988e-03 9.333633510343323225e-01 2.905565649953144834e-03 9.999957733094051449e-01 -1.051264881581802835e-04 1.023456867829669083e-02 6.799730677566913524e-03 8.536735435085978253e-05 9.999768779202483637e-01 -2.356034844773732470e-02
9.999702861796816444e-01 -3.843245446347933782e-03 -6.682531119621192527e-03 1.091120304221437021e+00 3.842939236963312764e-03 9.999926141611064079e-01 -5.866223320029837482e-05 8.626083471981751960e-03 6.682707216883561861e-03 3.297992907942093820e-05 9.999776699189726337e-01 -2.742923710231883264e-02
9.999696798814784460e-01 -3.751469082158389364e-03 -6.823913646815336562e-03 1.240863379235480624e+00 3.750991571974552751e-03 9.999929615806533167e-01 -8.277306975737607907e-05 4.512784241460155409e-03 6.824176137861534194e-03 5.717411749100418132e-05 9.999767134044470485e-01 -2.626171845958829437e-02
9.999695266134956961e-01 -3.839396114075801017e-03 -6.797417293402825515e-03 1.410792294869045449e+00 3.837848397457608966e-03 9.999926064591702080e-01 -2.407211523426771302e-04 1.559854623228088336e-02 6.798291260277409577e-03 2.146263596876253480e-04 9.999768683181957662e-01 -2.890394024551893801e-02
9.999688988475774476e-01 -4.741150971358895627e-03 -6.302604622717019288e-03 1.597780780918821808e+00 4.741294584309260762e-03 9.999887599688912498e-01 7.844996185928505118e-06 2.827196560865465405e-02 6.302496586933706811e-03 -3.772725736223708510e-05 9.999801383594705273e-01 -3.341888129658131257e-02
9.999693071658628529e-01 -5.031541881304352030e-03 -6.005690012056529546e-03 1.788401003107343845e+00 5.038711901477269973e-03 9.999866101823261522e-01 1.179338134078050139e-03 3.019445029614659104e-02 5.999675707748429627e-03 -1.209562878588641473e-03 9.999812702491205352e-01 -3.807309301594613560e-02
9.999640388071150410e-01 -5.982136927699378132e-03 -6.011250314264873773e-03 1.991135033846250568e+00 5.997971594799547668e-03 9.999785807719469011e-01 2.619605709058759734e-03 3.103789280948666962e-02 5.995450717875334956e-03 -2.655566813546764073e-03 9.999785010366913918e-01 -3.765953563835797852e-02
9.999641605900402297e-01 -6.470694956103088986e-03 -5.459637555844844801e-03 2.200522399129216655e+00 6.494881987190525598e-03 9.999691213804168255e-01 4.424115013163844312e-03 4.059164562307756435e-02 5.430841871072796846e-03 -4.459416157110224904e-03 9.999753094772435569e-01 -4.395461094337453634e-02
9.999608551057102002e-01 -6.959691140909183248e-03 -5.463602793032983594e-03 2.411306116303211677e+00 6.987590007408470659e-03 9.999625609892787148e-01 5.103940208447604182e-03 4.790819907885878609e-02 5.427876393696975076e-03 -5.141917831528728874e-03 9.999720490288058761e-01 -4.721071623231406361e-02
9.999585222515912086e-01 -7.512517323642343633e-03 -5.149355287402988986e-03 2.647621835414105451e+00 7.541960511199026149e-03 9.999551850737675718e-01 5.722471121356782070e-03 6.036849406117728023e-02 5.106134355992403111e-03 -5.761070000375061173e-03 9.999703682931756488e-01 -4.987836300575096415e-02
9.999547424695155451e-01 -8.194572565710746270e-03 -4.833424582034949978e-03 2.893916116988337173e+00 8.224329060664802016e-03 9.999471505742351107e-01 6.168992621958083872e-03 6.555381954287656243e-02 4.782616880623342427e-03 -6.208465102838999286e-03 9.999692902968770891e-01 -5.067503115576735273e-02
9.999545047501575690e-01 -8.571969138596594734e-03 -4.184468300036496731e-03 3.147343705210550624e+00 8.599365077799601270e-03 9.999414178676609977e-01 6.573564715629735648e-03 7.200164383932079748e-02 4.127874771087829998e-03 -6.609249420229136411e-03 9.999696387750857118e-01 -5.416749877231629567e-02
9.999495252870496120e-01 -9.249926408006984430e-03 -3.922466016497073993e-03 3.404483961071864684e+00 9.271326184092647249e-03 9.999420423541399705e-01 5.473065267244563332e-03 7.537843719784732832e-02 3.871613228652560305e-03 -5.509155477731202642e-03 9.999773296514925525e-01 -7.342613666398475902e-02
9.999288987055208189e-01 -9.943525245579065697e-03 -6.582084719504015594e-03 3.673069065578863590e+00 9.978914301697644484e-03 9.999358129652984317e-01 5.365744942415093428e-03 7.749190260518672158e-02 6.528307814707473913e-03 -5.431045490346287676e-03 9.999639418208829955e-01 -8.000977407588981405e-02
9.998924634623451713e-01 -1.060042164913492513e-02 -1.013373435922171675e-02 3.950061566378892053e+00 1.064106680503539709e-02 9.999355195468484503e-01 3.965406136215919065e-03 8.415448894109019140e-02 1.009104595438416185e-02 -4.072813454470595486e-03 9.999407897381282773e-01 -8.626042039164900921e-02
9.998361562730144758e-01 -1.147909409519214628e-02 -1.399610688576664527e-02 4.236498708388045209e+00 1.149036854021195757e-02 9.999337204228756493e-01 7.253909818645666672e-04 9.197699281860910459e-02 1.398685239838423980e-02 -8.860925573482333201e-04 9.999017865770445379e-01 -8.931692480292360847e-02
9.997846584287499727e-01 -1.166242124499926834e-02 -1.716463519017717362e-02 4.531857338467046858e+00 1.161610951673644997e-02 9.999286235310940185e-01 -2.795325188038904306e-03 9.045991323507769633e-02 1.719601029898690583e-02 2.595336956136831338e-03 9.998487692925771553e-01 -8.498901097824365647e-02
9.997534120029387683e-01 -1.208991110460913912e-02 -1.862657343594674789e-02 4.844387512970912191e+00 1.199398004059548314e-02 9.999142696319545109e-01 -5.253363606382874945e-03 9.364940713731323418e-02 1.868848927195201556e-02 5.028661439957912357e-03 9.998127089274543300e-01 -8.531200851209022606e-02
9.997299695476107306e-01 -1.257662823086606527e-02 -1.954012309776500048e-02 5.148224111360427457e+00 1.241979441972243872e-02 9.998898444015715814e-01 -8.126977862209458850e-03 9.648321363483974844e-02 1.964018062302528775e-02 7.882099018890456957e-03 9.997760428316690984e-01 -8.191602026772271117e-02
9.997201185657998979e-01 -1.262145291679631597e-02 -2.000958422986384710e-02 5.479798771538559876e+00 1.240302031255473107e-02 9.998625381359729225e-01 -1.100317769630646848e-02 1.085112405591511925e-01 2.014570976434627847e-02 1.075191883150329077e-02 9.997392393116975029e-01 -8.641720379707042154e-02
9.997002979102581621e-01 -1.335548520475719411e-02 -2.051695330907348999e-02 5.813236569973983414e+00 1.311482198921551726e-02 9.998441314145573022e-01 -1.182008122055934300e-02 1.189614221221228785e-01 2.067161828044382019e-02 1.154746252710707639e-02 9.997196308499961548e-01 -8.904601334969571014e-02
9.997025375551321646e-01 -1.367321508892822834e-02 -2.019602918797285332e-02 6.153113854679978623e+00 1.348213218831730356e-02 9.998633385599419166e-01 -9.567461284146134767e-03 1.275911578157364334e-01 2.032408712553369565e-02 9.292329788530008863e-03 9.997502608599884155e-01 -7.548840627896132027e-02
9.997943674216236420e-01 -1.425547297786920395e-02 -1.442235633218869918e-02 6.502236323679502661e+00 1.418005468801257843e-02 9.998853154446839531e-01 -5.318083031492517286e-03 1.508580472342503087e-01 1.449651409961563893e-02 5.112479658846292262e-03 9.998818498356181195e-01 -6.235087118176876192e-02
9.998694364596795170e-01 -1.569601668066172503e-02 -3.839934135269485859e-03 6.860564193001056132e+00 1.568768307121650926e-02 9.998745405660616203e-01 -2.190828077311553559e-03 1.619509972406826537e-01 3.873839653352458088e-03 2.130302365313092861e-03 9.999902275413357078e-01 -6.267238768091533407e-02
9.998079127688355161e-01 -1.747277876601458640e-02 8.879164770320559230e-03 7.228692979008101815e+00 1.747623730164005879e-02 9.998472302029527414e-01 -3.120661152978297182e-04 1.691563096851764481e-01 -8.872355639927678728e-03 4.671805619482863889e-04 9.999605307449495051e-01 -7.094053017822835039e-02
9.996300571592550144e-01 -1.888540000344527889e-02 1.957269757837415414e-02 7.607099541269492171e+00 1.894789917137885624e-02 9.998159335869127862e-01 -3.012650447911183801e-03 1.818080354055200132e-01 -1.951219979335710314e-02 3.382397439673236281e-03 9.998038974952959679e-01 -1.122211573534567242e-01
9.995420861627756226e-01 -2.041601034072652518e-02 2.233393183328459888e-02 7.980481851411750149e+00 2.058009075034979499e-02 9.997627001646762768e-01 -7.141654160126977534e-03 1.896822118328972684e-01 -2.218282790975538779e-02 7.598018241807506963e-03 9.997250583359023057e-01 -1.371053440847228022e-01
9.995791202311514745e-01 -2.154438788698383178e-02 1.942734537944914089e-02 8.357766009353156278e+00 2.173974734156684102e-02 9.997146322207471902e-01 -9.901389259142861707e-03 1.957267472654238005e-01 -1.920848207022244139e-02 1.031956754478677470e-02 9.997622421067153820e-01 -1.326429267913662169e-01
9.995773266122159884e-01 -2.271863398576236259e-02 1.813923351733279926e-02 8.733773795082846902e+00 2.287867685750528957e-02 9.997006991221387695e-01 -8.664774662783333511e-03 2.104893129639480442e-01 -1.793695258468445269e-02 9.076113955208115966e-03 9.997979245264749792e-01 -1.319026141737032753e-01
9.995489624264722872e-01 -2.425963675013272439e-02 1.770146143442025144e-02 9.134675272691563208e+00 2.436485531060203838e-02 9.996865805830942309e-01 -5.752775658241916605e-03 2.307204933536245173e-01 -1.755635320492514306e-02 6.181474486903824721e-03 9.998267669128045876e-01 -1.503854302809490839e-01
9.995621541692680800e-01 -2.565151512488158397e-02 1.474787185631950756e-02 9.542245316007354816e+00 2.568786506061243591e-02 9.996674109139721542e-01 -2.280601934431759990e-03 2.573519030688780074e-01 -1.468446598008304668e-02 2.658444724559549336e-03 9.998886433651130723e-01 -1.863244411371814402e-01
9.996115860244038087e-01 -2.688239206775469917e-02 7.349427358058492968e-03 9.946241492725995670e+00 2.687821556440226842e-02 9.996384933256585725e-01 6.664755665081100941e-04 2.888268647359893970e-01 -7.364686948498417457e-03 -4.686772052788733527e-04 9.999727704931908878e-01 -2.101360534502235422e-01
9.996089014808998696e-01 -2.794228868438466962e-02 1.128088306398789984e-03 1.036559016429794688e+01 2.793940570263761525e-02 9.996065042326732764e-01 2.495256443309746934e-03 3.035235334077802660e-01 -1.197367584305583264e-03 -2.462762435349116416e-03 9.999962505489983222e-01 -2.236334907925724980e-01
9.995728794851893584e-01 -2.920938955280355867e-02 -9.328234772290344440e-04 1.079472265273728482e+01 2.921145152788016605e-02 9.995706561380744981e-01 2.279141797607588636e-03 3.183648704401697560e-01 8.658506345824291787e-04 -2.305417457178812746e-03 9.999969676719158151e-01 -2.281064075013305992e-01
9.995534134428419870e-01 -2.987079795899824641e-02 -8.420831644022507998e-04 1.125199286001927845e+01 2.987250284267970596e-02 9.995515312003703245e-01 2.090466194220444874e-03 3.493195776025355137e-01 7.792616230486479985e-04 -2.114687751842291626e-03 9.999974604202928052e-01 -2.314117934964201595e-01
9.995223380061623031e-01 -3.090451009440248545e-02 -8.415770923617040423e-05 1.170850836152798458e+01 3.090458956041198038e-02 9.995133907231762427e-01 4.229433669147528510e-03 3.635007351696712963e-01 -4.659181820763565895e-05 -4.230014288890608307e-03 9.999910523641289961e-01 -2.400893273077886192e-01
9.994798917921773329e-01 -3.224619839786128928e-02 3.585972439101166006e-04 1.219291421007431175e+01 3.224357117523024563e-02 9.994631254425513367e-01 5.814894536864767191e-03 3.926697770098311890e-01 -5.459129650718711185e-04 -5.800307706731263127e-03 9.999830290607645278e-01 -2.599218613173842063e-01
9.994493466442482266e-01 -3.316944411097638712e-02 -8.896458587900726899e-04 1.267622117535411874e+01 3.317384856114936886e-02 9.994344422917607051e-01 5.503756226351950477e-03 4.187027350715607499e-01 7.065861781666114968e-04 -5.530238541509225302e-03 9.999844584780539503e-01 -2.746503567289609871e-01
9.994189213164824670e-01 -3.394121518529005788e-02 -3.132670800530471499e-03 1.317275603702825038e+01 3.395255927588468337e-02 9.994168097438791420e-01 3.641993957222450663e-03 4.428585139369962675e-01 3.007230156838354429e-03 -3.746239863215252482e-03 9.999884610602619572e-01 -2.835181790816239111e-01
9.993825517439148820e-01 -3.487523998614911608e-02 -4.270000670935661553e-03 1.369235323797351356e+01 3.488950293533828878e-02 9.993856859163381401e-01 3.312607802833912596e-03 4.611824177327423224e-01 4.151849557282437202e-03 -3.459540639865464964e-03 9.999853967552799761e-01 -2.928576342171642644e-01
9.993394985359962401e-01 -3.602037180593228860e-02 -4.806191921460319094e-03 1.421216324834792388e+01 3.603754505336660696e-02 9.993441820750461613e-01 3.535689364676882721e-03 4.964680485021203404e-01 4.675683089141515272e-03 -3.706557394580003734e-03 9.999821995515373318e-01 -3.021824450585791633e-01
9.992979532907549922e-01 -3.704998231169419343e-02 -5.558719241986607128e-03 1.473768527068912526e+01 3.707896458527897010e-02 9.992987852301210561e-01 5.204634750691514676e-03 5.235515395828929108e-01 5.361989760500565465e-03 -5.407092407905099950e-03 9.999710057884181325e-01 -3.091373228030397380e-01
9.992520240526334696e-01 -3.844469207348649720e-02 -4.171100345222513404e-03 1.529537396837628904e+01 3.847135492496008002e-02 9.992384823544493422e-01 6.512313890972544483e-03 5.576575909834298184e-01 3.917560076483935123e-03 -6.667910718629075500e-03 9.999700953977050943e-01 -3.100345151580531922e-01
9.992110259150528417e-01 -3.969134327099638204e-02 -1.386708019605236439e-03 1.586680642769124638e+01 3.969744054971445502e-02 9.992007504717869137e-01 4.687586843953273248e-03 5.784262003468351176e-01 1.199543075338841682e-03 -4.738937218580545514e-03 9.999880517138436398e-01 -3.239045102710343960e-01
9.991675425869988025e-01 -4.078565518670437123e-02 8.672782997544339206e-04 1.643329253610816565e+01 4.078344566693069967e-02 9.991650575174131355e-01 2.428661309661672534e-03 6.199096966274413312e-01 -9.656087149988940369e-04 -2.391268955134632189e-03 9.999966747107681408e-01 -3.434489436365479320e-01
9.991256162610782088e-01 -4.176914245353388622e-02 1.828023418093552635e-03 1.700555288241870855e+01 4.176692646032445499e-02 9.991266190438308215e-01 1.234087558350553974e-03 6.458773464069530457e-01 -1.877973636277636277e-03 -1.156657572585862359e-03 9.999975676761825305e-01 -3.546345176138814836e-01
9.990976783642135928e-01 -4.244340430362138206e-02 1.544836029428776859e-03 1.758773972317923651e+01 4.244105078250517971e-02 9.990978078124437278e-01 1.525658168150178292e-03 6.815787051772556060e-01 -1.608196416891891122e-03 -1.458717069400611559e-03 9.999976429216201890e-01 -3.637364062747178717e-01
9.990275605321407015e-01 -4.406972105499595838e-02 1.339023276456680848e-03 1.817612397443031824e+01 4.406437126468684684e-02 9.990214977217928283e-01 3.791869559176641417e-03 7.150431145716983350e-01 -1.504819672879940690e-03 -3.729178976774478668e-03 9.999919143382667297e-01 -3.769353213533195857e-01
9.989574106013249244e-01 -4.561773683973989468e-02 1.764621862102881992e-03 1.875455355940669477e+01 4.560781563565023677e-02 9.989453392898778317e-01 5.304362730379275255e-03 7.549177685286576622e-01 -2.004733807893665457e-03 -5.218351909476428609e-03 9.999843748007807287e-01 -3.858571645323412569e-01
9.988806238805008064e-01 -4.723201817527743207e-02 2.575984315103706061e-03 1.934335160124867414e+01 4.722274715305010973e-02 9.988780812523567754e-01 3.548372152010142479e-03 7.902944827885675094e-01 -2.740691047983348158e-03 -3.422755132977721264e-03 9.999903866337311875e-01 -4.156138134062828393e-01
9.988133948995541189e-01 -4.866322084339484016e-02 1.921745658053341512e-03 1.994555373867770953e+01 4.866178189265048942e-02 9.988150024439330643e-01 7.885911222633035927e-04 8.249914448026023361e-01 -1.957843778083005921e-03 -6.941398079501198692e-04 9.999978425065064735e-01 -4.237649594320973545e-01
9.987749449821644587e-01 -4.946369823986501019e-02 1.397079922563199735e-03 2.054841286335275186e+01 4.946521943824456341e-02 9.987752670468619254e-01 -1.076104732845383806e-03 8.652453568960561947e-01 -1.342140752963914222e-03 1.143893310285049383e-03 9.999984450819380255e-01 -4.411673256255272957e-01
9.987452333958152240e-01 -5.007947512771433046e-02 7.028564024354997134e-05 2.114014274470363475e+01 5.007952012007398784e-02 9.987435797775949808e-01 -1.817558136023029580e-03 9.026487959100092384e-01 2.082502552233681897e-05 1.818797395907512538e-03 9.999983457698072842e-01 -4.487365733869524420e-01
9.987153079738192440e-01 -5.065092177708822863e-02 -1.489208477872041528e-03 2.175601018560746525e+01 5.064826139222128321e-02 9.987149794525311819e-01 -1.772973512365200567e-03 9.391643622552152681e-01 1.577097557066170063e-03 1.695269967176460347e-03 9.999973194079241345e-01 -4.572858295135736051e-01
9.986636376958026862e-01 -5.162415307989628305e-02 -2.426017924506381537e-03 2.237385717223900983e+01 5.162187454029770056e-02 9.986662088411946137e-01 -9.926669638898994417e-04 9.854401223323344672e-01 2.474027714548779257e-03 8.661048082473530793e-04 9.999965645187631758e-01 -4.714889313012047278e-01
9.986373591055242027e-01 -5.205831165787831033e-02 -3.654748428488644937e-03 2.298715155835748902e+01 5.205609178325140002e-02 9.986439171875217680e-01 -6.999804395644727145e-04 1.034260710242495440e+00 3.686232086838105507e-03 5.087746979540903880e-04 9.999930763966862202e-01 -4.861808754468137650e-01
9.986003715101888778e-01 -5.270965601902169451e-02 -4.357772604118682370e-03 2.361230018603482961e+01 5.271159614873950627e-02 9.986097224392005423e-01 3.314835666171984030e-04 1.062788470737537017e+00 4.334241705879759120e-03 -5.607247623898015381e-04 9.999904499226859311e-01 -4.990484316199064740e-01
9.985957166189857181e-01 -5.277043161539970995e-02 -4.677210422751367121e-03 2.425300504409199576e+01 5.277244429391464431e-02 9.986065162727203459e-01 3.078650787388270303e-04 1.108652592259357084e+00 4.654446633053844172e-03 -5.542605754107229714e-04 9.999890144005355586e-01 -5.047686456472104677e-01
9.986152172314646247e-01 -5.246980650167867161e-02 -3.816715791244365639e-03 2.488566084708332582e+01 5.246859081687434839e-02 9.986224873479960795e-01 -4.180198473951146328e-04 1.149007916185366351e+00 3.833391637459505983e-03 2.171832815984326391e-04 9.999926289428218151e-01 -5.106258747910377149e-01
9.986368660068241088e-01 -5.217043085056672497e-02 -1.629722962555130335e-03 2.554512185364274046e+01 5.217111176267662936e-02 9.986380886679289137e-01 3.780993414214908646e-04 1.188606228961017086e+00 1.607777818838015526e-03 -4.626084001780659638e-04 9.999986005209974271e-01 -5.183150205930213694e-01
9.986668730101397884e-01 -5.160537621020917093e-02 1.167004006930573217e-03 2.620443419591896017e+01 5.160403720075606299e-02 9.986669621538996067e-01 1.149802976476308348e-03 1.239718882079765105e+00 -1.224784361591461880e-03 -1.088048024908269337e-03 9.999986580264811353e-01 -5.365924188611503887e-01
9.986777922321637968e-01 -5.130563694518719409e-02 3.224735638722162675e-03 2.687963012278896713e+01 5.130152017908323758e-02 9.986823020695575481e-01 1.346684953547661739e-03 1.278507826556947391e+00 -3.289578940551057210e-03 -1.179470515799139248e-03 9.999938937412049533e-01 -5.585250917359322331e-01
9.986943476330406577e-01 -5.098484510430580791e-02 3.185212003199651247e-03 2.755902103295986194e+01 5.098239333613695939e-02 9.986991936259204117e-01 8.462982073355073721e-04 1.324264977911324026e+00 -3.224217042136146710e-03 -6.828035048718368843e-04 9.999945690871721027e-01 -5.791457317531525373e-01
9.987477745017081521e-01 -4.999578066525911524e-02 1.817922868692725420e-03 2.824679008470648611e+01 4.999594922693971488e-02 9.987494194327171115e-01 -4.736779261240737772e-05 1.360988881331404832e+00 -1.813281219910271771e-03 1.381972568963544005e-04 9.999983464550007417e-01 -5.981551780654552619e-01
9.987871889192004859e-01 -4.923097967653989465e-02 -6.796256097965898500e-04 2.894429768517128210e+01 4.923164926545398751e-02 9.987868800971295702e-01 1.006407693404183208e-03 1.416266773224301057e+00 6.292547057425504353e-04 -1.038646200655146635e-03 9.999992626260206796e-01 -6.186729212965138558e-01
9.988231310125484930e-01 -4.837897178640330337e-02 -3.439192227803441245e-03 2.965247878160576533e+01 4.838428003798932869e-02 9.988277023178699920e-01 1.477338014754793656e-03 1.455702014788927467e+00 3.363688376591584834e-03 -1.642002221315763504e-03 9.999929946900679711e-01 -6.329477156266370974e-01
9.988764654298996071e-01 -4.705852718573282079e-02 -5.594803783896009491e-03 3.036432185930808458e+01 4.707237822723589482e-02 9.988886689847082945e-01 2.370270446579432998e-03 1.493056038561507926e+00 5.477044668678597225e-03 -2.630968085614937037e-03 9.999815398239257913e-01 -6.486368813815502898e-01
9.989628040319518121e-01 -4.494767614398065964e-02 -7.281659829743309005e-03 3.109176970705279786e+01 4.495916716175222400e-02 9.989878132487022278e-01 1.422064941409491821e-03 1.531268742719986475e+00 7.210370915694003062e-03 -1.747967342886405043e-03 9.999724772019609187e-01 -6.530872748949003714e-01
9.990800468186586958e-01 -4.236180101281798033e-02 -6.673669438715776510e-03 3.181859161084810239e+01 4.237827594003503590e-02 9.990988810683334442e-01 2.346822608194389960e-03 1.572756646459752217e+00 6.568240036500152222e-03 -2.627482246276413753e-03 9.999749769668581090e-01 -6.500097320294917491e-01
9.992199764814901908e-01 -3.941565615635169578e-02 -2.417571114673197456e-03 3.255896818938921200e+01 3.942652559694397735e-02 9.992117619120276517e-01 4.626438804842160010e-03 1.618554559986315367e+00 2.233311371880168997e-03 -4.718146503202531178e-03 9.999863756141332827e-01 -6.632891224182974055e-01
9.993187350174806971e-01 -3.687045822696260328e-02 1.623315494913086599e-03 3.331166319096100636e+01 3.686012623737552202e-02 9.993024755900258294e-01 5.991107861709191705e-03 1.656714166454927195e+00 -1.843078084878671313e-03 -5.927190715650928858e-03 9.999807355511372009e-01 -6.806145510495896778e-01
9.994076862887896207e-01 -3.426710422228160940e-02 3.168935958269272421e-03 3.405092813968229137e+01 3.425864894088102158e-02 9.994093933173840982e-01 2.685055255229627357e-03 1.688719131187850220e+00 -3.259073431789075333e-03 -2.574901395676115669e-03 9.999913741243815490e-01 -7.005790967716729600e-01
9.995105474638557030e-01 -3.118225187026958320e-02 2.516481035609154180e-03 3.477218285295919031e+01 3.118236977638346244e-02 9.995137116403276512e-01 -7.622651015887956243e-06 1.718425316757694832e+00 -2.515019608750304354e-03 8.608876227763713658e-05 9.999968336275333325e-01 -7.124057404982497843e-01
9.996197397828967546e-01 -2.753351304846372513e-02 1.510462043138675317e-03 3.551035176500977286e+01 2.753314611773914275e-02 9.996208564234119187e-01 2.631884948198516256e-04 1.746997556781350713e+00 -1.517135865013667000e-03 -2.215006425666364185e-04 9.999988246174255080e-01 -7.308240574719679916e-01
9.997045304519577291e-01 -2.430607732014456943e-02 -2.576803018384734721e-04 3.623889511988719647e+01 2.430656452174273160e-02 9.997023561053431928e-01 2.095260980394625990e-03 1.772645222066833615e+00 2.066760294745042289e-04 -2.100905217462336900e-03 9.999977717386604459e-01 -7.505514289932443406e-01
9.997763136582021870e-01 -2.100298208556753560e-02 -2.489456070999674156e-03 3.696772913616575096e+01 2.101057910135138013e-02 9.997745526465772192e-01 3.065851621040523341e-03 1.793715266736958247e+00 2.424502803043282299e-03 -3.117470745605996005e-03 9.999922015507463069e-01 -7.556275988741150140e-01
9.998320178667751135e-01 -1.794411333773108380e-02 -3.734279713049830189e-03 3.769363461678864979e+01 1.796660737991465084e-02 9.998201016675553054e-01 6.079911244032536709e-03 1.820770358838367686e+00 3.624509305910305484e-03 -6.145982265023092368e-03 9.999745445931558230e-01 -7.690681183648387931e-01
9.998839071876065576e-01 -1.463870995458288818e-02 -4.228512517591949578e-03 3.841227378286736638e+01 1.466464905551603456e-02 9.998734322947557818e-01 6.169883239005326953e-03 1.834941456571153040e+00 4.137658193276559475e-03 -6.231176612005314211e-03 9.999720257200725992e-01 -7.898898936184358677e-01
9.999219155275617110e-01 -1.055499861531176108e-02 -6.689906720011888457e-03 3.912163616122717258e+01 1.058492274543591273e-02 9.999340606319587765e-01 4.453515303138637360e-03 1.858566357079679987e+00 6.642458743932618155e-03 -4.523979698551195208e-03 9.999677051532825933e-01 -8.019059265047422391e-01
9.999309288783122529e-01 -5.971267418093093721e-03 -1.012331161118904498e-02 3.983746810762321644e+01 6.015776015340631999e-03 9.999723480425931621e-01 4.371909092843479644e-03 1.865882768309846673e+00 1.009692584348659446e-02 -4.432506695364929819e-03 9.999392006381720988e-01 -7.951974209475304312e-01
9.999435610318132550e-01 -7.066090824639620609e-04 -1.060072896648447949e-02 4.054760745158139201e+01 7.871710585949931449e-04 9.999708293808780013e-01 7.597417261373397290e-03 1.882932324528074242e+00 1.059505133261722659e-02 -7.605333058024707146e-03 9.999149482812704770e-01 -7.991410667227207831e-01
9.999453639907113223e-01 4.366277168036182196e-03 -9.497613235738952900e-03 4.127274768518873316e+01 -4.272728105243615848e-03 9.999423803142599709e-01 9.847834583828332655e-03 1.893153285864701330e+00 9.540064361546996344e-03 -9.806715818441461008e-03 9.999064033682522057e-01 -8.086534608264861479e-01
9.999201536025239534e-01 9.228289459104352388e-03 -8.632791736383812337e-03 4.197399858458863520e+01 -9.141109430962676696e-03 9.999073698775093888e-01 1.008423437910510936e-02 1.889686423255684700e+00 8.725052313651667640e-03 -1.000451589536164101e-02 9.999118876800212607e-01 -8.168967631844221700e-01
9.998662822565376196e-01 1.428511668146900497e-02 -7.959462788819990711e-03 4.268625697332716840e+01 -1.419797622965157831e-02 9.998398013488463132e-01 1.089904168639298579e-02 1.886169882525742914e+00 8.113881775823632639e-03 -1.078457602765631532e-02 9.999089247738673913e-01 -8.184737368053252027e-01
9.997720754978585145e-01 2.028960095245608067e-02 -6.642977336578234464e-03 4.338775249581448179e+01 -2.020631518629930831e-02 9.997192642651908656e-01 1.237325679266763727e-02 1.884828610805088900e+00 6.892160858259823060e-03 -1.223620653043495758e-02 9.999013818214516069e-01 -8.173922808904794390e-01
9.996475113182623495e-01 2.637038388934265579e-02 -3.075055891082191691e-03 4.409237858598380910e+01 -2.633022840039124166e-02 9.995758963441637723e-01 1.243971543664667417e-02 1.870869772623382721e+00 3.401791820175437478e-03 -1.235436365379505644e-02 9.999178953849771068e-01 -8.281299773839038147e-01
9.994601860138606630e-01 3.283411711885320799e-02 1.121305562503074893e-03 4.479137441538494357e+01 -3.284484548888099570e-02 9.993944405689961785e-01 1.148774497430668680e-02 1.855844475974038010e+00 -7.434365814267610006e-04 -1.151837283684658923e-02 9.999333849758397230e-01 -8.365715368231594340e-01
9.992165616473741574e-01 3.932836159676950799e-02 4.420735652919416739e-03 4.549171789300874025e+01 -3.937273019079984976e-02 9.991700255702757882e-01 1.044261074716460250e-02 1.835087346360722460e+00 -4.006375783888122336e-03 -1.060848603751097727e-02 9.999357024214458045e-01 -8.605587700550332286e-01
9.989670615743446724e-01 4.512288061346322182e-02 5.360553578002004438e-03 4.617701918457594701e+01 -4.517135256579691421e-02 9.989360161577789388e-01 9.294327851009713884e-03 1.806052403418290320e+00 -4.935463189606153003e-03 -9.526870838251539145e-03 9.999424383108935777e-01 -8.750204974844308925e-01
9.986931974888537678e-01 5.089714742057131758e-02 4.623599673187106691e-03 4.687575824332926544e+01 -5.093781265275415526e-02 9.986599096377941631e-01 9.150088763812017773e-03 1.771896498548154453e+00 -4.151690215103317518e-03 -9.373647458772397384e-03 9.999474477199671307e-01 -8.917147391225138664e-01
9.984054765866873238e-01 5.637739398445364841e-02 2.844955049099914379e-03 4.757487881352935233e+01 -5.640097587955100050e-02 9.983673494994406150e-01 9.031355008861170069e-03 1.739218217233972741e+00 -2.331145972266897379e-03 -9.177412542948293339e-03 9.999551694238459909e-01 -9.124024597441166007e-01
9.981084649833880107e-01 6.147399467289518110e-02 6.634059555199045685e-04 4.826001501158690132e+01 -6.147749044862096252e-02 9.980668020336503909e-01 9.120134125212075310e-03 1.705013496529303563e+00 -1.014723838464526903e-04 -9.143667605452071578e-03 9.999581906490272454e-01 -9.237162050498661792e-01
9.977746715182315151e-01 6.667428401385140646e-02 -4.946998337287558754e-04 4.895268656437216492e+01 -6.666631657258868804e-02 9.977277409630592730e-01 9.744595804539320574e-03 1.669319801950379212e+00 1.143289695833032060e-03 -9.689931062228389694e-03 9.999523979293617471e-01 -9.307808625226013932e-01
9.974214491334142396e-01 7.175591902600240990e-02 1.241327246840550789e-03 4.964799658324192677e+01 -7.176480784963791548e-02 9.973706710102775430e-01 1.007754746023033568e-02 1.628428243340135362e+00 -5.149397095877165584e-04 -1.014064560284173161e-02 9.999484497432120644e-01 -9.397034026498031212e-01
9.970307211214201049e-01 7.694641826030697296e-02 2.998309025268623348e-03 5.033678801881722364e+01 -7.697020782070716771e-02 9.969941122303277448e-01 8.850270396871114456e-03 1.576085649422864998e+00 -2.308299837165413149e-03 -9.054771944697592376e-03 9.999563404753686324e-01 -9.622945172088926968e-01
9.966391329841711721e-01 8.186532637772836463e-02 2.916666183764880533e-03 5.103245470170487152e+01 -8.188355024305496443e-02 9.966187009284785958e-01 6.800673439071183192e-03 1.522831867190799437e+00 -2.350064712427867800e-03 -7.016644262024917221e-03 9.999726215747847258e-01 -9.755141264486367758e-01
9.962296149479592522e-01 8.675130885772772138e-02 8.744781940851830771e-04 5.172610142112333875e+01 -8.675338423691897338e-02 9.962261326586088206e-01 2.709784403507209220e-03 1.470152963899018728e+00 -6.361006856612589017e-04 -2.775431415676251311e-03 9.999959461699705621e-01 -9.939459579005827106e-01
