1.000000000000000000e+00 0.000000000000000000e+00 0.000000000000000000e+00 0.000000000000000000e+00 0.000000000000000000e+00 1.000000000000000000e+00 0.000000000000000000e+00 0.000000000000000000e+00 0.000000000000000000e+00 0.000000000000000000e+00 1.000000000000000000e+00 0.000000000000000000e+00
9.999999210722472220e-01 3.972360751776793245e-04 7.681133442547901573e-06 2.754426811501898588e-03 -3.972358552484899896e-04 9.999999206924898854e-01 -2.861274579415465336e-05 -3.539028643478565135e-05 -7.692498848215658497e-06 2.860969231420259899e-05 9.999999995611554837e-01 -6.484240410728225358e-04
9.999999928729048637e-01 -1.193790609143710509e-04 -1.682297430842662222e-06 1.011724873002429331e-03 1.193790326695007140e-04 9.999999927335462280e-01 -1.677957364187444614e-05 -1.261327372063720566e-04 1.684300548362236383e-06 1.677937269124486956e-05 9.999999998578078531e-01 -5.801395531451838689e-04
9.999999009760657254e-01 4.449679548882299533e-04 7.167842084309836171e-06 1.294312583527590333e-03 -4.449679818035299117e-04 9.999999009946969331e-01 3.753850404045427909e-06 -2.064660176723796467e-03 -7.166171031518213639e-06 -3.757039492550533605e-06 9.999999999672652962e-01 -4.060287365746087702e-04
9.999999866508708646e-01 -1.621017632183305746e-04 -2.052502186152766806e-05 1.560491179579930141e-03 1.621014828577634558e-04 9.999999867682515253e-01 -1.366037965281645420e-05 1.026944633852142769e-04 2.052723596157369378e-05 1.365705233398284013e-05 9.999999996960587945e-01 -4.139155963023292343e-04
9.999999942648837292e-01 -1.065466072426324859e-04 -1.086521579984901584e-05 -2.098155724793181187e-03 1.065465192040043947e-04 9.999999942910898776e-01 -8.103053024172341803e-06 -1.917327544987270944e-03 1.086607909062850881e-05 8.101895326776517958e-06 9.999999999081438107e-01 -7.465007805995990502e-04
9.999999981963404450e-01 -5.715810484559173942e-05 -1.844641415394855842e-05 -1.703804372062007674e-03 5.715765046029699540e-05 9.999999980631263385e-01 -2.463230391875218862e-05 -1.173312021701182657e-03 1.844782205403015815e-05 2.463124952063144000e-05 9.999999995264896580e-01 -1.434147028369561891e-04
9.999999889892509097e-01 1.472137789055651428e-04 -1.869762947310267141e-05 -2.432556871982741002e-03 -1.472136160500081949e-04 9.999999891261345253e-01 8.711035081610483537e-06 -1.360966239064802588e-03 1.869891165417970815e-05 -8.708282440049164286e-06 9.999999997872582869e-01 -4.535954885547088377e-04
9.999999299982668122e-01 3.741662737568409217e-04 -1.749608508176297727e-06 -3.441513120988662876e-04 -3.741662884271920102e-04 9.999999299645778716e-01 -8.392137608370413149e-06 -3.036789707289069135e-04 1.746468330783948711e-06 8.392791665427940605e-06 9.999999999632555037e-01 -1.276382030497636485e-04
9.999998781891374922e-01 4.932829383878089159e-04 1.713629976670057411e-05 1.683564532774944411e-03 -4.932824197651317771e-04 9.999998778785184061e-01 -3.025562098384774196e-05 2.156845631514212784e-04 -1.715122225561192048e-05 3.024716426296971552e-05 9.999999993954723498e-01 -2.112219474453316782e-04
9.999999993080525007e-01 3.562743826971601329e-05 -1.070423933287747520e-05 9.919428687944972789e-04 -3.562751343693808291e-05 9.999999993406852861e-01 -7.022083219049769407e-06 -1.771722692894926862e-04 1.070398914698360234e-05 7.022464579621521058e-06 9.999999999180547716e-01 -5.428933678651298722e-04
9.999999542606943237e-01 -3.022922663871453731e-04 -9.899241780422168380e-06 -1.270252311521647597e-03 3.022921432937999606e-04 9.999999542324298218e-01 -1.243375991521244585e-05 -1.561271483102993083e-04 9.902999956822407306e-06 1.243076688348611125e-05 9.999999998737033602e-01 -6.164031110893991409e-04
9.999998632181628100e-01 5.230030102268638098e-04 5.613110618233570890e-06 6.793049296509373267e-04 -5.230030036722222147e-04 9.999998632332363080e-01 -1.169142151530957593e-06 -4.203689996484827633e-04 -5.613721315411231594e-06 1.166206317900265466e-06 9.999999999835630371e-01 -1.660367383395939395e-04
9.999999388754829965e-01 -3.145865362265871674e-04 1.525920755028651688e-04 -2.454977996166958065e-03 3.145997299454979679e-04 9.999999467769019601e-01 -8.644768990057486780e-05 3.194113067090732002e-04 -1.525648721021115805e-04 8.649569004224661383e-05 9.999999846212276333e-01 8.542496943015735495e-04
9.999997461380661923e-01 4.319494712038496418e-04 5.666952068569633969e-04 -1.054051320304409504e-02 -4.316995017327744828e-04 9.999998095117201835e-01 -4.411485730050235688e-04 -4.463599649751619648e-04 -5.668856528010000418e-04 4.409038189757592558e-04 9.999997421222063254e-01 4.561988611250372694e-03
9.999998233539373338e-01 -2.907070515301549466e-04 5.184414184468635499e-04 -1.378392262514602576e-02 2.908681909091356756e-04 9.999999094098699359e-01 -3.107667090570783233e-04 -1.750526937041036639e-03 -5.183510294074843800e-04 3.109174522788388023e-04 9.999998173212574226e-01 3.026326447490866600e-03
9.999999662189297256e-01 1.557917799384147552e-04 2.080650398774036060e-04 -6.995382903672025740e-03 -1.557774197287304058e-04 9.999999854839676239e-01 -6.903231096508304185e-05 -3.199159993716051750e-03 -2.080757915237232763e-04 6.899989679804983717e-05 9.999999759717392855e-01 -8.999652211650669125e-04
9.999999646082498028e-01 6.440322439586286649e-05 -2.581389623464453581e-04 6.254886776062993682e-03 -6.442029121859697675e-05 9.999999957399389183e-01 -6.610709593700997313e-05 -1.273283170177866210e-03 2.581347037366238037e-04 6.612372298449336249e-05 9.999999644970634094e-01 -1.261614510325474465e-03
9.999999162537823727e-01 -2.768191192287318479e-04 -3.014359026400954974e-04 1.825621881538281796e-02 2.768171170531187196e-04 9.999999616638043376e-01 -6.683828270231579357e-06 -3.470083639016727879e-04 3.014377412956445999e-04 6.600385092941106195e-06 9.999999545458604366e-01 -1.420967764743493334e-03
9.999999939129843307e-01 1.311301347810209758e-05 -1.095540055070796167e-04 3.929708410506056043e-02 -1.312025794374305371e-05 9.999999977275768615e-01 -6.612643273537824849e-05 2.512504704783233983e-03 1.095531381413228432e-04 6.612786970967664399e-05 9.999999918126073473e-01 -2.794795112564026768e-04
9.999999917581305908e-01 1.252134800001926374e-04 2.837821816436159484e-05 5.726478624673030787e-02 -1.252118345435587884e-04 9.999999904803060780e-01 -5.797744628982497833e-05 1.549643921328597903e-03 -2.838547745202111601e-05 5.797389252322499985e-05 9.999999979166461772e-01 5.829294651679051056e-04
9.999999884410946116e-01 3.358984487481705961e-05 -1.482886808704964585e-04 8.037865316765790968e-02 -3.360028487810358660e-05 9.999999969573383218e-01 -7.040130807874347084e-05 5.142635718585937283e-04 1.482863156502868291e-04 7.040628980690285762e-05 9.999999865270613464e-01 7.480363667211249214e-04
9.999999546845667053e-01 -1.804504993720044091e-04 -2.409740274497590732e-04 1.046634341953882191e-01 1.804168480956958867e-04 9.999999739722353898e-01 -1.396613386480063555e-04 -1.189197248352639145e-03 2.409992231360458151e-04 1.396178565446868779e-04 9.999999612131135196e-01 1.247391408889359258e-03
9.999998975908760412e-01 -3.786197417912993534e-04 -2.479220209217357276e-04 1.396071296257888616e-01 3.785525821726892781e-04 9.999998916607056865e-01 -2.708810060639092461e-04 -2.697845088414974925e-04 2.480245549586109757e-04 2.707871268020252951e-04 9.999999325790738247e-01 2.342439729906568326e-03
9.999997463217386029e-01 -6.910096813873735236e-04 -1.728064774233875384e-04 1.717631387418318556e-01 6.909776811943238841e-04 9.999997441308224877e-01 -1.851705530068717312e-04 -1.957315484324194735e-03 1.729343878523719044e-04 1.850511006140623976e-04 9.999999679248933182e-01 2.437334138140360464e-03
9.999995564429352557e-01 -8.918968672917384133e-04 -3.027109361873209508e-04 2.123166718560910993e-01 8.918326266817922432e-04 9.999995797844475343e-01 -2.122863497531455874e-04 -5.255834099306456314e-03 3.029001465137913236e-04 2.120162881026901533e-04 9.999999316502951041e-01 3.055738068607844783e-03
9.999994793348054856e-01 -8.197991465322449585e-04 -6.076672422360687633e-04 2.572553560178025833e-01 8.196419375415428489e-04 9.999996305755306514e-01 -2.589129130729033953e-04 -4.319923254214664762e-03 6.078792743340836330e-04 2.584147087101541979e-04 9.999997818522893267e-01 3.322164379290894979e-03
9.999989155247394068e-01 -1.022068433313571114e-03 -1.060342144231617026e-03 3.158907281696652358e-01 1.021819950451086740e-03 9.999994503628364395e-01 -2.348574330480850396e-04 -5.901270989383841474e-03 1.060581601796815833e-03 2.337736995937291656e-04 9.999994102580878064e-01 3.145987884630360113e-03
9.999978554419387544e-01 -1.455009663980176343e-03 -1.473790487529989682e-03 3.940588610215098875e-01 1.454746274853683250e-03 9.999989256971322238e-01 -1.797716809350283717e-04 -3.011164287505287140e-03 1.474050473765712828e-03 1.776273041825717890e-04 9.999988978112633875e-01 3.023239562064773244e-03
9.999971312956036362e-01 -1.699124173807230317e-03 -1.688306134953048180e-03 4.742414515424922539e-01 1.698706062338496909e-03 9.999985261836815686e-01 -2.490545693362175117e-04 -3.373657637550705763e-03 1.688726821339272188e-03 2.461859190057515460e-04 9.999985437960478007e-01 3.840497832076228239e-03
9.999963003190095456e-01 -1.922178865441672834e-03 -1.924727695668172799e-03 5.703235268458952678e-01 1.921876883974056593e-03 9.999981405948192847e-01 -1.587329419829082314e-04 -7.377729112004613454e-03 1.925029229925852856e-03 1.550332650554109195e-04 9.999981351118364392e-01 2.792223665935054423e-03
9.999943872620357110e-01 -2.263331200085329752e-03 -2.470379789519171806e-03 6.783387584343975041e-01 2.263063506711740329e-03 9.999974330911970410e-01 -1.111511648665053018e-04 -1.096219244700889078e-02 2.470625020178911658e-03 1.055599146547634109e-04 9.999969424298826848e-01 1.627301674894424035e-03
9.999922923688157050e-01 -2.504549180459938237e-03 -3.023646203459331040e-03 7.914553093208999135e-01 2.503422332490958750e-03 9.999967955925326279e-01 -3.764057539598861810e-04 -9.259587341672525021e-03 3.024579241187458790e-03 3.688333893318674695e-04 9.999953579303979545e-01 2.721041765926699666e-03
9.999895406137162546e-01 -3.048388938786161621e-03 -3.409690315345305801e-03 9.119571940686019840e-01 3.046646092592708750e-03 9.999952257196343952e-01 -5.162223590882122817e-04 -1.013811623219262534e-03 3.411247683057179025e-03 5.058288400429523501e-04 9.999940537455357381e-01 2.798193054679775065e-03
9.999880639497537027e-01 -3.511352222026077781e-03 -3.397405421233035041e-03 1.044766685476034684e+00 3.510457482989218746e-03 9.999938020671949035e-01 -2.692869396506573421e-04 -2.552002566706679243e-04 3.398329925636427596e-03 2.573572781444993991e-04 9.999941925436106605e-01 7.114009330795758972e-04
9.999866200142387695e-01 -3.837964746808731741e-03 -3.468402961120283391e-03 1.183795777743068545e+00 3.837308288362626957e-03 9.999926183162907156e-01 -1.959031122200274985e-04 -6.243390478013536443e-03 3.469129227705138648e-03 1.825911596090870560e-04 9.999939658832296407e-01 1.208625650911120857e-03
9.999831653284999566e-01 -4.041544793258572757e-03 -4.163529185428576154e-03 1.334539469690371405e+00 4.040815105584259770e-03 9.999918190087441205e-01 -1.836542011692031493e-04 -7.299407743926998940e-03 4.164237370313211839e-03 1.668270577860361901e-04 9.999913156102189227e-01 -1.424911387614550759e-03
9.999774404570140884e-01 -4.603893466082456878e-03 -4.891088017184327778e-03 1.502477922882176298e+00 4.601670940542397850e-03 9.999893038821686675e-01 -4.655596747496658556e-04 -4.947181826845696226e-03 4.893179088675223519e-03 4.430419943398585816e-04 9.999879301832584888e-01 6.106060750696870945e-04
9.999730431811206799e-01 -5.286332379529802908e-03 -5.095841545975809961e-03 1.672799627686053503e+00 5.282726673474449561e-03 9.999857865374075505e-01 -7.207787841937035068e-04 -1.779860002067686379e-03 5.099579392647980020e-03 6.938394162318403582e-04 9.999867563507441881e-01 6.000631473825511139e-03
9.999654332133781631e-01 -5.978327939168233927e-03 -5.778578841960532904e-03 1.865105524419751415e+00 5.972537288689347586e-03 9.999816452266845346e-01 -1.018826809812746178e-03 3.114512418057544148e-03 5.784563658238080740e-03 9.842788146345660735e-04 9.999827848610689518e-01 1.018864761010000036e-02
9.999557988314896617e-01 -6.957778345521253502e-03 -6.323741279643309288e-03 2.062862238746356880e+00 6.952608582855653377e-03 9.999754782443045498e-01 -8.391328667203455877e-04 1.179524513779849938e-02 6.329424710893651398e-03 7.951292781704944477e-04 9.999796528691271558e-01 1.094022451016038108e-02
9.999502654687686398e-01 -7.558836271401358185e-03 -6.506195751844395109e-03 2.272599031906093803e+00 7.554868770145895147e-03 9.999712604833116414e-01 -6.341650279926313357e-04 1.615642564814887341e-02 6.510802316538652490e-03 5.849800329941756694e-04 9.999786333975121400e-01 1.232850775309628569e-02
9.999398525797318360e-01 -8.176155463526858444e-03 -7.310383345653829502e-03 2.490273181578430250e+00 8.172256451245097850e-03 9.999664480278758205e-01 -5.630657231298316938e-04 1.487975048105989913e-02 7.314741780764092739e-03 5.032895287215498033e-04 9.999731202649054795e-01 1.427286284792477628e-02
9.999329191986408016e-01 -8.838636656873781472e-03 -7.485693350137316571e-03 2.726361357391169360e+00 8.835264291575686130e-03 9.999608514200986065e-01 -4.834584672838132926e-04 2.009603834485510637e-02 7.489673409604092474e-03 4.172879573482501719e-04 9.999718649356981182e-01 1.558651753299720999e-02
9.999204853631219470e-01 -9.673044993479181300e-03 -8.090435818463614578e-03 2.965887975528176401e+00 9.669551605220491966e-03 9.999531379624998495e-01 -4.707979435958294686e-04 1.731192877996421547e-02 8.094610733848138853e-03 3.925296216129433246e-04 9.999671610595838311e-01 1.443008716378253731e-02
9.999119033235954745e-01 -1.011244667472391973e-02 -8.597907538210202219e-03 3.226823282968381612e+00 1.011056790851424386e-02 9.999488525905521064e-01 -2.619530599015914901e-04 1.881456628639769160e-02 8.600116763862486816e-03 1.750002546714393443e-04 9.999630029988904045e-01 1.597616284082723631e-02
9.999105395308632849e-01 -1.063469555910600238e-02 -8.112717514062705790e-03 3.485425668432803992e+00 1.062509659160574237e-02 9.999428012411782918e-01 -1.225384986264962213e-03 1.953995067867812102e-02 8.125285072961856495e-03 1.139076955541889905e-03 9.999663405566071583e-01 2.743409115191367681e-02
9.999028150968743978e-01 -1.124123556471019574e-02 -8.245907125628686510e-03 3.756076155607617650e+00 1.123240209902871649e-02 9.999362909361801943e-01 -1.116786407733428004e-03 2.492895920832354298e-02 8.257935845690166435e-03 1.024056528448272739e-03 9.999653783025664877e-01 1.745192952333136233e-02
9.998882695213721084e-01 -1.197226700369993097e-02 -8.950603127611032536e-03 4.033995342395864547e+00 1.196767357314703142e-02 9.999282243101476064e-01 -5.665837992928039876e-04 1.573313475859290655e-02 8.956743984422059143e-03 4.594025980996884590e-04 9.999597820344827692e-01 6.964265219392683573e-03
9.998580330886043255e-01 -1.258674755280987136e-02 -1.120211829205808828e-02 4.325925434406710401e+00 1.258177104349316421e-02 9.999207139625057028e-01 -5.146125940595428893e-04 -2.378048177016459444e-03 1.120770741929609342e-02 3.735970485461974789e-04 9.999371218829955499e-01 -1.711733320225408261e-03
9.998371441266874493e-01 -1.259660193255941578e-02 -1.292326755671158352e-02 4.611770432897287719e+00 1.258267595465947623e-02 9.999201640754902254e-01 -1.158335471620215240e-03 -1.293770612213715823e-02 1.293682690653886851e-02 9.955375419439299513e-04 9.999158201641740185e-01 -5.965385044228085736e-03
9.998188456229872845e-01 -1.297573125916182298e-02 -1.392502550830928762e-02 4.913993609510143301e+00 1.296052869017317970e-02 9.999153108667715451e-01 -1.181435685421596210e-03 -2.728756346352519818e-02 1.393917620192281978e-02 1.000745970564187329e-03 9.999023441688263958e-01 -8.237241136141632003e-03
9.997987169030700949e-01 -1.306683397838214085e-02 -1.522443853664563924e-02 5.236947508540803931e+00 1.304480096243597169e-02 9.999137183819764019e-01 -1.545625886168626234e-03 -2.999993130440802708e-02 1.524332138430245336e-02 1.346715007328180879e-03 9.998829069005349401e-01 -1.024865484378635616e-02
9.997722546212245431e-01 -1.324252095599743988e-02 -1.673542734211610691e-02 5.538509363498783422e+00 1.319638278755342307e-02 9.999088213288270799e-01 -2.864351605533954799e-03 -3.187082043938408576e-02 1.677183266425117183e-02 2.642852157372754807e-03 9.998558500911801650e-01 -2.145383415279998596e-03
9.997330573509132234e-01 -1.396137472141993630e-02 -1.840907536200165132e-02 5.879206566491402164e+00 1.389427282109191586e-02 9.998963705822411230e-01 -3.767927710899524486e-03 -3.084529410682824296e-02 1.845977309093549748e-02 3.511141174831116773e-03 9.998234387456025329e-01 9.079798008413591040e-04
9.996758483228066483e-01 -1.456663182300154714e-02 -2.088088880795060942e-02 6.226485976978316295e+00 1.450350583301095349e-02 9.998897891554395789e-01 -3.171413130207323752e-03 -1.865351945930592351e-02 2.092478431498627500e-02 2.867539018697529314e-03 9.997769404328885612e-01 -4.179760722043592697e-04
9.996877593292605724e-01 -1.511093525308506054e-02 -1.990084126411523213e-02 6.606328813117564813e+00 1.508899234808410740e-02 9.998853704372928641e-01 -1.252316013257297666e-03 -6.098828552224174956e-03 1.991748370557635400e-02 9.516413477106691002e-04 9.998011743449711775e-01 -6.831403521699957321e-03
9.997129822117878373e-01 -1.731646820321315963e-02 -1.655575809743374191e-02 6.988268264728834112e+00 1.732006536690937001e-02 9.998499936858181725e-01 7.390639592107825073e-05 6.670464375019511186e-03 1.655199483142807612e-02 -3.606319959170776850e-04 9.998629413132901211e-01 2.904869826096206920e-02
9.997205595733187344e-01 -1.870219292552119730e-02 -1.445789563480941696e-02 7.375714026569666792e+00 1.872121276710252483e-02 9.998240448803059621e-01 1.181300856213874251e-03 -2.636006139215014282e-04 1.443325877753647533e-02 -1.451640093342404687e-03 9.998947813555684183e-01 4.817122636257668150e-02
9.997274031542627837e-01 -1.982552065024557886e-02 -1.233159005889873996e-02 7.760642206519682951e+00 1.982601889001998907e-02 9.998034418198075146e-01 -8.185498977292604626e-05 -4.539331866221518741e-03 1.233078900178795345e-02 -1.626536610908030204e-04 9.999239597021265524e-01 7.017428559238296504e-02
9.997084130357372089e-01 -2.128337002997773147e-02 -1.140644842774578283e-02 8.147634156647226789e+00 2.126752718412476539e-02 9.997726825908944681e-01 -1.508453671509000192e-03 -1.119675875620918144e-02 1.143596052110589650e-02 1.265426874070793226e-03 9.999338065601073300e-01 8.874312818686204418e-02
9.996547434823342959e-01 -2.223365981396947799e-02 -1.400207857945077496e-02 8.521839094226002942e+00 2.219353807137195572e-02 9.997491488819274519e-01 -3.014328737269532030e-03 -6.105040442506490597e-03 1.406558570209570126e-02 2.702532356595220044e-03 9.998974225477924582e-01 1.006393275032664292e-01
9.995828419780022900e-01 -2.409399085462858581e-02 -1.592550243719467393e-02 8.894885625931820528e+00 2.403216993333781581e-02 9.997029335551603779e-01 -4.061951440113399994e-03 4.440091330013947769e-03 1.601864012565340847e-02 3.677532583640744090e-03 9.998649303394039345e-01 1.134801451017134338e-01
9.995450904381891766e-01 -2.544473923921162020e-02 -1.619189383490127546e-02 9.291323277721190266e+00 2.536917879944973822e-02 9.996663611763074719e-01 -4.855007678883103105e-03 2.227744592351543762e-02 1.631002599488239405e-02 4.442024039667996464e-03 9.998571155292526047e-01 1.410287324378744489e-01
9.995137179301356589e-01 -2.689525146557806765e-02 -1.577888202885667501e-02 9.676520367907118114e+00 2.681257291159893155e-02 9.996257401552356425e-01 -5.428218212033749344e-03 4.436932921528138896e-02 1.591896992074067624e-02 5.002506141983688141e-03 9.998607709721198944e-01 1.633236577892045460e-01
9.994782212551144296e-01 -2.772096936072009424e-02 -1.657809079522252343e-02 1.009273425375645417e+01 2.766521200972507297e-02 9.996108223131099368e-01 -3.583288847556146371e-03 5.199596155341008191e-02 1.667097121254750014e-02 3.122782767032403033e-03 9.998561531273487679e-01 1.407598036527485941e-01
9.993990000941095353e-01 -2.871856534695238494e-02 -1.941346479397521377e-02 1.051222852143162001e+01 2.868896963747152862e-02 9.995867637180009257e-01 -1.801338644897643084e-03 6.207990929667314695e-02 1.945717430754851859e-02 1.243303738509105288e-03 9.998099182163474596e-01 1.160978353554603104e-01
9.993097357719161744e-01 -2.984960299674689274e-02 -2.211454707652123555e-02 1.094873459245719438e+01 2.981478731119586653e-02 9.995536299495899613e-01 -1.902448997029707002e-03 6.509283629931013337e-02 2.216146315231079175e-02 1.241795286971394312e-03 9.997536333994561097e-01 1.159687592918774157e-01
9.992478820174822696e-01 -3.055849140547005002e-02 -2.387150784088953870e-02 1.140387248217658112e+01 3.050157614782519552e-02 9.995309499512862184e-01 -2.744802721099083402e-03 8.001263736871147558e-02 2.394418793933631578e-02 2.014619691441782781e-03 9.997112669023114906e-01 1.292319882612990578e-01
9.992048112826663608e-01 -3.137015959478713090e-02 -2.461012386333708349e-02 1.187190575378257762e+01 3.131317451285173248e-02 9.995059820808203099e-01 -2.697570496321718796e-03 1.060287868072491146e-01 2.468258923814316622e-02 1.924804315383260534e-03 9.996934854828496420e-01 1.434067379750626203e-01
9.991813997641960654e-01 -3.237813453144355869e-02 -2.425256212290748115e-02 1.235097513497156285e+01 3.233465653658718075e-02 9.994747146420774886e-01 -2.182837098504244230e-03 1.263605656851426173e-01 2.431049880036780658e-02 1.396851961164230407e-03 9.997034802643611773e-01 1.499518057378749214e-01
9.991406943297322929e-01 -3.321675338404957850e-02 -2.478951852948671139e-02 1.284503740654667148e+01 3.318710920769168266e-02 9.994478652017618758e-01 -1.606401592861480317e-03 1.327715438162700712e-01 2.482919081922083451e-02 7.823287442198356006e-04 9.996914020061384853e-01 1.553363676174086550e-01
9.990503359321820653e-01 -3.409474360047937830e-02 -2.712885424436128207e-02 1.334213386646169930e+01 3.404613986012016563e-02 9.994177257810384907e-01 -2.251611707645398593e-03 1.410549486557833299e-01 2.718982593580483720e-02 1.325840667063630900e-03 9.996294090872407390e-01 1.635437578072899412e-01
9.989622737303421873e-01 -3.516437914418745619e-02 -2.894550229152416734e-02 1.385369287609423417e+01 3.510588631860404180e-02 9.993804044191074709e-01 -2.526659630111180790e-03 1.515786461298123389e-01 2.901641620341916319e-02 1.507880136157390555e-03 9.995777978167607047e-01 1.720871823553152824e-01
9.988978122800377113e-01 -3.621983146693548428e-02 -2.985438712587055315e-02 1.438056138281635832e+01 3.614844813748564756e-02 9.993421433788407526e-01 -2.927484284516780090e-03 1.769926778943156365e-01 2.994078020703644372e-02 1.845067882592052108e-03 9.995499714396987034e-01 1.835272455072534392e-01
9.988106086794216187e-01 -3.733727208125438984e-02 -3.135755256670665764e-02 1.492691450292145028e+01 3.728520588128290264e-02 9.993021461163850150e-01 -2.243699974910659187e-03 1.955228533048365969e-01 3.141944321329926543e-02 1.071858534251709898e-03 9.995057126937538783e-01 1.839645987651187808e-01
9.987443152726022122e-01 -3.878665292792338182e-02 -3.170785810031433866e-02 1.547872581944887393e+01 3.878879734264785439e-02 9.992472813156236811e-01 -5.477079932237533845e-04 1.987643634708166074e-01 3.170523476291969150e-02 -6.828894373609392405e-04 9.994970293856028087e-01 1.888373042747442665e-01
9.987128421288995472e-01 -3.930254498685939457e-02 -3.206195446899215429e-02 1.603949688967781739e+01 3.929543124281371924e-02 9.992272728702826790e-01 -8.521946132850617521e-04 2.099633737035439263e-01 3.207067274406839863e-02 -4.087906230656427210e-04 9.994855200751882052e-01 2.132262693582481772e-01
9.986280136577081468e-01 -4.076719961597914665e-02 -3.286526697793827612e-02 1.662867715700150129e+01 4.072869542907853191e-02 9.991685473700933073e-01 -1.840465968970899507e-03 2.150353987140147249e-01 3.291297170882033496e-02 4.993814258582182858e-04 9.994580966261096266e-01 2.393100429615133695e-01
9.985666088127158613e-01 -4.116147425774518281e-02 -3.421199791303287246e-02 1.720839173644823106e+01 4.109649531756056490e-02 9.991517976526670397e-01 -2.600638394230703806e-03 2.371152180597274617e-01 3.429002532641391848e-02 1.190917450037753695e-03 9.994112146052499535e-01 2.667410488129688950e-01
9.984927195468866756e-01 -4.203181961335977074e-02 -3.529327346467509008e-02 1.779147674166511095e+01 4.194052094804918279e-02 9.991145813686265198e-01 -3.323552196147896119e-03 2.740547571757919187e-01 3.540171908917137678e-02 1.838324395817306570e-03 9.993714719006877578e-01 2.925713146686637622e-01
9.984005003804230505e-01 -4.357489090939489773e-02 -3.602318312358464281e-02 1.837645766996597274e+01 4.350785569077522674e-02 9.990495886850043750e-01 -2.643074254405655861e-03 2.955318804942629329e-01 3.610411795504298027e-02 1.071555205277930148e-03 9.993474593133913064e-01 3.072534538722355157e-01
9.983127369547023511e-01 -4.517138449558080054e-02 -3.648595972101765367e-02 1.895840067975812815e+01 4.515261004028572195e-02 9.989792036759895799e-01 -1.338816430888783472e-03 3.174791826205736744e-01 3.650919117922512419e-02 -3.108788158281741145e-04 9.993332688917149209e-01 3.194289674633169485e-01
9.982313277784568006e-01 -4.678193890409383660e-02 -3.668332637633708176e-02 1.956007435742528600e+01 4.675782840789782790e-02 9.989051051851431939e-01 -1.515360562872953426e-03 3.306810883035059545e-01 3.671405349776592913e-02 -2.025522933959036497e-04 9.993257913455109165e-01 3.479203533708062901e-01
9.981044206569932298e-01 -4.815771331961240381e-02 -3.831970919506092615e-02 2.016267774089154230e+01 4.810123537840940017e-02 9.988395943279894107e-01 -2.394985964144962301e-03 3.438330817069087941e-01 3.839057983462696583e-02 5.472207266007136873e-04 9.992626601296765720e-01 3.655054458801309525e-01
9.980067870503512850e-01 -4.882261508164576630e-02 -3.998506293635580022e-02 2.077075505441502656e+01 4.873134914916655430e-02 9.988066196339357994e-01 -3.254563800636637964e-03 3.638428084922326611e-01 4.009624186300884963e-02 1.299550699220797592e-03 9.991949772474055802e-01 3.943577490252527240e-01
9.979078247260390055e-01 -4.959102305776082881e-02 -4.148136669192110937e-02 2.137974114433366424e+01 4.947337678411351664e-02 9.987679894904122335e-01 -3.858517702050404900e-03 3.960913404889015998e-01 4.162160905253575738e-02 1.798221722850645247e-03 9.991318271672229301e-01 4.187918407067285353e-01
9.977773110239620546e-01 -5.052088082855552692e-02 -4.345202188734731408e-02 2.199374734183457392e+01 5.040193710883864725e-02 9.987216736672731576e-01 -3.829266629187684599e-03 4.159507159641915863e-01 4.358993394659245457e-02 1.630689286046720001e-03 9.990481762712867253e-01 4.365233378708262002e-01
9.976885883175796721e-01 -5.117800474667635185e-02 -4.470226583769896372e-02 2.261363499906903485e+01 5.106689931194669657e-02 9.986886570370020477e-01 -3.624651747804650236e-03 4.435350371042921513e-01 4.482914828031683147e-02 1.333467576860421265e-03 9.989937784234108609e-01 4.606637245992273311e-01
9.975981360604720960e-01 -5.164853663834688413e-02 -4.615612193186450357e-02 2.323177333094180597e+01 5.153679768121360860e-02 9.986645772158219136e-01 -3.608420583776058080e-03 4.737978847548052763e-01 4.628085363773510458e-02 1.221014930745309250e-03 9.989277209633845578e-01 4.805462053619877216e-01
9.975257457724369115e-01 -5.182782974997406783e-02 -4.750013246877563683e-02 2.386509405790288341e+01 5.174301333708147127e-02 9.986558839898582729e-01 -3.014289838980956180e-03 5.012619438787433435e-01 4.759251088083227971e-02 5.490317317587631307e-04 9.988666835330004545e-01 4.987515148029845746e-01
9.974759469245538801e-01 -5.182163030151385602e-02 -4.854126017995100129e-02 2.448903388223992295e+01 5.176224929143723869e-02 9.986563558869816504e-01 -2.480402149937690343e-03 5.276388550197196325e-01 4.860457648468487213e-02 -3.846332709234244300e-05 9.988180983869470175e-01 5.206882908543308819e-01
9.974136067269954165e-01 -5.181523769122934470e-02 -4.981243076630555849e-02 2.515194450472873200e+01 5.173882126759066918e-02 9.986566598227335501e-01 -2.823148161407293497e-03 5.544995632202029956e-01 4.989179781975076194e-02 2.386099376718172314e-04 9.987546002775710141e-01 5.533999988842508433e-01
9.973987271387250164e-01 -5.146772646426651249e-02 -5.046634754616886182e-02 2.581191376018460559e+01 5.140296015201731988e-02 9.986746581092924568e-01 -2.581266723534651926e-03 5.901915755896628424e-01 5.053231431135311175e-02 -1.956750747456569017e-05 9.987224263164672378e-01 5.895089010641005878e-01
9.974244264536413773e-01 -5.090504037407315302e-02 -5.052910426811986488e-02 2.647413007174865029e+01 5.084865859065548083e-02 9.987034828165559652e-01 -2.401526517050316806e-03 6.315505076235313764e-01 5.058584222048206902e-02 -1.739959629391365538e-04 9.987197015640821851e-01 6.310208023343458761e-01
9.974315596341463142e-01 -5.049960646334425429e-02 -5.079442482046388208e-02 2.715472327208500403e+01 5.043496867674429618e-02 9.987240807893719152e-01 -2.554287767657883144e-03 6.595568768450711383e-01 5.085860576510350950e-02 -1.408799292391418011e-05 9.987058636160890401e-01 6.656346999814807264e-01
9.974175006080064909e-01 -4.992353087823966223e-02 -5.163303734554911678e-02 2.783518510623390085e+01 4.984891208061976303e-02 9.987530315381933921e-01 -2.732756419269904632e-03 6.892479519477803240e-01 5.170508142587206674e-02 1.518483383850389567e-04 9.986623861429978488e-01 7.034928709190246821e-01
9.973642903760464584e-01 -4.945222250488687937e-02 -5.309378468344901764e-02 2.850735964473572537e+01 4.932128862244227613e-02 9.987758332223355406e-01 -3.774315785834066531e-03 7.154714673684435811e-01 5.321543734018383681e-02 1.145713906963310470e-03 9.985823974857239715e-01 7.390161665603971475e-01
9.973111552107667421e-01 -4.851906286783244648e-02 -5.492140047916899137e-02 2.923780573572682684e+01 4.840734199569524110e-02 9.988220143632632331e-01 -3.363460156606659038e-03 7.443808819878044991e-01 5.501989579304690514e-02 6.958173184130997564e-04 9.984850158641248585e-01 7.674223590115638594e-01
9.972332402480779123e-01 -4.728077208695609379e-02 -5.736194849532701145e-02 2.995825806370241295e+01 4.717347837842546243e-02 9.988815092431682086e-01 -3.223884267567394234e-03 7.757773859764497404e-01 5.745021742343070503e-02 5.090019172423701933e-04 9.983482425662143500e-01 7.933691434292269307e-01
9.972411982577554790e-01 -4.575063847585451871e-02 -5.845401249262331678e-02 3.067650123092841596e+01 4.571557571889736660e-02 9.989526172821281413e-01 -1.937669186375142686e-03 7.993693117793394531e-01 5.848143837257992195e-02 -7.399352929320156085e-04 9.982882218385812356e-01 8.139935675443186192e-01
9.972031585508277507e-01 -4.350938715856051547e-02 -6.076836187803016931e-02 3.140282268042659553e+01 4.346492490210777243e-02 9.990528421975019002e-01 -2.053971846822150952e-03 8.209870224814767026e-01 6.080017170622853406e-02 -5.930650722271640701e-04 9.981497820439141355e-01 8.440280862153894947e-01
9.972046847597049180e-01 -4.099841891447472686e-02 -6.246556123025603924e-02 3.214475824772743806e+01 4.096354524539858044e-02 9.991589486370423545e-01 -1.839380180488083515e-03 8.552608917087939355e-01 6.248843616402804946e-02 -7.245723106979400736e-04 9.980454249886328011e-01 8.785527685780480933e-01
9.974223609881496255e-01 -3.829901865103479269e-02 -6.067799412631515177e-02 3.289306082306271861e+01 3.827432645504909997e-02 9.992660368111251357e-01 -1.569589181711827149e-03 8.918519601711724087e-01 6.069357243759651577e-02 -7.568660084236690164e-04 9.981561588341814062e-01 9.335652065037323144e-01
9.976402311097796183e-01 -3.550402709807885804e-02 -5.876591980939713245e-02 3.362905059943921060e+01 3.553381193303040142e-02 9.993683296606783450e-01 -5.384057334125387550e-04 9.047709168698020443e-01 5.874791469263941635e-02 -1.551041922266147097e-03 9.982716447882418187e-01 9.693920492502882125e-01
9.977354330586124531e-01 -3.267372996584878841e-02 -5.879143636161600350e-02 3.436859205943144246e+01 3.262706231650407129e-02 9.994660569628760483e-01 -1.753791229303063286e-03 9.125010688739472187e-01 5.881734798457093072e-02 -1.683722061841404737e-04 9.982687469949472758e-01 1.014982797798395397e+00
9.976854709387146247e-01 -2.955754681593110098e-02 -6.123767226160054672e-02 3.510266462602130844e+01 2.940826818874656481e-02 9.995619106307053192e-01 -3.337750504849597896e-03 9.221625470324743556e-01 6.130950040518937799e-02 1.529131295183088889e-03 9.981176318037610073e-01 1.061964110349940649e+00
9.977083079808787280e-01 -2.612620697387971896e-02 -6.241436929978546461e-02 3.583624536236058589e+01 2.595578634506105764e-02 9.996568244286175853e-01 -3.539848655173383814e-03 9.490492657782146901e-01 6.248543303155981027e-02 1.911722377854456738e-03 9.980440451084353626e-01 1.105989419015445563e+00
9.976992264458094395e-01 -2.258831073785498231e-02 -6.392199752388537382e-02 3.655632184246722005e+01 2.244842973342072931e-02 9.997437794477711526e-01 -2.905762892929576735e-03 9.664755932792113979e-01 6.397125566953625053e-02 1.464128920675941171e-03 9.979506675054465870e-01 1.139098246149796489e+00
9.976013312243766640e-01 -2.014940014571692598e-02 -6.622375414546732841e-02 3.729111067846258010e+01 1.999272934307043045e-02 9.997955409395685722e-01 -3.027720391669745485e-03 9.820156199058416302e-01 6.627122084861761242e-02 1.696464300592562084e-03 9.978002040970479491e-01 1.187115371631099370e+00
9.976294598819901438e-01 -1.669371075423875875e-02 -6.675912519515460330e-02 3.800934946937052672e+01 1.662386824225113927e-02 9.998605312058767014e-01 -1.601605871129730069e-03 9.978480210988626142e-01 6.677655112562182194e-02 4.880142989467787292e-04 9.977678357522912211e-01 1.217881625582471594e+00
9.976560648342335247e-01 -1.296667385574684639e-02 -6.718810660072532803e-02 3.872545196583428861e+01 1.288916102903933658e-02 9.999156718481921891e-01 -1.587047682308126949e-03 9.964017053874900665e-01 6.720301948156223726e-02 7.173294202228071292e-04 9.977390638894838570e-01 1.256300748654305188e+00
9.975351563737895333e-01 -8.702765733907241730e-03 -6.962667353033676065e-02 3.944807349006273967e+01 8.572829346483533397e-03 9.999609093844187280e-01 -2.164786382642676799e-03 9.939395445450520672e-01 6.964279140955965952e-02 1.562552932586413730e-03 9.975707694359420286e-01 1.294751626745041184e+00
9.972844980881685473e-01 -3.971815013711433098e-03 -7.353811636509785532e-02 4.016454532167978186e+01 3.787672823021980602e-03 9.999893331227338589e-01 -2.643326566231485406e-03 1.003537456016503571e+00 7.354783074717810565e-02 2.357610283074980124e-03 9.972889041126135057e-01 1.344190575418817479e+00
9.972236681796970981e-01 7.689120872089453195e-04 -7.446048882750914977e-02 4.086996688899738217e+01 -8.471507180684659808e-04 9.999991218213898359e-01 -1.019162455168658513e-03 1.015242078783565649e+00 7.445963979156995649e-02 1.079412178592269091e-03 9.972234438236289300e-01 1.387866158131295213e+00
9.971686032262881971e-01 5.765886162074630207e-03 -7.497687174388803499e-02 4.159432605995006327e+01 -5.779847968819337538e-03 9.999832960658687764e-01 3.076846380006451704e-05 1.008494032364546600e+00 7.497579674262072613e-02 4.026735737864102970e-04 9.971852725330444533e-01 1.428392031432970333e+00
9.970718532445160820e-01 1.124576827253889744e-02 -7.563895929682375174e-02 4.230169621656731493e+01 -1.127442482906189022e-02 9.999364404933831496e-01 4.814765447727148906e-05 9.863697920931404628e-01 7.563469317925496094e-02 8.047790896614816225e-04 9.971352694184960619e-01 1.486722938941734462e+00
9.969561677227442020e-01 1.708812596200259479e-02 -7.606836129880908959e-02 4.301355322125384362e+01 -1.710443917135465522e-02 9.998536128439946546e-01 4.370851685685851230e-04 9.759978935047992632e-01 7.606469483415320698e-02 8.653519040755224424e-04 9.971025089557589149e-01 1.539420353439086675e+00
9.967976128635435140e-01 2.301120484493235363e-02 -7.658331046073783843e-02 4.372940686182130321e+01 -2.297656346934580374e-02 9.997351145366166758e-01 1.333526751559760849e-03 9.645473865014578818e-01 7.659371071230534900e-02 4.303650108493115652e-04 9.970622940745864637e-01 1.590267412706298567e+00
9.966500190139584436e-01 2.903144442927729427e-02 -7.645858247329698210e-02 4.443136229821633520e+01 -2.897867222306209703e-02 9.995784097529790690e-01 1.799808849227993446e-03 9.356683617713574819e-01 7.647859933121486931e-02 4.218886763290629954e-04 9.970711337985270761e-01 1.649349702682294749e+00
9.965061442678443404e-01 3.558561199323966029e-02 -7.555904085879371068e-02 4.513126653404058430e+01 -3.559801736891590740e-02 9.993654894837556979e-01 1.183041967034357666e-03 9.057512670304683766e-01 7.555319712518208941e-02 1.510843459793510986e-03 9.971406278736231199e-01 1.705545677424908702e+00
9.962972218307160066e-01 4.199924788391543040e-02 -7.501939049060980802e-02 4.582896639025997132e+01 -4.205496132734906634e-02 9.991149476796254980e-01 8.375863503393978730e-04 8.653369355490792003e-01 7.498817240173509535e-02 2.320452611997422115e-03 9.971817234082879233e-01 1.766263672899622605e+00
9.960137459019375861e-01 4.780982297715800911e-02 -7.530497195592951443e-02 4.651889200231644139e+01 -4.794944487683522327e-02 9.988497627799269862e-01 -4.615719679940404226e-05 8.298060081855168635e-01 7.521614660692114984e-02 3.656804804236971768e-03 9.971605482911113372e-01 1.821791363400737884e+00
9.956511539265026078e-01 5.360477596732602518e-02 -7.619256970542927221e-02 4.723865205179988180e+01 -5.376791145975381297e-02 9.985534555632809006e-01 -8.988819092816671338e-05 7.947799253015255250e-01 7.607753533126575263e-02 4.186212622834636216e-03 9.970931171369084023e-01 1.861329927413610585e+00
9.952924629377253307e-01 5.839490370038367267e-02 -7.734952127311145453e-02 4.789945693453628905e+01 -5.859609532914119429e-02 9.982817174154748896e-01 -3.320936435236587249e-04 7.565422634097636045e-01 7.719722036145343358e-02 4.862910222571298000e-03 9.970039825761141117e-01 1.905610560806663356e+00
9.948219492923939811e-01 6.377685953156278509e-02 -7.913154487543343218e-02 4.859037171989717763e+01 -6.398544814522205693e-02 9.979508265994669891e-01 -1.005738324526476817e-04 7.050483490204074721e-01 7.896297633534672678e-02 5.163320417326708670e-03 9.968641775540595384e-01 1.943715804833679339e+00
9.943646376136676679e-01 6.879935278585397329e-02 -8.065740213822343574e-02 4.928609403292642810e+01 -6.897975207490567029e-02 9.976179079337655908e-01 5.509750822419506519e-04 6.588713232304729273e-01 8.050317550956627433e-02 5.015857464512940567e-03 9.967417317975462154e-01 1.996215011267441053e+00
9.940652005995935792e-01 7.384855333741936756e-02 -7.987971035788783702e-02 4.999325620632028944e+01 -7.399804874998529292e-02 9.972577892385382503e-01 1.091138972787548175e-03 5.960525330477470796e-01 7.974124239115241985e-02 4.826279419331601719e-03 9.968039131588930513e-01 2.045481815114995605e+00
9.936823453837776432e-01 7.928683657859537937e-02 -7.942917611277386380e-02 5.068404943377373684e+01 -7.948427808473736145e-02 9.968358892357862544e-01 6.778413144045971825e-04 5.210282328843441890e-01 7.923159729516421335e-02 5.639811775093712086e-03 9.968402813456117562e-01 2.097422969325401176e+00
9.932664047051602552e-01 8.412208223985270794e-02 -7.965754555417935145e-02 5.137630083927491143e+01 -8.433182106696285318e-02 9.964374571089585908e-01 7.335023940536556167e-04 4.487974586330919502e-01 7.943546588026322020e-02 5.989102592524191658e-03 9.968220189233992778e-01 2.138986180780736657e+00
9.927331694024335018e-01 8.826158059080543850e-02 -8.179699114155773720e-02 5.206130982703727028e+01 -8.862441929746320279e-02 9.960647862100807659e-01 -8.086881064112614280e-04 3.755907731206390432e-01 8.140372640356673128e-02 8.052022347135997724e-03 9.966486834706271836e-01 2.192049492463964189e+00
