1.000000000000000000e+00 0.000000000000000000e+00 0.000000000000000000e+00 0.000000000000000000e+00 0.000000000000000000e+00 1.000000000000000000e+00 0.000000000000000000e+00 0.000000000000000000e+00 0.000000000000000000e+00 0.000000000000000000e+00 1.000000000000000000e+00 0.000000000000000000e+00
9.999999995969379718e-01 2.445824693239745441e-05 -1.441936943031325716e-05 -5.761853747959141611e-03 -2.445783138483993585e-05 9.999999992856635211e-01 2.881817725320426541e-05 2.467926568531931663e-03 1.442007426210837557e-05 -2.881782457508255303e-05 9.999999994807972081e-01 1.373867411082748975e-03
9.999999879963147320e-01 1.249787102051145345e-04 -9.158434537637244910e-05 2.796529006579740947e-03 -1.249760077099540986e-04 9.999999917549784456e-01 2.951339412703446214e-05 3.228408344901257179e-03 9.158803316718933660e-05 -2.950194792691109995e-05 9.999999953706336653e-01 -4.070154608978993407e-03
9.999999983636920220e-01 -1.068107059389350504e-05 -5.620080686382642788e-05 -8.519003696827356920e-03 1.068461820822158481e-05 9.999999979506009051e-01 6.312398224329386111e-05 -3.790949079645229702e-04 5.620013251693803966e-05 -6.312458262416791922e-05 9.999999964284160825e-01 -4.478580889622132272e-04
9.999999991031375268e-01 -1.867901454033322025e-05 -3.801077989812687036e-05 -2.061955182936836550e-03 1.868003502951413099e-05 9.999999994651425084e-01 2.684718442600034246e-05 -2.788004628528537553e-03 3.801027839884825595e-05 -2.684789444462210654e-05 9.999999989172047021e-01 -1.540552754133311941e-04
9.999999974505446865e-01 -4.460851669351796508e-05 -5.575832486498260887e-05 -4.608216335316940061e-03 4.461035594607135226e-05 9.999999984609416748e-01 3.298534310075766759e-05 1.980756780845154344e-04 5.575685335193893648e-05 -3.298783041538219760e-05 9.999999979014881912e-01 -2.112074663336190039e-03
9.999999782130877257e-01 2.087065989932050973e-04 -3.921682486182879780e-06 -7.558892039184207309e-03 -2.087066986865611525e-04 9.999999778972139541e-01 -2.543787753394774996e-05 2.967531414373008377e-03 3.916373346597054867e-06 2.543869546113993282e-05 9.999999996687674031e-01 6.284167529157624194e-05
9.999999851095120462e-01 1.400269071762048608e-04 -1.008634771815660163e-04 -9.605598944665335454e-04 -1.400240700337544166e-04 9.999999898008392618e-01 2.813505343571231061e-05 2.684905122633976342e-03 1.008674158173590422e-04 -2.812092970217491394e-05 9.999999945174888882e-01 -2.642870803503975016e-03
9.999999987149645886e-01 4.305767172888862925e-05 -2.676018925524490996e-05 -6.080853966504386719e-03 -4.305744068577717446e-05 9.999999990357523183e-01 8.634353117897231454e-06 -9.607455377599748332e-04 2.676056100458359941e-05 -8.633200881540184152e-06 9.999999996046701201e-01 -1.137654903532867544e-03
9.999999990225666435e-01 -4.035738057102927344e-05 -1.805958099565850930e-05 -1.948581450519846700e-03 4.035783444565007618e-05 9.999999988698036191e-01 2.513240952761070532e-05 -3.071521020556193700e-03 1.805856669703166293e-05 -2.513313834862543447e-05 9.999999995211067416e-01 -5.865629279841931771e-04
9.999999836720150359e-01 1.696079374858371471e-04 -6.236278657040471285e-05 -2.616784838013772128e-03 -1.696075225248942070e-04 9.999999855944714522e-01 6.659211732799015828e-06 4.035394762779252395e-03 6.236391512720310039e-05 -6.648634426339551275e-06 9.999999980332688887e-01 -1.333778459806893388e-03
9.999999919455994091e-01 1.242324229274308957e-04 -2.598280804931342119e-05 -2.733023761202784188e-03 -1.242324759341267707e-04 9.999999922810682840e-01 -2.038464019370268248e-06 3.446103247399930243e-03 2.598255460542972314e-05 2.041691911527349859e-06 9.999999996603691210e-01 -2.191903489778105479e-03
9.999999917116930703e-01 1.266228262039073810e-04 -2.330823285250906176e-05 2.199175306736568265e-03 -1.266234750991689605e-04 9.999999915957045182e-01 -2.784037499088592573e-05 8.765994439949337420e-04 2.330470742965585972e-05 2.784332612957855749e-05 9.999999993408199561e-01 -6.502883299333945752e-04
9.999999438408961883e-01 -1.180163188281483201e-04 3.136723656897269551e-04 -2.426955885571490876e-02 1.180887920185897354e-04 9.999999663380217951e-01 -2.310389414894475262e-04 1.788379113646227942e-03 -3.136450887655141276e-04 2.310759697052615293e-04 9.999999241153243457e-01 2.095754858118664687e-03
9.999993678003328279e-01 1.423752736435400425e-04 -1.115404956126729401e-03 -9.569431342089811110e-02 -1.434419857618372948e-04 9.999995324347428216e-01 -9.563235291307155056e-04 2.792906459834904390e-02 1.115268277777972487e-03 9.564829204451341009e-04 9.999989206579632528e-01 -9.608370063589779034e-03
9.999984394036056656e-01 8.487804752551371260e-05 -1.764648993479591300e-03 -1.241315476435945753e-01 -8.575820132013404009e-05 9.999998719718063978e-01 -4.987002121755632848e-04 4.040872409822916095e-02 1.764606438854458576e-03 4.988507670294524410e-04 9.999983186546006486e-01 1.887044175444836658e-03
9.999972817107685152e-01 -9.028883298137494373e-05 -2.329896778935432351e-03 -1.334730682919099409e-01 9.025811986703733217e-05 9.999999958384594434e-01 -1.328732094578742458e-05 3.509519879403526221e-02 2.329897968936174395e-03 1.307699272425500327e-05 9.999972856985396286e-01 -1.110393564159329813e-03
9.999963687244474153e-01 9.422692462642426954e-05 -2.693261815275000467e-03 -8.372270399187144163e-02 -9.403110876138640701e-05 9.999999929267979759e-01 7.283237385451720532e-05 3.231732707327587828e-02 2.693268658995616720e-03 -7.257885898542358464e-05 9.999963705115332280e-01 -9.744507672010242066e-03
9.999961995503762191e-01 4.843402392948701479e-04 -2.714092728101731664e-03 -3.726473838134558569e-02 -4.841068497292671906e-04 9.999998790663302550e-01 8.664804036368860252e-05 4.515530452665532379e-02 2.714134367009142252e-03 -8.533380018170174644e-05 9.999963130895935803e-01 -1.808694418843412657e-02
9.999967315961574288e-01 6.068910187960744251e-04 -2.483642545538858326e-03 -4.831875709408142705e-03 -6.063111794097380451e-04 9.999997887662924745e-01 2.342095730844479049e-04 4.659004036439995389e-02 2.483784160596256077e-03 -2.327029473519613863e-04 9.999968883279496401e-01 -1.797065905753923026e-02
9.999970771928624602e-01 1.462189108145620520e-04 -2.413343274859833330e-03 -1.679846000934402325e-02 -1.456238341964709044e-04 9.999999589536794353e-01 2.467515719492735017e-04 3.662130517804913082e-02 2.413379255547064197e-03 -2.463994104411004423e-04 9.999970574396204182e-01 -1.457226613043864638e-02
9.999968727376968847e-01 1.041346750770692265e-04 -2.498733838547818366e-03 -1.263473380161562326e-02 -1.038680982262710998e-04 9.999999889010611209e-01 1.068143047828317013e-04 4.444204956704406184e-02 2.498744933887446333e-03 -1.065544320146993200e-04 9.999968724550634125e-01 -1.162582271027609755e-02
9.999970413125907065e-01 -2.121806749733037961e-05 -2.432471142372090531e-03 -1.096026370192675591e-02 2.130396629829090077e-05 9.999999991504672225e-01 3.528748428456374094e-05 4.384544083045320562e-02 2.432470391573403421e-03 -3.533920116316693628e-05 9.999970409150894524e-01 -8.368840021243629038e-03
9.999972830573872207e-01 -2.328409372617534789e-04 -2.319410041733606636e-03 -9.588811577496601790e-03 2.329764514503536086e-04 9.999999711699182336e-01 5.815613252836229785e-05 5.661831618238436642e-02 2.319396433736420089e-03 -5.869634244246904316e-05 9.999973084738391638e-01 -7.923228652577316011e-04
9.999965341040958355e-01 -5.456287720906746394e-04 -2.575668658621919731e-03 -1.556059521857457509e-02 5.458612692119094081e-04 9.999998470068179879e-01 8.956458727998642638e-05 6.131503731724621820e-02 2.575619395546395463e-03 -9.097023462151490234e-05 9.999966789490581931e-01 3.830953858001811315e-03
9.999920158073531962e-01 4.161538689700076022e-04 -3.974309688943347338e-03 5.008987994490952250e-02 -4.188541028160767499e-04 9.999996820221290772e-01 -6.786139412954625850e-04 8.780461177918902349e-02 3.974026017383607001e-03 6.802731790300981570e-04 9.999918721397764720e-01 -7.370405033034804071e-03
9.999753511286396668e-01 5.391710148452717863e-04 -7.000459254259824675e-03 1.652808329489286465e-01 -5.475045091512983604e-04 9.999991437824968799e-01 -1.188559247796259046e-03 9.674710742351538828e-02 6.999812423648243444e-03 1.192362734160093375e-03 9.999747901308032594e-01 -3.985525682994996155e-02
9.999730847622007035e-01 1.377887676169598668e-04 -7.335582146228866902e-03 2.215832697643364269e-01 -1.444642125891247076e-04 9.999995759818389729e-01 -9.094867967498914720e-04 9.312921968585917420e-02 7.335453718743926814e-03 9.105220467951194094e-04 9.999726806609980923e-01 -3.594956113189583941e-02
9.999728479477797416e-01 -8.720472146740076633e-04 -7.317301474044780873e-03 2.926239263059082774e-01 8.661098494535568633e-04 9.999992931854844169e-01 -8.145442040107024823e-04 7.217115639524307458e-02 7.318006623074220854e-03 8.081845005858482580e-04 9.999728964411374044e-01 -3.084291471695794346e-02
9.999724661274870252e-01 -1.651012459051101047e-03 -7.234718016058622539e-03 3.723575692024622130e-01 1.646910411591799616e-03 9.999984797257124303e-01 -5.729156657694843688e-04 6.391784939935150900e-02 7.235652908205015069e-03 5.609849587570047173e-04 9.999736649646669973e-01 -3.103558785478688700e-02
9.999720583542155428e-01 -1.896057442533952662e-03 -7.231008021564996890e-03 4.648664891548863753e-01 1.892048935365458172e-03 9.999980526287276517e-01 -5.611502282610971500e-04 6.866117253037609669e-02 7.232057913174379932e-03 5.474531277713660157e-04 9.999736984708215148e-01 -3.007254276848930763e-02
9.999703917500559758e-01 -2.171779918529025393e-03 -7.382343477856304417e-03 5.870965891199271258e-01 2.166276376719652400e-03 9.999973698026937141e-01 -7.534151274286900049e-04 5.962542764898098868e-02 7.383960312680440743e-03 7.374006238443749561e-04 9.999724663061582142e-01 -3.331533251520710920e-02
9.999694834580488134e-01 -1.972890120524870613e-03 -7.559091031030642886e-03 7.396852546215687552e-01 1.966783184417941147e-03 9.999977335700973580e-01 -8.152414206978539097e-04 7.510708120276698985e-02 7.560682280625430872e-03 8.003494492195232374e-04 9.999710973444235762e-01 -3.831465916800966959e-02
9.999685409012188941e-01 -2.212953194183063434e-03 -7.617089079666058971e-03 8.805950784885289151e-01 2.209342094135354016e-03 9.999974430163645067e-01 -4.824606139367565070e-04 9.995589310453803500e-02 7.618137265650611403e-03 4.656166806221597831e-04 9.999708731686680618e-01 -4.874210491672389262e-02
9.999695119496641027e-01 -2.353276785532737447e-03 -7.445620156933710834e-03 1.012532488738227210e+00 2.349441520875597718e-03 9.999971028705645359e-01 -5.238081877454727701e-04 1.125036044776736022e-01 7.446831251656682582e-03 5.062991687097100329e-04 9.999721437947465263e-01 -6.064065542268526343e-02
9.999683035180915169e-01 -2.991434886924721013e-03 -7.378568727557446860e-03 1.150487377867216887e+00 2.986681771261896507e-03 9.999953252683271288e-01 -6.551133411670624022e-04 1.136282215488376990e-01 7.380493963632172444e-03 6.330551396622971245e-04 9.999725633986379369e-01 -6.301868547659965347e-02
9.999649372169993056e-01 -3.653459902360407709e-03 -7.535022716919045557e-03 1.327935167760761592e+00 3.648499341780579459e-03 9.999931184275158147e-01 -6.719748249759122235e-04 1.117460299369412019e-01 7.537425897192494284e-03 6.444597382454614028e-04 9.999713855318511646e-01 -7.433515202743284922e-02
9.999711934052242235e-01 -3.961947501242443770e-03 -6.474205104024999789e-03 1.499216762402795444e+00 3.963262429979770921e-03 9.999921281401519257e-01 1.902856826710189154e-04 1.139572840295367817e-01 6.473400238104813458e-03 -2.159391750412321400e-04 9.999790240098188621e-01 -6.846260970086540110e-02
9.999715436867704366e-01 -3.974111662608149562e-03 -6.412351611583859239e-03 1.669914821794538096e+00 3.977017737105084660e-03 9.999919946075240818e-01 4.405119571092416721e-04 1.506341196644773173e-01 6.410549634486248892e-03 -4.660014578588321868e-04 9.999793436346697817e-01 -8.158538012699798059e-02
9.999697407707057728e-01 -3.966962890034651974e-03 -6.691841928539284112e-03 1.866196192338260618e+00 3.975781448941854458e-03 9.999912450043972889e-01 1.305019703189660291e-03 2.065874775782950146e-01 6.686606376759308967e-03 -1.331585515297965903e-03 9.999767578174892924e-01 -8.587169121543813954e-02
9.999669703008186028e-01 -5.063786943415185191e-03 -6.357386978430536704e-03 2.074449126237970731e+00 5.085875784490004325e-03 9.999810699803463043e-01 3.463170291291406584e-03 1.966608494114823191e-01 6.339729876466223928e-03 -3.495388784304703095e-03 9.999737946978111136e-01 -9.737579805372721664e-02
9.999656920416208905e-01 -5.791167213138828478e-03 -5.922594197792162632e-03 2.269150349096330288e+00 5.816600617196954030e-03 9.999738977813238394e-01 4.286130339420013771e-03 2.145469792328548730e-01 5.897617907450393437e-03 -4.320432656105006181e-03 9.999732756252447397e-01 -9.875459515270060273e-02
9.999675718469956953e-01 -5.922228448653841376e-03 -5.457331273191216338e-03 2.506030683750560151e+00 5.951888646118888224e-03 9.999675184098205660e-01 5.434808814426312154e-03 2.311384097913642965e-01 5.424967831019536328e-03 -5.467114001657545977e-03 9.999703397543975303e-01 -9.746529886353524907e-02
9.999667298448630115e-01 -6.569547613307097182e-03 -4.835312557354635998e-03 2.726516798599883273e+00 6.599513463109682974e-03 9.999589549059880733e-01 6.207650551894196463e-03 2.275737182397237768e-01 4.794332635628700823e-03 -6.239354732717903619e-03 9.999690419343482128e-01 -1.028501344270454781e-01
9.999597157193645947e-01 -7.684512412569085779e-03 -4.638448817070130181e-03 2.976260535190264900e+00 7.715233978443937143e-03 9.999481775613463519e-01 6.642089761516469133e-03 2.221576600089487097e-01 4.587167220123087794e-03 -6.677608907629243272e-03 9.999671831796138610e-01 -1.097695053381534391e-01
9.999576304372218560e-01 -8.280232259457512983e-03 -4.021825966628654429e-03 3.241208984062945220e+00 8.305410586552968571e-03 9.999457605418301531e-01 6.284594609813705726e-03 2.232078307926807503e-01 3.969569921941578684e-03 -6.317731250248362004e-03 9.999721640058208960e-01 -1.233634458308643794e-01
9.999471115007616540e-01 -8.781737300640265684e-03 -5.353063727048252250e-03 3.497275825580152819e+00 8.807502707368757358e-03 9.999496504604258318e-01 4.808787802757017241e-03 2.731874786905756913e-01 5.310564691535949421e-03 -4.855680596455668949e-03 9.999741097991499128e-01 -1.310737121796378135e-01
9.999208719312657756e-01 -9.898843081781138337e-03 -7.762910656410111632e-03 3.748328460030148079e+00 9.937883523169079025e-03 9.999380835302313919e-01 5.006753136308653672e-03 2.479309277976706194e-01 7.712868940741602133e-03 -5.083503863506520261e-03 9.999573339103887681e-01 -1.256130345607727461e-01
9.998778833686789991e-01 -1.061729384973089489e-02 -1.146697089378265200e-02 4.035964083963744287e+00 1.063786557385522184e-02 9.999419119848086401e-01 1.734494796112067598e-03 2.748291078679849786e-01 1.144788915927202541e-02 -1.856267080357892852e-03 9.999327477917319129e-01 -1.193457176978876683e-01
9.998260766283064704e-01 -1.083719169120364936e-02 -1.517800284279900887e-02 4.325544371832376278e+00 1.080247723003485705e-02 9.999388493688506907e-01 -2.367278731702692363e-03 2.891346260533525503e-01 1.520272935174755806e-02 2.202906976497195305e-03 9.998820051491628114e-01 -1.280343962694416304e-01
9.997961968667350430e-01 -1.096205784322183512e-02 -1.695281742527175034e-02 4.638401411283799902e+00 1.088104692968792746e-02 9.999289721088108207e-01 -4.863492071634953687e-03 2.882330636577306038e-01 1.700492718380963025e-02 4.678036474717331417e-03 9.998444621170907709e-01 -1.231107519706626935e-01
9.997641837135295972e-01 -1.126467992627036736e-02 -1.856566588567417145e-02 4.952763361366709027e+00 1.111742019415601183e-02 9.999060685493188494e-01 -8.016049305701215127e-03 3.092562347602240136e-01 1.865422021544659373e-02 7.807756681886434368e-03 9.997955085935074093e-01 -1.367011561886484761e-01
9.997530193640968843e-01 -1.136707296421719457e-02 -1.909685640616742494e-02 5.262544548796539878e+00 1.116860279657704361e-02 9.998828397498085163e-01 -1.046752527730208937e-02 3.360981589141516235e-01 1.921360413727489155e-02 1.025165479738901833e-02 9.997628423731156344e-01 -1.441832501350119033e-01
9.997434509855843698e-01 -1.183029050265723726e-02 -1.931518672074130846e-02 5.565819107463164883e+00 1.160250675605092006e-02 9.998623188259053718e-01 -1.186276650108675050e-02 3.407914799900980118e-01 1.945286735702879063e-02 1.163561853561086677e-02 9.997430661589424838e-01 -1.562854472737746081e-01
9.997160253993908618e-01 -1.257328245347698326e-02 -2.024305135076032505e-02 5.913902022385820523e+00 1.235152897786151102e-02 9.998627413285088306e-01 -1.104256469070452433e-02 3.594849685337359602e-01 2.037911410129200976e-02 1.078939624744752572e-02 9.997341049684471681e-01 -1.706477670350047826e-01
9.997601576567454185e-01 -1.309889569653898897e-02 -1.755124194154924003e-02 6.248231906387368362e+00 1.296801551682414538e-02 9.998874060950504461e-01 -7.550212319337688827e-03 3.729330937087595443e-01 1.764816522234005300e-02 7.320796680885404556e-03 9.998174574392277858e-01 -1.865610948457113727e-01
9.998659544629392437e-01 -1.391040954684243970e-02 -8.635601435600135517e-03 6.606217946998721224e+00 1.388233489791548293e-02 9.998981819106574909e-01 -3.302512610691350856e-03 4.065296171840164230e-01 8.680661478109967522e-03 3.182187612440880078e-03 9.999572589857537164e-01 -1.899737081228998481e-01
9.998703688652342825e-01 -1.575818972086414846e-02 3.305286980224568343e-03 6.977053078385966778e+00 1.576071398907777019e-02 9.998755190997814513e-01 -7.390531083627606456e-04 4.404362233783852831e-01 -3.293229396030415007e-03 7.910509868168134418e-04 9.999942644227922672e-01 -2.035661751611627657e-01
9.997282784810711531e-01 -1.683541459790234215e-02 1.612259348214880109e-02 7.326962235321931693e+00 1.684737271703998576e-02 9.998578892054981182e-01 -6.061567940732470999e-04 4.535141976442427780e-01 -1.611009738664006055e-02 8.776154297875328122e-04 9.998698388057069009e-01 -2.187741512328968130e-01
9.995785526351581574e-01 -1.816550668795809120e-02 2.264357477458251930e-02 7.680714876409176384e+00 1.827889454308245093e-02 9.998213540550358047e-01 -4.810612210279467151e-03 4.649345695424192404e-01 -2.255214238349053865e-02 5.222484305823163996e-03 9.997320273611275399e-01 -2.409940306418059952e-01
9.995556064991273360e-01 -1.988308864698043812e-02 2.220928414015147651e-02 8.037506568366762139e+00 2.006738742484637586e-02 9.997657653485779727e-01 -8.106441815824960359e-03 4.681343525780590209e-01 -2.204290085498693957e-02 8.548521675035719927e-03 9.997204775831435297e-01 -2.428351700698800908e-01
9.996051157949882304e-01 -2.068019407021975259e-02 1.902477462957603144e-02 8.435935944426830702e+00 2.083915795687482642e-02 9.997492489624557610e-01 -8.195650959748468703e-03 5.153030723324935058e-01 -1.885051649521923833e-02 8.588874910234354718e-03 9.997854216058762455e-01 -2.709722882579191361e-01
9.995717067008919043e-01 -2.253175729965063365e-02 1.867412852199129211e-02 8.807878865951696667e+00 2.263667972796609348e-02 9.997290309166712019e-01 -5.426368334985616493e-03 5.209716502489625256e-01 -1.854680279616132202e-02 5.846764524340443414e-03 9.998108978455061413e-01 -2.868133141615851200e-01
9.995825700124770785e-01 -2.348292418366630663e-02 1.682967614173322413e-02 9.214678588362646749e+00 2.351938249727949376e-02 9.997214368387452588e-01 -1.971641960751847542e-03 5.804587009175870005e-01 -1.677868809526261717e-02 2.366642528755533680e-03 9.998564270078694749e-01 -3.194937322281664049e-01
9.996279161182630713e-01 -2.477832379840156155e-02 1.140455991260858060e-02 9.628334082781021763e+00 2.477663597373500406e-02 9.996929701793881851e-01 2.892814164197769810e-04 6.374298435766071469e-01 -1.140822628122936666e-02 -6.607150072087270834e-06 9.999349240472911182e-01 -3.419270801904390478e-01
9.996488022582644684e-01 -2.601787909394508505e-02 5.034094861060533013e-03 1.003686330778062263e+01 2.600315095076396674e-02 9.996574508806977954e-01 2.969349985618300984e-03 6.592720603826394132e-01 -5.109626625212818074e-03 -2.837404828036307024e-03 9.999829202789379812e-01 -3.415636133192394008e-01
9.996222725960288713e-01 -2.748012200934767807e-02 3.937312558929305720e-04 1.045993120462422965e+01 2.747878513620321400e-02 9.996176648971677459e-01 3.072522249248083818e-03 6.628659398721308271e-01 -4.780140048984931993e-04 -3.060542416813142892e-03 9.999952022798539453e-01 -3.733212643134701247e-01
9.995875445924217173e-01 -2.871827896166825184e-02 -3.389945583915946413e-05 1.090218704025066998e+01 2.871826893217761800e-02 9.995840954416247426e-01 2.626246311361331298e-03 6.763819144512130954e-01 -4.153591729077743533e-05 -2.626136635558021411e-03 9.999965508346211340e-01 -3.903574702308383881e-01
9.995916027742063337e-01 -2.857476644349604342e-02 3.322438758106342717e-04 1.136710655693843286e+01 2.857320223468482953e-02 9.995836207893351588e-01 4.019597459745397755e-03 7.591552077813621402e-01 -4.469645949769706847e-04 -4.008462595839257236e-03 9.999918661920549345e-01 -4.029677033649730067e-01
9.995489653682808617e-01 -3.001293702085977219e-02 1.043763661534452070e-03 1.181704209757983826e+01 3.000652746588644212e-02 9.995334899205239321e-01 5.693051619015580302e-03 7.942789462502291009e-01 -1.214141934963773898e-03 -5.659164132597511478e-03 9.999832497200551451e-01 -4.220208275898885142e-01
9.995087690471538000e-01 -3.133574498187546853e-02 5.400780261168988336e-04 1.231430719868282786e+01 3.133160465985894427e-02 9.994881349683343297e-01 6.465184216940741101e-03 8.150640760223080150e-01 -7.423929429438598515e-04 -6.445086807137755981e-03 9.999789546329296286e-01 -4.444892161829502863e-01
9.994747346326353643e-01 -3.240347949047767129e-02 -5.189874114769887090e-04 1.280047982182743738e+01 3.240568670868827772e-02 9.994620890709142724e-01 5.040236000633701446e-03 8.374429750944911710e-01 3.553870586025959519e-04 -5.054406682681301249e-03 9.999871632541712518e-01 -4.460156311239061311e-01
9.994550447448498076e-01 -3.290540869124861795e-02 -2.616794400040381875e-03 1.331315758910986879e+01 3.291523682794272182e-02 9.994509005611433849e-01 3.805857601099728316e-03 9.076892248735296542e-01 2.490124219918835122e-03 -3.889915986407019299e-03 9.999893338606107296e-01 -4.668883364469830766e-01
9.994336220412456395e-01 -3.341040972783896473e-02 -4.022394229123687354e-03 1.383415286564926561e+01 3.342659232355444515e-02 9.994330686613672743e-01 4.025443051101582244e-03 9.629455715147359207e-01 3.885622106105475135e-03 -4.157618060944753662e-03 9.999838079453625683e-01 -5.060017124653304332e-01
9.993649722933782842e-01 -3.541133307536776381e-02 -3.961015385054394641e-03 1.436773724041066913e+01 3.543304132032280146e-02 9.993566329904690626e-01 5.551547599118155686e-03 9.640644156097469830e-01 3.761879297315274921e-03 -5.688373034387153755e-03 9.999767450677911063e-01 -5.069169453991817509e-01
9.993249405672528507e-01 -3.648883662102133524e-02 -4.269421775945322559e-03 1.488668399855708557e+01 3.651620307116913017e-02 9.993118057738711313e-01 6.517802868301216142e-03 1.011935810383668422e+00 4.028656540540740891e-03 -6.669306036561074326e-03 9.999696446810117934e-01 -5.321539263116958907e-01
9.992645692321610040e-01 -3.831472055807309124e-02 -1.517519627715968990e-03 1.544150495161533954e+01 3.832350563344818356e-02 9.992457811825184999e-01 6.259209606759939121e-03 1.057009544699671455e+00 1.276555218859434663e-03 -6.312763063434414720e-03 9.999792594995549067e-01 -5.421865328358349556e-01
9.992208253116532379e-01 -3.944385054929760992e-02 1.387413904834494107e-03 1.600081706747952737e+01 3.943832629152368985e-02 9.992147577387726631e-01 3.806092007437483424e-03 1.085386465718302773e+00 -1.536451373120843776e-03 -3.748409114603509264e-03 9.999917943394773800e-01 -5.576335140257075995e-01
9.992106073230073715e-01 -3.965173300844267862e-02 2.429461383492314240e-03 1.656509221106335161e+01 3.964626664462635869e-02 9.992112256237974943e-01 2.258346415336154409e-03 1.129820285122181467e+00 -2.517092435706524967e-03 -2.160244619401016555e-03 9.999944987792954709e-01 -5.862763571331927048e-01
9.991817077362867838e-01 -4.036971157414828704e-02 2.490243485623648990e-03 1.714735513140590584e+01 4.036441286661707206e-02 9.991827277911422556e-01 2.142582037035001882e-03 1.183653618652084738e+00 -2.574703697688614148e-03 -2.040311562537608456e-03 9.999946040002399839e-01 -6.170975713161045428e-01
9.991400511540088347e-01 -4.138148737006654837e-02 2.594355990520780426e-03 1.772950975823134456e+01 4.137145145049676148e-02 9.991365724065044418e-01 3.809551766424783444e-03 1.245469424560745386e+00 -2.749760870279136481e-03 -3.698943473872367237e-03 9.999893782597559788e-01 -6.354437787818765226e-01
9.990627721747687984e-01 -4.323349228645094466e-02 2.107699974737030878e-03 1.830039824392337522e+01 4.322122120779230137e-02 9.990500764405907397e-01 5.556149868099951109e-03 1.283260343033093998e+00 -2.345909583339726538e-03 -5.459845122994645347e-03 9.999823432438493809e-01 -6.523769128439658171e-01
9.990274057857871925e-01 -4.394378225759956735e-02 3.631320671143308410e-03 1.887648185920071242e+01 4.392481309417763102e-02 9.990215751429454283e-01 5.148125246123672581e-03 1.359022163829145979e+00 -3.853995791585235978e-03 -4.983613127530255905e-03 9.999801549614040219e-01 -6.665173766871154148e-01
9.989584306925201052e-01 -4.545631719888423850e-02 3.972024049767795134e-03 1.945583144205735238e+01 4.544684352762985713e-02 9.989637694547820468e-01 2.443712353798876274e-03 1.418007996397669501e+00 -4.078990281018199382e-03 -2.260651102537070654e-03 9.999891255883135432e-01 -6.894754653685697399e-01
9.988896491057053240e-01 -4.699237308917171563e-02 3.344515051383417648e-03 2.006415605403933711e+01 4.698956541321346048e-02 9.988949628362222555e-01 9.132155821607907016e-04 1.433614805784870994e+00 -3.383733405304570167e-03 -7.550442836399965437e-04 9.999939901101263517e-01 -7.049862440654055540e-01
9.988715125809830564e-01 -4.743522411053398974e-02 2.366615254421037054e-03 2.068164297965818577e+01 4.743691901322392296e-02 9.988740141745581225e-01 -6.652227728019991871e-04 1.489288645628320751e+00 -2.332395487878990807e-03 7.767370134314795617e-04 9.999969783008847424e-01 -7.302514127353421092e-01
9.988438558408245793e-01 -4.806726628196752310e-02 6.996865102058266251e-04 2.129143716057816249e+01 4.806769710865337747e-02 9.988438923636014932e-01 -6.125215104271523534e-04 1.570231531363347921e+00 -6.694353627431577939e-04 6.454456665040870806e-04 9.999995676279999079e-01 -7.574845480732089742e-01
9.988130734779823161e-01 -4.870470133488295078e-02 -5.443503894665684562e-04 2.189844484533729840e+01 4.870464130170028966e-02 9.988132171654392488e-01 -1.230093403996254122e-04 1.629632522291087460e+00 5.496954969539278799e-04 9.635094688963913669e-05 9.999998442756656836e-01 -7.742948276540143615e-01
9.987849658213022730e-01 -4.925427638834650040e-02 -1.615025324989250973e-03 2.249449021854611885e+01 4.925468358538955677e-02 9.987862287016263663e-01 2.133093660345519390e-04 1.701924168909805468e+00 1.602558655132743865e-03 -2.925977492289201336e-04 9.999986730952766800e-01 -8.011173228953494263e-01
9.987297264200661884e-01 -5.033468083962740203e-02 -2.313756614815812990e-03 2.310767874597810945e+01 5.033774537696700246e-02 9.987314243274052483e-01 1.285865979045509779e-03 1.733953873106719890e+00 2.246097785804162042e-03 -1.400701868805863913e-03 9.999964965333685285e-01 -8.184476120213288741e-01
9.987299935569230458e-01 -5.030484779712560833e-02 -2.796829972743396057e-03 2.374980363210899625e+01 5.030867256516682179e-02 9.987328520961114009e-01 1.314385292703666589e-03 1.800454599076395601e+00 2.727166023409662715e-03 -1.453420818232439458e-03 9.999952250553029165e-01 -8.369346664165240313e-01
9.987009382508788002e-01 -5.090847899839056473e-02 -2.182361767614840898e-03 2.438667926093302185e+01 5.091052873319371758e-02 9.987028179304021647e-01 8.941599300800852704e-04 1.825213730057671846e+00 2.134010525038830975e-03 -1.004103552593700079e-03 9.999972188837000786e-01 -8.550977294855608424e-01
9.987008938770622901e-01 -5.094494043534121552e-02 -1.066589516291878339e-03 2.501603463419599649e+01 5.094593328628210793e-02 9.987009840860695542e-01 9.253470192402656058e-04 1.862508514525743619e+00 1.018062250759367831e-03 -9.784832936025823942e-04 9.999990030593519652e-01 -8.864866294906583732e-01
9.987312454729551092e-01 -5.033017602942314872e-02 1.665141701825646834e-03 2.566978435472666220e+01 5.032601480973444841e-02 9.987298306425178573e-01 2.453083394008597450e-03 1.923640217499756444e+00 -1.786490808895429758e-03 -2.366171087400846355e-03 9.999956048328286773e-01 -9.125206003122467990e-01
9.987601577936539021e-01 -4.959622815720898803e-02 4.285015352793696691e-03 2.633135925933579813e+01 4.958612623261558772e-02 9.987668892588561498e-01 2.432489554123775863e-03 2.012392903957580081e+00 -4.400373761252551405e-03 -2.216996338715753086e-03 9.999878607453169810e-01 -9.333780466967220857e-01
9.987946639157428974e-01 -4.882049009052371463e-02 5.077310386343586272e-03 2.700085149535324902e+01 4.881159733758445168e-02 9.988062699107451703e-01 1.860954684328567071e-03 2.082344177711926481e+00 -5.162102167888098399e-03 -1.610879978360240002e-03 9.999853787765616842e-01 -9.643469515980755968e-01
9.988106081406221692e-01 -4.852814845268440397e-02 4.731582559224780868e-03 2.767097652835454724e+01 4.852192627595702107e-02 9.988211066190012533e-01 1.421141394908726711e-03 2.121095275860724882e+00 -4.794969888448448112e-03 -1.189865600795288539e-03 9.999877961673436788e-01 -9.827188259555426075e-01
9.988703868080784920e-01 -4.746868455754795629e-02 2.162023185724791779e-03 2.838947308564246796e+01 4.746470641902330451e-02 9.988711920761462748e-01 1.855609046782315903e-03 2.186536715960126109e+00 -2.247665997325032274e-03 -1.750893130542473209e-03 9.999959411771679463e-01 -1.020625569603814009e+00
9.989245018312008506e-01 -4.636596203429350915e-02 -1.928883656573198802e-04 2.907175496171861795e+01 4.636631477080579988e-02 9.989208294015763379e-01 2.709509594260416186e-03 2.261735096489159158e+00 6.705118722529203822e-05 -2.715539044331139341e-03 9.999963106691128756e-01 -1.046691332368253402e+00
9.989566252329228346e-01 -4.558174792499586347e-02 -2.822261389705395945e-03 2.978982426098129110e+01 4.558995323797682131e-02 9.989559854983471876e-01 2.914652772632918797e-03 2.309497096649623771e+00 2.686459939916044717e-03 -3.040278462257178273e-03 9.999917697860634114e-01 -1.070323925588346325e+00
9.990167818525638177e-01 -4.413961589417312453e-02 -4.142932012696951341e-03 3.050003568874221926e+01 4.415049778633044902e-02 9.990215781253484195e-01 2.572933181710676358e-03 2.345930280296631310e+00 4.025310195028452415e-03 -2.753315937769771661e-03 9.999881079938803818e-01 -1.078220023258726901e+00
9.991206232087116446e-01 -4.160007347305442332e-02 -5.235853900944625709e-03 3.123372663589756115e+01 4.161375431842085498e-02 9.991305652006370330e-01 2.531626627620833271e-03 2.417097772285639046e+00 5.125985813643396151e-03 -2.747283911801351106e-03 9.999830882072687777e-01 -1.111253597280152938e+00
9.992570675008949355e-01 -3.846848568638869953e-02 -2.342788617880355116e-03 3.194919868704735677e+01 3.847974850139713326e-02 9.992470268270113865e-01 4.968735517947963330e-03 2.487645467938373489e+00 2.149884829749475635e-03 -5.055193999660193525e-03 9.999849113905892040e-01 -1.139504077344331012e+00
9.993668600565877025e-01 -3.555046474723446565e-02 1.429502323308066980e-03 3.266777627841783982e+01 3.554025241548624398e-02 9.993462703008213488e-01 6.627404777232025201e-03 2.551794819121057767e+00 -1.664175135082916149e-03 -6.572403829147505094e-03 9.999770167503982954e-01 -1.167804186207073380e+00
9.994277471416700420e-01 -3.340790587418081270e-02 5.300006455467605807e-03 3.340474218938934570e+01 3.337907406781058517e-02 9.994279678952296964e-01 5.438235300833049908e-03 2.595269975622765291e+00 -5.478654734671467227e-03 -5.258213947100950046e-03 9.999711673485315311e-01 -1.172036381730366061e+00
9.995099294295334280e-01 -3.090270026266041942e-02 4.992403053164882511e-03 3.414406169680251679e+01 3.089299937907686450e-02 9.995206789508427336e-01 2.008715761567965701e-03 2.618693314110039250e+00 -5.052084830388240029e-03 -1.853501044667264916e-03 9.999855203815423144e-01 -1.212632641549532542e+00
9.996291912633606946e-01 -2.698705652465472823e-02 3.630255403484876353e-03 3.488624101715014802e+01 2.698401501663308735e-02 9.996354741068611549e-01 8.842175824582534710e-04 2.696986930323595377e+00 -3.652794511269492894e-03 -7.859308405317385086e-04 9.999930196781237068e-01 -1.257195423756208852e+00
9.997135999822875929e-01 -2.378725269895049649e-02 2.623855844171908182e-03 3.559011976919021691e+01 2.378039700487478980e-02 9.997137894232092092e-01 2.613800944555689631e-03 2.731244597543283525e+00 -2.685280012450233511e-03 -2.550656018260902876e-03 9.999931416890474045e-01 -1.265746736375866099e+00
9.997895660047992905e-01 -2.050924714153755726e-02 4.410097759536018474e-04 3.632694591546196250e+01 2.050732460460545983e-02 9.997817255457672747e-01 3.993858070761754399e-03 2.788116532240820344e+00 -5.228245370069215360e-04 -3.983973696622375264e-03 9.999919272714595797e-01 -1.297703186481422799e+00
9.998404533571586539e-01 -1.779914981111280908e-02 -1.502696427454254481e-03 3.707150478911857050e+01 1.780808537785580348e-02 9.998224562397372006e-01 6.158578887521375458e-03 2.816398035944451372e+00 1.392812164837441439e-03 -6.184356453212301249e-03 9.999799067028962707e-01 -1.319437702427771697e+00
9.998896702152719751e-01 -1.479115926712328000e-02 -1.367115331374715772e-03 3.778277237808379141e+01 1.480074546358947293e-02 9.998638863680178179e-01 7.290176319238223304e-03 2.818269044912616206e+00 1.259099089318360502e-03 -7.309606321693340111e-03 9.999724917841016358e-01 -1.322784216779503641e+00
9.999380392977558207e-01 -1.081885503470936087e-02 -2.621057248082207108e-03 3.851633440319082524e+01 1.083472996503540529e-02 9.999225731770304826e-01 6.120153397651887685e-03 2.868009670690053525e+00 2.554641255547287181e-03 -6.148172636155396949e-03 9.999778366450385869e-01 -1.332752237513977089e+00
9.999616745091447489e-01 -6.081140556775361562e-03 -6.298352355650303595e-03 3.922577060820493244e+01 6.112633589419900169e-03 9.999688519450821156e-01 4.993080235280794414e-03 2.906762581970471881e+00 6.267792551503237504e-03 -5.031388393197048191e-03 9.999676994320206846e-01 -1.369084200532967310e+00
9.999608674330371372e-01 -2.069018219336346120e-03 -8.601323513038878002e-03 3.993108107407224594e+01 2.128299739525694751e-03 9.999740076778678155e-01 6.888708796443709058e-03 2.893738538643007008e+00 8.586847080659818984e-03 -6.906745418177821956e-03 9.999392796189885413e-01 -1.389925458912067091e+00
9.999596549883008612e-01 3.074319515298977804e-03 -8.440198765198445724e-03 4.067278884112380410e+01 -2.994144137408272927e-03 9.999504341877647473e-01 9.495486748199456414e-03 2.926466234522395293e+00 8.468972580108473369e-03 -9.469832481024132928e-03 9.999192961315521710e-01 -1.424104269257119748e+00
9.999442316750550841e-01 7.974755879080626039e-03 -6.923641271245853379e-03 4.136580679888115952e+01 -7.899201848873030687e-03 9.999096961308077125e-01 1.087208322938127900e-02 2.954264267793878407e+00 7.009718249301521986e-03 -1.081678567158015497e-02 9.999169270483425631e-01 -1.432750706830461684e+00
9.998994951041899615e-01 1.247822614251817286e-02 -6.730049236242945446e-03 4.206585104070323666e+01 -1.240167032025413577e-02 9.998592504431346173e-01 1.129946355189992251e-02 2.936888105367069457e+00 6.870099246285010786e-03 -1.121486404862596757e-02 9.999135105401452117e-01 -1.464177304470102081e+00
9.998116464508850498e-01 1.868563918070294955e-02 -5.245808763102518917e-03 4.276756824756409259e+01 -1.861632511795380945e-02 9.997426383871798050e-01 1.296493076507789464e-02 2.963281651421527219e+00 5.486716711577741164e-03 -1.286483109291373418e-02 9.999021912470628104e-01 -1.463990212816967729e+00
9.996956775367749071e-01 2.453088661437315479e-02 -2.605362969218758592e-03 4.344224389321041713e+01 -2.449370782430602619e-02 9.996094495077109121e-01 1.345387423415963027e-02 2.962617156860186451e+00 2.934380906790744811e-03 -1.338596491866845747e-02 9.999060982671773568e-01 -1.476830133795699274e+00
9.995078266841745940e-01 3.134182560298789250e-02 1.339539081153398505e-03 4.412560001841993085e+01 -3.135656001234036344e-02 9.994244226010590149e-01 1.294564222942989895e-02 3.006219818218027307e+00 -9.330280116598212463e-04 -1.298127406735541389e-02 9.999153044044868377e-01 -1.507655500101378943e+00
9.992760248138781165e-01 3.767496897253605481e-02 5.293670285556851922e-03 4.483799147677520835e+01 -3.773638687462470276e-02 9.992153693158990491e-01 1.202542425613761443e-02 2.968021853514128949e+00 -4.836459223687723276e-03 -1.221648213725606141e-02 9.999136793875598173e-01 -1.516932266916283467e+00
9.990189606687269741e-01 4.371908421080190899e-02 7.053927994050742528e-03 4.553151278419277048e+01 -4.379364275608277346e-02 9.989823695025085160e-01 1.078620773516683617e-02 2.957976299904915063e+00 -6.575186577507925387e-03 -1.108454324374194555e-02 9.999169464623292036e-01 -1.556148050211775713e+00
9.987570824902025635e-01 4.938195619629733718e-02 6.761107741020305588e-03 4.623294476530170982e+01 -4.944680500859293532e-02 9.987288160868476039e-01 9.785979368763434924e-03 2.938197590996673991e+00 -6.269262325098686091e-03 -1.010813137976780164e-02 9.999292585127752542e-01 -1.582060753902079231e+00
9.984797664853949373e-01 5.481360553900462007e-02 5.798669423726379724e-03 4.691322091333900346e+01 -5.487077558526760879e-02 9.984412830305164910e-01 1.020795410683503907e-02 2.918399059697854181e+00 -5.230096169522874955e-03 -1.051061312152871963e-02 9.999310841782382830e-01 -1.598390331469780712e+00
9.981773013837620390e-01 6.023735213884743450e-02 3.679185987507566785e-03 4.761636659709389363e+01 -6.027168589892074185e-02 9.981312198742836594e-01 1.006934909397408547e-02 2.916671763814494334e+00 -3.065759470672597617e-03 -1.027274644751684750e-02 9.999425342484902224e-01 -1.631137042014087157e+00
9.978427778111264024e-01 6.561803667974887289e-02 2.015944560262738963e-03 4.832426720701796796e+01 -6.563559301322281769e-02 9.977890597178450394e-01 1.043844994149687247e-02 2.881997090272902629e+00 -1.326536836086998801e-03 -1.054824960236025455e-02 9.999434857682452105e-01 -1.646097132076811631e+00
9.975225592022121113e-01 7.032247610415572059e-02 1.869020398391408938e-03 4.898975162524492077e+01 -7.033890483717648856e-02 9.974619700155894497e-01 1.104793369485554920e-02 2.860398819361408940e+00 -1.087358715322040608e-03 -1.115202794112985472e-02 9.999372229914358368e-01 -1.681240619129180658e+00
9.971397173748897114e-01 7.544048906183710435e-02 4.595284935232542278e-03 4.967911609093889069e+01 -7.548602701545904792e-02 9.970893629729740137e-01 1.070803303927332119e-02 2.846343532287843647e+00 -3.774090479377230963e-03 -1.102428484118667638e-02 9.999321083877614758e-01 -1.696576585515085389e+00
9.967326343151194923e-01 8.061175158235373006e-02 5.079487972927487424e-03 5.036504730330982227e+01 -8.065389672465397841e-02 9.967039821899863483e-01 8.724725196371177147e-03 2.807967873033776485e+00 -4.359430509948792470e-03 -9.105898827037156931e-03 9.999490376875116437e-01 -1.717518405087065103e+00
9.962897867422364495e-01 8.595729222009472481e-02 4.243200124712077394e-03 5.105869093204091058e+01 -8.597974338281018369e-02 9.962821037815702274e-01 5.427099814333452565e-03 2.782734128240664351e+00 -3.760925542366086970e-03 -5.771793374495758078e-03 9.999762706386121636e-01 -1.743494033721332714e+00
9.959855045181310595e-01 8.950201515145060627e-02 1.504683884893979638e-03 5.175187776581609000e+01 -8.950607546630455491e-02 9.959820794341671668e-01 2.891349271982119207e-03 2.709513218490817721e+00 -1.239856598218707544e-03 -3.014420312747494429e-03 9.999946879987883230e-01 -1.769201161099351216e+00
