1.000000000000000000e+00 0.000000000000000000e+00 0.000000000000000000e+00 0.000000000000000000e+00 0.000000000000000000e+00 1.000000000000000000e+00 0.000000000000000000e+00 0.000000000000000000e+00 0.000000000000000000e+00 0.000000000000000000e+00 1.000000000000000000e+00 0.000000000000000000e+00
9.999999995969379718e-01 2.445824693239741375e-05 -1.441936943031328766e-05 -5.761853747959142479e-03 -2.445783138483989519e-05 9.999999992856635211e-01 2.881817725320425525e-05 2.467926568531913015e-03 1.442007426210840606e-05 -2.881782457508254286e-05 9.999999994807972081e-01 1.373867411082750709e-03
9.999999879963147320e-01 1.249787102051148869e-04 -9.158434537637265239e-05 2.796529006579709722e-03 -1.249760077099544510e-04 9.999999917549784456e-01 2.951339412703452651e-05 3.228408344901838745e-03 9.158803316718953989e-05 -2.950194792691116432e-05 9.999999953706336653e-01 -4.070154608979087082e-03
9.999999983636920220e-01 -1.068107059387404361e-05 -5.620080686382762051e-05 -8.519003696827971012e-03 1.068461820820212338e-05 9.999999979506009051e-01 6.312398224329384756e-05 -3.790949079644587855e-04 5.620013251693923228e-05 -6.312458262416790567e-05 9.999999964284160825e-01 -4.478580889624196593e-04
9.999999991031375268e-01 -1.867901454032842265e-05 -3.801077989812691102e-05 -2.061955182938172287e-03 1.868003502950933340e-05 9.999999994651425084e-01 2.684718442600020694e-05 -2.788004628527932134e-03 3.801027839884829661e-05 -2.684789444462197102e-05 9.999999989172047021e-01 -1.540552754134313744e-04
9.999999974505446865e-01 -4.460851669352964058e-05 -5.575832486497933594e-05 -4.608216335316792610e-03 4.461035594608302776e-05 9.999999984609416748e-01 3.298534310075379157e-05 1.980756780856022387e-04 5.575685335193566355e-05 -3.298783041537832158e-05 9.999999979014881912e-01 -2.112074663335831385e-03
9.999999782130877257e-01 2.087065989931221558e-04 -3.921682486180035444e-06 -7.558892039182515087e-03 -2.087066986864782110e-04 9.999999778972139541e-01 -2.543787753394864782e-05 2.967531414368469907e-03 3.916373346594212224e-06 2.543869546114083067e-05 9.999999996687674031e-01 6.284167529156756832e-05
9.999999851095120462e-01 1.400269071761979761e-04 -1.008634771815651490e-04 -9.605598944694357377e-04 -1.400240700337475319e-04 9.999999898008392618e-01 2.813505343571367603e-05 2.684905122634250428e-03 1.008674158173581748e-04 -2.812092970217627935e-05 9.999999945174888882e-01 -2.642870803503947260e-03
9.999999987149645886e-01 4.305767172881563534e-05 -2.676018925524510647e-05 -6.080853966503166341e-03 -4.305744068570418055e-05 9.999999990357523183e-01 8.634353117901895217e-06 -9.607455377631550150e-04 2.676056100458379592e-05 -8.633200881544851303e-06 9.999999996046701201e-01 -1.137654903533217958e-03
9.999999990225666435e-01 -4.035738057098565463e-05 -1.805958099566101313e-05 -1.948581450515091823e-03 4.035783444560645737e-05 9.999999988698036191e-01 2.513240952760944155e-05 -3.071521020556884120e-03 1.805856669703416676e-05 -2.513313834862416392e-05 9.999999995211067416e-01 -5.865629279844066565e-04
9.999999836720150359e-01 1.696079374858836593e-04 -6.236278657040703033e-05 -2.616784838007119463e-03 -1.696075225249407193e-04 9.999999855944714522e-01 6.659211732793992076e-06 4.035394762781542230e-03 6.236391512720541788e-05 -6.648634426334524135e-06 9.999999980332688887e-01 -1.333778459806952586e-03
9.999999919455994091e-01 1.242324229274098621e-04 -2.598280804931338053e-05 -2.733023761202020476e-03 -1.242324759341057372e-04 9.999999922810682840e-01 -2.038464019368806693e-06 3.446103247400526121e-03 2.598255460542968248e-05 2.041691911525887457e-06 9.999999996603691210e-01 -2.191903489778236451e-03
9.999999917116930703e-01 1.266228262038846398e-04 -2.330823285250293602e-05 2.199175306731547541e-03 -1.266234750991462193e-04 9.999999915957045182e-01 -2.784037499088956797e-05 8.765994439921057091e-04 2.330470742964973398e-05 2.784332612958219974e-05 9.999999993408199561e-01 -6.502883299331929136e-04
9.999999438408961883e-01 -1.180163188281466396e-04 3.136723656897265756e-04 -2.426955885571385405e-02 1.180887920185880549e-04 9.999999663380217951e-01 -2.310389414894489085e-04 1.788379113643789138e-03 -3.136450887655137481e-04 2.310759697052629116e-04 9.999999241153243457e-01 2.095754858118581854e-03
9.999993678003328279e-01 1.423752736433984457e-04 -1.115404956126725931e-03 -9.569431342090430059e-02 -1.434419857616956980e-04 9.999995324347428216e-01 -9.563235291307145298e-04 2.792906459833992966e-02 1.115268277777969018e-03 9.564829204451329083e-04 9.999989206579632528e-01 -9.608370063589924751e-03
9.999984394036056656e-01 8.487804752547819143e-05 -1.764648993479591083e-03 -1.241315476435954218e-01 -8.575820132009851892e-05 9.999998719718063978e-01 -4.987002121755593816e-04 4.040872409822800215e-02 1.764606438854458359e-03 4.988507670294485379e-04 9.999983186546006486e-01 1.887044175444604205e-03
9.999972817107685152e-01 -9.028883298136789642e-05 -2.329896778935434086e-03 -1.334730682919071376e-01 9.025811986703028485e-05 9.999999958384594434e-01 -1.328732094578604053e-05 3.509519879403549814e-02 2.329897968936176129e-03 1.307699272425363616e-05 9.999972856985396286e-01 -1.110393564159532775e-03
9.999963687244474153e-01 9.422692462649495952e-05 -2.693261815275007406e-03 -8.372270399187078938e-02 -9.403110876145709699e-05 9.999999929267979759e-01 7.283237385451864188e-05 3.231732707327832771e-02 2.693268658995623659e-03 -7.257885898542483147e-05 9.999963705115332280e-01 -9.744507672010693095e-03
9.999961995503762191e-01 4.843402392948394108e-04 -2.714092728101735567e-03 -3.726473838134584243e-02 -4.841068497292364534e-04 9.999998790663302550e-01 8.664804036369216683e-05 4.515530452665454664e-02 2.714134367009146155e-03 -8.533380018170541917e-05 9.999963130895935803e-01 -1.808694418843448046e-02
9.999967315961574288e-01 6.068910187960899292e-04 -2.483642545538858326e-03 -4.831875709404773872e-03 -6.063111794097535492e-04 9.999997887662924745e-01 2.342095730844447879e-04 4.659004036439572116e-02 2.483784160596256077e-03 -2.327029473519582150e-04 9.999968883279496401e-01 -1.797065905753952864e-02
9.999970771928624602e-01 1.462189108145245386e-04 -2.413343274859837233e-03 -1.679846000934147321e-02 -1.456238341964333910e-04 9.999999589536794353e-01 2.467515719492740438e-04 3.662130517804975532e-02 2.413379255547068100e-03 -2.463994104411010929e-04 9.999970574396204182e-01 -1.457226613043883026e-02
9.999968727376968847e-01 1.041346750770610544e-04 -2.498733838547820534e-03 -1.263473380161599449e-02 -1.038680982262629276e-04 9.999999889010611209e-01 1.068143047828299259e-04 4.444204956704148057e-02 2.498744933887448502e-03 -1.065544320146975718e-04 9.999968724550634125e-01 -1.162582271027614612e-02
9.999970413125907065e-01 -2.121806749735438791e-05 -2.432471142372094434e-03 -1.096026370192636733e-02 2.130396629831492262e-05 9.999999991504672225e-01 3.528748428456950076e-05 4.384544083045277540e-02 2.432470391573407324e-03 -3.533920116317276387e-05 9.999970409150894524e-01 -8.368840021244002003e-03
9.999972830573872207e-01 -2.328409372617483832e-04 -2.319410041733608804e-03 -9.588811577495030131e-03 2.329764514503485128e-04 9.999999711699182336e-01 5.815613252835884195e-05 5.661831618238368641e-02 2.319396433736422257e-03 -5.869634244246558726e-05 9.999973084738391638e-01 -7.923228652578304804e-04
9.999965341040958355e-01 -5.456287720906976245e-04 -2.575668658621921032e-03 -1.556059521857140575e-02 5.458612692119323932e-04 9.999998470068179879e-01 8.956458727998740216e-05 6.131503731724534390e-02 2.575619395546396764e-03 -9.097023462151593233e-05 9.999966789490581931e-01 3.830953858001672103e-03
9.999920158073531962e-01 4.161538689700182273e-04 -3.974309688943349940e-03 5.008987994490696205e-02 -4.188541028160873750e-04 9.999996820221290772e-01 -6.786139412954588987e-04 8.780461177918913451e-02 3.974026017383609603e-03 6.802731790300944707e-04 9.999918721397764720e-01 -7.370405033035126730e-03
9.999753511286396668e-01 5.391710148452516201e-04 -7.000459254259825542e-03 1.652808329489281192e-01 -5.475045091512781943e-04 9.999991437824968799e-01 -1.188559247796261648e-03 9.674710742351269599e-02 6.999812423648244311e-03 1.192362734160095543e-03 9.999747901308032594e-01 -3.985525682994988522e-02
9.999730847622007035e-01 1.377887676169377491e-04 -7.335582146228864300e-03 2.215832697643341787e-01 -1.444642125891025899e-04 9.999995759818389729e-01 -9.094867967498923393e-04 9.312921968585743948e-02 7.335453718743924212e-03 9.105220467951200599e-04 9.999726806609980923e-01 -3.594956113189583247e-02
9.999728479477797416e-01 -8.720472146740353104e-04 -7.317301474044777404e-03 2.926239263059148832e-01 8.661098494535842936e-04 9.999992931854844169e-01 -8.145442040107105054e-04 7.217115639523953574e-02 7.318006623074217384e-03 8.081845005858560643e-04 9.999728964411374044e-01 -3.084291471695782896e-02
9.999724661274870252e-01 -1.651012459051108203e-03 -7.234718016058623406e-03 3.723575692024595485e-01 1.646910411591806771e-03 9.999984797257124303e-01 -5.729156657694818751e-04 6.391784939935293841e-02 7.235652908205015936e-03 5.609849587570022236e-04 9.999736649646669973e-01 -3.103558785478695639e-02
9.999720583542155428e-01 -1.896057442533981502e-03 -7.231008021564998625e-03 4.648664891548872080e-01 1.892048935365487012e-03 9.999980526287276517e-01 -5.611502282610954153e-04 6.866117253037473667e-02 7.232057913174381666e-03 5.474531277713640641e-04 9.999736984708215148e-01 -3.007254276848980723e-02
9.999703917500559758e-01 -2.171779918529024526e-03 -7.382343477856305285e-03 5.870965891199260156e-01 2.166276376719651533e-03 9.999973698026937141e-01 -7.534151274286900049e-04 5.962542764898065561e-02 7.383960312680441611e-03 7.374006238443749561e-04 9.999724663061582142e-01 -3.331533251520731043e-02
9.999694834580488134e-01 -1.972890120524909210e-03 -7.559091031030639417e-03 7.396852546215679780e-01 1.966783184417979745e-03 9.999977335700973580e-01 -8.152414206978574876e-04 7.510708120276686495e-02 7.560682280625427402e-03 8.003494492195265984e-04 9.999710973444235762e-01 -3.831465916800946836e-02
9.999685409012188941e-01 -2.212953194183196574e-03 -7.617089079666053766e-03 8.805950784885240301e-01 2.209342094135487156e-03 9.999974430163645067e-01 -4.824606139367566154e-04 9.995589310453006915e-02 7.618137265650606199e-03 4.656166806221589158e-04 9.999708731686680618e-01 -4.874210491672392731e-02
9.999695119496641027e-01 -2.353276785532768672e-03 -7.445620156933710834e-03 1.012532488738232317e+00 2.349441520875628943e-03 9.999971028705645359e-01 -5.238081877454739627e-04 1.125036044776690364e-01 7.446831251656682582e-03 5.062991687097110087e-04 9.999721437947465263e-01 -6.064065542268543690e-02
9.999683035180915169e-01 -2.991434886924687186e-03 -7.378568727557452064e-03 1.150487377867222882e+00 2.986681771261862680e-03 9.999953252683271288e-01 -6.551133411670584990e-04 1.136282215488354508e-01 7.380493963632177648e-03 6.330551396622934382e-04 9.999725633986379369e-01 -6.301868547659984776e-02
9.999649372169993056e-01 -3.653459902360345259e-03 -7.535022716919044690e-03 1.327935167760764923e+00 3.648499341780517009e-03 9.999931184275158147e-01 -6.719748249759182951e-04 1.117460299369399390e-01 7.537425897192493417e-03 6.444597382454679080e-04 9.999713855318511646e-01 -7.433515202743290473e-02
9.999711934052242235e-01 -3.961947501242385657e-03 -6.474205104025003259e-03 1.499216762402796999e+00 3.963262429979712807e-03 9.999921281401519257e-01 1.902856826710241467e-04 1.139572840295397654e-01 6.473400238104816927e-03 -2.159391750412369918e-04 9.999790240098188621e-01 -6.846260970086556763e-02
9.999715436867704366e-01 -3.974111662608199001e-03 -6.412351611583864443e-03 1.669914821794534543e+00 3.977017737105134100e-03 9.999919946075240818e-01 4.405119571092483942e-04 1.506341196644797598e-01 6.410549634486254096e-03 -4.660014578588392341e-04 9.999793436346697817e-01 -8.158538012699849407e-02
9.999697407707057728e-01 -3.966962890034645035e-03 -6.691841928539283245e-03 1.866196192338258841e+00 3.975781448941847519e-03 9.999912450043972889e-01 1.305019703189659640e-03 2.065874775782913786e-01 6.686606376759308100e-03 -1.331585515297965252e-03 9.999767578174892924e-01 -8.587169121543851424e-02
9.999669703008186028e-01 -5.063786943415167843e-03 -6.357386978430538439e-03 2.074449126237972063e+00 5.085875784489986978e-03 9.999810699803463043e-01 3.463170291291402681e-03 1.966608494114795436e-01 6.339729876466225662e-03 -3.495388784304699192e-03 9.999737946978111136e-01 -9.737579805372760522e-02
9.999656920416208905e-01 -5.791167213138863172e-03 -5.922594197792160030e-03 2.269150349096334729e+00 5.816600617196988725e-03 9.999738977813238394e-01 4.286130339420012904e-03 2.145469792328522918e-01 5.897617907450390835e-03 -4.320432656105005313e-03 9.999732756252447397e-01 -9.875459515270060273e-02
9.999675718469956953e-01 -5.922228448653829233e-03 -5.457331273191214603e-03 2.506030683750555710e+00 5.951888646118876081e-03 9.999675184098205660e-01 5.434808814426306083e-03 2.311384097913646296e-01 5.424967831019534593e-03 -5.467114001657539905e-03 9.999703397543975303e-01 -9.746529886353527683e-02
9.999667298448630115e-01 -6.569547613307113662e-03 -4.835312557354638600e-03 2.726516798599881497e+00 6.599513463109699454e-03 9.999589549059880733e-01 6.207650551894199932e-03 2.275737182397220282e-01 4.794332635628703425e-03 -6.239354732717907089e-03 9.999690419343482128e-01 -1.028501344270459361e-01
9.999597157193645947e-01 -7.684512412569105728e-03 -4.638448817070131049e-03 2.976260535190264900e+00 7.715233978443957093e-03 9.999481775613463519e-01 6.642089761516471735e-03 2.221576600089466558e-01 4.587167220123088661e-03 -6.677608907629245874e-03 9.999671831796138610e-01 -1.097695053381536195e-01
9.999576304372218560e-01 -8.280232259457493901e-03 -4.021825966628657031e-03 3.241208984062948772e+00 8.305410586552949490e-03 9.999457605418301531e-01 6.284594609813709196e-03 2.232078307926805283e-01 3.969569921941581286e-03 -6.317731250248365474e-03 9.999721640058208960e-01 -1.233634458308647958e-01
9.999471115007616540e-01 -8.781737300640210173e-03 -5.353063727048252250e-03 3.497275825580147046e+00 8.807502707368701847e-03 9.999496504604258318e-01 4.808787802757012904e-03 2.731874786905772456e-01 5.310564691535949421e-03 -4.855680596455664612e-03 9.999741097991499128e-01 -1.310737121796377302e-01
9.999208719312657756e-01 -9.898843081781063744e-03 -7.762910656410112499e-03 3.748328460030144971e+00 9.937883523169004432e-03 9.999380835302313919e-01 5.006753136308648468e-03 2.479309277976730896e-01 7.712868940741604736e-03 -5.083503863506515057e-03 9.999573339103887681e-01 -1.256130345607726628e-01
9.998778833686789991e-01 -1.061729384973089663e-02 -1.146697089378265026e-02 4.035964083963743398e+00 1.063786557385522358e-02 9.999419119848086401e-01 1.734494796112060876e-03 2.748291078679853672e-01 1.144788915927202368e-02 -1.856267080357886130e-03 9.999327477917319129e-01 -1.193457176978875156e-01
9.998260766283064704e-01 -1.083719169120359559e-02 -1.517800284279900887e-02 4.325544371832377166e+00 1.080247723003480327e-02 9.999388493688506907e-01 -2.367278731702691496e-03 2.891346260533526613e-01 1.520272935174755806e-02 2.202906976497195305e-03 9.998820051491628114e-01 -1.280343962694417137e-01
9.997961968667350430e-01 -1.096205784322170501e-02 -1.695281742527174687e-02 4.638401411283804343e+00 1.088104692968779735e-02 9.999289721088108207e-01 -4.863492071634959758e-03 2.882330636577321026e-01 1.700492718380962678e-02 4.678036474717340958e-03 9.998444621170907709e-01 -1.231107519706625825e-01
9.997641837135295972e-01 -1.126467992627034828e-02 -1.856566588567416798e-02 4.952763361366707251e+00 1.111742019415599275e-02 9.999060685493188494e-01 -8.016049305701218597e-03 3.092562347602231809e-01 1.865422021544659026e-02 7.807756681886437837e-03 9.997955085935074093e-01 -1.367011561886481430e-01
9.997530193640968843e-01 -1.136707296421720845e-02 -1.909685640616742147e-02 5.262544548796543431e+00 1.116860279657705748e-02 9.998828397498085163e-01 -1.046752527730209111e-02 3.360981589141502357e-01 1.921360413727488808e-02 1.025165479738902007e-02 9.997628423731156344e-01 -1.441832501350117091e-01
9.997434509855843698e-01 -1.183029050265726849e-02 -1.931518672074131193e-02 5.565819107463163995e+00 1.160250675605095129e-02 9.998623188259053718e-01 -1.186276650108674703e-02 3.407914799900964575e-01 1.945286735702879410e-02 1.163561853561086330e-02 9.997430661589424838e-01 -1.562854472737749967e-01
9.997160253993908618e-01 -1.257328245347696938e-02 -2.024305135076031811e-02 5.913902022385816970e+00 1.235152897786149714e-02 9.998627413285088306e-01 -1.104256469070452953e-02 3.594849685337359602e-01 2.037911410129200282e-02 1.078939624744753092e-02 9.997341049684471681e-01 -1.706477670350043940e-01
9.997601576567454185e-01 -1.309889569653880162e-02 -1.755124194154924350e-02 6.248231906387366585e+00 1.296801551682395803e-02 9.998874060950504461e-01 -7.550212319337694031e-03 3.729330937087651510e-01 1.764816522234005647e-02 7.320796680885411495e-03 9.998174574392277858e-01 -1.865610948457112617e-01
9.998659544629392437e-01 -1.391040954684245358e-02 -8.635601435600135517e-03 6.606217946998721224e+00 1.388233489791549681e-02 9.998981819106574909e-01 -3.302512610691354326e-03 4.065296171840145911e-01 8.680661478109967522e-03 3.182187612440883547e-03 9.999572589857537164e-01 -1.899737081228999314e-01
9.998703688652342825e-01 -1.575818972086414499e-02 3.305286980224565307e-03 6.977053078385966778e+00 1.576071398907776672e-02 9.998755190997814513e-01 -7.390531083627516467e-04 4.404362233783853942e-01 -3.293229396030411971e-03 7.910509868168044429e-04 9.999942644227922672e-01 -2.035661751611634596e-01
9.997282784810711531e-01 -1.683541459790243930e-02 1.612259348214879762e-02 7.326962235321928141e+00 1.684737271704008291e-02 9.998578892054981182e-01 -6.061567940732467746e-04 4.535141976442384482e-01 -1.611009738664005708e-02 8.776154297875340049e-04 9.998698388057069009e-01 -2.187741512328964244e-01
9.995785526351581574e-01 -1.816550668795812937e-02 2.264357477458251930e-02 7.680714876409185266e+00 1.827889454308248909e-02 9.998213540550358047e-01 -4.810612210279465416e-03 4.649345695424194624e-01 -2.255214238349053865e-02 5.222484305823163996e-03 9.997320273611275399e-01 -2.409940306418055511e-01
9.995556064991273360e-01 -1.988308864698036874e-02 2.220928414015146957e-02 8.037506568366769244e+00 2.006738742484630647e-02 9.997657653485779727e-01 -8.106441815824958624e-03 4.681343525780605752e-01 -2.204290085498693263e-02 8.548521675035718193e-03 9.997204775831435297e-01 -2.428351700698803128e-01
9.996051157949882304e-01 -2.068019407021969014e-02 1.902477462957602797e-02 8.435935944426837807e+00 2.083915795687476397e-02 9.997492489624557610e-01 -8.195650959748472172e-03 5.153030723324952822e-01 -1.885051649521923486e-02 8.588874910234358187e-03 9.997854216058762455e-01 -2.709722882579189140e-01
9.995717067008919043e-01 -2.253175729965070651e-02 1.867412852199129558e-02 8.807878865951703773e+00 2.263667972796616634e-02 9.997290309166712019e-01 -5.426368334985615625e-03 5.209716502489563084e-01 -1.854680279616132549e-02 5.846764524340444281e-03 9.998108978455061413e-01 -2.868133141615848425e-01
9.995825700124770785e-01 -2.348292418366638643e-02 1.682967614173322760e-02 9.214678588362639644e+00 2.351938249727957356e-02 9.997214368387452588e-01 -1.971641960751844939e-03 5.804587009175844470e-01 -1.677868809526262064e-02 2.366642528755532812e-03 9.998564270078694749e-01 -3.194937322281660164e-01
9.996279161182630713e-01 -2.477832379840162053e-02 1.140455991260857713e-02 9.628334082781021763e+00 2.477663597373506305e-02 9.996929701793881851e-01 2.892814164197870640e-04 6.374298435766078130e-01 -1.140822628122936319e-02 -6.607150072096811813e-06 9.999349240472911182e-01 -3.419270801904393808e-01
9.996488022582644684e-01 -2.601787909394508505e-02 5.034094861060528676e-03 1.003686330778062796e+01 2.600315095076396674e-02 9.996574508806977954e-01 2.969349985618306188e-03 6.592720603826381920e-01 -5.109626625212813737e-03 -2.837404828036312228e-03 9.999829202789379812e-01 -3.415636133192396229e-01
9.996222725960288713e-01 -2.748012200934770929e-02 3.937312558929315478e-04 1.045993120462423320e+01 2.747878513620324523e-02 9.996176648971677459e-01 3.072522249248087721e-03 6.628659398721324925e-01 -4.780140048984942835e-04 -3.060542416813146795e-03 9.999952022798539453e-01 -3.733212643134698472e-01
9.995875445924217173e-01 -2.871827896166827612e-02 -3.389945583916121919e-05 1.090218704025066820e+01 2.871826893217764229e-02 9.995840954416247426e-01 2.626246311361332166e-03 6.763819144512116521e-01 -4.153591729077576159e-05 -2.626136635558022278e-03 9.999965508346211340e-01 -3.903574702308386102e-01
9.995916027742063337e-01 -2.857476644349597056e-02 3.322438758106270075e-04 1.136710655693843464e+01 2.857320223468475667e-02 9.995836207893351588e-01 4.019597459745402092e-03 7.591552077813628063e-01 -4.469645949769633121e-04 -4.008462595839261573e-03 9.999918661920549345e-01 -4.029677033649737838e-01
9.995489653682808617e-01 -3.001293702085975484e-02 1.043763661534449902e-03 1.181704209757984536e+01 3.000652746588642478e-02 9.995334899205240431e-01 5.693051619015582036e-03 7.942789462502296560e-01 -1.214141934963771730e-03 -5.659164132597513212e-03 9.999832497200551451e-01 -4.220208275898886252e-01
9.995087690471538000e-01 -3.133574498187546853e-02 5.400780261168909189e-04 1.231430719868282786e+01 3.133160465985894427e-02 9.994881349683343297e-01 6.465184216940748040e-03 8.150640760223057946e-01 -7.423929429438521537e-04 -6.445086807137762920e-03 9.999789546329296286e-01 -4.444892161829510635e-01
9.994747346326353643e-01 -3.240347949047758108e-02 -5.189874114769912027e-04 1.280047982182743382e+01 3.240568670868818751e-02 9.994620890709142724e-01 5.040236000633706651e-03 8.374429750944943907e-01 3.553870586025987708e-04 -5.054406682681306454e-03 9.999871632541712518e-01 -4.460156311239064086e-01
9.994550447448498076e-01 -3.290540869124870121e-02 -2.616794400040397921e-03 1.331315758910987057e+01 3.291523682794280509e-02 9.994509005611433849e-01 3.805857601099740892e-03 9.076892248735255464e-01 2.490124219918850301e-03 -3.889915986407032743e-03 9.999893338606107296e-01 -4.668883364469846864e-01
9.994336220412456395e-01 -3.341040972783897167e-02 -4.022394229123688221e-03 1.383415286564926738e+01 3.342659232355445209e-02 9.994330686613672743e-01 4.025443051101583111e-03 9.629455715147360317e-01 3.885622106105476002e-03 -4.157618060944754529e-03 9.999838079453625683e-01 -5.060017124653301002e-01
9.993649722933782842e-01 -3.541133307536788871e-02 -3.961015385054387702e-03 1.436773724041067801e+01 3.543304132032292636e-02 9.993566329904690626e-01 5.551547599118150482e-03 9.640644156097413209e-01 3.761879297315267549e-03 -5.688373034387148551e-03 9.999767450677911063e-01 -5.069169453991810848e-01
9.993249405672528507e-01 -3.648883662102140463e-02 -4.269421775945314752e-03 1.488668399855708557e+01 3.651620307116919956e-02 9.993118057738711313e-01 6.517802868301212672e-03 1.011935810383664203e+00 4.028656540540733084e-03 -6.669306036561070856e-03 9.999696446810117934e-01 -5.321539263116953355e-01
9.992645692321610040e-01 -3.831472055807330634e-02 -1.517519627715961618e-03 1.544150495161533776e+01 3.832350563344839867e-02 9.992457811825184999e-01 6.259209606759928712e-03 1.057009544699656578e+00 1.276555218859426423e-03 -6.312763063434404312e-03 9.999792594995549067e-01 -5.421865328358341785e-01
9.992208253116532379e-01 -3.944385054929738094e-02 1.387413904834489771e-03 1.600081706747953092e+01 3.943832629152346086e-02 9.992147577387726631e-01 3.806092007437481689e-03 1.085386465718309879e+00 -1.536451373120838572e-03 -3.748409114603508396e-03 9.999917943394773800e-01 -5.576335140257080436e-01
9.992106073230073715e-01 -3.965173300844267168e-02 2.429461383492318577e-03 1.656509221106335517e+01 3.964626664462635175e-02 9.992112256237974943e-01 2.258346415336153108e-03 1.129820285122180579e+00 -2.517092435706529303e-03 -2.160244619401015254e-03 9.999944987792954709e-01 -5.862763571331924828e-01
9.991817077362867838e-01 -4.036971157414835643e-02 2.490243485623640316e-03 1.714735513140590228e+01 4.036441286661714145e-02 9.991827277911422556e-01 2.142582037035008387e-03 1.183653618652081185e+00 -2.574703697688605474e-03 -2.040311562537614962e-03 9.999946040002399839e-01 -6.170975713161054310e-01
9.991400511540088347e-01 -4.138148737006659000e-02 2.594355990520775222e-03 1.772950975823133746e+01 4.137145145049680311e-02 9.991365724065044418e-01 3.809551766424780841e-03 1.245469424560738947e+00 -2.749760870279131277e-03 -3.698943473872364635e-03 9.999893782597559788e-01 -6.354437787818770778e-01
9.990627721747686873e-01 -4.323349228645107650e-02 2.107699974737033913e-03 1.830039824392338588e+01 4.322122120779243321e-02 9.990500764405907397e-01 5.556149868099943302e-03 1.283260343033086004e+00 -2.345909583339730441e-03 -5.459845122994637541e-03 9.999823432438493809e-01 -6.523769128439659282e-01
9.990274057857871925e-01 -4.394378225759949796e-02 3.631320671143290196e-03 1.887648185920070532e+01 4.392481309417756163e-02 9.990215751429454283e-01 5.148125246123688194e-03 1.359022163829150420e+00 -3.853995791585217764e-03 -4.983613127530273253e-03 9.999801549614040219e-01 -6.665173766871176353e-01
9.989584306925201052e-01 -4.545631719888423156e-02 3.972024049767790797e-03 1.945583144205736659e+01 4.544684352762985019e-02 9.989637694547820468e-01 2.443712353798885382e-03 1.418007996397670611e+00 -4.078990281018195045e-03 -2.260651102537079762e-03 9.999891255883135432e-01 -6.894754653685701840e-01
9.988896491057053240e-01 -4.699237308917192379e-02 3.344515051383410709e-03 2.006415605403933711e+01 4.698956541321366864e-02 9.988949628362222555e-01 9.132155821607939542e-04 1.433614805784853230e+00 -3.383733405304563228e-03 -7.550442836399995795e-04 9.999939901101263517e-01 -7.049862440654065532e-01
9.988715125809830564e-01 -4.743522411053405913e-02 2.366615254421035319e-03 2.068164297965817156e+01 4.743691901322399235e-02 9.988740141745581225e-01 -6.652227728019975608e-04 1.489288645628318974e+00 -2.332395487878989072e-03 7.767370134314781523e-04 9.999969783008847424e-01 -7.302514127353419982e-01
9.988438558408245793e-01 -4.806726628196746065e-02 6.996865102058387681e-04 2.129143716057816960e+01 4.806769710865331502e-02 9.988438923636014932e-01 -6.125215104271655806e-04 1.570231531363350364e+00 -6.694353627431692865e-04 6.454456665041007415e-04 9.999995676279999079e-01 -7.574845480732081970e-01
9.988130734779823161e-01 -4.870470133488282588e-02 -5.443503894665528437e-04 2.189844484533730906e+01 4.870464130170016476e-02 9.988132171654392488e-01 -1.230093403996329745e-04 1.629632522291092789e+00 5.496954969539124842e-04 9.635094688964751216e-05 9.999998442756656836e-01 -7.742948276540133623e-01
9.987849658213022730e-01 -4.925427638834655591e-02 -1.615025324989242950e-03 2.249449021854611175e+01 4.925468358538961228e-02 9.987862287016263663e-01 2.133093660345486593e-04 1.701924168909799473e+00 1.602558655132735842e-03 -2.925977492289165557e-04 9.999986730952766800e-01 -8.011173228953487602e-01
9.987297264200661884e-01 -5.033468083962745754e-02 -2.313756614815809087e-03 2.310767874597809879e+01 5.033774537696705798e-02 9.987314243274052483e-01 1.285865979045504141e-03 1.733953873106713672e+00 2.246097785804158139e-03 -1.400701868805858275e-03 9.999964965333685285e-01 -8.184476120213286521e-01
9.987299935569230458e-01 -5.030484779712526833e-02 -2.796829972743403864e-03 2.374980363210901402e+01 5.030867256516648178e-02 9.987328520961114009e-01 1.314385292703677431e-03 1.800454599076409590e+00 2.727166023409670521e-03 -1.453420818232449433e-03 9.999952250553029165e-01 -8.369346664165248084e-01
9.987009382508788002e-01 -5.090847899839053697e-02 -2.182361767614850005e-03 2.438667926093302896e+01 5.091052873319368982e-02 9.987028179304021647e-01 8.941599300800922093e-04 1.825213730057671846e+00 2.134010525038839215e-03 -1.004103552593707451e-03 9.999972188837000786e-01 -8.550977294855616195e-01
9.987008938770622901e-01 -5.094494043534135430e-02 -1.066589516291877905e-03 2.501603463419599294e+01 5.094593328628224671e-02 9.987009840860695542e-01 9.253470192402654974e-04 1.862508514525736958e+00 1.018062250759367397e-03 -9.784832936025823942e-04 9.999990030593519652e-01 -8.864866294906581512e-01
9.987312454729551092e-01 -5.033017602942292668e-02 1.665141701825660061e-03 2.566978435472666575e+01 5.032601480973422636e-02 9.987298306425178573e-01 2.453083394008589643e-03 1.923640217499763327e+00 -1.786490808895442118e-03 -2.366171087400838549e-03 9.999956048328286773e-01 -9.125206003122459109e-01
9.987601577936539021e-01 -4.959622815720912681e-02 4.285015352793697559e-03 2.633135925933579458e+01 4.958612623261572649e-02 9.987668892588561498e-01 2.432489554123776730e-03 2.012392903957571644e+00 -4.400373761252552272e-03 -2.216996338715753086e-03 9.999878607453169810e-01 -9.333780466967221967e-01
9.987946639157428974e-01 -4.882049009052363830e-02 5.077310386343583670e-03 2.700085149535324902e+01 4.881159733758437536e-02 9.988062699107451703e-01 1.860954684328572275e-03 2.082344177711930922e+00 -5.162102167888095797e-03 -1.610879978360245639e-03 9.999853787765616842e-01 -9.643469515980757079e-01
9.988106081406221692e-01 -4.852814845268450805e-02 4.731582559224773062e-03 2.767097652835454369e+01 4.852192627595712515e-02 9.988211066190012533e-01 1.421141394908729530e-03 2.121095275860717777e+00 -4.794969888448440305e-03 -1.189865600795291358e-03 9.999877961673436788e-01 -9.827188259555436067e-01
9.988703868080784920e-01 -4.746868455754798405e-02 2.162023185724792212e-03 2.838947308564247507e+01 4.746470641902333226e-02 9.988711920761462748e-01 1.855609046782325661e-03 2.186536715960133215e+00 -2.247665997325032708e-03 -1.750893130542482534e-03 9.999959411771679463e-01 -1.020625569603813787e+00
9.989245018312008506e-01 -4.636596203429359242e-02 -1.928883656573248404e-04 2.907175496171862861e+01 4.636631477080588315e-02 9.989208294015763379e-01 2.709509594260422257e-03 2.261735096489156938e+00 6.705118722529651056e-05 -2.715539044331145412e-03 9.999963106691128756e-01 -1.046691332368254512e+00
9.989566252329228346e-01 -4.558174792499585654e-02 -2.822261389705387272e-03 2.978982426098129110e+01 4.558995323797681437e-02 9.989559854983471876e-01 2.914652772632910990e-03 2.309497096649624215e+00 2.686459939916036044e-03 -3.040278462257170466e-03 9.999917697860634114e-01 -1.070323925588345437e+00
9.990167818525638177e-01 -4.413961589417311066e-02 -4.142932012696955678e-03 3.050003568874221216e+01 4.415049778633043515e-02 9.990215781253484195e-01 2.572933181710677659e-03 2.345930280296629533e+00 4.025310195028456751e-03 -2.753315937769772962e-03 9.999881079938803818e-01 -1.078220023258727123e+00
9.991206232087116446e-01 -4.160007347305436781e-02 -5.235853900944626577e-03 3.123372663589754339e+01 4.161375431842079947e-02 9.991305652006370330e-01 2.531626627620832837e-03 2.417097772285638602e+00 5.125985813643397018e-03 -2.747283911801350672e-03 9.999830882072687777e-01 -1.111253597280153160e+00
9.992570675008949355e-01 -3.846848568638890770e-02 -2.342788617880373764e-03 3.194919868704733545e+01 3.847974850139734143e-02 9.992470268270112754e-01 4.968735517947952922e-03 2.487645467938364607e+00 2.149884829749493416e-03 -5.055193999660184852e-03 9.999849113905892040e-01 -1.139504077344331234e+00
9.993668600565877025e-01 -3.555046474723453503e-02 1.429502323308063727e-03 3.266777627841782561e+01 3.554025241548631336e-02 9.993462703008213488e-01 6.627404777232029538e-03 2.551794819121054658e+00 -1.664175135082913331e-03 -6.572403829147509431e-03 9.999770167503982954e-01 -1.167804186207073158e+00
9.994277471416700420e-01 -3.340790587418085433e-02 5.300006455467606674e-03 3.340474218938933149e+01 3.337907406781062680e-02 9.994279678952296964e-01 5.438235300833053378e-03 2.595269975622759517e+00 -5.478654734671468095e-03 -5.258213947100953516e-03 9.999711673485315311e-01 -1.172036381730365839e+00
9.995099294295334280e-01 -3.090270026266042983e-02 4.992403053164869500e-03 3.414406169680252390e+01 3.089299937907687491e-02 9.995206789508427336e-01 2.008715761567970038e-03 2.618693314110037473e+00 -5.052084830388227019e-03 -1.853501044667269469e-03 9.999855203815423144e-01 -1.212632641549533652e+00
9.996291912633606946e-01 -2.698705652465484967e-02 3.630255403484868113e-03 3.488624101715014092e+01 2.698401501663320878e-02 9.996354741068611549e-01 8.842175824582627951e-04 2.696986930323588716e+00 -3.652794511269485522e-03 -7.859308405317476159e-04 9.999930196781237068e-01 -1.257195423756209740e+00
9.997135999822875929e-01 -2.378725269895063874e-02 2.623855844171883896e-03 3.559011976919017428e+01 2.378039700487493205e-02 9.997137894232092092e-01 2.613800944555677921e-03 2.731244597543270647e+00 -2.685280012450209225e-03 -2.550656018260892034e-03 9.999931416890474045e-01 -1.265746736375867432e+00
9.997895660047992905e-01 -2.050924714153754685e-02 4.410097759536073226e-04 3.632694591546196961e+01 2.050732460460544943e-02 9.997817255457672747e-01 3.993858070761756134e-03 2.788116532240818568e+00 -5.228245370069269570e-04 -3.983973696622375264e-03 9.999919272714595797e-01 -1.297703186481422133e+00
9.998404533571586539e-01 -1.779914981111287500e-02 -1.502696427454276165e-03 3.707150478911856339e+01 1.780808537785586940e-02 9.998224562397372006e-01 6.158578887521384132e-03 2.816398035944448708e+00 1.392812164837462256e-03 -6.184356453212311658e-03 9.999799067028962707e-01 -1.319437702427772363e+00
9.998896702152719751e-01 -1.479115926712330602e-02 -1.367115331374711652e-03 3.778277237808379141e+01 1.480074546358949895e-02 9.998638863680178179e-01 7.290176319238234580e-03 2.818269044912617982e+00 1.259099089318356382e-03 -7.309606321693351387e-03 9.999724917841016358e-01 -1.322784216779503419e+00
9.999380392977558207e-01 -1.081885503470934873e-02 -2.621057248082196700e-03 3.851633440319083945e+01 1.083472996503539315e-02 9.999225731770304826e-01 6.120153397651886817e-03 2.868009670690052193e+00 2.554641255547276772e-03 -6.148172636155396081e-03 9.999778366450385869e-01 -1.332752237513976201e+00
9.999616745091447489e-01 -6.081140556775412737e-03 -6.298352355650313136e-03 3.922577060820495376e+01 6.112633589419951344e-03 9.999688519450821156e-01 4.993080235280799618e-03 2.906762581970470105e+00 6.267792551503247045e-03 -5.031388393197053395e-03 9.999676994320206846e-01 -1.369084200532967754e+00
9.999608674330371372e-01 -2.069018219336374309e-03 -8.601323513038874533e-03 3.993108107407223883e+01 2.128299739525722940e-03 9.999740076778678155e-01 6.888708796443705588e-03 2.893738538643002123e+00 8.586847080659815515e-03 -6.906745418177818487e-03 9.999392796189885413e-01 -1.389925458912067091e+00
9.999596549883008612e-01 3.074319515298899741e-03 -8.440198765198463071e-03 4.067278884112380410e+01 -2.994144137408193997e-03 9.999504341877647473e-01 9.495486748199459884e-03 2.926466234522391296e+00 8.468972580108490716e-03 -9.469832481024136397e-03 9.999192961315521710e-01 -1.424104269257120636e+00
9.999442316750550841e-01 7.974755879080577467e-03 -6.923641271245867257e-03 4.136580679888116663e+01 -7.899201848872982115e-03 9.999096961308077125e-01 1.087208322938128073e-02 2.954264267793875742e+00 7.009718249301535864e-03 -1.081678567158015671e-02 9.999169270483425631e-01 -1.432750706830462795e+00
9.998994951041899615e-01 1.247822614251815204e-02 -6.730049236242934170e-03 4.206585104070321535e+01 -1.240167032025411495e-02 9.998592504431346173e-01 1.129946355189990863e-02 2.936888105367067681e+00 6.870099246284999510e-03 -1.121486404862595369e-02 9.999135105401452117e-01 -1.464177304470100971e+00
9.998116464508850498e-01 1.868563918070293220e-02 -5.245808763102528458e-03 4.276756824756405706e+01 -1.861632511795379211e-02 9.997426383871798050e-01 1.296493076507789291e-02 2.963281651421524554e+00 5.486716711577750705e-03 -1.286483109291373245e-02 9.999021912470628104e-01 -1.463990212816967729e+00
9.996956775367749071e-01 2.453088661437315132e-02 -2.605362969218757725e-03 4.344224389321042423e+01 -2.449370782430602272e-02 9.996094495077109121e-01 1.345387423415962506e-02 2.962617156860182455e+00 2.934380906790743943e-03 -1.338596491866845574e-02 9.999060982671773568e-01 -1.476830133795699052e+00
9.995078266841745940e-01 3.134182560298785086e-02 1.339539081153407396e-03 4.412560001841994506e+01 -3.135656001234032181e-02 9.994244226010590149e-01 1.294564222942990589e-02 3.006219818218028195e+00 -9.330280116598302451e-04 -1.298127406735542083e-02 9.999153044044868377e-01 -1.507655500101378498e+00
9.992760248138781165e-01 3.767496897253608951e-02 5.293670285556846718e-03 4.483799147677520125e+01 -3.773638687462473745e-02 9.992153693158990491e-01 1.202542425613761963e-02 2.968021853514129393e+00 -4.836459223687718072e-03 -1.221648213725606662e-02 9.999136793875598173e-01 -1.516932266916284355e+00
9.990189606687269741e-01 4.371908421080190205e-02 7.053927994050747732e-03 4.553151278419277759e+01 -4.379364275608276652e-02 9.989823695025085160e-01 1.078620773516682750e-02 2.957976299904913287e+00 -6.575186577507932326e-03 -1.108454324374193688e-02 9.999169464623292036e-01 -1.556148050211775269e+00
9.987570824902025635e-01 4.938195619629728861e-02 6.761107741020311659e-03 4.623294476530172403e+01 -4.944680500859288674e-02 9.987288160868476039e-01 9.785979368763431455e-03 2.938197590996670883e+00 -6.269262325098692162e-03 -1.010813137976779817e-02 9.999292585127752542e-01 -1.582060753902078565e+00
9.984797664853949373e-01 5.481360553900458538e-02 5.798669423726382326e-03 4.691322091333902478e+01 -5.487077558526757409e-02 9.984412830305164910e-01 1.020795410683504080e-02 2.918399059697852849e+00 -5.230096169522877557e-03 -1.051061312152872136e-02 9.999310841782382830e-01 -1.598390331469780934e+00
9.981773013837621500e-01 6.023735213884728878e-02 3.679185987507561581e-03 4.761636659709393626e+01 -6.027168589892059614e-02 9.981312198742836594e-01 1.006934909397409240e-02 2.916671763814491669e+00 -3.065759470672593280e-03 -1.027274644751685444e-02 9.999425342484902224e-01 -1.631137042014086713e+00
9.978427778111265134e-01 6.561803667974883125e-02 2.015944560262743299e-03 4.832426720701795375e+01 -6.563559301322277606e-02 9.977890597178451504e-01 1.043844994149688114e-02 2.881997090272898632e+00 -1.326536836087003138e-03 -1.054824960236026322e-02 9.999434857682452105e-01 -1.646097132076811853e+00
9.975225592022121113e-01 7.032247610415563732e-02 1.869020398391412190e-03 4.898975162524491367e+01 -7.033890483717640529e-02 9.974619700155894497e-01 1.104793369485554226e-02 2.860398819361404499e+00 -1.087358715322045595e-03 -1.115202794112984779e-02 9.999372229914358368e-01 -1.681240619129179548e+00
9.971397173748897114e-01 7.544048906183704883e-02 4.595284935232524064e-03 4.967911609093889069e+01 -7.548602701545899241e-02 9.970893629729740137e-01 1.070803303927331598e-02 2.846343532287840983e+00 -3.774090479377213182e-03 -1.102428484118666771e-02 9.999321083877614758e-01 -1.696576585515085833e+00
9.967326343151194923e-01 8.061175158235367455e-02 5.079487972927474414e-03 5.036504730330979385e+01 -8.065389672465392290e-02 9.967039821899863483e-01 8.724725196371177147e-03 2.807967873033773376e+00 -4.359430509948779460e-03 -9.105898827037156931e-03 9.999490376875116437e-01 -1.717518405087065769e+00
9.962897867422364495e-01 8.595729222009475257e-02 4.243200124712086935e-03 5.105869093204094611e+01 -8.597974338281021145e-02 9.962821037815702274e-01 5.427099814333461239e-03 2.782734128240673233e+00 -3.760925542366095210e-03 -5.771793374495768486e-03 9.999762706386121636e-01 -1.743494033721332492e+00
9.959855045181310595e-01 8.950201515145078668e-02 1.504683884894026692e-03 5.175187776581605448e+01 -8.950607546630473532e-02 9.959820794341671668e-01 2.891349271982117906e-03 2.709513218490826159e+00 -1.239856598218754165e-03 -3.014420312747498332e-03 9.999946879987883230e-01 -1.769201161099348774e+00
