-5.012327580735133070e-01 -8.642659582861204060e-01 4.254498303905936835e-02 1.155780000000000030e+01 8.642629722111352386e-01 -5.024402008518846774e-01 -2.456337584071914201e-02 -1.849739999999999895e+01 4.260559938310626987e-02 2.445808487376984960e-02 9.987925535292671020e-01 1.091680000000000011e-01
-5.012187813410778903e-01 -8.642736581642114224e-01 4.255322589905997932e-02 1.155829999999999913e+01 8.642700593713713575e-01 -5.024270542719762034e-01 -2.458291296391297218e-02 -1.849719999999999942e+01 4.262625605388818684e-02 2.445606139663778628e-02 9.987917217096823341e-01 1.091450000000000059e-01
-5.012299517860694387e-01 -8.642676287385132605e-01 4.254411060585720078e-02 1.155860000000000021e+01 8.642647643555146919e-01 -5.024372775130280244e-01 -2.456011520339223056e-02 -1.849699999999999989e+01 4.260225963540057587e-02 2.445911036822923448e-02 9.987926708751690974e-01 1.091219999999999968e-01
-5.012247870166188779e-01 -8.642702207614076926e-01 4.255230176115359919e-02 1.155879999999999974e+01 8.642673838812825471e-01 -5.024325654254084839e-01 -2.456433103193174372e-02 -1.849699999999999989e+01 4.260988194243645749e-02 2.446431493155340475e-02 9.987922182595243559e-01 1.092749999999999971e-01
-5.012251991314439215e-01 -8.642699525971520025e-01 4.255289406563374927e-02 1.155889999999999951e+01 8.642672644843324425e-01 -5.024329253659896022e-01 -2.456116953532540628e-02 -1.849699999999999989e+01 4.260745587821164471e-02 2.446639625875218077e-02 9.987922707739063100e-01 1.093520000000000048e-01
-5.012292946657955772e-01 -8.642680213103358655e-01 4.254387745783330677e-02 1.155910000000000082e+01 8.642649813449481133e-01 -5.024367085055930771e-01 -2.456411950148630272e-02 -1.849690000000000012e+01 4.260558871375921819e-02 2.445692716561973651e-02 9.987925823332741704e-01 1.094259999999999955e-01
-5.012177030349137530e-01 -8.642756658367108935e-01 4.252514088060472403e-02 1.155920000000000059e+01 8.642722797443866956e-01 -5.024242631288248218e-01 -2.456188683504814674e-02 -1.849690000000000012e+01 4.259390366995469135e-02 2.444244795366510084e-02 9.987934351547307354e-01 1.095010000000000011e-01
-5.012300559049494009e-01 -8.642677006482670787e-01 4.254142303307598821e-02 1.155940000000000012e+01 8.642639476437352641e-01 -5.024377391882196564e-01 -2.457940281409005945e-02 -1.849690000000000012e+01 4.261760036402949953e-02 2.444708276233176214e-02 9.987923108853131726e-01 1.095730000000000037e-01
-5.012202314998809305e-01 -8.642741421122074330e-01 4.252630728636627028e-02 1.155949999999999989e+01 8.642708821191784629e-01 -5.024267832748918750e-01 -2.455951483605381749e-02 -1.849680000000000035e+01 4.259250939007103859e-02 2.444452340000738758e-02 9.987934438208948551e-01 1.096000000000000030e-01
-5.012239116128522909e-01 -8.642716836829970051e-01 4.253289563701857789e-02 1.155969999999999942e+01 8.642681506496355803e-01 -5.024309904020232143e-01 -2.456956768648807521e-02 -1.849680000000000035e+01 4.260462651133755524e-02 2.444497223152164098e-02 9.987929160403721252e-01 1.096379999999999993e-01
-5.012176944718097493e-01 -8.642762083790754835e-01 4.251421383786437025e-02 1.155990000000000073e+01 8.642717234082177846e-01 -5.024242658458154542e-01 -2.458139959973672239e-02 -1.849680000000000035e+01 4.260529151821239313e-02 2.442320042872619945e-02 9.987934202904353853e-01 1.096870000000000067e-01
-5.012200135385105337e-01 -8.642750026913481598e-01 4.251138378512481913e-02 1.156010000000000026e+01 8.642716393324157975e-01 -5.024257794563578017e-01 -2.455340268333762108e-02 -1.849670000000000059e+01 4.257970730423300820e-02 2.443472652890030239e-02 9.987942293912915881e-01 1.097049999999999970e-01
-5.012119964529309080e-01 -8.642772902756906683e-01 4.255937176906530311e-02 1.156029999999999980e+01 8.642747377363024786e-01 -5.024200227242067163e-01 -2.456213501822515285e-02 -1.849680000000000035e+01 4.261117602827897005e-02 2.447215314429968328e-02 9.987919710319909106e-01 1.098620000000000013e-01
-5.011730084256051931e-01 -8.642990594966729612e-01 4.257641810670002858e-02 1.156010000000000026e+01 8.642962572649910413e-01 -5.023821762482013620e-01 -2.457902898508840597e-02 -1.849690000000000012e+01 4.263326522045059186e-02 2.448029291673341212e-02 9.987908289303395470e-01 1.100050000000000056e-01
-5.010776611577242301e-01 -8.643272337816958473e-01 4.312320062317671204e-02 1.155940000000000012e+01 8.642957910520873144e-01 -5.023343542642466630e-01 -2.555351434870055394e-02 -1.849640000000000128e+01 4.374886350926423390e-02 2.446690559109921531e-02 9.987429136031175103e-01 1.093200000000000005e-01
-5.010721058073026590e-01 -8.642858653829621485e-01 4.400781386366783843e-02 1.155739999999999945e+01 8.642183676000864123e-01 -5.024000305082377826e-01 -2.684813676894765716e-02 -1.849370000000000047e+01 4.531399214897750827e-02 2.457950863108844877e-02 9.986703609655074310e-01 1.080099999999999949e-01
-5.009194599985941077e-01 -8.643503645888325204e-01 4.447630638744634601e-02 1.155320000000000036e+01 8.642631026537095362e-01 -5.022858111695978067e-01 -2.753639934855210344e-02 -1.848710000000000164e+01 4.614091444803072872e-02 2.464571226100901666e-02 9.986308651754394194e-01 1.072300000000000059e-01
-5.009934273252075743e-01 -8.643103102495215406e-01 4.442154177106386048e-02 1.154620000000000068e+01 8.642247021221449721e-01 -5.023555771073791032e-01 -2.746886220800758699e-02 -1.847660000000000124e+01 4.605703006960683299e-02 2.462847428259053520e-02 9.986351627274496767e-01 1.077140000000000042e-01
-5.010520151863897542e-01 -8.642999247235495508e-01 4.396041629153355640e-02 1.153669999999999973e+01 8.642121984348936081e-01 -5.023880534998255154e-01 -2.726755905805308688e-02 -1.846320000000000050e+01 4.565253721301567452e-02 2.432866259216818691e-02 9.986610846641073014e-01 1.085470000000000046e-01
-5.010610415989518174e-01 -8.643065889071612773e-01 4.372588436431271847e-02 1.152590000000000003e+01 8.642175603841876219e-01 -5.023840449573702127e-01 -2.717130280046329768e-02 -1.844699999999999918e+01 4.545152269591366812e-02 2.417419582816676335e-02 9.986740045383605269e-01 1.090010000000000007e-01
-5.010891385576589085e-01 -8.642773071571376864e-01 4.398194575902750203e-02 1.151379999999999981e+01 8.641887098437810444e-01 -5.024268695951276120e-01 -2.729678529390786382e-02 -1.842800000000000082e+01 4.568970341427612547e-02 2.433057833359521943e-02 9.986593382930279983e-01 1.091950000000000004e-01
-5.010690003161434314e-01 -8.642749466050044793e-01 4.425690446809837919e-02 1.150009999999999977e+01 8.641841965910965762e-01 -5.024240820513034000e-01 -2.749029168827450686e-02 -1.840640000000000143e+01 4.599490498285595252e-02 2.447158445672965865e-02 9.986418828938607994e-01 1.094239999999999935e-01
-5.011336404464141747e-01 -8.642311202312266127e-01 4.438068540257900096e-02 1.148390000000000022e+01 8.641358856772155539e-01 -5.024983630813555369e-01 -2.765078996000459866e-02 -1.838169999999999860e+01 4.619789494963769116e-02 2.449420185344318435e-02 9.986319585201469673e-01 1.097810000000000036e-01
-5.012309749949664939e-01 -8.641654724751324235e-01 4.455946462232349831e-02 1.146499999999999986e+01 8.640540447290315784e-01 -5.026147452719684772e-01 -2.808959990095085540e-02 -1.835350000000000037e+01 4.667030633064698369e-02 2.442240809230664458e-02 9.986117506268274990e-01 1.103139999999999954e-01
-5.012361821562231201e-01 -8.641351268231944882e-01 4.508627604620558255e-02 1.144369999999999976e+01 8.640058105066834582e-01 -5.026607826706539495e-01 -2.874190278346782507e-02 -1.832100000000000151e+01 4.749999061202278550e-02 2.454832285893924354e-02 9.985695422636673424e-01 1.107999999999999957e-01
-5.012861719173892228e-01 -8.640654105125183948e-01 4.586000654429073925e-02 1.141840000000000011e+01 8.639199459593650543e-01 -5.027660356713538059e-01 -2.947270515032547611e-02 -1.828170000000000073e+01 4.852319876076573169e-02 2.484511483458324080e-02 9.985130041471064199e-01 1.111820000000000030e-01
-5.013339619735481811e-01 -8.639987416209070625e-01 4.658790668611767494e-02 1.138780000000000037e+01 8.638331674438718411e-01 -5.028689868593728685e-01 -3.024964262458264275e-02 -1.823460000000000036e+01 4.956326659726852102e-02 2.507900581198232656e-02 9.984560711777414888e-01 1.117620000000000002e-01
-5.014660624120923504e-01 -8.639043493145527330e-01 4.691549300934853839e-02 1.135139999999999993e+01 8.637197457478191787e-01 -5.030309947276386806e-01 -3.078991959463746667e-02 -1.817920000000000158e+01 5.019949256948289668e-02 2.508173795256036370e-02 9.984242171377082364e-01 1.126019999999999938e-01
-5.017427096583427781e-01 -8.637460196084846276e-01 4.687288038091082243e-02 1.130840000000000067e+01 8.635525794910219322e-01 -5.033090569007673265e-01 -3.093437725350776588e-02 -1.811410000000000053e+01 5.031099044052331215e-02 2.495609849634128699e-02 9.984217532629853231e-01 1.135459999999999942e-01
-5.020002225985416011e-01 -8.636001445551787503e-01 4.680349169974614559e-02 1.125919999999999987e+01 8.633968698282491472e-01 -5.035667880705817501e-01 -3.108593127218314822e-02 -1.803950000000000031e+01 5.041449872601914961e-02 2.480484381227444912e-02 9.984203012968299040e-01 1.141500000000000015e-01
-5.022753721846147101e-01 -8.634243107987515931e-01 4.709469204174170087e-02 1.120550000000000068e+01 8.632196533063103416e-01 -5.038606075125640071e-01 -3.124609324063222851e-02 -1.795730000000000004e+01 5.070779666421553616e-02 2.495892062508601322e-02 9.984016083914782902e-01 1.146500000000000019e-01
-5.024678155578071737e-01 -8.632977227124464248e-01 4.736175976534223037e-02 1.114649999999999963e+01 8.631042557720177699e-01 -5.040641726772772113e-01 -3.115049745033877243e-02 -1.786619999999999919e+01 5.076551976289446488e-02 2.522601400690797219e-02 9.983919622175085884e-01 1.154960000000000014e-01
-5.027560590703391563e-01 -8.631385769091001192e-01 4.720320030882608348e-02 1.108169999999999966e+01 8.629479339804473348e-01 -5.043406585540476383e-01 -3.100586022266359557e-02 -1.776729999999999876e+01 5.056884719804476819e-02 2.514552009013482428e-02 9.984039736061041115e-01 1.164020000000000055e-01
-5.032177304907242688e-01 -8.629052115009222534e-01 4.654580200526401562e-02 1.101169999999999938e+01 8.626953899631151224e-01 -5.047700348343715504e-01 -3.104635356522345013e-02 -1.766240000000000165e+01 5.028498638912241858e-02 2.453177323097287255e-02 9.984335792860687953e-01 1.168030000000000040e-01
-5.035536703930874047e-01 -8.627280802855257225e-01 4.619481053649311664e-02 1.093660000000000032e+01 8.625109688671359631e-01 -5.050873552578786230e-01 -3.100954921434383171e-02 -1.754889999999999972e+01 5.008522354472647042e-02 2.422855846834643181e-02 9.984510240051941432e-01 1.170999999999999958e-01
-5.038602301844097298e-01 -8.625357548180625500e-01 4.644286919376647282e-02 1.085759999999999970e+01 8.623307461353537651e-01 -5.054030640176019329e-01 -3.087761569913539256e-02 -1.742729999999999890e+01 5.010541595633404705e-02 2.449111149081520736e-02 9.984436051924953093e-01 1.176490000000000036e-01
-5.041031201846866150e-01 -8.623856965734860713e-01 4.659350346911343699e-02 1.077309999999999945e+01 8.621993087963104596e-01 -5.056458829931020915e-01 -3.057111256220090140e-02 -1.729739999999999966e+01 4.992390340536211751e-02 2.476189325534540464e-02 9.984460188268479142e-01 1.182789999999999953e-01
-5.046188087312547532e-01 -8.621175466128496723e-01 4.596948658501658763e-02 1.068069999999999986e+01 8.619401136681843489e-01 -5.061179913688590437e-01 -3.006358698539233001e-02 -1.715739999999999910e+01 4.918433006889470771e-02 2.445229304160008790e-02 9.984903540048253312e-01 1.190210000000000018e-01
-5.051785468979086424e-01 -8.618351374769459561e-01 4.510910733112565019e-02 1.058130000000000059e+01 8.616405262817595778e-01 -5.066332543758489404e-01 -2.997247119322121386e-02 -1.700840000000000174e+01 4.868510268049129619e-02 2.372638553656071514e-02 9.985323326794983689e-01 1.199780000000000013e-01
-5.056917963606082367e-01 -8.615842967822672227e-01 4.413962654788378126e-02 1.047509999999999941e+01 8.613346481351287220e-01 -5.071141708300830331e-01 -3.062420064672824807e-02 -1.685069999999999979e+01 4.876916049631004751e-02 2.253258266428619788e-02 9.985558831146914560e-01 1.216560000000000002e-01
-5.063916812076812990e-01 -8.612618272578870249e-01 4.237369599247508417e-02 1.036110000000000042e+01 8.609365889674683858e-01 -5.077439748757668347e-01 -3.137269122049879400e-02 -1.668349999999999866e+01 4.853509019996092577e-02 2.059419543854817264e-02 9.986091448277053528e-01 1.233479999999999993e-01
-5.069542656030714411e-01 -8.609769587780492506e-01 4.142522227039626553e-02 1.024220000000000041e+01 8.606068318461989053e-01 -5.082706120340263478e-01 -3.188833520590850235e-02 -1.650720000000000098e+01 4.851034494309791611e-02 1.948490174103443065e-02 9.986326076378859717e-01 1.248260000000000064e-01
-5.073991792998082673e-01 -8.607440242545241205e-01 4.081418327014021269e-02 1.011739999999999995e+01 8.603560795818164797e-01 -5.086878839894320992e-01 -3.200082825431423833e-02 -1.631950000000000145e+01 4.830620221554096649e-02 1.887753671647837694e-02 9.986541690870917032e-01 1.268370000000000053e-01
-5.080201407943305547e-01 -8.604197856798120325e-01 3.991652487397677473e-02 9.985369999999999635e+00 8.600109004406589763e-01 -5.092666717888045813e-01 -3.207348014172094197e-02 -1.612239999999999895e+01 4.792481268149044460e-02 1.803467260196953484e-02 9.986881209434623763e-01 1.292840000000000100e-01
-5.085820567095576950e-01 -8.601060747403733719e-01 3.952001755797893839e-02 9.849149999999999849e+00 8.596872187074104943e-01 -5.098101152586643758e-01 -3.211747765725198739e-02 -1.591810000000000080e+01 4.777214234459829095e-02 1.764048113443812682e-02 9.987024761364882153e-01 1.317939999999999945e-01
-5.090688658055264604e-01 -8.598319028494492144e-01 3.921719915762769681e-02 9.706160000000000565e+00 8.594405658990823538e-01 -5.102698191659544857e-01 -3.141059272615922410e-02 -1.570190000000000019e+01 4.701918283572044388e-02 1.771469702362333046e-02 9.987368952606193728e-01 1.323620000000000074e-01
-5.096082024723376236e-01 -8.594763523865023291e-01 3.999849573803256758e-02 9.558460000000000178e+00 8.590610159671079327e-01 -5.108600161914074178e-01 -3.219028894675129981e-02 -1.547819999999999929e+01 4.810042430658463541e-02 1.795671309865115237e-02 9.986810830471453126e-01 1.343660000000000132e-01
-5.099590118907666447e-01 -8.591847489375940006e-01 4.175372300092212996e-02 9.408770000000000522e+00 8.586415485352921761e-01 -5.113551648837707519e-01 -3.536363210429004783e-02 -1.525370000000000026e+01 5.173487528069371788e-02 1.781747848985315574e-02 9.985018979150491747e-01 1.392940000000000011e-01
-5.102946444889898681e-01 -8.587467920119226106e-01 4.640391163562428145e-02 9.257080000000000197e+00 8.581587956451461885e-01 -5.119891097776411160e-01 -3.782370851689163815e-02 -1.501849999999999952e+01 5.623928575939832891e-02 2.052068903156871113e-02 9.982064135533004201e-01 1.472809999999999953e-01
-5.100791025520315936e-01 -8.585550035416835701e-01 5.198668130640227147e-02 9.102700000000000458e+00 8.580535191905174219e-01 -5.121136139021128519e-01 -3.852018510969928977e-02 -1.477219999999999978e+01 5.969478490188327019e-02 2.495901339510080141e-02 9.979045947914365611e-01 1.551109999999999989e-01
-5.098736000944059654e-01 -8.584614392944778238e-01 5.543346616641094821e-02 8.941570000000000462e+00 8.580299137466312898e-01 -5.121270145341276780e-01 -3.886628487917915403e-02 -1.452110000000000056e+01 6.175418239049199065e-02 2.774667959980054582e-02 9.977056393187658800e-01 1.618269999999999986e-01
-5.101598446890633909e-01 -8.580700899939279758e-01 5.875928458246836711e-02 8.775610000000000355e+00 8.577667663393685471e-01 -5.126060709488926559e-01 -3.835610238335009775e-02 -1.426430000000000042e+01 6.303259022548445001e-02 3.083401829395072263e-02 9.975350399285800584e-01 1.682170000000000054e-01
-5.099529111977788576e-01 -8.579865585501270653e-01 6.170165077387058244e-02 8.601409999999999556e+00 8.578530278125103825e-01 -5.125478450529596941e-01 -3.718721829441264115e-02 -1.399329999999999963e+01 6.353118158683304650e-02 3.396721770881207941e-02 9.974016327875663279e-01 1.736880000000000090e-01
-5.101930604992684914e-01 -8.577408564478501418e-01 6.311627522673843305e-02 8.424319999999999808e+00 8.577423480101403763e-01 -5.128300640102171348e-01 -3.582443129104903590e-02 -1.372180000000000000e+01 6.309600184195637840e-02 3.586012586961073723e-02 9.973629960672167893e-01 1.771119999999999917e-01
-5.107186809936896665e-01 -8.574099508029304761e-01 6.336091183200075194e-02 8.238179999999999836e+00 8.573792203538833645e-01 -5.133934193578887362e-01 -3.644268740614890062e-02 -1.344420000000000037e+01 6.377539799509723828e-02 3.571236794349821192e-02 9.973250851083793611e-01 1.792009999999999992e-01
-5.114901505761648703e-01 -8.571832396196933379e-01 6.012253802576603828e-02 8.044240000000000279e+00 8.571361210836058175e-01 -5.139080622867170378e-01 -3.487367847620274214e-02 -1.316109999999999935e+01 6.079058971026796154e-02 3.369565597816896740e-02 9.975816292268407937e-01 1.807050000000000045e-01
-5.131410156124933675e-01 -8.566317892529148326e-01 5.355628569578049086e-02 7.841409999999999769e+00 8.566901495630122598e-01 -5.150029491768296497e-01 -2.922242257019965969e-02 -1.286689999999999934e+01 5.261450121289839438e-02 3.088591880642798521e-02 9.981371520395385666e-01 1.805390000000000050e-01
-5.155100998539351442e-01 -8.556508170173796612e-01 4.594579726238400691e-02 7.633359999999999701e+00 8.558942795859250108e-01 -5.167499595573329385e-01 -2.035832678745251242e-02 -1.256220000000000070e+01 4.116210782595687567e-02 2.882982197283045014e-02 9.987364628591165472e-01 1.773550000000000126e-01
-5.173459666902813225e-01 -8.549013009058143986e-01 3.869000463741766732e-02 7.422749999999999737e+00 8.552961514828562040e-01 -5.180413059658957042e-01 -1.008457097568391837e-02 -1.225120000000000076e+01 2.866433337638361195e-02 2.787419994716522006e-02 9.992003727828528969e-01 1.710019999999999873e-01
-5.190342281476489905e-01 -8.539821127508591125e-01 3.630456049525770251e-02 7.216779999999999973e+00 8.544802022254310847e-01 -5.194739627541891114e-01 -3.222735677384924204e-03 -1.193950000000000067e+01 2.161143252913141910e-02 2.934881806885775851e-02 9.993355757011758156e-01 1.685220000000000051e-01
-5.200357726544934112e-01 -8.532527463796563127e-01 3.901981490497757887e-02 7.013160000000000061e+00 8.538598563015464826e-01 -5.204989844603732374e-01 -2.037884300580859037e-03 -1.162729999999999997e+01 2.204860440814716827e-02 3.225768081084404854e-02 9.992363589623621811e-01 1.725319999999999909e-01
-5.209420064071899059e-01 -8.526098918542536209e-01 4.093651515125597273e-02 6.803910000000000124e+00 8.532620050564508896e-01 -5.214749322109956120e-01 -2.801035983844281547e-03 -1.131370000000000076e+01 2.373555745072084000e-02 3.347039569254162822e-02 9.991578233315734359e-01 1.769660000000000122e-01
-5.223609236155465352e-01 -8.518544509641539086e-01 3.851051612318250744e-02 6.580980000000000274e+00 8.524015806561408004e-01 -5.228730949370150594e-01 -3.907926035681020573e-03 -1.099370000000000047e+01 2.346509694048382055e-02 3.078507696186501968e-02 9.992505532958320114e-01 1.767340000000000022e-01
-5.236935545838691253e-01 -8.511895080412421599e-01 3.494971084029880465e-02 6.347129999999999939e+00 8.515524802003243687e-01 -5.242180543866501452e-01 -7.335183689016891613e-03 -1.066690000000000005e+01 2.456490081372383893e-02 2.592012452871377340e-02 9.993621529717985341e-01 1.717420000000000058e-01
-5.244856913227983197e-01 -8.507259611973276847e-01 3.435256238665326811e-02 6.114289999999999559e+00 8.508883169011662861e-01 -5.251564814476215037e-01 -1.413301647398222324e-02 -1.034190000000000076e+01 3.006379481613091417e-02 2.181762907458859382e-02 9.993098414920258410e-01 1.627609999999999890e-01
-5.250042280567395192e-01 -8.502767376681206191e-01 3.741697346131025309e-02 5.877220000000000333e+00 8.501989539587703204e-01 -5.259635823972447222e-01 -2.289210954169807258e-02 -1.000489999999999924e+01 3.914459362362970873e-02 1.979341739857934379e-02 9.990374975033351479e-01 1.516329999999999900e-01
-5.257941791093948547e-01 -8.496252867112618068e-01 4.095550506933965523e-02 5.634459999999999802e+00 8.494836603995945534e-01 -5.269667887295016451e-01 -2.614410622344163007e-02 -9.648360000000000269e+00 4.379488473308599389e-02 2.104461348951352020e-02 9.988188686214795053e-01 1.452839999999999965e-01
-5.266402959321527799e-01 -8.490670918034530779e-01 4.165419927115585758e-02 5.385419999999999874e+00 8.489609854675181921e-01 -5.278327525229906669e-01 -2.564820691634757052e-02 -9.283129999999999882e+00 4.376349911187174535e-02 2.185541078154652414e-02 9.988028319768902374e-01 1.460829999999999906e-01
-5.274412760909820141e-01 -8.486362891790564245e-01 4.027591046663468038e-02 5.122279999999999944e+00 8.485099326304175182e-01 -5.285688625437409138e-01 -2.541361400389375094e-02 -8.904909999999999215e+00 4.285550726615592471e-02 2.077032107637555303e-02 9.988653559210790567e-01 1.495350000000000013e-01
-5.284442070785846379e-01 -8.481331968800946974e-01 3.764040853971573758e-02 4.848650000000000126e+00 8.479235834088341139e-01 -5.294736570152401844e-01 -2.613892166921811741e-02 -8.518100000000000449e+00 4.209889195938331524e-02 1.810322835458901686e-02 9.989494263569769217e-01 1.508730000000000071e-01
-5.293479267583339754e-01 -8.475823543903886481e-01 3.734869425693586320e-02 4.573839999999999684e+00 8.473069390214332808e-01 -5.303892570063314382e-01 -2.753519817252219129e-02 -8.125840000000000174e+00 4.314769429276513885e-02 1.707010774178719867e-02 9.989228638382956493e-01 1.511079999999999923e-01
-5.299908377737400089e-01 -8.470781072634481212e-01 3.960293007925711622e-02 4.295049999999999812e+00 8.467930002233534648e-01 -5.311512290103865830e-01 -2.863540978380796007e-02 -7.720480000000000231e+00 4.529157370439113039e-02 1.835897915813498524e-02 9.988050967209020081e-01 1.510559999999999958e-01
-5.307053672873988104e-01 -8.465247614018205358e-01 4.180480194832441460e-02 4.010239999999999583e+00 8.462580440773160850e-01 -5.319765091650606736e-01 -2.912587390948931376e-02 -7.305340000000000167e+00 4.689494606865621945e-02 1.992039231912663688e-02 9.987011775316326778e-01 1.511879999999999891e-01
-5.314669959881861416e-01 -8.460232563563147012e-01 4.227862201576275403e-02 3.717210000000000125e+00 8.457607272079847860e-01 -5.327619927967508495e-01 -2.921388957083468491e-02 -6.884380000000000166e+00 4.724007290336967174e-02 2.023137997006091079e-02 9.986786604191522088e-01 1.523680000000000034e-01
-5.324552241052397106e-01 -8.454520870816650824e-01 4.125776014635006150e-02 3.404269999999999907e+00 8.451030735269783323e-01 -5.337278796779967305e-01 -3.058341984937576127e-02 -6.441620000000000346e+00 4.787723298492468221e-02 1.858275823671548532e-02 9.986803550976772748e-01 1.542340000000000100e-01
-5.335046548767444774e-01 -8.448149204274763013e-01 4.074964353172316062e-02 3.090320000000000178e+00 8.444261674942856732e-01 -5.347634011521729125e-01 -3.118577302349262448e-02 -5.996610000000000440e+00 4.813762432607415070e-02 1.777231024028833734e-02 9.986825892709679797e-01 1.567489999999999994e-01
-5.347541320718008917e-01 -8.440463037865619800e-01 4.029708793916954301e-02 2.768870000000000164e+00 8.437266743730459373e-01 -5.359608557204396106e-01 -2.951711515061423985e-02 -5.537790000000000212e+00 4.651147367623740397e-02 1.821532870020369302e-02 9.987516631359409924e-01 1.585330000000000072e-01
-5.357159152093270427e-01 -8.434231565062381142e-01 4.056891988315042968e-02 2.442569999999999908e+00 8.432746389027163669e-01 -5.368629538154070513e-01 -2.580798721497875106e-02 -5.067179999999999573e+00 4.354700420149876933e-02 2.038499177455387057e-02 9.988433863901918786e-01 1.594089999999999951e-01
-5.364357551229188559e-01 -8.429403984703692787e-01 4.108728820839301077e-02 2.116659999999999986e+00 8.429070078039577751e-01 -5.375525037478195989e-01 -2.334698930118377438e-02 -4.599510000000000431e+00 4.176669511325320494e-02 2.210860332688814947e-02 9.988827522979117912e-01 1.604909999999999948e-01
-5.371697925634476567e-01 -8.424901534712848639e-01 4.073027450525820714e-02 1.782319999999999904e+00 8.424922866734222415e-01 -5.382478491040860735e-01 -2.227105364846131835e-02 -4.125659999999999883e+00 4.068612605213361294e-02 2.235160483625765054e-02 9.989219413488290567e-01 1.616130000000000067e-01
-5.382231605779165262e-01 -8.419160298249110941e-01 3.864231024897985672e-02 1.441780000000000062e+00 8.418165554555563368e-01 -5.392452150132216460e-01 -2.365343624691314608e-02 -3.652350000000000207e+00 4.075188803553653205e-02 1.979890929329937779e-02 9.989731161609577414e-01 1.631809999999999927e-01
-5.395087877150022138e-01 -8.411161814924804636e-01 3.812921727229737212e-02 1.100470000000000059e+00 8.409457288110880890e-01 -5.405371527899998085e-01 -2.509716414395260844e-02 -3.177090000000000192e+00 4.171988941353033803e-02 1.852446180566014872e-02 9.989576042766445951e-01 1.653779999999999972e-01
-5.408640057299600734e-01 -8.402511239051047021e-01 3.800231679713467203e-02 7.589939999999999465e-01 8.401029564883325529e-01 -5.418750454163732133e-01 -2.446339417509744291e-02 -2.697610000000000063e+00 4.114790159053390017e-02 1.869448932738455513e-02 9.989781610543264634e-01 1.652679999999999982e-01
-5.420550886254932310e-01 -8.393837875564567064e-01 4.013898457341052300e-02 4.153530000000000277e-01 8.393403164349820811e-01 -5.431229769350944814e-01 -2.291866339873729549e-02 -2.208899999999999864e+00 4.103795928202640109e-02 2.126708989344486267e-02 9.989312272551247318e-01 1.646579999999999988e-01
-5.428560325642951545e-01 -8.387671077260724362e-01 4.215527138321389922e-02 7.307220000000000382e-02 8.387863531777181025e-01 -5.439972681385889519e-01 -2.245942965831767765e-02 -1.724550000000000027e+00 4.177058332579344085e-02 2.316702947277190366e-02 9.988586021625034395e-01 1.650419999999999943e-01
-5.433879823494758288e-01 -8.383549200201949603e-01 4.348021062619680105e-02 -2.786170000000000035e-01 8.384259572819958706e-01 -5.445729383633794995e-01 -2.195971215757965000e-02 -1.230879999999999974e+00 4.208817879090067521e-02 2.452229353480927035e-02 9.988129165794049635e-01 1.683060000000000112e-01
-5.439537690180454854e-01 -8.379565980914013279e-01 4.407989208410751508e-02 -6.349860000000000504e-01 8.379847155816583237e-01 -5.451967840062367232e-01 -2.328267941588327630e-02 -7.361050000000000093e-01 4.354209024138402939e-02 2.427357460986249646e-02 9.987566670381080591e-01 1.727319999999999967e-01
-5.445269458428805276e-01 -8.375563222582254053e-01 4.460731213938094047e-02 -9.919700000000000184e-01 8.375450753557130978e-01 -5.458213119619474973e-01 -2.444058418964346543e-02 -2.411919999999999897e-01 4.481798744273331886e-02 2.405207794379127240e-02 9.987055850190124096e-01 1.758240000000000081e-01
-5.450149823589314213e-01 -8.372236620904760507e-01 4.489107528345587239e-02 -1.353380000000000027e+00 8.371738505656235452e-01 -5.463457008978374052e-01 -2.542280550168906153e-02 2.599859999999999949e-01 4.581062031253530648e-02 2.372582445906450815e-02 9.986683495136503552e-01 1.770760000000000112e-01
-5.454622151539550989e-01 -8.369389072322251932e-01 4.476871005814169607e-02 -1.717929999999999957e+00 8.368243746769116198e-01 -5.468179681050691077e-01 -2.674089946205728680e-02 7.649460000000000148e-01 4.686083424285904242e-02 2.287739754371338058e-02 9.986394178559595547e-01 1.785120000000000040e-01
-5.456677356947112756e-01 -8.367745798575630944e-01 4.533238054644081472e-02 -2.085240000000000204e+00 8.366466344987770754e-01 -5.470627516255877065e-01 -2.729019541358179007e-02 1.276690000000000103e+00 4.763539864090490100e-02 2.303580448000213873e-02 9.985991290344093940e-01 1.828750000000000098e-01
-5.456835860486695111e-01 -8.367467014919418578e-01 4.565502666102522894e-02 -2.456069999999999975e+00 8.366600675179982627e-01 -5.470772620166994837e-01 -2.657820169029684321e-02 1.795889999999999986e+00 4.721604957895642052e-02 2.369444927966333353e-02 9.986036339486710212e-01 1.879049999999999887e-01
-5.455267713046146882e-01 -8.368824901650668835e-01 4.503597945065551666e-02 -2.831809999999999938e+00 8.368641123666862303e-01 -5.468489689050463065e-01 -2.479239077230379132e-02 2.322130000000000027e+00 4.537619665289086002e-02 2.416408207659992771e-02 9.986776746852374931e-01 1.899490000000000067e-01
-5.453078786077731888e-01 -8.371470243462558747e-01 4.271038698607596690e-02 -3.217000000000000082e+00 8.371491100106661642e-01 -5.464872094904478228e-01 -2.308890364858104394e-02 2.857600000000000140e+00 4.266948718510479854e-02 2.316440138561765699e-02 9.988206672730629565e-01 1.882399999999999907e-01
-5.450828048329567910e-01 -8.374005829285736668e-01 4.055859448158583014e-02 -3.609360000000000124e+00 8.374199243521133207e-01 -5.461368749619214258e-01 -2.150311849307763590e-02 3.403230000000000199e+00 4.015726800390650303e-02 2.224359498173550040e-02 9.989457524354116158e-01 1.868049999999999988e-01
-5.448338299183186351e-01 -8.375902749900800970e-01 3.998285905958415265e-02 -3.999940000000000051e+00 8.376302141009001057e-01 -5.458464884237284043e-01 -2.066967587469730958e-02 3.949899999999999967e+00 3.913722271465842895e-02 2.222931212446398880e-02 9.989865542041371782e-01 1.872570000000000068e-01
-5.443470558312604179e-01 -8.378828734241268172e-01 4.047929384719477913e-02 -4.399090000000000167e+00 8.379248338695328702e-01 -5.453847547571073484e-01 -2.091511566418878879e-02 4.510690000000000310e+00 3.960120695830163240e-02 2.253352393789526467e-02 9.989614530633234013e-01 1.874490000000000045e-01
-5.434892722839335111e-01 -8.384113262743684292e-01 4.105921196436029125e-02 -4.804039999999999644e+00 8.383919669883150849e-01 -5.445919168106063690e-01 -2.277177713778246251e-02 5.079170000000000407e+00 4.145263081811656480e-02 2.204749689656500602e-02 9.988971855395589738e-01 1.863360000000000016e-01
-5.426400629997704117e-01 -8.389321045482270867e-01 4.164956165301173657e-02 -5.210499999999999687e+00 8.388084421740924501e-01 -5.438276434749494959e-01 -2.553216657387760713e-02 5.649490000000000123e+00 4.406993720302117973e-02 2.108122744922731953e-02 9.988059984221933085e-01 1.858120000000000049e-01
-5.416264166058483154e-01 -8.395352629221662921e-01 4.267747819304155282e-02 -5.623459999999999681e+00 8.393122500353686899e-01 -5.429169150524996157e-01 -2.821648969031879950e-02 6.232009999999999827e+00 4.685906289368881039e-02 2.053693404787404128e-02 9.986903737218248978e-01 1.878460000000000130e-01
-5.401039030184987544e-01 -8.404191201345109219e-01 4.453623756581618492e-02 -6.039699999999999847e+00 8.401500369667593837e-01 -5.415221963458580756e-01 -3.002709192564009116e-02 6.824830000000000396e+00 4.935270335996618657e-02 2.119937209194740213e-02 9.985564066661284377e-01 1.923400000000000110e-01
-5.380220427648280124e-01 -8.416829320441108209e-01 4.584891934155750637e-02 -6.453870000000000218e+00 8.414715990360643882e-01 -5.394946562481662822e-01 -2.951379161276319885e-02 7.421859999999999680e+00 4.957650163989291842e-02 2.270149301918158655e-02 9.985122997238687903e-01 1.966610000000000025e-01
-5.357690888725281653e-01 -8.432770136753384715e-01 4.284112061446341407e-02 -6.880829999999999558e+00 8.430942816154272101e-01 -5.370560972958779988e-01 -2.761848411276752319e-02 8.033559999999999590e+00 4.629811784584009215e-02 2.132197373891294920e-02 9.987000839690608478e-01 1.987109999999999987e-01
-5.336728101342423924e-01 -8.448069545998264651e-01 3.865929620657170690e-02 -7.305329999999999657e+00 8.446348328549665441e-01 -5.347330561277919836e-01 -2.554521114209494168e-02 8.641790000000000305e+00 4.225317563785230962e-02 1.902020357405401901e-02 9.989258736285283602e-01 2.010889999999999900e-01
-5.317140358804746114e-01 -8.460933198625258944e-01 3.750037508755252325e-02 -7.721250000000000391e+00 8.459761867220952913e-01 -5.326922837748010453e-01 -2.373230511201668280e-02 9.248369999999999536e+00 4.005590526801658391e-02 1.910562458535871797e-02 9.990147644366244029e-01 2.058490000000000042e-01
-5.292287315200804310e-01 -8.475362068284938433e-01 3.999159722260398758e-02 -8.133630000000000138e+00 8.475724587599394733e-01 -5.302540603822691878e-01 -2.124990822914748015e-02 9.865199999999999747e+00 3.921577342444330233e-02 2.264971441066975996e-02 9.989740304691795414e-01 2.097030000000000005e-01
-5.262786096511659073e-01 -8.493412258920041147e-01 4.062397105040621570e-02 -8.543250000000000455e+00 8.494046534972686802e-01 -5.273233151542531250e-01 -2.102036897663170714e-02 1.047450000000000081e+01 3.927543304434529675e-02 2.344361949437673634e-02 9.989533708157667391e-01 2.100839999999999930e-01
-5.233710057902197788e-01 -8.511732676417277377e-01 3.983539569574599121e-02 -8.951129999999999143e+00 8.511378638905807703e-01 -5.244320756100915304e-01 -2.313730155117453904e-02 1.107699999999999996e+01 4.058481181319467668e-02 2.179602081560349722e-02 9.989383397020525912e-01 2.112950000000000106e-01
-5.205901105054747680e-01 -8.528786503812835207e-01 3.979880108366703334e-02 -9.356339999999999435e+00 8.527468398249374859e-01 -5.217005790619239081e-01 -2.552122597045804880e-02 1.168140000000000001e+01 4.252956633307941603e-02 2.065220400472249709e-02 9.988817359714148303e-01 2.151029999999999887e-01
-5.180682068210604729e-01 -8.544569590091866118e-01 3.884119310711943440e-02 -9.756859999999999644e+00 8.541892921153990681e-01 -5.191919439687594506e-01 -2.829096239675289379e-02 1.228159999999999918e+01 4.433944425232406311e-02 1.852108308696051586e-02 9.988448243669689752e-01 2.184689999999999965e-01
-5.151205238749685389e-01 -8.562690886426445047e-01 3.813258079218717622e-02 -1.015649999999999942e+01 8.559040220541435096e-01 -5.162485434296141262e-01 -3.026130265440533929e-02 1.288569999999999993e+01 4.559770733620561317e-02 1.704961119486136240e-02 9.988143770710282698e-01 2.219909999999999939e-01
-5.117299487227716659e-01 -8.582306055672626055e-01 3.965712102308766029e-02 -1.055100000000000016e+01 8.578529624202108073e-01 -5.129467923410652164e-01 -3.120710005560117101e-02 1.349590000000000067e+01 4.712488140099109490e-02 1.805037103947346872e-02 9.987259031677711008e-01 2.290230000000000044e-01
-5.078685637855717694e-01 -8.603959218414948262e-01 4.228923736491352336e-02 -1.093159999999999954e+01 8.599849900256040236e-01 -5.092493831092818057e-01 -3.302851394595266582e-02 1.409329999999999927e+01 4.995336674382657577e-02 1.959396543175326647e-02 9.985593310713271054e-01 2.390279999999999905e-01
-5.034667114678059718e-01 -8.629941387457807922e-01 4.198079244396112769e-02 -1.131939999999999991e+01 8.624772378787819438e-01 -5.048745067285588251e-01 -3.513896123367352825e-02 1.470010000000000083e+01 5.151974946349417023e-02 1.851618065431775983e-02 9.985003086975966502e-01 2.475690000000000113e-01
-4.992080287545770378e-01 -8.655797045047445293e-01 3.953630200776443032e-02 -1.170320000000000071e+01 8.649675114588536440e-01 -5.005130964860039500e-01 -3.630212620040538379e-02 1.530259999999999998e+01 5.121082061095266758e-02 1.607530389983745367e-02 9.985584792373854990e-01 2.534359999999999946e-01
-4.952299557448138212e-01 -8.679407390278730539e-01 3.776459279191450580e-02 -1.207670000000000066e+01 8.673077435356627563e-01 -4.964477479050397046e-01 -3.628927669561202163e-02 1.590039999999999942e+01 5.024508867607331564e-02 1.478198686791933059e-02 9.986275201135654811e-01 2.611990000000000145e-01
-4.908192023787248393e-01 -8.704718891593823393e-01 3.708369937867577598e-02 -1.244849999999999923e+01 8.698669758704360433e-01 -4.919967232110592503e-01 -3.564643936778671973e-02 1.650809999999999889e+01 4.927428199713505819e-02 1.476192849447847955e-02 9.986761890626965066e-01 2.711959999999999926e-01
-4.858629436865307683e-01 -8.733119534292704822e-01 3.554478794155302435e-02 -1.281589999999999918e+01 8.726793013260504273e-01 -4.869722000702057518e-01 -3.590144002488222102e-02 1.711319999999999908e+01 4.866248030398071661e-02 1.357602137354236259e-02 9.987230119779608728e-01 2.790779999999999927e-01
-4.807285474078180632e-01 -8.762054671524772687e-01 3.411807496441848081e-02 -1.317559999999999931e+01 8.756387885407604932e-01 -4.817510437931475931e-01 -3.424388714912576098e-02 1.771699999999999875e+01 4.644109936293792928e-02 1.341309570238973480e-02 9.988309732650665351e-01 2.837000000000000077e-01
-4.753677518588737549e-01 -8.791804097269952933e-01 3.266967469861516149e-02 -1.353020000000000067e+01 8.787769450310759511e-01 -4.762734398423862925e-01 -3.024386520520006352e-02 1.832479999999999976e+01 4.214951215007702034e-02 1.433239871668927357e-02 9.990085089590264866e-01 2.853530000000000233e-01
-4.699385564735889531e-01 -8.821608071847956145e-01 3.082309858839091948e-02 -1.388400000000000034e+01 8.818746842867288827e-01 -4.707221724990101608e-01 -2.678950413865958599e-02 1.893840000000000146e+01 3.814176652571873299e-02 1.459268943281117475e-02 9.991657815705138335e-01 2.861130000000000062e-01
-4.645228342729919579e-01 -8.850526405300330746e-01 3.000599823042192707e-02 -1.422639999999999993e+01 8.848402266819397344e-01 -4.652450969014650939e-01 -2.459213399850256401e-02 1.954070000000000107e+01 3.572547668598075737e-02 1.512690649021898072e-02 9.992471501163241454e-01 2.878879999999999773e-01
-4.591997667602085165e-01 -8.878189348235351330e-01 3.021776259378506496e-02 -1.456700000000000017e+01 8.876222174229663198e-01 -4.599273141859722136e-01 -2.436523758994961486e-02 2.014849999999999852e+01 3.552989367430067769e-02 1.563344602069370246e-02 9.992463269990098373e-01 2.891580000000000261e-01
-4.543269787286215999e-01 -8.903108105521877480e-01 3.055580162964270652e-02 -1.490470000000000006e+01 8.900699783670568133e-01 -4.550909129022487343e-01 -2.583978721789407379e-02 2.075570000000000093e+01 3.691110956055296960e-02 1.545708923778787644e-02 9.991990033938704663e-01 2.882120000000000237e-01
-4.495589965065295290e-01 -8.926909815873969034e-01 3.161518705576474297e-02 -1.523399999999999999e+01 8.924085428725537783e-01 -4.503902694041524990e-01 -2.748813988140377806e-02 2.135660000000000025e+01 3.877758718805060512e-02 1.585612243216310419e-02 9.991220556635157513e-01 2.866480000000000139e-01
-4.447471026163586916e-01 -8.950640937671225927e-01 3.256198340386795564e-02 -1.556670000000000087e+01 8.947260449005410843e-01 -4.456479661522317337e-01 -2.938017768859180201e-02 2.197119999999999962e+01 4.080832379537292776e-02 1.606730572370497490e-02 9.990377982818229308e-01 2.867149999999999976e-01
-4.402284602289079363e-01 -8.972983483699362717e-01 3.247424852200803819e-02 -1.589300000000000068e+01 8.969728877320191085e-01 -4.411236548683935554e-01 -2.914720894412962254e-02 2.258070000000000022e+01 4.047890164229377141e-02 1.629708956026843306e-02 9.990474780478144634e-01 2.864729999999999777e-01
-4.357330721778973626e-01 -8.995410189234317455e-01 3.102652227701091503e-02 -1.622060000000000102e+01 8.992571017194235239e-01 -4.365479853382993602e-01 -2.761379192096753005e-02 2.319739999999999824e+01 3.838430431300978579e-02 1.586857811105360505e-02 9.991370443593512451e-01 2.847140000000000226e-01
-4.310764328276955881e-01 -9.017353592591618172e-01 3.234889367968022539e-02 -1.654129999999999967e+01 9.015254954032938528e-01 -4.319219765475464934e-01 -2.636640500914567281e-02 2.381640000000000157e+01 3.774771779054846010e-02 1.779741658248936917e-02 9.991288013887870134e-01 2.855349999999999833e-01
-4.265748896418095626e-01 -9.037667960739544926e-01 3.520570751025881712e-02 -1.685519999999999996e+01 9.036367111118021045e-01 -4.275198780470603754e-01 -2.583501897952143050e-02 2.443270000000000053e+01 3.839997211097812002e-02 2.079259937685096898e-02 9.990461000139234660e-01 2.887250000000000094e-01
-4.227703495128559141e-01 -9.054176524032681028e-01 3.852410011059795997e-02 -1.716809999999999903e+01 9.053573516840727198e-01 -4.238506517486512748e-01 -2.605169406863262413e-02 2.505229999999999890e+01 3.991612862465680756e-02 2.386419344534520398e-02 9.989180161288622184e-01 2.913490000000000246e-01
