1.000000000000000000e+00 0.000000000000000000e+00 0.000000000000000000e+00 0.000000000000000000e+00 0.000000000000000000e+00 1.000000000000000000e+00 0.000000000000000000e+00 0.000000000000000000e+00 0.000000000000000000e+00 0.000000000000000000e+00 1.000000000000000000e+00 0.000000000000000000e+00
9.999999383849531576e-01 2.452305367488844695e-04 2.511813562861947265e-04 -1.882447254466216441e-02 -2.452709845761987428e-04 9.999999569586022208e-01 1.610122287502923721e-04 1.058719617684155019e-02 -2.511418603597184458e-04 -1.610738263280798489e-04 9.999999554914932309e-01 2.959496322724185745e-03
9.999998377728346322e-01 2.088618347712415161e-04 5.299349379602532207e-04 -1.447614236500638363e-02 -2.085438364317481895e-04 9.999997982218050696e-01 -6.000548452772685743e-04 1.529704469333674141e-02 -5.300601595868859733e-04 5.999442332670504655e-04 9.999996795515208037e-01 8.446388933797793416e-03
9.999999351027953898e-01 3.484063485467902232e-04 9.169199175044768883e-05 -8.703864736805280375e-03 -3.483498635557322610e-04 9.999997500128812167e-01 -6.153263748995660594e-04 1.713790302202873941e-02 -9.190635244407413963e-05 6.152943940737889625e-04 9.999998064829968003e-01 -3.530725859118401602e-03
9.999999821238745312e-01 1.791347600226875626e-04 6.052262625855383914e-05 -6.604208832960071877e-03 -1.791382159601002174e-04 9.999999823244885011e-01 5.710098235314534743e-05 1.029912431785816318e-04 -6.051239641801457037e-05 -5.711182324769419966e-05 9.999999965382447842e-01 -5.930946036545944530e-03
9.999999929506835361e-01 -6.680812562820520064e-05 -9.815960070687685291e-05 -7.895549378963251375e-03 6.680358651180487960e-05 9.999999966993516898e-01 -4.624475626563658747e-05 -2.006474078194495428e-03 9.816268990837278066e-05 4.623819852626487873e-05 9.999999941130576220e-01 -6.157254430296528469e-03
9.999999698136836646e-01 -3.573915525741105129e-05 2.430953404449837844e-04 -2.175480575302283712e-03 3.565720288804996905e-05 9.999999425405936559e-01 3.371162607231871695e-04 6.455202122490548249e-03 -2.431073747272516448e-04 -3.371075824470136438e-04 9.999999136286373824e-01 -7.857421082137130280e-05
9.999999373362469246e-01 2.350883184108381924e-04 2.646903563898691560e-04 -3.310762972334769638e-03 -2.350950058088585733e-04 9.999999720467874775e-01 2.523415529693492806e-05 1.504149589018090490e-02 -2.646844167357880785e-04 -2.529638109654107342e-05 9.999999646511257279e-01 2.372759364283489117e-03
9.999999268759864890e-01 3.622901698651521929e-04 -1.224493960498997775e-04 -1.336400730091692746e-02 -3.622971038385931915e-04 9.999999327680660910e-01 -5.660982017925612170e-05 1.817982006482933566e-02 1.224288786360212811e-04 5.665417910127453177e-05 9.999999909007367682e-01 -7.055664716385627588e-03
9.999999799164702718e-01 1.736499401117593585e-04 1.000637659786417281e-04 -2.500701386572518059e-03 -1.736301183160010966e-04 9.999999653111623088e-01 -1.980662925830005492e-04 -1.693495789555448522e-03 -1.000981567073911798e-04 1.980489145216042903e-04 9.999999753784929446e-01 -2.255043359946055578e-03
9.999999208686751739e-01 1.826840928813347454e-04 3.533966122637983791e-04 -1.729131745518922361e-02 -1.826600691941347048e-04 9.999999810049370330e-01 -6.801047436048267812e-05 1.280294370147558314e-02 -3.534090299828224354e-04 6.794591752907465051e-05 9.999999352427028088e-01 1.380730883867764287e-03
9.999998687224304073e-01 7.336130967161994866e-05 5.071225100554716415e-04 -1.720391699486163023e-02 -7.327962825990589225e-05 9.999999843408423628e-01 -1.610851052545759089e-04 6.739032889682902705e-04 -5.071343195286502972e-04 1.610479223586956784e-04 9.999998584391642797e-01 5.252140798973611857e-03
9.999999984105822914e-01 4.444722339279033976e-05 3.468832277948394479e-05 -5.536151095855585194e-03 -4.446661996262246230e-05 9.999998425657299350e-01 5.593668161937618254e-04 -1.209898694994847312e-03 -3.466345501651528710e-05 -5.593683577771605200e-04 9.999998429527302557e-01 -5.951313484921109953e-03
9.999999996088001497e-01 2.576066981126841498e-05 1.089897160840254530e-05 1.568880914204867985e-03 -2.575997485642452626e-05 9.999999976356274134e-01 -6.375867727069191651e-05 3.204051033591561685e-03 -1.090061404886608992e-05 6.375839648851494785e-05 9.999999979080217427e-01 -7.364690356631399884e-03
9.999998509682691550e-01 3.829637908839567399e-04 -3.891043232930147889e-04 -9.192628994451520694e-03 -3.831559710595082891e-04 9.999998046026555842e-01 -4.939495445210296490e-04 9.331704744723110997e-03 3.889150824729881682e-04 4.940985585517088975e-04 9.999998023058169760e-01 7.700184534851821361e-03
9.999972255931607323e-01 1.540273577040425143e-04 -2.350549202688433700e-03 -5.914628688051100369e-03 -1.555763030853327263e-04 9.999997708872359059e-01 -6.588030734236198461e-04 1.323700979197013627e-02 2.350447190450962159e-03 6.591669353910417336e-04 9.999970204440392640e-01 -6.547123646197111624e-03
9.999952351148062579e-01 2.538755851887710075e-04 -3.076571934896929570e-03 5.822231850251598922e-03 -2.552161389546312798e-04 9.999998726697458817e-01 -4.353449373665209355e-04 2.460522992898062089e-03 3.076461019705510180e-03 4.361280538083152618e-04 9.999951725783055023e-01 -4.236734095268149952e-03
9.999934024089948137e-01 2.338589072037144771e-04 -3.624975654208247803e-03 3.943924796359299378e-03 -2.357389391690261704e-04 9.999998379404849702e-01 -5.182143921676709728e-04 1.519243344150435042e-02 3.624853877695002110e-03 5.190655211162951673e-04 9.999932954801997731e-01 -1.143085928069014628e-02
9.999949980889379919e-01 1.651677852846382595e-05 -3.162834851980407449e-03 2.158792011191350974e-02 -1.560806621118672423e-05 9.999999585978054384e-01 2.873339096526720030e-04 3.402470978725417872e-03 3.162839466862652892e-03 -2.872831066982260944e-04 9.999949569447454945e-01 -9.587975796260797198e-03
9.999964083142858229e-01 2.146141733597725437e-04 -2.671572436723459142e-03 4.544690332009701517e-02 -2.129057894402342887e-04 9.999997727047574836e-01 6.397355377480182063e-04 1.176156738732531647e-02 2.671709125801356721e-03 -6.391644467803390788e-04 9.999962267124596904e-01 -4.002180470974574591e-03
9.999962767941320552e-01 1.717741998123616966e-04 -2.723397051076150918e-03 7.133317155422110034e-02 -1.705441290407193930e-04 9.999998833534290421e-01 4.518936029495109353e-04 1.537857013686466830e-02 2.723474357063270478e-03 -4.514274610784888789e-04 9.999961894430767773e-01 -3.694579304694997450e-03
9.999939997615140408e-01 -1.514683005609623564e-04 -3.460852253865336677e-03 9.752144112916492913e-02 1.498253786292803229e-04 9.999998759777635193e-01 -4.749703291759320781e-04 7.653243655230930823e-03 3.460923767591276862e-03 4.744489557413679188e-04 9.999938984338171410e-01 -1.151291931746812117e-02
9.999944407291486703e-01 2.955983915192127187e-04 -3.321314858320963907e-03 1.277781640969646582e-01 -2.972469096753613846e-04 9.999998328823750393e-01 -4.958623768063345240e-04 2.423651411931136701e-02 3.321167727149714009e-03 4.968468707507716232e-04 9.999943614781611201e-01 -2.243370544706680542e-03
9.999934196401020214e-01 -3.538623211284650546e-04 -3.610465060419069255e-03 1.534287292805768255e-01 3.527014709841790898e-04 9.999998859087914083e-01 -3.221553608350628058e-04 6.090068442952470407e-04 3.610578647140496276e-03 3.208798245990986272e-04 9.999934303574053995e-01 -1.929277943292250809e-03
9.999877853011277518e-01 2.760719179135838399e-05 -4.942518223388442204e-03 1.947234595018822456e-01 -2.964046706196153577e-05 9.999999149720607550e-01 -4.113116991630386956e-04 2.358042297011756980e-02 4.942506447975339272e-03 4.114531736630943140e-04 9.999877010925172227e-01 -1.478374227639449312e-02
9.999839276344244521e-01 -1.763079862360331118e-04 -5.666867593666468327e-03 2.469457455907329568e-01 1.727793178521974909e-04 9.999997909046794975e-01 -6.231676376148300670e-04 1.987940623947135818e-02 5.666976278182247855e-03 6.221785043195511046e-04 9.999837490048382183e-01 -9.437905068001361392e-03
9.999798746341136413e-01 -4.251389806029118941e-04 -6.330053995786018295e-03 3.012642046433117726e-01 4.191254124966295827e-04 9.999994596819929971e-01 -9.512989071377787919e-04 1.655480177111372936e-02 6.330455009791487522e-03 9.486266754070955343e-04 9.999795125135313434e-01 -8.531133457725346980e-04
9.999733777637127563e-01 -3.785553130839386404e-04 -7.287006223817556021e-03 3.667186720630686292e-01 3.744274245018754219e-04 9.999997686874770864e-01 -5.678284038405143454e-04 2.419835074589269525e-02 7.287219492700954850e-03 5.650848320058636043e-04 9.999732881988387945e-01 -6.822003041299158632e-03
9.999712225253305498e-01 -6.604035300782944628e-04 -7.557644366691101609e-03 4.477262202553290438e-01 6.568324480654002010e-04 9.999996714801807629e-01 -4.749849109338079496e-04 2.406895881753177979e-02 7.557955565567054876e-03 4.700071360165837260e-04 9.999713277894326513e-01 -9.262564252556311842e-03
9.999683261971352710e-01 -1.032976750761074305e-03 -7.891740082647919277e-03 5.271369474916893783e-01 1.029640196029649396e-03 9.999993788233171310e-01 -4.268419455869685501e-04 2.401737291704210409e-02 7.892176098289035643e-03 4.187027730736169666e-04 9.999687686345115623e-01 -1.553595944383083863e-02
9.999692013315718553e-01 -1.461079200286968327e-03 -7.711137132022804867e-03 6.296990717498004431e-01 1.460736584785994824e-03 9.999989318705861940e-01 -5.006312485827771363e-05 3.141507036620366095e-02 7.711202041720851934e-03 3.879764286164725823e-05 9.999702674868962138e-01 -5.730228918047926279e-03
9.999657909352355212e-01 -1.887035666582130436e-03 -8.053325751626868451e-03 7.334621365176230423e-01 1.885821169575063174e-03 9.999982092927042210e-01 -1.583979211070563053e-04 2.261816736308222206e-02 8.053610233004330349e-03 1.432053702744126209e-04 9.999675589010059706e-01 -1.396410559324533923e-02
9.999648343038310960e-01 -2.084709401324005406e-03 -8.123062379646934020e-03 8.535298895984475553e-01 2.081268868461995294e-03 9.999977408533994305e-01 -4.319814747846115383e-04 3.556960489527444258e-02 8.123944584299854291e-03 4.150600070079847148e-04 9.999669140774517517e-01 -1.563523202073979768e-02
9.999649786510600435e-01 -2.682517781735807745e-03 -7.927519772013499194e-03 9.764968200561252587e-01 2.680664256944791969e-03 9.999963771411295443e-01 -2.444253614918859502e-04 3.494680470849117343e-02 7.928146727106680919e-03 2.231657824869516396e-04 9.999685468486031459e-01 -1.989017967452465924e-02
9.999710137323524206e-01 -2.721649956191742568e-03 -7.110859062554038962e-03 1.116596300785684948e+00 2.722274207779985279e-03 9.999962915540305808e-01 7.811097173634084405e-05 5.507062230977204792e-02 7.110620101594605780e-03 -9.746641581195729950e-05 9.999747144713553304e-01 -1.333290981261789354e-02
9.999699369933818804e-01 -3.136876364569186719e-03 -7.091199907301092183e-03 1.250741379489325400e+00 3.134355215922935041e-03 9.999950206921323081e-01 -3.666174058938049662e-04 6.800201721407618527e-02 7.092314631508990670e-03 3.443800448557038200e-04 9.999747899200021051e-01 -1.304896634555416553e-02
9.999656625488264616e-01 -3.666294204462381117e-03 -7.431824143021295397e-03 1.404109295718501960e+00 3.667677317251244202e-03 9.999932591730645859e-01 1.724863140083657113e-04 6.710993123029353191e-02 7.431141660807535042e-03 -1.997379241031397288e-04 9.999723687374459935e-01 -2.232247481888533294e-02
9.999706183761203349e-01 -3.885341915711859693e-03 -6.608063458943570605e-03 1.561324144428256400e+00 3.886221301513748897e-03 9.999924413843013227e-01 1.202425068450483584e-04 7.007854434388088860e-02 6.607546327879476773e-03 -1.459193709008390098e-04 9.999781592810225161e-01 -1.941764327611619073e-02
9.999720629923141146e-01 -4.515183407917488720e-03 -5.957042360792613733e-03 1.745118140334680046e+00 4.517506835802770002e-03 9.999897250872112897e-01 3.766324363575510124e-04 8.474775971452115642e-02 5.955280588174353268e-03 -4.035328939603290057e-04 9.999821857384858514e-01 -1.391078375730281542e-02
9.999695997103692502e-01 -5.133920715650787912e-03 -5.868774418001855564e-03 1.927384042317065616e+00 5.145769183390003394e-03 9.999847492260933723e-01 2.005585884107527039e-03 9.225511007188041956e-02 5.858388395732661014e-03 -2.035724272260192296e-03 9.999807673710989775e-01 -7.498894357344475063e-03
9.999659617262499633e-01 -5.444558309333971148e-03 -6.199368815631539111e-03 2.142960645149434740e+00 5.464616808748359346e-03 9.999798741325651719e-01 3.223242614619559535e-03 1.175398300332860524e-01 6.181694915596149843e-03 -3.257010076038610591e-03 9.999755889687182986e-01 -1.946983043294502058e-02
9.999660571716301183e-01 -5.990339913033345884e-03 -5.656883625321284040e-03 2.342747410258078755e+00 6.019094147134996034e-03 9.999689826812789839e-01 5.079781591365007537e-03 1.318901189725268375e-01 5.626278545542663309e-03 -5.113658484330490736e-03 9.999710973256344948e-01 -1.452731788984113273e-02
9.999609990231398404e-01 -6.743606447525195800e-03 -5.702999625203733665e-03 2.576520615650105483e+00 6.773297268047197457e-03 9.999635250242903117e-01 5.202986172788526265e-03 1.323221807816981899e-01 5.667704717329730309e-03 -5.241411363026264938e-03 9.999702019211176296e-01 -1.748863637002197324e-02
9.999604291457749872e-01 -7.244753090729381950e-03 -5.162721690346747105e-03 2.804421176519409364e+00 7.275908726210172928e-03 9.999552783861451744e-01 6.041719945072868136e-03 1.434111434172077870e-01 5.118720035855483727e-03 -6.079044360851441203e-03 9.999684214638246971e-01 -1.646311727485002402e-02
9.999576499343237890e-01 -7.767988294755842106e-03 -4.935250315522136597e-03 3.045668898503439692e+00 7.799796175383157983e-03 9.999487221085046063e-01 6.458818250350504067e-03 1.571814683072857433e-01 4.884825221725275918e-03 -6.497038665508979641e-03 9.999669629398423298e-01 -1.798084629442818494e-02
9.999558411898077370e-01 -8.517592328372411772e-03 -3.970678948442813924e-03 3.299841166271111348e+00 8.543565159233377712e-03 9.999419147402895947e-01 6.570741198168862131e-03 1.661463491842950779e-01 3.914481415703623471e-03 -6.604374796377887775e-03 9.999705291001306229e-01 -1.500294511633419765e-02
9.999438908515285718e-01 -9.186416579374922370e-03 -5.274931197324179630e-03 3.576205747654329414e+00 9.212646172528520666e-03 9.999452120233587316e-01 4.969919723683734192e-03 1.708892946730697360e-01 5.228986441569145535e-03 -5.018236940425446421e-03 9.999737371545333042e-01 -2.578267183759065662e-02
9.999196301779289531e-01 -9.868142127850245901e-03 -7.959457002734742631e-03 3.843467077041726299e+00 9.906555998056591414e-03 9.999394020391834115e-01 4.801291261490456090e-03 1.710516751723144546e-01 7.911594851305575604e-03 -4.879756189077774121e-03 9.999567963899460565e-01 -1.801377141184042074e-02
9.998775751835301540e-01 -1.045745807354511898e-02 -1.163942506072111575e-02 4.123809504570601803e+00 1.048595353313370483e-02 9.999421650159355801e-01 2.389853916984998727e-03 1.932864803702762924e-01 1.161376009761944279e-02 -2.511611809896935939e-03 9.999294036993368051e-01 -1.575247630302228918e-02
9.998195744491589210e-01 -1.074093694066938567e-02 -1.566687020241614228e-02 4.421641064645044139e+00 1.071700412225270321e-02 9.999412739029146513e-01 -1.610766295832975975e-03 2.087326288201336033e-01 1.568325128748531208e-02 1.442573759894682063e-03 9.998759696132319963e-01 -2.013149419547243663e-02
9.997792259294003836e-01 -1.072335359082379758e-02 -1.806956246772764563e-02 4.712252827551763446e+00 1.065433492085652439e-02 9.999355903473640117e-01 -3.911560310529827236e-03 2.144522888650700898e-01 1.811034365778745742e-02 3.718177569033166534e-03 9.998290806973769707e-01 -1.962462584278933109e-02
9.997439562616993181e-01 -1.174993001562134147e-02 -1.933807288313335246e-02 5.025467034605499705e+00 1.161688513313967851e-02 9.999081737884190080e-01 -6.977963235239374208e-03 2.101858437392357948e-01 1.941828772082685936e-02 6.751528400067255929e-03 9.997886511489587624e-01 -1.655353047073910427e-02
9.997261042532586961e-01 -1.195441907940916065e-02 -2.011984938006164750e-02 5.338281030140129779e+00 1.176406332515031114e-02 9.998851668161319317e-01 -9.553009743417554406e-03 2.211970524519740189e-01 2.023173963564088226e-02 9.313702032480723064e-03 9.997519350647768865e-01 -1.879655174024900954e-02
9.997302681552294734e-01 -1.196302523211130280e-02 -1.990670644704429712e-02 5.667264135343837772e+00 1.171969044253795382e-02 9.998557200178485038e-01 -1.229585310260752906e-02 2.469034358626585046e-01 2.005092990871025146e-02 1.205923608217730064e-02 9.997262300424603065e-01 -7.601327905695794140e-03
9.997054079764282619e-01 -1.272465214969534068e-02 -2.066834512853626959e-02 5.993737770222826278e+00 1.247411630585972160e-02 9.998476964724420935e-01 -1.220574787300113609e-02 2.619922972717264598e-01 2.082051116257523093e-02 1.194433281605301184e-02 9.997118781071416826e-01 -5.858147968851033435e-03
9.997307452661473581e-01 -1.327195625464222366e-02 -1.903397348870044040e-02 6.335674464211698442e+00 1.310499545429614533e-02 9.998747850331501930e-01 -8.869799831707964044e-03 2.715713070756233805e-01 1.914930974569489450e-02 8.617971460068339640e-03 9.997794929404067998e-01 -1.917587603082786252e-02
9.998396885376770182e-01 -1.415883452420978184e-02 -1.096013821979206770e-02 6.697029547827414220e+00 1.410996470221929228e-02 9.998902177109358913e-01 -4.523430344258802180e-03 3.030055188997679005e-01 1.102298149245599032e-02 4.368058023112887656e-03 9.999297045033334053e-01 -1.023542224553375402e-02
9.998697601244148636e-01 -1.613424518463746696e-02 3.859029245260188717e-04 7.065738672611595383e+00 1.613501666074141153e-02 9.998676432627123800e-01 -2.087389189156718325e-03 3.235189498724702628e-01 -3.521733987004027210e-04 2.093343877965080958e-03 9.999977469401147845e-01 -2.132406070439978735e-02
9.997580312227015709e-01 -1.751566175369178094e-02 1.330716344823391906e-02 7.426785215980684640e+00 1.754029822192612262e-02 9.998446484734967443e-01 -1.736910243959647986e-03 3.637109931539112551e-01 -1.327467302774908847e-02 1.969901581281577590e-03 9.999099472171313341e-01 -3.188481347890402551e-02
9.995781868871702613e-01 -1.946254888376036662e-02 2.155591543647927821e-02 7.796282618793278552e+00 1.956766892006368830e-02 9.997975980401176965e-01 -4.676460867586666910e-03 3.694990915567061829e-01 -2.146053662870947565e-02 5.096287291601000850e-03 9.997567070159866232e-01 -3.731096912482898681e-02
9.995495392656525979e-01 -2.064934050971799218e-02 2.177896439997391298e-02 8.176819113257590033e+00 2.083984818480811435e-02 9.997462077467611508e-01 -8.556916711300885728e-03 3.777646257327649248e-01 -2.159674238064068774e-02 9.006932468033161318e-03 9.997261904571973501e-01 -3.953296159097147155e-02
9.995850747775503198e-01 -2.159859002863665292e-02 1.905726084026797967e-02 8.553239479480849283e+00 2.177396698843339987e-02 9.997220150834492669e-01 -9.043612059032929071e-03 4.082096905677393694e-01 -1.885663393996252213e-02 9.454811804713544529e-03 9.997774921902331524e-01 -3.802562283240869256e-02
9.995535759805579401e-01 -2.344736481355636643e-02 1.851674452432045329e-02 8.945753691241158378e+00 2.357125206876995588e-02 9.997010227727005649e-01 -6.500857107095643628e-03 4.134047746522112599e-01 -1.835878047119308618e-02 6.934417821011848795e-03 9.998074159702428076e-01 -3.472838996102785292e-02
9.995412085619496123e-01 -2.479317551597967975e-02 1.739743758003054266e-02 9.341094603155189802e+00 2.485524992494686156e-02 9.996854110367421331e-01 -3.360879567665204116e-03 4.518595841231555221e-01 -1.730863766116970751e-02 3.791755284000562169e-03 9.998430045032973279e-01 -3.838631454565143153e-02
9.995858729111383179e-01 -2.585253647270942257e-02 1.263839524642594581e-02 9.731761700168862106e+00 2.586596842002059776e-02 9.996650143163726687e-01 -9.004607381487712272e-04 4.831103239280651884e-01 -1.261088237087913677e-02 1.226992165288439286e-03 9.999197268461375021e-01 -5.544797804079707598e-02
9.996246299239046618e-01 -2.696397772328969211e-02 4.852128897157782783e-03 1.015640202444192752e+01 2.695235181454935791e-02 9.996337275630233776e-01 2.445700333221949904e-03 5.017996326794831319e-01 -4.916297505384935318e-03 -2.314006005416024362e-03 9.999852375885582845e-01 -7.625220326425408146e-02
9.996073476153599646e-01 -2.801922689057716881e-02 -2.711417328233325865e-04 1.056570303167086422e+01 2.801993559262232203e-02 9.996025222453488457e-01 3.111387170081854597e-03 5.272618751852370389e-01 1.838552969532234794e-04 -3.117762850380165641e-03 9.999951228641260625e-01 -9.304246118441680813e-02
9.995808554034207871e-01 -2.892661919298597506e-02 -1.167995303751944184e-03 1.101174122674543909e+01 2.892841860145709681e-02 9.995802773434001587e-01 1.554266164462688154e-03 5.743688538994913273e-01 1.122545404196202299e-03 -1.587402959269680093e-03 9.999981100200442397e-01 -9.947884409556106977e-02
9.995449606559854150e-01 -3.015918241213755985e-02 -5.434551094782299552e-04 1.148237009861476032e+01 3.016032157298066674e-02 9.995425941987989837e-01 2.226518571557970904e-03 5.751985108162976923e-01 4.760565502148335305e-04 -2.241896198870075522e-03 9.999973736323483076e-01 -9.346784456121376428e-02
9.995298416801009500e-01 -3.066070581192332015e-02 1.292674241778217947e-04 1.194247231752841287e+01 3.065964853467368148e-02 9.995168742274900264e-01 5.099420186477503919e-03 6.358622148910590965e-01 -2.855567939026254043e-04 -5.093059357857896569e-03 9.999869895172111001e-01 -9.648782274652749347e-02
9.994899797405244479e-01 -3.193347957789790387e-02 1.824289836536910478e-04 1.242173937274074902e+01 3.193193173415365821e-02 9.994739441212948661e-01 5.673337496396028967e-03 6.668866621359461622e-01 -3.635024228940788357e-04 -5.664618669481664287e-03 9.999838898508904839e-01 -9.723555926681794193e-02
9.994538508875133731e-01 -3.302316090158578799e-02 -1.212761389658395961e-03 1.291592166877443404e+01 3.302861420181435470e-02 9.994429194719354204e-01 4.791801469402517770e-03 6.742467656940185350e-01 1.053845352970494281e-03 -4.829240259340675072e-03 9.999877838496276095e-01 -1.003682094555687770e-01
9.994264059962705282e-01 -3.369795775715166836e-02 -3.362534813943942984e-03 1.341795582957404243e+01 3.370858060257159866e-02 9.994267271536243502e-01 3.154147231001550294e-03 7.262726125666172372e-01 3.254318843889989106e-03 -3.265684306867750863e-03 9.999893723009610769e-01 -1.064398743241484896e-01
9.993828418488188703e-01 -3.485361264008472043e-02 -4.377339844436257954e-03 1.392223393347442872e+01 3.486955703525946443e-02 9.993853138702680772e-01 3.620554182789917103e-03 7.446645380366776479e-01 4.248459761319361289e-03 -3.770955629632498796e-03 9.999838651114806298e-01 -1.097597901766860506e-01
9.993658464072725511e-01 -3.526592170558921768e-02 -4.921361694798534643e-03 1.446662655191184044e+01 3.528843900427022784e-02 9.993667377467013724e-01 4.566131640435610109e-03 8.326833361900529695e-01 4.757216341273373152e-03 -4.736903183635812059e-03 9.999774650665439468e-01 -1.178410441417138688e-01
9.993118117433239522e-01 -3.672355623543818726e-02 -5.223344493524900191e-03 1.500737695130082905e+01 3.675079775426680351e-02 9.993108349684929337e-01 5.218618495199133824e-03 8.477176972527221688e-01 5.028098517372704516e-03 -5.406989180317061695e-03 9.999727409751245633e-01 -1.207179127742021019e-01
9.992547993659957051e-01 -3.851580664213526128e-02 -2.525585621053124188e-03 1.557202971221889598e+01 3.852998391252591970e-02 9.992404481292654905e-01 5.828135390083102017e-03 8.641513760683552370e-01 2.299191972001326557e-03 -5.921103033244233364e-03 9.999798269240962600e-01 -1.192902263991746370e-01
9.992180093467956103e-01 -3.953946574656932306e-02 2.110694291155762784e-05 1.613829778356754474e+01 3.953906633127938358e-02 9.992100470988481975e-01 3.992995162559209200e-03 9.124819494668549025e-01 -1.789711648769970291e-04 -3.989038128847966456e-03 9.999920277402859492e-01 -1.193845379374020438e-01
9.991738414016756442e-01 -4.061986736721326374e-02 1.288810959389670181e-03 1.670989849992999865e+01 4.061766310132651492e-02 9.991733283663837284e-01 1.692727216602644448e-03 9.458950171885606162e-01 -1.356503890955720448e-03 -1.638980266108243464e-03 9.999977368178796233e-01 -1.376475599231158919e-01
9.991440740627662853e-01 -4.132784332551714401e-02 1.768793746844059094e-03 1.729313180512993853e+01 4.132647148677412452e-02 9.991453719764907815e-01 8.052405930597184491e-04 9.878579879498357030e-01 -1.800560943209516662e-03 -7.314533624054698558e-04 9.999981114763509815e-01 -1.456189811372226028e-01
9.990957707536233245e-01 -4.248802308601634659e-02 1.552016902469685383e-03 1.787789301576398060e+01 4.248366732139848001e-02 9.990934062993136466e-01 2.739251751736638488e-03 1.032008109961736642e+00 -1.666995245388744372e-03 -2.670839470427819901e-03 9.999950438594058522e-01 -1.488374219521934883e-01
9.990440629899521863e-01 -4.368781419672553012e-02 1.528101842441566185e-03 1.846337123065082153e+01 4.368113564212022792e-02 9.990368608818319673e-01 4.160407238464431008e-03 1.095137309088183075e+00 -1.708389166197311817e-03 -4.089680927353647917e-03 9.999901779099479304e-01 -1.419828886754474773e-01
9.989765243949974005e-01 -4.515527060885584504e-02 2.627783083178015545e-03 1.903692732684251254e+01 4.514184622128027818e-02 9.989682663651628935e-01 4.961503312033772005e-03 1.151280333278737356e+00 -2.849109935667663851e-03 -4.837802354586061455e-03 9.999842389962716460e-01 -1.517233795227105331e-01
9.988914317901407269e-01 -4.699245694656468963e-02 2.759798247676438325e-03 1.963336487863490376e+01 4.698615005025151559e-02 9.988928760951318875e-01 2.307333926999412081e-03 1.178087283005094577e+00 -2.865170099289690402e-03 -2.175103795384664661e-03 9.999935298409592388e-01 -1.665469845230015955e-01
9.988350830790658774e-01 -4.820377805600170595e-02 2.207394745664387117e-03 2.022024652043735671e+01 4.820303965472474972e-02 9.988374830576332020e-01 3.865321944302818028e-04 1.215132860347125199e+00 -2.223460923985877847e-03 -2.796787800776126954e-04 9.999974889974971859e-01 -1.680288415911575794e-01
9.988098811070251770e-01 -4.875172131941942627e-02 1.446053720935245625e-03 2.082340176528787268e+01 4.875392179622498739e-02 9.988096522871261485e-01 -1.527614990031890942e-03 1.279192761786986043e+00 -1.369858553918435265e-03 1.596297736594679559e-03 9.999977876580919967e-01 -1.745227719857992132e-01
9.987656613645782278e-01 -4.967038728449107293e-02 7.941023432719869068e-05 2.142910294468101995e+01 4.967044615820333936e-02 9.987636039690384049e-01 -2.027354242049415542e-03 1.323480359381807192e+00 2.138741853679150813e-05 2.028796142149327277e-03 9.999979417622777422e-01 -1.755158648814465761e-01
9.987363998835716572e-01 -5.023133158423143813e-02 -1.554630141673738917e-03 2.203826067040623116e+01 5.022913207335138325e-02 9.987367068084908039e-01 -1.422942194373402313e-03 1.377415512024416477e+00 1.624142469191211567e-03 1.343056441739578100e-03 9.999977791778510428e-01 -1.808156341173285386e-01
9.987016795602632335e-01 -5.088588869612312160e-02 -2.362535738378963249e-03 2.266100717997213110e+01 5.088394925204695052e-02 9.987041904153478589e-01 -8.739309696434735628e-04 1.428522330876457636e+00 2.403945095974461665e-03 7.525811785848439579e-04 9.999968273297397126e-01 -1.807098664166520985e-01
9.986615128538610664e-01 -5.161196012669964917e-02 -3.374657955624958162e-03 2.327167437376374082e+01 5.161210911434990778e-02 9.986672060027793618e-01 -4.298105013120424894e-05 1.473387276930445688e+00 3.372378568004603949e-03 -1.312496940812482625e-04 9.999943049019388575e-01 -1.849974197830726863e-01
9.986457409562493615e-01 -5.187783814475015881e-02 -3.920966637307126031e-03 2.389426447129622844e+01 5.187919814519723755e-02 9.986533374224271231e-01 2.458756986491977934e-04 1.515334661320774101e+00 3.902930918570502415e-03 -4.489593243582276909e-04 9.999922827531070313e-01 -1.857870959155250856e-01
9.986380783350928825e-01 -5.204743917016064342e-02 -3.612834762538963927e-03 2.453930376075605224e+01 5.204761749618481287e-02 9.986446032068854173e-01 -4.470719538303328351e-05 1.573286492796774683e+00 3.610264832919932859e-03 -1.433931341124837738e-04 9.999934726918197070e-01 -1.951461835581204673e-01
9.986687764155489644e-01 -5.152624012388547226e-02 -2.391984817253510302e-03 2.517818200626162195e+01 5.152608732541502645e-02 9.986716410183830162e-01 -1.255013296220029002e-04 1.633299622768459747e+00 2.395274014383589993e-03 2.084640717258873298e-06 9.999971313249105265e-01 -1.985718904889982039e-01
9.986755428122300327e-01 -5.145009223639247092e-02 2.195394369926920186e-04 2.584658302036502064e+01 5.144983508744228190e-02 9.986750289179342488e-01 1.049326087619546549e-03 1.680690823620900831e+00 -2.732364775813822077e-04 -1.036641032312020502e-03 9.999994253584336690e-01 -2.038629617875247213e-01
9.987062562531442422e-01 -5.076953952127699621e-02 2.875339567153036534e-03 2.650222773099668672e+01 5.076388238181350765e-02 9.987086654005208342e-01 2.007460942548866620e-03 1.730104712916418430e+00 -2.973544409344874677e-03 -1.858900402912655632e-03 9.999938512425652348e-01 -2.115257310718683670e-01
9.987089549372155650e-01 -5.059856618702891079e-02 4.495378519266441872e-03 2.717068189577154413e+01 5.059270546459249812e-02 9.987183764470507485e-01 1.408084067112330435e-03 1.780614984161677850e+00 -4.560864171143411486e-03 -1.178832805752396545e-03 9.999889043740577410e-01 -2.147876916630190036e-01
9.987479464025570408e-01 -4.986066838718448968e-02 4.056267330724060670e-03 2.786528560894457840e+01 4.985954529420871806e-02 9.987561680239082085e-01 3.775940326639944241e-04 1.846651809839401137e+00 -4.070049106562168874e-03 -1.748776199953691038e-04 9.999917020246158472e-01 -2.247540026104349331e-01
9.988125111996656313e-01 -4.867953109389722838e-02 1.967415435587199692e-03 2.853893825906453685e+01 4.867891585992959597e-02 9.988144141751208460e-01 3.594255306917004591e-04 1.915085662126563504e+00 -1.982579562032366332e-03 -2.632270664489738113e-04 9.999980000428959626e-01 -2.329027119566162984e-01
9.988548474727282356e-01 -4.784218975361949344e-02 -3.443251537366919229e-04 2.923743490527119704e+01 4.784267445874199054e-02 9.988536447017223319e-01 1.573202695227758066e-03 1.961319770263655782e+00 2.686649729063835500e-04 -1.587874574423587875e-03 9.999987032358933492e-01 -2.388365811163802310e-01
9.989002470904572162e-01 -4.676348077927034580e-02 -3.387215379976501062e-03 2.995732044057581334e+01 4.676942961088203371e-02 9.989042668966592320e-01 1.698831810567899298e-03 2.010746300282359567e+00 3.304060607235810836e-03 -1.855381646632111269e-03 9.999928203454507836e-01 -2.479889543260447027e-01
9.989514629357540976e-01 -4.547558712051956442e-02 -5.286366858312673347e-03 3.067998195128083694e+01 4.548874341840057622e-02 9.989619787961289132e-01 2.395650629224432143e-03 2.058109786158262455e+00 5.171935878522680718e-03 -2.633608886380028359e-03 9.999831574499152831e-01 -2.555298294445556562e-01
9.990607721201910651e-01 -4.298024716794323491e-02 -5.501996364054859492e-03 3.138977738169072396e+01 4.298521607017877916e-02 9.990753976754964683e-01 7.880094851327203425e-04 2.112876575734295326e+00 5.463040362985557147e-03 -1.023773867180965882e-03 9.999845534192322027e-01 -2.399047320791279914e-01
9.991854788641476581e-01 -4.015749128468750623e-02 -3.969221679886200498e-03 3.215099922431529933e+01 4.017128713288204561e-02 9.991868198063693640e-01 3.459308503378848067e-03 2.156768777962920325e+00 3.827076836356506188e-03 -3.615939567284181307e-03 9.999861391359053941e-01 -2.642800839014462499e-01
9.993058910952204998e-01 -3.724354527012187221e-02 8.089240382105430558e-04 3.287436080978877584e+01 3.723937745236158281e-02 9.992954673384266684e-01 4.668803255232731667e-03 2.207650100922009972e+00 -9.822369101984444392e-04 -4.635438769729400416e-03 9.999887738960194783e-01 -2.553552922811999082e-01
9.993830636796626754e-01 -3.478785765008364506e-02 4.826695595207647696e-03 3.360167571908166906e+01 3.476321459619018117e-02 9.993825696386570145e-01 5.098863929752056080e-03 2.265770460003184716e+00 -5.001093999367565990e-03 -4.927926800634645395e-03 9.999753519943664903e-01 -2.561740457842038854e-01
9.994682380567887492e-01 -3.214544725983531359e-02 5.469125718366420197e-03 3.434476551156843271e+01 3.213909779744437978e-02 9.994826304225655766e-01 1.244940301999304406e-03 2.301311012638119102e+00 -5.506315321924134393e-03 -1.068505523796034733e-03 9.999842692700326996e-01 -2.621619105736048838e-01
9.995749460471975434e-01 -2.881635804695460365e-02 4.420943751251075332e-03 3.507813839641747222e+01 2.881587794493718421e-02 9.995847215227204874e-01 1.722689981497597836e-04 2.326785731778372224e+00 -4.424071993592990776e-03 -4.480239899366718912e-05 9.999902127419750819e-01 -2.720595255620044117e-01
9.996750531027963627e-01 -2.528183633680330597e-02 3.258366977555522594e-03 3.581185548598298851e+01 2.527915939865695363e-02 9.996800609428285744e-01 8.601473360775046010e-04 2.379097848053658204e+00 -3.279070602873054244e-03 -7.774990556645621160e-04 9.999943215794776519e-01 -2.742999622991441067e-01
9.997653437177298485e-01 -2.160167356303872507e-02 1.620246970477584028e-03 3.653899605462240885e+01 2.159781378863947013e-02 9.997639473845025826e-01 2.363038236853018999e-03 2.427811157986354829e+00 -1.670910087551928441e-03 -2.327489942725514700e-03 9.999958954165990566e-01 -2.781248001830848859e-01
9.998225891480836403e-01 -1.883011568104920805e-02 -4.658032423439338598e-04 3.723931009400435954e+01 1.883189146734051342e-02 9.998140175740560798e-01 4.158139750831758678e-03 2.448857054684417722e+00 3.874183586007790047e-04 -4.166174007821133417e-03 9.999912464122633349e-01 -2.786687291481376727e-01
9.998779582810443101e-01 -1.556536389346574803e-02 -1.337157654955226397e-03 3.797224523274155672e+01 1.557334755368783644e-02 9.998596077094461521e-01 6.183503625327219609e-03 2.474946479350976336e+00 1.240721444264432935e-03 -6.203573000810307971e-03 9.999799879459195795e-01 -2.919794179024440828e-01
9.999262086541516048e-01 -1.191255364095319090e-02 -2.380821766862733016e-03 3.870834320647254145e+01 1.192392403542927130e-02 9.999172899124187941e-01 4.820100600722903618e-03 2.494930845508900763e+00 2.323205141924977908e-03 -4.848133656902419743e-03 9.999855490545417336e-01 -2.964343054682680445e-01
9.999563365329507958e-01 -7.692817494306386852e-03 -5.305241427061856835e-03 3.940835340433736889e+01 7.713279508589403199e-03 9.999628510015250438e-01 3.847328439870879423e-03 2.516422517527784120e+00 5.275447547127592313e-03 -3.888081262159793269e-03 9.999785260080720217e-01 -2.917560177393650478e-01
9.999641623675979973e-01 -2.465949144783406884e-03 -8.098955197030976300e-03 4.012847107900945076e+01 2.511898439819680931e-03 9.999807806333508298e-01 5.668221073866112208e-03 2.539452923163866060e+00 8.084821995332027583e-03 -5.688361691166484574e-03 9.999511379035348480e-01 -2.955702329690128582e-01
9.999690983731724936e-01 2.775253148048990696e-03 -7.355288485760584291e-03 4.082972404814131551e+01 -2.712394021325512453e-03 9.999598347498518391e-01 8.542353640656880770e-03 2.556511105635257408e+00 7.378700252591623154e-03 -8.522139227518547161e-03 9.999364619442423496e-01 -2.957640341854583799e-01
9.999560177749140522e-01 7.221017084997359559e-03 -5.984933415990694588e-03 4.153826455999980283e+01 -7.163454328675379970e-03 9.999284113270706653e-01 9.584213217657988268e-03 2.556954521629950960e+00 6.053712729940839699e-03 -9.540918885449367268e-03 9.999361596767089022e-01 -2.951278956749354143e-01
9.999063208408535131e-01 1.266708005133185093e-02 -5.186002842382671750e-03 4.224372486872101007e+01 -1.261393873376491677e-02 9.998688772309418660e-01 1.015464891350329087e-02 2.581707148447979883e+00 5.313952590010151238e-03 -1.008828171240470049e-02 9.999349921269693464e-01 -2.921986063595977123e-01
9.998226814662082296e-01 1.841124467095795608e-02 -3.953693891450255071e-03 4.295142408195194861e+01 -1.836620565186358744e-02 9.997692556728463575e-01 1.114082139324642021e-02 2.595306611765062943e+00 4.157897987520003946e-03 -1.106623156403684083e-02 9.999301227602339637e-01 -2.882886713482447072e-01
9.997010814968487757e-01 2.436163715128960086e-02 -2.063562293686389566e-03 4.365243294432485044e+01 -2.433536005820361239e-02 9.996327452437245853e-01 1.192329179935221889e-02 2.587418626341552397e+00 2.353275349083928155e-03 -1.186951017539553122e-02 9.999267857314991792e-01 -3.025140244067097695e-01
9.995347939306629126e-01 3.042279960793352334e-02 2.156150737470847751e-03 4.435286135692951603e+01 -3.044528156062216440e-02 9.994725559959426464e-01 1.130020538006684672e-02 2.576201193367656739e+00 -1.811229604886258841e-03 -1.136059307222872863e-02 9.999338259966834563e-01 -3.030211167065344213e-01
9.993073004733914466e-01 3.668484434147060991e-02 6.256310112591169197e-03 4.505274568055096296e+01 -3.675001858041671010e-02 9.992678282456209926e-01 1.064159610298294825e-02 2.568238904452059490e+00 -5.861344122457365531e-03 -1.086414418728262610e-02 9.999238046052089102e-01 -3.158271598194444252e-01
9.990391212520974840e-01 4.288174479256297994e-02 9.054842427257547496e-03 4.574387023505257588e+01 -4.296084964649830168e-02 9.990386122890092535e-01 8.730209235846048479e-03 2.544565779358480828e+00 -8.671770608585796861e-03 -9.110824287416727577e-03 9.999208935087394723e-01 -3.180643727307816970e-01
9.987526269849588134e-01 4.904669615698156737e-02 9.360111469873000703e-03 4.643819587028129092e+01 -4.912436109883361324e-02 9.987585466329655937e-01 8.256068933682830790e-03 2.536784637142039944e+00 -8.943558423531472804e-03 -8.705580031856011841e-03 9.999221097860742091e-01 -3.248804399616204153e-01
9.984793635521614918e-01 5.446140700967345288e-02 8.539069445628041238e-03 4.712398611042061702e+01 -5.452986888884005928e-02 9.984800861353544388e-01 8.000686851828801849e-03 2.511057934561142346e+00 -8.090362132592069516e-03 -8.454155053096965716e-03 9.999315343076753404e-01 -3.289756805304662746e-01
9.981848433347962901e-01 5.984858266796585363e-02 6.720542338516592717e-03 4.780116907834104722e+01 -5.989680899942042419e-02 9.981784648523485126e-01 7.219735223389409096e-03 2.487742701610294649e+00 -6.276209714077858950e-03 -7.609169313700314685e-03 9.999513536837580929e-01 -3.389251788025844370e-01
9.978703618163706768e-01 6.503559438398259784e-02 5.011234537275590165e-03 4.849924460924971470e+01 -6.507518028515602015e-02 9.978467634760345151e-01 8.188866298660441370e-03 2.443693761248812990e+00 -4.467876376975425667e-03 -8.497533967274586639e-03 9.999539139366149243e-01 -3.446501815077355202e-01
9.975052431458556468e-01 7.040776959444564054e-02 5.102536355862339126e-03 4.918033602987814845e+01 -7.044834658107365644e-02 9.974811934689272741e-01 8.264329361620666517e-03 2.428165007260516539e+00 -4.507811056418557782e-03 -8.603177118941174664e-03 9.999528313790304601e-01 -3.479738035353585057e-01
9.971145691437158787e-01 7.554078731318113193e-02 7.491692295235819615e-03 4.987701763893726081e+01 -7.560574327680087692e-02 9.970989306841289146e-01 8.803068336046510761e-03 2.397127510954473184e+00 -6.804967663717475385e-03 -9.344082655422091682e-03 9.999331880352928525e-01 -3.594671212079406653e-01
9.967166798680179296e-01 8.053048368267302914e-02 8.408404766058752422e-03 5.057694446036799008e+01 -8.058520510757703759e-02 9.967272720368952621e-01 6.385130825496911425e-03 2.345534915615387739e+00 -7.866688670901358926e-03 -7.041759419612591067e-03 9.999442628635014652e-01 -3.670372780591023565e-01
9.963028298818408235e-01 8.552222550098027842e-02 8.162114603160004409e-03 5.125871826125794684e+01 -8.555058086676463336e-02 9.963287222524956910e-01 3.189879005288549178e-03 2.312562368519776257e+00 -7.859343661833712372e-03 -3.876359125351093882e-03 9.999616015413473891e-01 -3.733350364688332035e-01
9.959572631520536845e-01 8.965371270579253205e-02 5.598372329350129531e-03 5.195751497138872566e+01 -8.965607918371118479e-02 9.959727695315216955e-01 1.726763288262570472e-04 2.248227530775791294e+00 -5.560345319755804691e-03 -6.739063567290557409e-04 9.999843140820496856e-01 -3.816914916973141447e-01
