1.000000000000000000e+00 0.000000000000000000e+00 0.000000000000000000e+00 0.000000000000000000e+00 0.000000000000000000e+00 1.000000000000000000e+00 0.000000000000000000e+00 0.000000000000000000e+00 0.000000000000000000e+00 0.000000000000000000e+00 1.000000000000000000e+00 0.000000000000000000e+00
9.999999999024742348e-01 -1.082566160091140745e-05 8.823634205901189679e-06 -3.360287789428633570e-03 1.082605176476344978e-05 9.999999989637295972e-01 -4.421919647071235744e-05 -2.821175310378455994e-03 -8.823155494700264361e-06 4.421929199152051248e-05 9.999999989834030822e-01 -1.444422461334136367e-03
9.999999996070149111e-01 1.953340860875834090e-05 -2.011009798216884548e-05 1.696177460323638683e-03 -1.953391677971212374e-05 9.999999994899377853e-01 -2.526955567042182387e-05 -3.100197327604253036e-03 2.010960437135517065e-05 2.526994848947168142e-05 9.999999994785168100e-01 -1.605943072959256776e-03
9.999999998486315267e-01 -1.015344306498892579e-05 1.412955988482977376e-05 1.132380293167810879e-03 1.015366307346620954e-05 9.999999998272265378e-01 -1.557081015822950259e-05 -2.683066908330190153e-03 -1.412940178505414213e-05 1.557095362266301862e-05 9.999999997789527084e-01 -8.116337228285701918e-04
9.999999999857311916e-01 4.388028343483050254e-07 -5.324002208814122902e-06 -1.491842620458738809e-03 -4.388959824454628084e-07 9.999999998468506179e-01 -1.749589020520879744e-05 -2.830858413667597905e-03 5.323994530752543495e-06 1.749589254164233431e-05 9.999999998327744333e-01 -1.136470605900883387e-03
9.999999999971279641e-01 1.095445296763902925e-06 2.131660216416533065e-06 -1.410192681191678368e-03 -1.095404584566488892e-06 9.999999998170193694e-01 -1.909872868164275481e-05 -2.868640971961006897e-03 -2.131681137638989303e-06 1.909872634655753176e-05 9.999999998153472625e-01 -1.352747244566730430e-03
9.999999998699053982e-01 -8.300677890747330440e-06 -1.383068501515962330e-05 6.446996830312416889e-04 8.300218504397670910e-06 9.999999994139437964e-01 -3.321473696395496036e-05 -1.602730269946831942e-03 1.383096071188682709e-05 3.321462216192621003e-05 9.999999993527467490e-01 -1.003039035238974773e-03
9.999999999743826029e-01 -3.747741403137606936e-06 6.098293055246491272e-06 7.948512571725140346e-04 3.747868990516096432e-06 9.999999997741129132e-01 -2.092194125295701731e-05 -1.876819476994193549e-05 -6.098214643843498469e-06 2.092196410802449238e-05 9.999999997625416137e-01 -1.212199765044551757e-03
9.999999997788107109e-01 -1.125931404616934756e-05 1.776531696207178296e-05 -1.012660910005470797e-04 1.125952062698263827e-05 9.999999998690033420e-01 -1.162826411580187896e-05 -2.555449315606712641e-03 -1.776518603346709401e-05 1.162846414218261212e-05 9.999999997745885327e-01 -8.393931610169102185e-04
9.999999999969420017e-01 6.226250488364239593e-07 -2.393402284717028694e-06 -4.016958809562498796e-04 -6.226825657006699437e-07 9.999999997110496919e-01 -2.403149801303016507e-05 -3.250037092402801014e-03 2.393387321412830189e-06 2.403149950328654935e-05 9.999999997083793835e-01 -1.288319570229875480e-03
9.999999999349974411e-01 -1.115886974644753171e-05 -2.341967047522914289e-06 1.743633386649847197e-03 1.115882757709426310e-05 9.999999997756467973e-01 -1.800519573434878105e-05 -3.633964322835667865e-04 2.342167964631444892e-06 1.800516959957192294e-05 9.999999998351640773e-01 -7.284110994337912679e-04
9.999999998951066837e-01 -1.354353732214149312e-05 5.134129383833150998e-06 1.730218292094865603e-03 1.354358212333678863e-05 9.999999998702122639e-01 -8.726218040163954867e-06 3.885009201991989139e-05 -5.134011199307095144e-06 8.726287573751576060e-06 9.999999999487468871e-01 -8.389045509429283402e-04
9.999999996331456753e-01 -7.762948642669421028e-06 2.595082396716736102e-05 -1.464477485390350796e-03 7.763067430152333011e-06 9.999999999593914835e-01 -4.577309390549126974e-06 -2.999552645392903998e-03 -2.595078843269581656e-05 4.577510846866246583e-06 9.999999996528015078e-01 -1.109624201106832386e-03
9.999999954457143847e-01 -4.308801151053943403e-05 8.515864347100193256e-05 -6.149454432914055677e-03 4.308830748548094316e-05 9.999999990656653903e-01 -3.473739735714912027e-06 -6.358718554069165731e-03 -8.515849371489755113e-05 3.477409061709433811e-06 9.999999963679693238e-01 -7.927758584647676002e-04
9.999999856259087494e-01 6.785170538055250943e-05 1.553844536171827449e-04 -2.367962490249642810e-02 -6.778966940166957725e-05 9.999999180170325852e-01 -3.992123354019994400e-04 8.227724734313022342e-04 -1.554115281160701556e-04 3.992017962029439774e-04 9.999999082425872210e-01 -9.387067382057917228e-03
9.999979656178410448e-01 -1.792065164814254479e-06 -2.017116002522893574e-03 1.246018453647741026e-02 1.005836992155904573e-06 9.999999240355361696e-01 -3.897793095679873837e-04 -4.960149601712657633e-03 2.017116547803680243e-03 3.897764877180212324e-04 9.999978896553343155e-01 -2.643383091488036782e-03
9.999960699625835003e-01 -3.087622980928972182e-05 -2.803409717868722128e-03 -5.579342655899620362e-03 3.039333220427485664e-05 9.999999846951483917e-01 -1.722961065279935170e-04 -3.842206692926387196e-03 2.803414994817132484e-03 1.722102244349882870e-04 9.999960555962235098e-01 -7.878655212789752865e-04
9.999949067919871037e-01 8.692441670726954416e-05 -3.190428534044924096e-03 -3.729327789167308921e-03 -8.725669994943716199e-05 9.999999907839912661e-01 -1.040109888685451832e-04 -5.342309247501845354e-05 3.190419463547367919e-03 1.042888453842485139e-04 9.999949051607629480e-01 -6.629885376493718438e-04
9.999950017540428782e-01 -3.822373655579612139e-05 -3.161487921500398708e-03 1.314488338198720012e-02 3.831425689141863215e-05 9.999999988578397447e-01 2.857163381401324443e-05 7.891299211053633827e-03 3.161486825774869301e-03 -2.869262106634352472e-05 9.999950020764023506e-01 3.640898210689829349e-04
9.999956835064672811e-01 8.850397736375130821e-06 -2.938178024518236457e-03 1.575296447192176333e-02 -8.669485125180015572e-06 9.999999980660152499e-01 6.158579035888261672e-05 7.492098781914965921e-03 2.938178563894584729e-03 -6.156005203353813644e-05 9.999956816492192591e-01 -1.097672880704989463e-03
9.999961400987775750e-01 1.120963240841481579e-05 -2.778427953016208030e-03 1.734845659968326653e-02 -1.097300284942855830e-05 9.999999963118154644e-01 8.518193609924222586e-05 4.000781358990079112e-03 2.778428897627044630e-03 -8.515111960753756349e-05 9.999961365336106356e-01 -1.411602274552107260e-03
9.999957590546664221e-01 6.100666222899573091e-06 -2.912359089024328922e-03 1.739598533504058825e-02 -6.044453662160630633e-06 9.999999997952906394e-01 1.931018530632900375e-05 9.438031364294259193e-07 2.912359206233136686e-03 -1.929249979332756112e-05 9.999957588868331193e-01 -1.579609673167315992e-03
9.999954821729771792e-01 6.939009298323417453e-05 -3.005132051978581798e-03 1.698309371762330572e-02 -6.952616512419469762e-05 9.999999965626443776e-01 -4.517547646599675724e-05 -3.885003506053914639e-04 3.005128906918361729e-03 4.538420767827428795e-05 9.999954835600641800e-01 -2.955686964969579840e-03
9.999953799444764035e-01 1.501279687180357068e-05 -3.039714512620163549e-03 2.591020273842542174e-02 -1.544195289885841172e-05 9.999999899177589580e-01 -1.411595838873138460e-04 6.245724659803362361e-04 3.039712362772869440e-03 1.412058708505284496e-04 9.999953700941087709e-01 -5.378655620001164539e-03
9.999946816850319165e-01 1.293315196550367950e-06 -3.261380072774720633e-03 4.079591670416397864e-02 -1.609923721234032031e-06 9.999999952868816600e-01 -9.707545935559426737e-05 -3.588245459358698972e-03 3.261379931854283855e-03 9.708019365086887177e-05 9.999946769740207797e-01 -6.996323697997697440e-03
9.999871317451574093e-01 -2.745613375079068857e-05 -5.073025749374889502e-03 7.690409596711805795e-02 2.484037805618548775e-05 9.999998667271380315e-01 -5.156827142234101779e-04 -6.081612778473364025e-03 5.073039231931804165e-03 5.155500624093223207e-04 9.999869991560312865e-01 -6.382998778105828871e-03
9.999831494023438960e-01 -1.422332016301404184e-04 -5.803505930548765249e-03 1.070388993792234095e-01 1.385875631005871478e-04 9.999997928428495664e-01 -6.285759662951785620e-04 -1.205248713335006251e-02 5.803594132683166998e-03 6.277610806701195735e-04 9.999829619604369002e-01 -1.184192839563781401e-02
9.999796649984027397e-01 -2.295707137876486291e-04 -6.373137921739154693e-03 1.616582938769257627e-01 2.260086587005047669e-04 9.999998178662812265e-01 -5.596315668684604793e-04 -1.405182235018079609e-02 6.373265235994109157e-03 5.581798024062486607e-04 9.999795347533567691e-01 -1.292577131777149051e-02
9.999767518499043106e-01 -1.461089054340936316e-03 -6.660403778318388542e-03 2.887455900969088107e-01 1.458593876104014204e-03 9.999988642522822380e-01 -3.794707500994234082e-04 -6.600372021223410365e-03 6.660950654339410464e-03 3.697471039430329687e-04 9.999777472641376841e-01 -1.316555011610889316e-02
9.999765750031179845e-01 -1.616460901351516330e-03 -6.651052487238281151e-03 3.437185811729675522e-01 1.614187937165378070e-03 9.999986369588876878e-01 -3.470989343863803379e-04 -8.426066075071726030e-03 6.651604493436638101e-03 3.363547549005707366e-04 9.999778212656227350e-01 -1.408198970573597796e-02
9.999760327765396806e-01 -1.757116856246901697e-03 -6.696746437370264086e-03 4.263126114036290826e-01 1.755265978933071751e-03 9.999984196863568320e-01 -2.822518946650318019e-04 -1.245493086610321119e-02 6.697231803972328486e-03 2.704905586797429510e-04 9.999775367082109900e-01 -1.592580704982533152e-02
9.999753982624073334e-01 -1.320056952963612759e-03 -6.889145054420353805e-03 5.484339248562248859e-01 1.317816938669833784e-03 9.999990773342104511e-01 -3.296805178243634137e-04 -1.030158445649370647e-02 6.889573895101703226e-03 3.205937750651058306e-04 9.999762152127296133e-01 -1.746300628695272514e-02
9.999722270227159315e-01 -2.367014113526619279e-03 -7.066995642863522359e-03 7.060552287044803421e-01 2.363071092110550532e-03 9.999970476255130025e-01 -5.662466521813742937e-04 -3.775156464199519533e-03 7.068315092263337956e-03 5.495311127142439925e-04 9.999748681528514149e-01 -2.078452039202296001e-02
9.999713602778638188e-01 -2.591833400272954089e-03 -7.110627515481451368e-03 8.148520014044984272e-01 2.588743133616607048e-03 9.999965507336097126e-01 -4.437678122878393897e-04 -3.497696394733121848e-04 7.111753161270801572e-03 4.253475147445945695e-04 9.999746207011780408e-01 -2.125924412332992619e-02
9.999726603017535798e-01 -2.906213299039018746e-03 -6.799453896756783855e-03 9.333633510343336548e-01 2.905565649953146569e-03 9.999957733094051449e-01 -1.051264881581799718e-04 1.023456867829696144e-02 6.799730677566914391e-03 8.536735435085944371e-05 9.999768779202483637e-01 -2.356034844773719286e-02
9.999702861796816444e-01 -3.843245446347937685e-03 -6.682531119621189925e-03 1.091120304221436799e+00 3.842939236963316667e-03 9.999926141611064079e-01 -5.866223320029842904e-05 8.626083471983092901e-03 6.682707216883559259e-03 3.297992907942097886e-05 9.999776699189726337e-01 -2.742923710231876672e-02
9.999696798814784460e-01 -3.751469082158383726e-03 -6.823913646815333092e-03 1.240863379235483288e+00 3.750991571974547113e-03 9.999929615806533167e-01 -8.277306975737380224e-05 4.512784241461878856e-03 6.824176137861530725e-03 5.717411749100195870e-05 9.999767134044470485e-01 -2.626171845958816600e-02
9.999695266134956961e-01 -3.839396114075812726e-03 -6.797417293402822913e-03 1.410792294869045671e+00 3.837848397457620676e-03 9.999926064591702080e-01 -2.407211523426795968e-04 1.559854623228082264e-02 6.798291260277406975e-03 2.146263596876277603e-04 9.999768683181957662e-01 -2.890394024551924332e-02
9.999688988475774476e-01 -4.741150971358897362e-03 -6.302604622717018421e-03 1.597780780918822252e+00 4.741294584309262497e-03 9.999887599688912498e-01 7.844996185929289470e-06 2.827196560865631939e-02 6.302496586933705944e-03 -3.772725736223788470e-05 9.999801383594705273e-01 -3.341888129658141665e-02
9.999693071658628529e-01 -5.031541881304362439e-03 -6.005690012056523475e-03 1.788401003107344955e+00 5.038711901477280382e-03 9.999866101823261522e-01 1.179338134078048187e-03 3.019445029614767351e-02 5.999675707748423556e-03 -1.209562878588639956e-03 9.999812702491205352e-01 -3.807309301594617723e-02
9.999640388071150410e-01 -5.982136927699370325e-03 -6.011250314264870304e-03 1.991135033846248570e+00 5.997971594799539861e-03 9.999785807719469011e-01 2.619605709058759301e-03 3.103789280948353324e-02 5.995450717875331487e-03 -2.655566813546763640e-03 9.999785010366913918e-01 -3.765953563835809648e-02
9.999641605900402297e-01 -6.470694956103076843e-03 -5.459637555844840465e-03 2.200522399129215767e+00 6.494881987190513455e-03 9.999691213804168255e-01 4.424115013163846914e-03 4.059164562307828600e-02 5.430841871072792509e-03 -4.459416157110227506e-03 9.999753094772435569e-01 -4.395461094337451552e-02
9.999608551057102002e-01 -6.959691140909186717e-03 -5.463602793032983594e-03 2.411306116303213010e+00 6.987590007408474128e-03 9.999625609892787148e-01 5.103940208447603315e-03 4.790819907885811996e-02 5.427876393696975076e-03 -5.141917831528728007e-03 9.999720490288058761e-01 -4.721071623231410525e-02
9.999585222515912086e-01 -7.512517323642347970e-03 -5.149355287402980312e-03 2.647621835414102343e+00 7.541960511199030485e-03 9.999551850737675718e-01 5.722471121356782937e-03 6.036849406117723166e-02 5.106134355992394437e-03 -5.761070000375062040e-03 9.999703682931756488e-01 -4.987836300575109599e-02
9.999547424695155451e-01 -8.194572565710744536e-03 -4.833424582034947375e-03 2.893916116988336729e+00 8.224329060664800281e-03 9.999471505742351107e-01 6.168992621958082137e-03 6.555381954287689550e-02 4.782616880623339825e-03 -6.208465102838997551e-03 9.999692902968770891e-01 -5.067503115576714456e-02
9.999545047501575690e-01 -8.571969138596596469e-03 -4.184468300036496731e-03 3.147343705210551956e+00 8.599365077799603005e-03 9.999414178676609977e-01 6.573564715629735648e-03 7.200164383932070034e-02 4.127874771087829998e-03 -6.609249420229136411e-03 9.999696387750857118e-01 -5.416749877231636506e-02
9.999495252870496120e-01 -9.249926408006986164e-03 -3.922466016497074860e-03 3.404483961071863352e+00 9.271326184092648984e-03 9.999420423541399705e-01 5.473065267244564200e-03 7.537843719784782792e-02 3.871613228652561172e-03 -5.509155477731203510e-03 9.999773296514925525e-01 -7.342613666398485617e-02
9.999288987055208189e-01 -9.943525245579070901e-03 -6.582084719504010389e-03 3.673069065578861814e+00 9.978914301697649689e-03 9.999358129652984317e-01 5.365744942415092561e-03 7.749190260518627749e-02 6.528307814707468709e-03 -5.431045490346286808e-03 9.999639418208829955e-01 -8.000977407588986956e-02
9.998924634623451713e-01 -1.060042164913492339e-02 -1.013373435922171328e-02 3.950061566378890721e+00 1.064106680503539536e-02 9.999355195468484503e-01 3.965406136215919933e-03 8.415448894109030242e-02 1.009104595438415838e-02 -4.072813454470596353e-03 9.999407897381282773e-01 -8.626042039164903696e-02
9.998361562730144758e-01 -1.147909409519214628e-02 -1.399610688576664180e-02 4.236498708388044321e+00 1.149036854021195757e-02 9.999337204228756493e-01 7.253909818645668840e-04 9.197699281861011766e-02 1.398685239838423633e-02 -8.860925573482335369e-04 9.999017865770445379e-01 -8.931692480292356684e-02
9.997846584287499727e-01 -1.166242124499926661e-02 -1.716463519017717015e-02 4.531857338467048635e+00 1.161610951673644823e-02 9.999286235310940185e-01 -2.795325188038903005e-03 9.045991323507755755e-02 1.719601029898690236e-02 2.595336956136830037e-03 9.998487692925771553e-01 -8.498901097824354545e-02
9.997534120029387683e-01 -1.208991110460914432e-02 -1.862657343594674789e-02 4.844387512970915743e+00 1.199398004059548835e-02 9.999142696319545109e-01 -5.253363606382874945e-03 9.364940713731774447e-02 1.868848927195201556e-02 5.028661439957910623e-03 9.998127089274543300e-01 -8.531200851209018443e-02
9.997299695476107306e-01 -1.257662823086607568e-02 -1.954012309776500395e-02 5.148224111360426569e+00 1.241979441972244913e-02 9.998898444015715814e-01 -8.126977862209460585e-03 9.648321363483756963e-02 1.964018062302529122e-02 7.882099018890458691e-03 9.997760428316690984e-01 -8.191602026772278056e-02
9.997201185657998979e-01 -1.262145291679632117e-02 -2.000958422986384364e-02 5.479798771538558988e+00 1.240302031255473628e-02 9.998625381359729225e-01 -1.100317769630647022e-02 1.085112405591504708e-01 2.014570976434627500e-02 1.075191883150329250e-02 9.997392393116975029e-01 -8.641720379707029664e-02
9.997002979102581621e-01 -1.335548520475719411e-02 -2.051695330907348999e-02 5.813236569973983414e+00 1.311482198921551726e-02 9.998441314145573022e-01 -1.182008122055934300e-02 1.189614221221240720e-01 2.067161828044382019e-02 1.154746252710707639e-02 9.997196308499961548e-01 -8.904601334969562687e-02
9.997025375551321646e-01 -1.367321508892823181e-02 -2.019602918797285332e-02 6.153113854679980399e+00 1.348213218831730703e-02 9.998633385599419166e-01 -9.567461284146134767e-03 1.275911578157373216e-01 2.032408712553369565e-02 9.292329788530008863e-03 9.997502608599884155e-01 -7.548840627896129252e-02
9.997943674216236420e-01 -1.425547297786920568e-02 -1.442235633218869918e-02 6.502236323679502661e+00 1.418005468801258016e-02 9.998853154446839531e-01 -5.318083031492518153e-03 1.508580472342556655e-01 1.449651409961563893e-02 5.112479658846293129e-03 9.998818498356181195e-01 -6.235087118176843579e-02
9.998694364596795170e-01 -1.569601668066172503e-02 -3.839934135269479788e-03 6.860564193001057021e+00 1.568768307121650926e-02 9.998745405660616203e-01 -2.190828077311554427e-03 1.619509972406808218e-01 3.873839653352452016e-03 2.130302365313093728e-03 9.999902275413357078e-01 -6.267238768091540346e-02
9.998079127688355161e-01 -1.747277876601459334e-02 8.879164770320567904e-03 7.228692979008104480e+00 1.747623730164006572e-02 9.998472302029527414e-01 -3.120661152978297182e-04 1.691563096851787240e-01 -8.872355639927687401e-03 4.671805619482866058e-04 9.999605307449495051e-01 -7.094053017822804508e-02
9.996300571592550144e-01 -1.888540000344526501e-02 1.957269757837415761e-02 7.607099541269489507e+00 1.894789917137884236e-02 9.998159335869127862e-01 -3.012650447911183367e-03 1.818080354055207626e-01 -1.951219979335710661e-02 3.382397439673235848e-03 9.998038974952959679e-01 -1.122211573534568907e-01
9.995420861627756226e-01 -2.041601034072652518e-02 2.233393183328460582e-02 7.980481851411747485e+00 2.058009075034979499e-02 9.997627001646762768e-01 -7.141654160126978401e-03 1.896822118328974349e-01 -2.218282790975539473e-02 7.598018241807507830e-03 9.997250583359023057e-01 -1.371053440847225802e-01
9.995791202311514745e-01 -2.154438788698383525e-02 1.942734537944914436e-02 8.357766009353158054e+00 2.173974734156684449e-02 9.997146322207471902e-01 -9.901389259142863442e-03 1.957267472654240781e-01 -1.920848207022244486e-02 1.031956754478677643e-02 9.997622421067153820e-01 -1.326429267913661614e-01
9.995773266122159884e-01 -2.271863398576236259e-02 1.813923351733280620e-02 8.733773795082846902e+00 2.287867685750528957e-02 9.997006991221387695e-01 -8.664774662783333511e-03 2.104893129639503202e-01 -1.793695258468445963e-02 9.076113955208115966e-03 9.997979245264749792e-01 -1.319026141737033309e-01
9.995489624264722872e-01 -2.425963675013271745e-02 1.770146143442025491e-02 9.134675272691563208e+00 2.436485531060203144e-02 9.996865805830942309e-01 -5.752775658241916605e-03 2.307204933536242120e-01 -1.755635320492514653e-02 6.181474486903824721e-03 9.998267669128045876e-01 -1.503854302809490284e-01
9.995621541692680800e-01 -2.565151512488157703e-02 1.474787185631951450e-02 9.542245316007354816e+00 2.568786506061242897e-02 9.996674109139721542e-01 -2.280601934431758689e-03 2.573519030688784515e-01 -1.468446598008305362e-02 2.658444724559548035e-03 9.998886433651130723e-01 -1.863244411371816345e-01
9.996115860244038087e-01 -2.688239206775469917e-02 7.349427358058493835e-03 9.946241492725995670e+00 2.687821556440226842e-02 9.996384933256585725e-01 6.664755665081091183e-04 2.888268647359897301e-01 -7.364686948498418324e-03 -4.686772052788723769e-04 9.999727704931908878e-01 -2.101360534502235144e-01
9.996089014808998696e-01 -2.794228868438466962e-02 1.128088306398796273e-03 1.036559016429794688e+01 2.793940570263761525e-02 9.996065042326732764e-01 2.495256443309747801e-03 3.035235334077814318e-01 -1.197367584305589552e-03 -2.462762435349117283e-03 9.999962505489983222e-01 -2.236334907925725535e-01
9.995728794851893584e-01 -2.920938955280355173e-02 -9.328234772290293483e-04 1.079472265273728304e+01 2.921145152788015911e-02 9.995706561380744981e-01 2.279141797607591238e-03 3.183648704401716434e-01 8.658506345824238662e-04 -2.305417457178815348e-03 9.999969676719158151e-01 -2.281064075013306547e-01
9.995534134428419870e-01 -2.987079795899823600e-02 -8.420831644022486314e-04 1.125199286001927490e+01 2.987250284267969555e-02 9.995515312003703245e-01 2.090466194220448343e-03 3.493195776025395660e-01 7.792616230486458300e-04 -2.114687751842295096e-03 9.999974604202928052e-01 -2.314117934964202705e-01
9.995223380061623031e-01 -3.090451009440248198e-02 -8.415770923616487480e-05 1.170850836152798458e+01 3.090458956041197691e-02 9.995133907231762427e-01 4.229433669147531979e-03 3.635007351696737388e-01 -4.659181820764127647e-05 -4.230014288890610041e-03 9.999910523641289961e-01 -2.400893273077887025e-01
9.994798917921773329e-01 -3.224619839786128234e-02 3.585972439101206121e-04 1.219291421007431175e+01 3.224357117523023869e-02 9.994631254425513367e-01 5.814894536864768926e-03 3.926697770098344087e-01 -5.459129650718751300e-04 -5.800307706731264862e-03 9.999830290607645278e-01 -2.599218613173843173e-01
9.994493466442482266e-01 -3.316944411097639406e-02 -8.896458587900679194e-04 1.267622117535411874e+01 3.317384856114937580e-02 9.994344422917607051e-01 5.503756226351952212e-03 4.187027350715608054e-01 7.065861781666067263e-04 -5.530238541509227036e-03 9.999844584780539503e-01 -2.746503567289612091e-01
9.994189213164824670e-01 -3.394121518529005788e-02 -3.132670800530466728e-03 1.317275603702825038e+01 3.395255927588468337e-02 9.994168097438791420e-01 3.641993957222451964e-03 4.428585139369964896e-01 3.007230156838349659e-03 -3.746239863215253783e-03 9.999884610602619572e-01 -2.835181790816241332e-01
9.993825517439148820e-01 -3.487523998614912302e-02 -4.270000670935658084e-03 1.369235323797351889e+01 3.488950293533829572e-02 9.993856859163381401e-01 3.312607802833912596e-03 4.611824177327414898e-01 4.151849557282433732e-03 -3.459540639865464964e-03 9.999853967552799761e-01 -2.928576342171643199e-01
9.993394985359962401e-01 -3.602037180593228860e-02 -4.806191921460315625e-03 1.421216324834792388e+01 3.603754505336660696e-02 9.993441820750461613e-01 3.535689364676883155e-03 4.964680485021185086e-01 4.675683089141511803e-03 -3.706557394580004168e-03 9.999821995515373318e-01 -3.021824450585791633e-01
9.992979532907549922e-01 -3.704998231169420037e-02 -5.558719241986606260e-03 1.473768527068912526e+01 3.707896458527897704e-02 9.992987852301210561e-01 5.204634750691513809e-03 5.235515395828924667e-01 5.361989760500564597e-03 -5.407092407905099082e-03 9.999710057884181325e-01 -3.091373228030397380e-01
9.992520240526334696e-01 -3.844469207348649720e-02 -4.171100345222508200e-03 1.529537396837628904e+01 3.847135492496008002e-02 9.992384823544493422e-01 6.512313890972544483e-03 5.576575909834287081e-01 3.917560076483929919e-03 -6.667910718629075500e-03 9.999700953977050943e-01 -3.100345151580534697e-01
9.992110259150528417e-01 -3.969134327099638204e-02 -1.386708019605233187e-03 1.586680642769124638e+01 3.969744054971445502e-02 9.992007504717869137e-01 4.687586843953272381e-03 5.784262003468338964e-01 1.199543075338838864e-03 -4.738937218580544647e-03 9.999880517138436398e-01 -3.239045102710344515e-01
9.991675425869988025e-01 -4.078565518670436429e-02 8.672782997544385827e-04 1.643329253610816565e+01 4.078344566693069273e-02 9.991650575174131355e-01 2.428661309661670799e-03 6.199096966274406650e-01 -9.656087149988986989e-04 -2.391268955134630454e-03 9.999966747107681408e-01 -3.434489436365478765e-01
9.991256162610782088e-01 -4.176914245353388622e-02 1.828023418093556321e-03 1.700555288241871210e+01 4.176692646032445499e-02 9.991266190438308215e-01 1.234087558350555492e-03 6.458773464069522685e-01 -1.877973636277640397e-03 -1.156657572585863443e-03 9.999975676761825305e-01 -3.546345176138818722e-01
9.990976783642135928e-01 -4.244340430362137512e-02 1.544836029428782497e-03 1.758773972317924006e+01 4.244105078250517277e-02 9.990978078124437278e-01 1.525658168150179593e-03 6.815787051772568272e-01 -1.608196416891896760e-03 -1.458717069400612860e-03 9.999976429216201890e-01 -3.637364062747179272e-01
9.990275605321407015e-01 -4.406972105499598613e-02 1.339023276456683233e-03 1.817612397443031824e+01 4.406437126468687460e-02 9.990214977217928283e-01 3.791869559176636213e-03 7.150431145716962256e-01 -1.504819672879942642e-03 -3.729178976774473464e-03 9.999919143382667297e-01 -3.769353213533193636e-01
9.989574106013249244e-01 -4.561773683973988081e-02 1.764621862102885462e-03 1.875455355940669477e+01 4.560781563565022290e-02 9.989453392898778317e-01 5.304362730379270918e-03 7.549177685286520001e-01 -2.004733807893668493e-03 -5.218351909476424272e-03 9.999843748007807287e-01 -3.858571645323415344e-01
9.988806238805008064e-01 -4.723201817527743901e-02 2.575984315103706061e-03 1.934335160124867414e+01 4.722274715305011666e-02 9.988780812523567754e-01 3.548372152010142045e-03 7.902944827885672874e-01 -2.740691047983348158e-03 -3.422755132977720830e-03 9.999903866337311875e-01 -4.156138134062826728e-01
9.988133948995541189e-01 -4.866322084339485404e-02 1.921745658053346066e-03 1.994555373867770953e+01 4.866178189265050330e-02 9.988150024439330643e-01 7.885911222633025085e-04 8.249914448026022251e-01 -1.957843778083010258e-03 -6.941398079501185682e-04 9.999978425065064735e-01 -4.237649594320972990e-01
9.987749449821644587e-01 -4.946369823986500325e-02 1.397079922563203638e-03 2.054841286335275186e+01 4.946521943824455647e-02 9.987752670468619254e-01 -1.076104732845383155e-03 8.652453568960579711e-01 -1.342140752963918125e-03 1.143893310285048733e-03 9.999984450819380255e-01 -4.411673256255275177e-01
9.987452333958152240e-01 -5.007947512771435128e-02 7.028564024355029661e-05 2.114014274470363475e+01 5.007952012007400866e-02 9.987435797775949808e-01 -1.817558136023028929e-03 9.026487959100115699e-01 2.082502552233649371e-05 1.818797395907511888e-03 9.999983457698072842e-01 -4.487365733869526085e-01
9.987153079738192440e-01 -5.065092177708824944e-02 -1.489208477872039143e-03 2.175601018560746525e+01 5.064826139222130402e-02 9.987149794525311819e-01 -1.772973512365201868e-03 9.391643622552148241e-01 1.577097557066168112e-03 1.695269967176461648e-03 9.999973194079241345e-01 -4.572858295135736606e-01
9.986636376958026862e-01 -5.162415307989629693e-02 -2.426017924506377200e-03 2.237385717223900983e+01 5.162187454029771444e-02 9.986662088411946137e-01 -9.926669638898992249e-04 9.854401223323343562e-01 2.474027714548774921e-03 8.661048082473530793e-04 9.999965645187631758e-01 -4.714889313012047833e-01
9.986373591055242027e-01 -5.205831165787831033e-02 -3.654748428488641034e-03 2.298715155835749258e+01 5.205609178325140002e-02 9.986439171875217680e-01 -6.999804395644718472e-04 1.034260710242495884e+00 3.686232086838101604e-03 5.087746979540897375e-04 9.999930763966862202e-01 -4.861808754468139870e-01
9.986003715101888778e-01 -5.270965601902170145e-02 -4.357772604118679768e-03 2.361230018603482961e+01 5.271159614873951321e-02 9.986097224392005423e-01 3.314835666171998124e-04 1.062788470737538571e+00 4.334241705879756518e-03 -5.607247623898029476e-04 9.999904499226859311e-01 -4.990484316199064185e-01
9.985957166189857181e-01 -5.277043161539970301e-02 -4.677210422751363651e-03 2.425300504409200286e+01 5.277244429391463737e-02 9.986065162727203459e-01 3.078650787388271387e-04 1.108652592259356640e+00 4.654446633053840703e-03 -5.542605754107228630e-04 9.999890144005355586e-01 -5.047686456472106897e-01
9.986152172314646247e-01 -5.246980650167865079e-02 -3.816715791244359567e-03 2.488566084708332582e+01 5.246859081687432758e-02 9.986224873479960795e-01 -4.180198473951145244e-04 1.149007916185364575e+00 3.833391637459499911e-03 2.171832815984329644e-04 9.999926289428218151e-01 -5.106258747910380480e-01
9.986368660068241088e-01 -5.217043085056672497e-02 -1.629722962555126432e-03 2.554512185364274401e+01 5.217111176267662936e-02 9.986380886679289137e-01 3.780993414214912983e-04 1.188606228961016642e+00 1.607777818838011623e-03 -4.626084001780661806e-04 9.999986005209974271e-01 -5.183150205930214804e-01
9.986668730101397884e-01 -5.160537621020915011e-02 1.167004006930576036e-03 2.620443419591896728e+01 5.160403720075604217e-02 9.986669621538996067e-01 1.149802976476305095e-03 1.239718882079763329e+00 -1.224784361591464699e-03 -1.088048024908266085e-03 9.999986580264811353e-01 -5.365924188611506107e-01
9.986777922321637968e-01 -5.130563694518721490e-02 3.224735638722165711e-03 2.687963012278896713e+01 5.130152017908325840e-02 9.986823020695575481e-01 1.346684953547665426e-03 1.278507826556950500e+00 -3.289578940551060246e-03 -1.179470515799142501e-03 9.999938937412049533e-01 -5.585250917359325662e-01
9.986943476330406577e-01 -5.098484510430576627e-02 3.185212003199658620e-03 2.755902103295986194e+01 5.098239333613691776e-02 9.986991936259204117e-01 8.462982073355108416e-04 1.324264977911325580e+00 -3.224217042136154083e-03 -6.828035048718401369e-04 9.999945690871721027e-01 -5.791457317531528703e-01
9.987477745017081521e-01 -4.999578066525910830e-02 1.817922868692729539e-03 2.824679008470648611e+01 4.999594922693970794e-02 9.987494194327171115e-01 -4.736779261240760811e-05 1.360988881331403499e+00 -1.813281219910275891e-03 1.381972568963548342e-04 9.999983464550007417e-01 -5.981551780654558170e-01
9.987871889192004859e-01 -4.923097967653990159e-02 -6.796256097965863805e-04 2.894429768517127854e+01 4.923164926545399445e-02 9.987868800971295702e-01 1.006407693404185811e-03 1.416266773224302833e+00 6.292547057425469659e-04 -1.038646200655149237e-03 9.999992626260206796e-01 -6.186729212965140778e-01
9.988231310125484930e-01 -4.837897178640332418e-02 -3.439192227803441245e-03 2.965247878160576889e+01 4.838428003798934951e-02 9.988277023178699920e-01 1.477338014754791054e-03 1.455702014788927912e+00 3.363688376591584834e-03 -1.642002221315760901e-03 9.999929946900679711e-01 -6.329477156266370974e-01
9.988764654298996071e-01 -4.705852718573287630e-02 -5.594803783896009491e-03 3.036432185930808103e+01 4.707237822723595033e-02 9.988886689847082945e-01 2.370270446579433865e-03 1.493056038561508814e+00 5.477044668678597225e-03 -2.630968085614937904e-03 9.999815398239257913e-01 -6.486368813815501788e-01
9.989628040319518121e-01 -4.494767614398071515e-02 -7.281659829743306403e-03 3.109176970705279430e+01 4.495916716175227951e-02 9.989878132487022278e-01 1.422064941409497459e-03 1.531268742719989140e+00 7.210370915694000460e-03 -1.747967342886410681e-03 9.999724772019609187e-01 -6.530872748949007045e-01
9.990800468186586958e-01 -4.236180101281801502e-02 -6.673669438715774775e-03 3.181859161084809884e+01 4.237827594003507059e-02 9.990988810683334442e-01 2.346822608194396465e-03 1.572756646459753549e+00 6.568240036500150487e-03 -2.627482246276420259e-03 9.999749769668581090e-01 -6.500097320294919712e-01
9.992199764814901908e-01 -3.941565615635175129e-02 -2.417571114673192686e-03 3.255896818938921911e+01 3.942652559694403286e-02 9.992117619120276517e-01 4.626438804842164347e-03 1.618554559986316699e+00 2.233311371880163359e-03 -4.718146503202535515e-03 9.999863756141332827e-01 -6.632891224182979606e-01
9.993187350174806971e-01 -3.687045822696261022e-02 1.623315494913090502e-03 3.331166319096101347e+01 3.686012623737552896e-02 9.993024755900258294e-01 5.991107861709192572e-03 1.656714166454927639e+00 -1.843078084878675216e-03 -5.927190715650929725e-03 9.999807355511372009e-01 -6.806145510495900108e-01
9.994076862887896207e-01 -3.426710422228160247e-02 3.168935958269280227e-03 3.405092813968228427e+01 3.425864894088101464e-02 9.994093933173840982e-01 2.685055255229626056e-03 1.688719131187850220e+00 -3.259073431789083139e-03 -2.574901395676114368e-03 9.999913741243815490e-01 -7.005790967716730711e-01
9.995105474638557030e-01 -3.118225187026957973e-02 2.516481035609159384e-03 3.477218285295919031e+01 3.118236977638345897e-02 9.995137116403276512e-01 -7.622651015886445136e-06 1.718425316757693944e+00 -2.515019608750309558e-03 8.608876227763579488e-05 9.999968336275333325e-01 -7.124057404982497843e-01
9.996197397828967546e-01 -2.753351304846373554e-02 1.510462043138675317e-03 3.551035176500977286e+01 2.753314611773915316e-02 9.996208564234119187e-01 2.631884948198560167e-04 1.746997556781353600e+00 -1.517135865013667000e-03 -2.215006425666408096e-04 9.999988246174255080e-01 -7.308240574719679916e-01
9.997045304519577291e-01 -2.430607732014457636e-02 -2.576803018384683222e-04 3.623889511988719647e+01 2.430656452174273854e-02 9.997023561053431928e-01 2.095260980394629026e-03 1.772645222066833615e+00 2.066760294744989705e-04 -2.100905217462339936e-03 9.999977717386604459e-01 -7.505514289932447847e-01
9.997763136582021870e-01 -2.100298208556753907e-02 -2.489456070999672421e-03 3.696772913616575096e+01 2.101057910135138360e-02 9.997745526465772192e-01 3.065851621040524642e-03 1.793715266736960245e+00 2.424502803043280565e-03 -3.117470745605997306e-03 9.999922015507463069e-01 -7.556275988741152361e-01
9.998320178667751135e-01 -1.794411333773110809e-02 -3.734279713049827587e-03 3.769363461678864979e+01 1.796660737991467513e-02 9.998201016675553054e-01 6.079911244032543648e-03 1.820770358838369907e+00 3.624509305910302015e-03 -6.145982265023099307e-03 9.999745445931558230e-01 -7.690681183648386821e-01
9.998839071876065576e-01 -1.463870995458290206e-02 -4.228512517591944374e-03 3.841227378286736638e+01 1.466464905551604844e-02 9.998734322947557818e-01 6.169883239005330422e-03 1.834941456571152152e+00 4.137658193276554271e-03 -6.231176612005317680e-03 9.999720257200725992e-01 -7.898898936184359787e-01
9.999219155275617110e-01 -1.055499861531179577e-02 -6.689906720011883252e-03 3.912163616122717258e+01 1.058492274543594742e-02 9.999340606319587765e-01 4.453515303138642564e-03 1.858566357079678655e+00 6.642458743932612951e-03 -4.523979698551200412e-03 9.999677051532825933e-01 -8.019059265047423501e-01
9.999309288783122529e-01 -5.971267418093069435e-03 -1.012331161118903977e-02 3.983746810762321644e+01 6.015776015340605978e-03 9.999723480425931621e-01 4.371909092843480511e-03 1.865882768309843343e+00 1.009692584348658925e-02 -4.432506695364930686e-03 9.999392006381720988e-01 -7.951974209475305422e-01
9.999435610318132550e-01 -7.066090824640033690e-04 -1.060072896648447949e-02 4.054760745158139201e+01 7.871710585950344530e-04 9.999708293808780013e-01 7.597417261373400760e-03 1.882932324528077128e+00 1.059505133261722659e-02 -7.605333058024712350e-03 9.999149482812704770e-01 -7.991410667227208942e-01
9.999453639907113223e-01 4.366277168036177860e-03 -9.497613235738952900e-03 4.127274768518873316e+01 -4.272728105243611511e-03 9.999423803142599709e-01 9.847834583828330920e-03 1.893153285864699109e+00 9.540064361546996344e-03 -9.806715818441459273e-03 9.999064033682522057e-01 -8.086534608264862589e-01
9.999201536025239534e-01 9.228289459104350653e-03 -8.632791736383807132e-03 4.197399858458863520e+01 -9.141109430962674962e-03 9.999073698775093888e-01 1.008423437910511457e-02 1.889686423255687586e+00 8.725052313651662436e-03 -1.000451589536164622e-02 9.999118876800212607e-01 -8.168967631844226140e-01
9.998662822565376196e-01 1.428511668146905007e-02 -7.959462788819983772e-03 4.268625697332716840e+01 -1.419797622965162341e-02 9.998398013488463132e-01 1.089904168639298752e-02 1.886169882525745578e+00 8.113881775823625700e-03 -1.078457602765631705e-02 9.999089247738673913e-01 -8.184737368053250917e-01
9.997720754978585145e-01 2.028960095245601822e-02 -6.642977336578232729e-03 4.338775249581448179e+01 -2.020631518629924586e-02 9.997192642651908656e-01 1.237325679266764768e-02 1.884828610805091564e+00 6.892160858259821325e-03 -1.223620653043496799e-02 9.999013818214516069e-01 -8.173922808904797721e-01
9.996475113182623495e-01 2.637038388934266273e-02 -3.075055891082188655e-03 4.409237858598380200e+01 -2.633022840039124859e-02 9.995758963441637723e-01 1.243971543664667764e-02 1.870869772623382277e+00 3.401791820175434442e-03 -1.235436365379505991e-02 9.999178953849771068e-01 -8.281299773839042588e-01
9.994601860138606630e-01 3.283411711885322881e-02 1.121305562503081832e-03 4.479137441538495068e+01 -3.284484548888101652e-02 9.993944405689961785e-01 1.148774497430669374e-02 1.855844475974040231e+00 -7.434365814267676143e-04 -1.151837283684659617e-02 9.999333849758397230e-01 -8.365715368231594340e-01
9.992165616473741574e-01 3.932836159676948717e-02 4.420735652919421076e-03 4.549171789300874025e+01 -3.937273019079982894e-02 9.991700255702757882e-01 1.044261074716460423e-02 1.835087346360722904e+00 -4.006375783888126672e-03 -1.060848603751097900e-02 9.999357024214458045e-01 -8.605587700550331176e-01
9.989670615743446724e-01 4.512288061346321488e-02 5.360553578002004438e-03 4.617701918457594701e+01 -4.517135256579690727e-02 9.989360161577789388e-01 9.294327851009712149e-03 1.806052403418290098e+00 -4.935463189606153003e-03 -9.526870838251537410e-03 9.999424383108935777e-01 -8.750204974844307815e-01
9.986931974888537678e-01 5.089714742057128288e-02 4.623599673187110161e-03 4.687575824332925833e+01 -5.093781265275412057e-02 9.986599096377941631e-01 9.150088763812017773e-03 1.771896498548154675e+00 -4.151690215103320987e-03 -9.373647458772397384e-03 9.999474477199671307e-01 -8.917147391225138664e-01
9.984054765866873238e-01 5.637739398445360678e-02 2.844955049099916547e-03 4.757487881352935233e+01 -5.640097587955095887e-02 9.983673494994406150e-01 9.031355008861173539e-03 1.739218217233975849e+00 -2.331145972266899548e-03 -9.177412542948296809e-03 9.999551694238459909e-01 -9.124024597441164897e-01
9.981084649833880107e-01 6.147399467289518110e-02 6.634059555199122663e-04 4.826001501158690132e+01 -6.147749044862096252e-02 9.980668020336503909e-01 9.120134125212083984e-03 1.705013496529305117e+00 -1.014723838464598460e-04 -9.143667605452080252e-03 9.999581906490272454e-01 -9.237162050498661792e-01
9.977746715182315151e-01 6.667428401385137871e-02 -4.946998337287478523e-04 4.895268656437216492e+01 -6.666631657258866028e-02 9.977277409630592730e-01 9.744595804539327513e-03 1.669319801950380766e+00 1.143289695833024254e-03 -9.689931062228396633e-03 9.999523979293617471e-01 -9.307808625226016153e-01
9.974214491334142396e-01 7.175591902600238214e-02 1.241327246840552307e-03 4.964799658324191967e+01 -7.176480784963788773e-02 9.973706710102775430e-01 1.007754746023033741e-02 1.628428243340136916e+00 -5.149397095877182931e-04 -1.014064560284173334e-02 9.999484497432120644e-01 -9.397034026498034542e-01
9.970307211214201049e-01 7.694641826030695908e-02 2.998309025268628553e-03 5.033678801881721654e+01 -7.697020782070715383e-02 9.969941122303277448e-01 8.850270396871119660e-03 1.576085649422865664e+00 -2.308299837165417485e-03 -9.054771944697597580e-03 9.999563404753686324e-01 -9.622945172088933630e-01
9.966391329841711721e-01 8.186532637772837850e-02 2.916666183764871859e-03 5.103245470170487863e+01 -8.188355024305497831e-02 9.966187009284785958e-01 6.800673439071190998e-03 1.522831867190802768e+00 -2.350064712427858259e-03 -7.016644262024923293e-03 9.999726215747847258e-01 -9.755141264486368868e-01
9.962296149479592522e-01 8.675130885772769362e-02 8.744781940851863297e-04 5.172610142112333165e+01 -8.675338423691894563e-02 9.962261326586088206e-01 2.709784403507214424e-03 1.470152963899021170e+00 -6.361006856612617206e-04 -2.775431415676256515e-03 9.999959461699705621e-01 -9.939459579005829326e-01
