1.000000000000000000e+00 0.000000000000000000e+00 0.000000000000000000e+00 0.000000000000000000e+00 0.000000000000000000e+00 1.000000000000000000e+00 0.000000000000000000e+00 0.000000000000000000e+00 0.000000000000000000e+00 0.000000000000000000e+00 1.000000000000000000e+00 0.000000000000000000e+00
9.999999210722472220e-01 3.972360751776799750e-04 7.681133442547793152e-06 2.754426811501885577e-03 -3.972358552484906401e-04 9.999999206924898854e-01 -2.861274579415455511e-05 -3.539028643477831943e-05 -7.692498848215550077e-06 2.860969231420250073e-05 9.999999995611554837e-01 -6.484240410728257884e-04
9.999999928729048637e-01 -1.193790609143713762e-04 -1.682297430842516532e-06 1.011724873002395504e-03 1.193790326695010393e-04 9.999999927335462280e-01 -1.677957364187458166e-05 -1.261327372063913012e-04 1.684300548362090693e-06 1.677937269124500508e-05 9.999999998578078531e-01 -5.801395531451937352e-04
9.999999009760657254e-01 4.449679548882310375e-04 7.167842084309967462e-06 1.294312583527641941e-03 -4.449679818035309959e-04 9.999999009946969331e-01 3.753850404045798910e-06 -2.064660176723786059e-03 -7.166171031518344929e-06 -3.757039492550904605e-06 9.999999999672652962e-01 -4.060287365747420728e-04
9.999999866508708646e-01 -1.621017632183310083e-04 -2.052502186152056315e-05 1.560491179580021431e-03 1.621014828577638895e-04 9.999999867682515253e-01 -1.366037965281755873e-05 1.026944633852272873e-04 2.052723596156658887e-05 1.365705233398394466e-05 9.999999996960587945e-01 -4.139155963022907452e-04
9.999999942648837292e-01 -1.065466072426353049e-04 -1.086521579984876512e-05 -2.098155724792731894e-03 1.065465192040072136e-04 9.999999942910898776e-01 -8.103053024173946083e-06 -1.917327544987271377e-03 1.086607909062825809e-05 8.101895326778122238e-06 9.999999999081438107e-01 -7.465007805995077603e-04
9.999999981963404450e-01 -5.715810484559124475e-05 -1.844641415394708458e-05 -1.703804372062642583e-03 5.715765046029650073e-05 9.999999980631263385e-01 -2.463230391875190402e-05 -1.173312021701213449e-03 1.844782205402868431e-05 2.463124952063115540e-05 9.999999995264896580e-01 -1.434147028369831857e-04
9.999999889892509097e-01 1.472137789055688291e-04 -1.869762947310080116e-05 -2.432556871981936958e-03 -1.472136160500118812e-04 9.999999891261345253e-01 8.711035081611249255e-06 -1.360966239064866122e-03 1.869891165417783790e-05 -8.708282440049930004e-06 9.999999997872582869e-01 -4.535954885547850029e-04
9.999999299982668122e-01 3.741662737568407591e-04 -1.749608508179353822e-06 -3.441513120995593096e-04 -3.741662884271918475e-04 9.999999299645778716e-01 -8.392137608371241547e-06 -3.036789707289229596e-04 1.746468330787004382e-06 8.392791665428769003e-06 9.999999999632555037e-01 -1.276382030498484331e-04
9.999998781891374922e-01 4.932829383878066390e-04 1.713629976670326429e-05 1.683564532775833457e-03 -4.932824197651295003e-04 9.999998778785184061e-01 -3.025562098384609194e-05 2.156845631514341805e-04 -1.715122225561461065e-05 3.024716426296806550e-05 9.999999993954723498e-01 -2.112219474454649266e-04
9.999999993080525007e-01 3.562743826971460383e-05 -1.070423933286346189e-05 9.919428687940891852e-04 -3.562751343693667345e-05 9.999999993406852861e-01 -7.022083219050619828e-06 -1.771722692899295112e-04 1.070398914696958902e-05 7.022464579622369785e-06 9.999999999180547716e-01 -5.428933678647051902e-04
9.999999542606943237e-01 -3.022922663871445057e-04 -9.899241780417416525e-06 -1.270252311520108680e-03 3.022921432937990933e-04 9.999999542324298218e-01 -1.243375991521076534e-05 -1.561271483099159886e-04 9.902999956817655451e-06 1.243076688348443412e-05 9.999999998737033602e-01 -6.164031110894101998e-04
9.999998632181628100e-01 5.230030102268687971e-04 5.613110618235488572e-06 6.793049296517470088e-04 -5.230030036722272020e-04 9.999998632332363080e-01 -1.169142151533573231e-06 -4.203689996483648021e-04 -5.613721315413149277e-06 1.166206317902880257e-06 9.999999999835630371e-01 -1.660367383395607629e-04
9.999999388754829965e-01 -3.145865362265858663e-04 1.525920755028650061e-04 -2.454977996166849211e-03 3.145997299454966669e-04 9.999999467769019601e-01 -8.644768990057565385e-05 3.194113067091822709e-04 -1.525648721021114179e-04 8.649569004224739988e-05 9.999999846212276333e-01 8.542496943016039072e-04
9.999997461380661923e-01 4.319494712038498586e-04 5.666952068569638306e-04 -1.054051320304364228e-02 -4.316995017327746997e-04 9.999998095117201835e-01 -4.411485730050236230e-04 -4.463599649749728799e-04 -5.668856528010004754e-04 4.409038189757593100e-04 9.999997421222063254e-01 4.561988611250415195e-03
9.999998233539373338e-01 -2.907070515301568982e-04 5.184414184468602972e-04 -1.378392262514724700e-02 2.908681909091376271e-04 9.999999094098699359e-01 -3.107667090570780523e-04 -1.750526937041051384e-03 -5.183510294074811274e-04 3.109174522788385312e-04 9.999998173212574226e-01 3.026326447490870937e-03
9.999999662189297256e-01 1.557917799384123700e-04 2.080650398774168874e-04 -6.995382903673413519e-03 -1.557774197287280205e-04 9.999999854839676239e-01 -6.903231096508584722e-05 -3.199159993716025295e-03 -2.080757915237365578e-04 6.899989679805264254e-05 9.999999759717392855e-01 -8.999652211646739976e-04
9.999999646082498028e-01 6.440322439586275806e-05 -2.581389623464408044e-04 6.254886776062355304e-03 -6.442029121859686833e-05 9.999999957399389183e-01 -6.610709593701052879e-05 -1.273283170177734371e-03 2.581347037366192500e-04 6.612372298449391815e-05 9.999999644970634094e-01 -1.261614510325552094e-03
9.999999162537823727e-01 -2.768191192287316311e-04 -3.014359026400912690e-04 1.825621881538169039e-02 2.768171170531185028e-04 9.999999616638043376e-01 -6.683828270232440790e-06 -3.470083639015520078e-04 3.014377412956403715e-04 6.600385092941969322e-06 9.999999545458604366e-01 -1.420967764743617367e-03
9.999999939129843307e-01 1.311301347810318009e-05 -1.095540055070775025e-04 3.929708410505959593e-02 -1.312025794374413622e-05 9.999999977275768615e-01 -6.612643273537874994e-05 2.512504704783429573e-03 1.095531381413207290e-04 6.612786970967714543e-05 9.999999918126073473e-01 -2.794795112563306858e-04
9.999999917581305908e-01 1.252134800001892222e-04 2.837821816436422403e-05 5.726478624672919765e-02 -1.252118345435553732e-04 9.999999904803060780e-01 -5.797744628982538491e-05 1.549643921329109213e-03 -2.838547745202374520e-05 5.797389252322540643e-05 9.999999979166461772e-01 5.829294651680378119e-04
9.999999884410946116e-01 3.358984487481483699e-05 -1.482886808704903328e-04 8.037865316765899215e-02 -3.360028487810136398e-05 9.999999969573383218e-01 -7.040130807874356571e-05 5.142635718604740601e-04 1.482863156502807033e-04 7.040628980690295249e-05 9.999999865270613464e-01 7.480363667210373178e-04
9.999999546845667053e-01 -1.804504993720082581e-04 -2.409740274497661205e-04 1.046634341953868313e-01 1.804168480956997356e-04 9.999999739722353898e-01 -1.396613386480039160e-04 -1.189197248351392096e-03 2.409992231360528624e-04 1.396178565446844384e-04 9.999999612131135196e-01 1.247391408889327816e-03
9.999998975908760412e-01 -3.786197417913000581e-04 -2.479220209217351313e-04 1.396071296257872241e-01 3.785525821726899828e-04 9.999998916607056865e-01 -2.708810060639086498e-04 -2.697845088406691620e-04 2.480245549586103794e-04 2.707871268020246988e-04 9.999999325790738247e-01 2.342439729906565290e-03
9.999997463217386029e-01 -6.910096813873776436e-04 -1.728064774233892731e-04 1.717631387418304123e-01 6.909776811943280040e-04 9.999997441308224877e-01 -1.851705530068715685e-04 -1.957315484323467452e-03 1.729343878523736391e-04 1.850511006140622349e-04 9.999999679248933182e-01 2.437334138140409036e-03
9.999995564429352557e-01 -8.918968672917398227e-04 -3.027109361873198123e-04 2.123166718560905719e-01 8.918326266817936526e-04 9.999995797844475343e-01 -2.122863497531461837e-04 -5.255834099305604565e-03 3.029001465137901852e-04 2.120162881026907496e-04 9.999999316502951041e-01 3.055738068607934989e-03
9.999994793348054856e-01 -8.197991465322412722e-04 -6.076672422360684380e-04 2.572553560178024168e-01 8.196419375415391626e-04 9.999996305755306514e-01 -2.589129130729058348e-04 -4.319923254216121063e-03 6.078792743340833077e-04 2.584147087101567458e-04 9.999997818522893267e-01 3.322164379290945286e-03
9.999989155247394068e-01 -1.022068433313573933e-03 -1.060342144231617026e-03 3.158907281696647917e-01 1.021819950451089559e-03 9.999994503628364395e-01 -2.348574330480871809e-04 -5.901270989383216974e-03 1.060581601796815833e-03 2.337736995937313069e-04 9.999994102580878064e-01 3.145987884630216565e-03
9.999978554419387544e-01 -1.455009663980180246e-03 -1.473790487530002042e-03 3.940588610215091658e-01 1.454746274853687153e-03 9.999989256971322238e-01 -1.797716809350296456e-04 -3.011164287505776332e-03 1.474050473765725188e-03 1.776273041825730630e-04 9.999988978112633875e-01 3.023239562064677834e-03
9.999971312956036362e-01 -1.699124173807224462e-03 -1.688306134953047096e-03 4.742414515424925869e-01 1.698706062338491054e-03 9.999985261836815686e-01 -2.490545693362207643e-04 -3.373657637552827764e-03 1.688726821339271104e-03 2.461859190057547986e-04 9.999985437960478007e-01 3.840497832076206989e-03
9.999963003190095456e-01 -1.922178865441676520e-03 -1.924727695668173666e-03 5.703235268458953788e-01 1.921876883974060280e-03 9.999981405948192847e-01 -1.587329419829050059e-04 -7.377729112004040996e-03 1.925029229925853723e-03 1.550332650554076940e-04 9.999981351118364392e-01 2.792223665935076107e-03
9.999943872620357110e-01 -2.263331200085330619e-03 -2.470379789519173107e-03 6.783387584343976151e-01 2.263063506711741196e-03 9.999974330911970410e-01 -1.111511648665054237e-04 -1.096219244700896711e-02 2.470625020178912959e-03 1.055599146547635329e-04 9.999969424298826848e-01 1.627301674894475643e-03
9.999922923688157050e-01 -2.504549180459940839e-03 -3.023646203459333208e-03 7.914553093208990253e-01 2.503422332490961352e-03 9.999967955925326279e-01 -3.764057539598860726e-04 -9.259587341673397587e-03 3.024579241187460958e-03 3.688333893318672526e-04 9.999953579303979545e-01 2.721041765926762550e-03
9.999895406137162546e-01 -3.048388938786168560e-03 -3.409690315345304066e-03 9.119571940686020950e-01 3.046646092592715689e-03 9.999952257196343952e-01 -5.162223590882067522e-04 -1.013811623215670789e-03 3.411247683057177290e-03 5.058288400429468206e-04 9.999940537455357381e-01 2.798193054679930757e-03
9.999880639497537027e-01 -3.511352222026075613e-03 -3.397405421233037643e-03 1.044766685476033352e+00 3.510457482989216577e-03 9.999938020671949035e-01 -2.692869396506587516e-04 -2.552002566721138163e-04 3.398329925636430198e-03 2.573572781445008085e-04 9.999941925436106605e-01 7.114009330797454664e-04
9.999866200142387695e-01 -3.837964746808738246e-03 -3.468402961120283391e-03 1.183795777743067656e+00 3.837308288362633463e-03 9.999926183162907156e-01 -1.959031122200272817e-04 -6.243390478010776498e-03 3.469129227705138648e-03 1.825911596090868392e-04 9.999939658832296407e-01 1.208625650911176585e-03
9.999831653284999566e-01 -4.041544793258573624e-03 -4.163529185428583093e-03 1.334539469690370961e+00 4.040815105584260637e-03 9.999918190087441205e-01 -1.836542011692034475e-04 -7.299407743926221784e-03 4.164237370313218778e-03 1.668270577860364340e-04 9.999913156102189227e-01 -1.424911387614582418e-03
9.999774404570140884e-01 -4.603893466082460348e-03 -4.891088017184326911e-03 1.502477922882175632e+00 4.601670940542401320e-03 9.999893038821686675e-01 -4.655596747496653135e-04 -4.947181826844233854e-03 4.893179088675222652e-03 4.430419943398580395e-04 9.999879301832584888e-01 6.106060750697556161e-04
9.999730431811206799e-01 -5.286332379529806377e-03 -5.095841545975816900e-03 1.672799627686053281e+00 5.282726673474453030e-03 9.999857865374075505e-01 -7.207787841937010132e-04 -1.779860002067040411e-03 5.099579392647986958e-03 6.938394162318376477e-04 9.999867563507441881e-01 6.000631473825393178e-03
9.999654332133781631e-01 -5.978327939168237397e-03 -5.778578841960545047e-03 1.865105524419750749e+00 5.972537288689351055e-03 9.999816452266845346e-01 -1.018826809812743359e-03 3.114512418059575509e-03 5.784563658238092883e-03 9.842788146345632545e-04 9.999827848610689518e-01 1.018864761009986158e-02
9.999557988314896617e-01 -6.957778345521249165e-03 -6.323741279643318829e-03 2.062862238746356436e+00 6.952608582855649040e-03 9.999754782443045498e-01 -8.391328667203425519e-04 1.179524513779650272e-02 6.329424710893660939e-03 7.951292781704914119e-04 9.999796528691271558e-01 1.094022451016028394e-02
9.999502654687686398e-01 -7.558836271401359920e-03 -6.506195751844398578e-03 2.272599031906093359e+00 7.554868770145896882e-03 9.999712604833116414e-01 -6.341650279926307936e-04 1.615642564814909893e-02 6.510802316538655959e-03 5.849800329941751273e-04 9.999786333975121400e-01 1.232850775309622150e-02
9.999398525797318360e-01 -8.176155463526858444e-03 -7.310383345653841645e-03 2.490273181578429806e+00 8.172256451245097850e-03 9.999664480278758205e-01 -5.630657231298315853e-04 1.487975048105844023e-02 7.314741780764104882e-03 5.032895287215494780e-04 9.999731202649054795e-01 1.427286284792489077e-02
9.999329191986408016e-01 -8.838636656873776268e-03 -7.485693350137329581e-03 2.726361357391168916e+00 8.835264291575680926e-03 9.999608514200986065e-01 -4.834584672838164910e-04 2.009603834485207755e-02 7.489673409604105485e-03 4.172879573482533703e-04 9.999718649356981182e-01 1.558651753299713193e-02
9.999204853631219470e-01 -9.673044993479186504e-03 -8.090435818463621517e-03 2.965887975528175957e+00 9.669551605220497170e-03 9.999531379624998495e-01 -4.707979435958297397e-04 1.731192877996386506e-02 8.094610733848145792e-03 3.925296216129434872e-04 9.999671610595838311e-01 1.443008716378260149e-02
9.999119033235954745e-01 -1.011244667472391973e-02 -8.597907538210210893e-03 3.226823282968381168e+00 1.011056790851424386e-02 9.999488525905521064e-01 -2.619530599015931164e-04 1.881456628639632811e-02 8.600116763862495489e-03 1.750002546714409435e-04 9.999630029988904045e-01 1.597616284082727794e-02
9.999105395308632849e-01 -1.063469555910600411e-02 -8.112717514062712729e-03 3.485425668432803548e+00 1.062509659160574410e-02 9.999428012411782918e-01 -1.225384986264963297e-03 1.953995067867672630e-02 8.125285072961863433e-03 1.139076955541890989e-03 9.999663405566071583e-01 2.743409115191374273e-02
9.999028150968743978e-01 -1.124123556471019400e-02 -8.245907125628683040e-03 3.756076155607617206e+00 1.123240209902871475e-02 9.999362909361801943e-01 -1.116786407733433425e-03 2.492895920832129131e-02 8.257935845690162965e-03 1.024056528448278594e-03 9.999653783025664877e-01 1.745192952333159825e-02
9.998882695213721084e-01 -1.197226700369992750e-02 -8.950603127611036006e-03 4.033995342395863659e+00 1.196767357314702795e-02 9.999282243101476064e-01 -5.665837992928045297e-04 1.573313475859187960e-02 8.956743984422062613e-03 4.594025980996890011e-04 9.999597820344827692e-01 6.964265219392715665e-03
9.998580330886043255e-01 -1.258674755280987656e-02 -1.120211829205810215e-02 4.325925434406709513e+00 1.258177104349316941e-02 9.999207139625057028e-01 -5.146125940595372514e-04 -2.378048177011387980e-03 1.120770741929610730e-02 3.735970485461915700e-04 9.999371218829955499e-01 -1.711733320225507140e-03
9.998371441266874493e-01 -1.259660193255941057e-02 -1.292326755671160260e-02 4.611770432897286831e+00 1.258267595465947103e-02 9.999201640754902254e-01 -1.158335471620214807e-03 -1.293770612213590403e-02 1.293682690653888759e-02 9.955375419439290840e-04 9.999158201641740185e-01 -5.965385044228324260e-03
9.998188456229872845e-01 -1.297573125916182471e-02 -1.392502550830929629e-02 4.913993609510142413e+00 1.296052869017318143e-02 9.999153108667715451e-01 -1.181435685421595126e-03 -2.728756346352376877e-02 1.393917620192282845e-02 1.000745970564185811e-03 9.999023441688263958e-01 -8.237241136141909559e-03
9.997987169030700949e-01 -1.306683397838213564e-02 -1.522443853664564618e-02 5.236947508540803931e+00 1.304480096243596648e-02 9.999137183819764019e-01 -1.545625886168627318e-03 -2.999993130440883199e-02 1.524332138430246029e-02 1.346715007328181963e-03 9.998829069005349401e-01 -1.024865484378656086e-02
9.997722546212245431e-01 -1.324252095599744855e-02 -1.673542734211611038e-02 5.538509363498783422e+00 1.319638278755343175e-02 9.999088213288270799e-01 -2.864351605533947860e-03 -3.187082043938065101e-02 1.677183266425117530e-02 2.642852157372747000e-03 9.998558500911801650e-01 -2.145383415279972575e-03
9.997330573509132234e-01 -1.396137472141993977e-02 -1.840907536200164438e-02 5.879206566491402164e+00 1.389427282109191933e-02 9.998963705822411230e-01 -3.767927710899521016e-03 -3.084529410682732009e-02 1.845977309093549054e-02 3.511141174831113303e-03 9.998234387456025329e-01 9.079798008414059415e-04
9.996758483228066483e-01 -1.456663182300155235e-02 -2.088088880795061289e-02 6.226485976978317183e+00 1.450350583301095869e-02 9.998897891554395789e-01 -3.171413130207322885e-03 -1.865351945930430674e-02 2.092478431498627847e-02 2.867539018697528447e-03 9.997769404328885612e-01 -4.179760722043419224e-04
9.996877593292605724e-01 -1.511093525308506574e-02 -1.990084126411524254e-02 6.606328813117562149e+00 1.508899234808411260e-02 9.998853704372928641e-01 -1.252316013257292896e-03 -6.098828552223218256e-03 1.991748370557636441e-02 9.516413477106643298e-04 9.998011743449711775e-01 -6.831403521699933035e-03
9.997129822117878373e-01 -1.731646820321315269e-02 -1.655575809743374538e-02 6.988268264728835000e+00 1.732006536690936307e-02 9.998499936858181725e-01 7.390639592106992947e-05 6.670464375017576969e-03 1.655199483142807959e-02 -3.606319959170693366e-04 9.998629413132901211e-01 2.904869826096210042e-02
9.997205595733187344e-01 -1.870219292552119383e-02 -1.445789563480941869e-02 7.375714026569666792e+00 1.872121276710252136e-02 9.998240448803059621e-01 1.181300856213873384e-03 -2.636006139222039912e-04 1.443325877753647707e-02 -1.451640093342403820e-03 9.998947813555684183e-01 4.817122636257663293e-02
9.997274031542627837e-01 -1.982552065024555457e-02 -1.233159005889873996e-02 7.760642206519682063e+00 1.982601889001996479e-02 9.998034418198075146e-01 -8.185498977293618355e-05 -4.539331866225280489e-03 1.233078900178795345e-02 -1.626536610907926121e-04 9.999239597021265524e-01 7.017428559238308994e-02
9.997084130357372089e-01 -2.128337002997772801e-02 -1.140644842774578283e-02 8.147634156647226789e+00 2.126752718412476192e-02 9.997726825908944681e-01 -1.508453671509006047e-03 -1.119675875620911899e-02 1.143596052110589650e-02 1.265426874070799080e-03 9.999338065601073300e-01 8.874312818686179438e-02
9.996547434823342959e-01 -2.223365981396947799e-02 -1.400207857945077496e-02 8.521839094226002942e+00 2.219353807137195572e-02 9.997491488819274519e-01 -3.014328737269537234e-03 -6.105040442505501805e-03 1.406558570209570126e-02 2.702532356595225248e-03 9.998974225477924582e-01 1.006393275032664847e-01
9.995828419780022900e-01 -2.409399085462857193e-02 -1.592550243719467740e-02 8.894885625931820528e+00 2.403216993333780194e-02 9.997029335551603779e-01 -4.061951440113409535e-03 4.440091330011202569e-03 1.601864012565341194e-02 3.677532583640753198e-03 9.998649303394039345e-01 1.134801451017135310e-01
9.995450904381891766e-01 -2.544473923921160285e-02 -1.619189383490128240e-02 9.291323277721190266e+00 2.536917879944972087e-02 9.996663611763074719e-01 -4.855007678883114380e-03 2.227744592351330044e-02 1.631002599488240098e-02 4.442024039668007740e-03 9.998571155292526047e-01 1.410287324378743934e-01
9.995137179301356589e-01 -2.689525146557805377e-02 -1.577888202885668542e-02 9.676520367907116338e+00 2.681257291159891767e-02 9.996257401552356425e-01 -5.428218212033757151e-03 4.436932921527882850e-02 1.591896992074068665e-02 5.002506141983695948e-03 9.998607709721198944e-01 1.633236577892046848e-01
9.994782212551144296e-01 -2.772096936072008036e-02 -1.657809079522252343e-02 1.009273425375645594e+01 2.766521200972505909e-02 9.996108223131099368e-01 -3.583288847556157647e-03 5.199596155340709125e-02 1.667097121254750014e-02 3.122782767032414308e-03 9.998561531273487679e-01 1.407598036527486496e-01
9.993990000941095353e-01 -2.871856534695237453e-02 -1.941346479397522071e-02 1.051222852143162001e+01 2.868896963747151821e-02 9.995867637180009257e-01 -1.801338644897645686e-03 6.207990929667497187e-02 1.945717430754852553e-02 1.243303738509107890e-03 9.998099182163474596e-01 1.160978353554606018e-01
9.993097357719161744e-01 -2.984960299674687886e-02 -2.211454707652124943e-02 1.094873459245719260e+01 2.981478731119585265e-02 9.995536299495899613e-01 -1.902448997029716326e-03 6.509283629930824600e-02 2.216146315231080563e-02 1.241795286971403636e-03 9.997536333994561097e-01 1.159687592918774990e-01
9.992478820174822696e-01 -3.055849140547002921e-02 -2.387150784088954911e-02 1.140387248217657934e+01 3.050157614782517471e-02 9.995309499512862184e-01 -2.744802721099095111e-03 8.001263736871078169e-02 2.394418793933632619e-02 2.014619691441794491e-03 9.997112669023114906e-01 1.292319882612991133e-01
9.992048112826663608e-01 -3.137015959478711702e-02 -2.461012386333709737e-02 1.187190575378257762e+01 3.131317451285171860e-02 9.995059820808203099e-01 -2.697570496321720964e-03 1.060287868072498085e-01 2.468258923814318009e-02 1.924804315383262703e-03 9.996934854828496420e-01 1.434067379750627869e-01
9.991813997641960654e-01 -3.237813453144354481e-02 -2.425256212290748115e-02 1.235097513497156285e+01 3.233465653658716688e-02 9.994747146420774886e-01 -2.182837098504252036e-03 1.263605656851413128e-01 2.431049880036780658e-02 1.396851961164238213e-03 9.997034802643611773e-01 1.499518057378751434e-01
9.991406943297322929e-01 -3.321675338404955075e-02 -2.478951852948671139e-02 1.284503740654667148e+01 3.318710920769165490e-02 9.994478652017618758e-01 -1.606401592861491159e-03 1.327715438162677397e-01 2.482919081922083451e-02 7.823287442198472016e-04 9.996914020061384853e-01 1.553363676174087937e-01
9.990503359321820653e-01 -3.409474360047935748e-02 -2.712885424436128901e-02 1.334213386646169930e+01 3.404613986012014482e-02 9.994177257810384907e-01 -2.251611707645407266e-03 1.410549486557814980e-01 2.718982593580484414e-02 1.325840667063639790e-03 9.996294090872407390e-01 1.635437578072900799e-01
9.989622737303421873e-01 -3.516437914418742844e-02 -2.894550229152416734e-02 1.385369287609423594e+01 3.510588631860401404e-02 9.993804044191074709e-01 -2.526659630111186428e-03 1.515786461298107290e-01 2.901641620341917013e-02 1.507880136157397060e-03 9.995777978167607047e-01 1.720871823553153379e-01
9.988978122800377113e-01 -3.621983146693545652e-02 -2.985438712587055315e-02 1.438056138281635832e+01 3.614844813748561980e-02 9.993421433788407526e-01 -2.927484284516790932e-03 1.769926778943117229e-01 2.994078020703644372e-02 1.845067882592063817e-03 9.995499714396987034e-01 1.835272455072536613e-01
9.988106086794216187e-01 -3.733727208125438984e-02 -3.135755256670665764e-02 1.492691450292144850e+01 3.728520588128288876e-02 9.993021461163850150e-01 -2.243699974910666993e-03 1.955228533048363748e-01 3.141944321329926543e-02 1.071858534251717704e-03 9.995057126937538783e-01 1.839645987651188364e-01
9.987443152726022122e-01 -3.878665292792338182e-02 -3.170785810031434560e-02 1.547872581944887216e+01 3.878879734264785439e-02 9.992472813156236811e-01 -5.477079932237558782e-04 1.987643634708191609e-01 3.170523476291969844e-02 -6.828894373609369637e-04 9.994970293856028087e-01 1.888373042747444885e-01
9.987128421288995472e-01 -3.930254498685938069e-02 -3.206195446899215429e-02 1.603949688967781739e+01 3.929543124281370536e-02 9.992272728702826790e-01 -8.521946132850637037e-04 2.099633737035437320e-01 3.207067274406839863e-02 -4.087906230656403899e-04 9.994855200751882052e-01 2.132262693582484825e-01
9.986280136577081468e-01 -4.076719961597914665e-02 -3.286526697793827612e-02 1.662867715700150129e+01 4.072869542907853191e-02 9.991685473700933073e-01 -1.840465968970900808e-03 2.150353987140152801e-01 3.291297170882033496e-02 4.993814258582198037e-04 9.994580966261096266e-01 2.393100429615137303e-01
9.985666088127158613e-01 -4.116147425774518281e-02 -3.421199791303287940e-02 1.720839173644823106e+01 4.109649531756056490e-02 9.991517976526670397e-01 -2.600638394230707275e-03 2.371152180597274062e-01 3.429002532641392542e-02 1.190917450037756731e-03 9.994112146052499535e-01 2.667410488129690616e-01
9.984927195468866756e-01 -4.203181961335977074e-02 -3.529327346467509702e-02 1.779147674166510740e+01 4.194052094804918279e-02 9.991145813686265198e-01 -3.323552196147894818e-03 2.740547571757911971e-01 3.540171908917138371e-02 1.838324395817305269e-03 9.993714719006877578e-01 2.925713146686642063e-01
9.984005003804230505e-01 -4.357489090939486998e-02 -3.602318312358465668e-02 1.837645766996597274e+01 4.350785569077519899e-02 9.990495886850043750e-01 -2.643074254405659330e-03 2.955318804942612676e-01 3.610411795504299415e-02 1.071555205277933617e-03 9.993474593133913064e-01 3.072534538722356823e-01
9.983127369547023511e-01 -4.517138449558078667e-02 -3.648595972101765367e-02 1.895840067975812460e+01 4.515261004028570807e-02 9.989792036759895799e-01 -1.338816430888788026e-03 3.174791826205740630e-01 3.650919117922512419e-02 -3.108788158281692356e-04 9.993332688917149209e-01 3.194289674633168929e-01
9.982313277784568006e-01 -4.678193890409381578e-02 -3.668332637633709564e-02 1.956007435742528600e+01 4.675782840789780709e-02 9.989051051851431939e-01 -1.515360562872960148e-03 3.306810883035029014e-01 3.671405349776594301e-02 -2.025522933958969277e-04 9.993257913455109165e-01 3.479203533708066232e-01
9.981044206569932298e-01 -4.815771331961238994e-02 -3.831970919506094003e-02 2.016267774089153875e+01 4.810123537840938629e-02 9.988395943279894107e-01 -2.394985964144967071e-03 3.438330817069102374e-01 3.839057983462697971e-02 5.472207266007181325e-04 9.992626601296765720e-01 3.655054458801311190e-01
9.980067870503512850e-01 -4.882261508164578018e-02 -3.998506293635582104e-02 2.077075505441502301e+01 4.873134914916656818e-02 9.988066196339357994e-01 -3.254563800636638832e-03 3.638428084922316619e-01 4.009624186300887044e-02 1.299550699220796942e-03 9.991949772474055802e-01 3.943577490252533346e-01
9.979078247260390055e-01 -4.959102305776082881e-02 -4.148136669192113019e-02 2.137974114433366069e+01 4.947337678411351664e-02 9.987679894904122335e-01 -3.858517702050404466e-03 3.960913404889000455e-01 4.162160905253577819e-02 1.798221722850643295e-03 9.991318271672229301e-01 4.187918407067290349e-01
9.977773110239620546e-01 -5.052088082855555468e-02 -4.345202188734732102e-02 2.199374734183457392e+01 5.040193710883867501e-02 9.987216736672731576e-01 -3.829266629187680696e-03 4.159507159641940843e-01 4.358993394659246151e-02 1.630689286046715014e-03 9.990481762712867253e-01 4.365233378708264222e-01
9.976885883175795611e-01 -5.117800474667636573e-02 -4.470226583769897760e-02 2.261363499906903129e+01 5.106689931194671045e-02 9.986886570370020477e-01 -3.624651747804647200e-03 4.435350371042925399e-01 4.482914828031684534e-02 1.333467576860417145e-03 9.989937784234108609e-01 4.606637245992277752e-01
9.975981360604720960e-01 -5.164853663834689107e-02 -4.615612193186451051e-02 2.323177333094180952e+01 5.153679768121361554e-02 9.986645772158219136e-01 -3.608420583776052876e-03 4.737978847548086070e-01 4.628085363773511152e-02 1.221014930745303395e-03 9.989277209633845578e-01 4.805462053619880547e-01
9.975257457724369115e-01 -5.182782974997408865e-02 -4.750013246877565071e-02 2.386509405790287985e+01 5.174301333708149209e-02 9.986558839898582729e-01 -3.014289838980956614e-03 5.012619438787442316e-01 4.759251088083229358e-02 5.490317317587616128e-04 9.988666835330004545e-01 4.987515148029848522e-01
9.974759469245538801e-01 -5.182163030151388378e-02 -4.854126017995101516e-02 2.448903388223992295e+01 5.176224929143726644e-02 9.986563558869816504e-01 -2.480402149937688608e-03 5.276388550197216309e-01 4.860457648468488601e-02 -3.846332709234634613e-05 9.988180983869470175e-01 5.206882908543313260e-01
9.974136067269954165e-01 -5.181523769122939327e-02 -4.981243076630555849e-02 2.515194450472873200e+01 5.173882126759071776e-02 9.986566598227335501e-01 -2.823148161407291329e-03 5.544995632202063263e-01 4.989179781975076194e-02 2.386099376718128946e-04 9.987546002775710141e-01 5.533999988842510653e-01
9.973987271387250164e-01 -5.146772646426651943e-02 -5.046634754616886875e-02 2.581191376018460915e+01 5.140296015201732682e-02 9.986746581092924568e-01 -2.581266723534650625e-03 5.901915755896633975e-01 5.053231431135311869e-02 -1.956750747456742490e-05 9.987224263164672378e-01 5.895089010641009208e-01
9.974244264536413773e-01 -5.090504037407318078e-02 -5.052910426811986488e-02 2.647413007174865029e+01 5.084865859065550858e-02 9.987034828165559652e-01 -2.401526517050318540e-03 6.315505076235311543e-01 5.058584222048206902e-02 -1.739959629391361201e-04 9.987197015640821851e-01 6.310208023343460981e-01
9.974315596341463142e-01 -5.049960646334428205e-02 -5.079442482046389595e-02 2.715472327208500047e+01 5.043496867674432393e-02 9.987240807893719152e-01 -2.554287767657880542e-03 6.595568768450733588e-01 5.085860576510352338e-02 -1.408799292391916744e-05 9.987058636160890401e-01 6.656346999814816146e-01
9.974175006080064909e-01 -4.992353087823966917e-02 -5.163303734554914454e-02 2.783518510623390085e+01 4.984891208061976997e-02 9.987530315381933921e-01 -2.732756419269903765e-03 6.892479519477828775e-01 5.170508142587209449e-02 1.518483383850359209e-04 9.986623861429978488e-01 7.034928709190252372e-01
9.973642903760464584e-01 -4.945222250488691407e-02 -5.309378468344901764e-02 2.850735964473572892e+01 4.932128862244231082e-02 9.987758332223355406e-01 -3.774315785834062627e-03 7.154714673684454684e-01 5.321543734018383681e-02 1.145713906963304832e-03 9.985823974857239715e-01 7.390161665603975916e-01
9.973111552107667421e-01 -4.851906286783248118e-02 -5.492140047916899137e-02 2.923780573572682684e+01 4.840734199569527579e-02 9.988220143632632331e-01 -3.363460156606654268e-03 7.443808819878073857e-01 5.501989579304690514e-02 6.958173184130930344e-04 9.984850158641248585e-01 7.674223590115645255e-01
9.972332402480779123e-01 -4.728077208695610767e-02 -5.736194849532702533e-02 2.995825806370240940e+01 4.717347837842547631e-02 9.988815092431682086e-01 -3.223884267567392499e-03 7.757773859764506286e-01 5.745021742343071891e-02 5.090019172423671575e-04 9.983482425662143500e-01 7.933691434292278188e-01
9.972411982577554790e-01 -4.575063847585453952e-02 -5.845401249262333759e-02 3.067650123092841241e+01 4.571557571889738741e-02 9.989526172821281413e-01 -1.937669186375141819e-03 7.993693117793405634e-01 5.848143837257994276e-02 -7.399352929320187526e-04 9.982882218385812356e-01 8.139935675443192853e-01
9.972031585508277507e-01 -4.350938715856052241e-02 -6.076836187803019013e-02 3.140282268042659908e+01 4.346492490210777937e-02 9.990528421975019002e-01 -2.053971846822154855e-03 8.209870224814754813e-01 6.080017170622855488e-02 -5.930650722271615764e-04 9.981497820439141355e-01 8.440280862153899388e-01
9.972046847597049180e-01 -4.099841891447473380e-02 -6.246556123025605312e-02 3.214475824772743806e+01 4.096354524539858738e-02 9.991589486370423545e-01 -1.839380180488086550e-03 8.552608917087899387e-01 6.248843616402806334e-02 -7.245723106979381220e-04 9.980454249886328011e-01 8.785527685780485374e-01
9.974223609881495145e-01 -3.829901865103477882e-02 -6.067799412631517952e-02 3.289306082306271861e+01 3.827432645504908609e-02 9.992660368111251357e-01 -1.569589181711824547e-03 8.918519601711761835e-01 6.069357243759654352e-02 -7.568660084236720521e-04 9.981561588341814062e-01 9.335652065037324254e-01
9.976402311097796183e-01 -3.550402709807883722e-02 -5.876591980939715326e-02 3.362905059943921060e+01 3.553381193303038060e-02 9.993683296606783450e-01 -5.384057334125402728e-04 9.047709168697996018e-01 5.874791469263943716e-02 -1.551041922266145363e-03 9.982716447882418187e-01 9.693920492502888786e-01
9.977354330586124531e-01 -3.267372996584880229e-02 -5.879143636161602432e-02 3.436859205943144246e+01 3.262706231650408517e-02 9.994660569628760483e-01 -1.753791229303062853e-03 9.125010688739495501e-01 5.881734798457095154e-02 -1.683722061841425336e-04 9.982687469949472758e-01 1.014982797798395842e+00
9.976854709387146247e-01 -2.955754681593111485e-02 -6.123767226160056754e-02 3.510266462602130844e+01 2.940826818874657869e-02 9.995619106307053192e-01 -3.337750504849602232e-03 9.221625470324743556e-01 6.130950040518939881e-02 1.529131295183091491e-03 9.981176318037610073e-01 1.061964110349940649e+00
9.977083079808787280e-01 -2.612620697387972590e-02 -6.241436929978547848e-02 3.583624536236058589e+01 2.595578634506106458e-02 9.996568244286175853e-01 -3.539848655173386850e-03 9.490492657782151342e-01 6.248543303155982415e-02 1.911722377854458907e-03 9.980440451084353626e-01 1.105989419015445785e+00
9.976992264458094395e-01 -2.258831073785499619e-02 -6.392199752388538769e-02 3.655632184246722005e+01 2.244842973342074319e-02 9.997437794477711526e-01 -2.905762892929581506e-03 9.664755932792123971e-01 6.397125566953626441e-02 1.464128920675945075e-03 9.979506675054465870e-01 1.139098246149796934e+00
9.976013312243766640e-01 -2.014940014571695026e-02 -6.622375414546734229e-02 3.729111067846258010e+01 1.999272934307045474e-02 9.997955409395685722e-01 -3.027720391669745919e-03 9.820156199058435176e-01 6.627122084861762630e-02 1.696464300592560783e-03 9.978002040970479491e-01 1.187115371631099814e+00
9.976294598819901438e-01 -1.669371075423878650e-02 -6.675912519515461718e-02 3.800934946937052672e+01 1.662386824225116702e-02 9.998605312058767014e-01 -1.601605871129727250e-03 9.978480210988666110e-01 6.677655112562183581e-02 4.880142989467740671e-04 9.977678357522912211e-01 1.217881625582472260e+00
9.976560648342335247e-01 -1.296667385574687067e-02 -6.718810660072534191e-02 3.872545196583428861e+01 1.288916102903936087e-02 9.999156718481921891e-01 -1.587047682308127599e-03 9.964017053874903995e-01 6.720301948156225114e-02 7.173294202228060450e-04 9.977390638894838570e-01 1.256300748654305632e+00
9.975351563737895333e-01 -8.702765733907259077e-03 -6.962667353033676065e-02 3.944807349006273967e+01 8.572829346483550744e-03 9.999609093844187280e-01 -2.164786382642676366e-03 9.939395445450517341e-01 6.964279140955965952e-02 1.562552932586411562e-03 9.975707694359420286e-01 1.294751626745041628e+00
9.972844980881685473e-01 -3.971815013711448711e-03 -7.353811636509786920e-02 4.016454532167978186e+01 3.787672823021996649e-03 9.999893331227338589e-01 -2.643326566231488008e-03 1.003537456016502682e+00 7.354783074717811953e-02 2.357610283074980991e-03 9.972889041126135057e-01 1.344190575418817923e+00
9.972236681796970981e-01 7.689120872089364291e-04 -7.446048882750916365e-02 4.086996688899738217e+01 -8.471507180684575240e-04 9.999991218213898359e-01 -1.019162455168664801e-03 1.015242078783561874e+00 7.445963979156997037e-02 1.079412178592274512e-03 9.972234438236289300e-01 1.387866158131295435e+00
9.971686032262881971e-01 5.765886162074622401e-03 -7.497687174388804887e-02 4.159432605995006327e+01 -5.779847968819327997e-03 9.999832960658687764e-01 3.076846380006595361e-05 1.008494032364549486e+00 7.497579674262074001e-02 4.026735737864083455e-04 9.971852725330444533e-01 1.428392031432970555e+00
9.970718532445160820e-01 1.124576827253889050e-02 -7.563895929682376562e-02 4.230169621656732204e+01 -1.127442482906187982e-02 9.999364404933831496e-01 4.814765447727452482e-05 9.863697920931402408e-01 7.563469317925497482e-02 8.047790896614781531e-04 9.971352694184960619e-01 1.486722938941734684e+00
9.969561677227442020e-01 1.708812596200258091e-02 -7.606836129880910347e-02 4.301355322125383651e+01 -1.710443917135464134e-02 9.998536128439946546e-01 4.370851685685872914e-04 9.759978935047995963e-01 7.606469483415322086e-02 8.653519040755194066e-04 9.971025089557589149e-01 1.539420353439086897e+00
9.967976128635435140e-01 2.301120484493233628e-02 -7.658331046073785231e-02 4.372940686182130321e+01 -2.297656346934578639e-02 9.997351145366166758e-01 1.333526751559766486e-03 9.645473865014587700e-01 7.659371071230536288e-02 4.303650108493047347e-04 9.970622940745864637e-01 1.590267412706299455e+00
9.966500190139584436e-01 2.903144442927726651e-02 -7.645858247329702373e-02 4.443136229821632810e+01 -2.897867222306206927e-02 9.995784097529790690e-01 1.799808849227994964e-03 9.356683617713589252e-01 7.647859933121491094e-02 4.218886763290607186e-04 9.970711337985270761e-01 1.649349702682295193e+00
9.965061442678443404e-01 3.558561199323967417e-02 -7.555904085879373844e-02 4.513126653404058430e+01 -3.559801736891592128e-02 9.993654894837556979e-01 1.183041967034359401e-03 9.057512670304690428e-01 7.555319712518211717e-02 1.510843459793511420e-03 9.971406278736231199e-01 1.705545677424908924e+00
9.962972218307158956e-01 4.199924788391543734e-02 -7.501939049060983578e-02 4.582896639025996421e+01 -4.205496132734907327e-02 9.991149476796254980e-01 8.375863503394023182e-04 8.653369355490807546e-01 7.498817240173512311e-02 2.320452611997419080e-03 9.971817234082878123e-01 1.766263672899623272e+00
9.960137459019375861e-01 4.780982297715802298e-02 -7.530497195592952830e-02 4.651889200231643429e+01 -4.794944487683523715e-02 9.988497627799269862e-01 -4.615719679940144017e-05 8.298060081855176406e-01 7.521614660692116372e-02 3.656804804236970900e-03 9.971605482911113372e-01 1.821791363400738550e+00
9.956511539265026078e-01 5.360477596732601824e-02 -7.619256970542931384e-02 4.723865205179987470e+01 -5.376791145975380604e-02 9.985534555632809006e-01 -8.988819092816801443e-05 7.947799253015250809e-01 7.607753533126576651e-02 4.186212622834638818e-03 9.970931171369082913e-01 1.861329927413611252e+00
9.952924629377253307e-01 5.839490370038371431e-02 -7.734952127311149617e-02 4.789945693453628195e+01 -5.859609532914123592e-02 9.982817174154748896e-01 -3.320936435236517860e-04 7.565422634097657140e-01 7.719722036145347521e-02 4.862910222571296265e-03 9.970039825761141117e-01 1.905610560806664022e+00
9.948219492923939811e-01 6.377685953156279897e-02 -7.913154487543345994e-02 4.859037171989717763e+01 -6.398544814522207080e-02 9.979508265994669891e-01 -1.005738324526377070e-04 7.050483490204101367e-01 7.896297633534675453e-02 5.163320417326700863e-03 9.968641775540595384e-01 1.943715804833680005e+00
9.943646376136675569e-01 6.879935278585395941e-02 -8.065740213822347737e-02 4.928609403292642099e+01 -6.897975207490565641e-02 9.976179079337655908e-01 5.509750822419532540e-04 6.588713232304741485e-01 8.050317550956631596e-02 5.015857464512939699e-03 9.967417317975462154e-01 1.996215011267442829e+00
9.940652005995935792e-01 7.384855333741935368e-02 -7.987971035788790641e-02 4.999325620632028944e+01 -7.399804874998527904e-02 9.972577892385382503e-01 1.091138972787553596e-03 5.960525330477479677e-01 7.974124239115248924e-02 4.826279419331599117e-03 9.968039131588930513e-01 2.045481815114996937e+00
9.936823453837776432e-01 7.928683657859539324e-02 -7.942917611277391932e-02 5.068404943377373684e+01 -7.948427808473737533e-02 9.968358892357862544e-01 6.778413144046058561e-04 5.210282328843466315e-01 7.923159729516426886e-02 5.639811775093709484e-03 9.968402813456117562e-01 2.097422969325402509e+00
9.932664047051602552e-01 8.412208223985268019e-02 -7.965754555417940697e-02 5.137630083927491853e+01 -8.433182106696282543e-02 9.964374571089585908e-01 7.335023940536638566e-04 4.487974586330926718e-01 7.943546588026327571e-02 5.989102592524187321e-03 9.968220189233992778e-01 2.138986180780737989e+00
9.927331694024335018e-01 8.826158059080543850e-02 -8.179699114155777884e-02 5.206130982703727028e+01 -8.862441929746320279e-02 9.960647862100807659e-01 -8.086881064112579585e-04 3.755907731206393763e-01 8.140372640356677292e-02 8.052022347135997724e-03 9.966486834706271836e-01 2.192049492463965077e+00
