1.000000000000000000e+00 0.000000000000000000e+00 0.000000000000000000e+00 0.000000000000000000e+00 0.000000000000000000e+00 1.000000000000000000e+00 0.000000000000000000e+00 0.000000000000000000e+00 0.000000000000000000e+00 0.000000000000000000e+00 1.000000000000000000e+00 0.000000000000000000e+00
9.999999995969379718e-01 2.445824693239758994e-05 -1.441936943031327410e-05 -5.761853747959143346e-03 -2.445783138484007138e-05 9.999999992856635211e-01 2.881817725320421459e-05 2.467926568531929061e-03 1.442007426210839251e-05 -2.881782457508250220e-05 9.999999994807972081e-01 1.373867411082750926e-03
9.999999879963147320e-01 1.249787102051147785e-04 -9.158434537637267950e-05 2.796529006579751356e-03 -1.249760077099543426e-04 9.999999917549784456e-01 2.951339412703450618e-05 3.228408344901304884e-03 9.158803316718956700e-05 -2.950194792691114399e-05 9.999999953706336653e-01 -4.070154608979086215e-03
9.999999983636920220e-01 -1.068107059389331531e-05 -5.620080686382435435e-05 -8.519003696827289265e-03 1.068461820822139507e-05 9.999999979506009051e-01 6.312398224329031035e-05 -3.790949079644717959e-04 5.620013251693596612e-05 -6.312458262416436846e-05 9.999999964284160825e-01 -4.478580889619929173e-04
9.999999991031375268e-01 -1.867901454033297630e-05 -3.801077989812628083e-05 -2.061955182936708181e-03 1.868003502951388705e-05 9.999999994651425084e-01 2.684718442599923115e-05 -2.788004628528412219e-03 3.801027839884766642e-05 -2.684789444462099524e-05 9.999999989172047021e-01 -1.540552754132661420e-04
9.999999974505446865e-01 -4.460851669351665726e-05 -5.575832486498240559e-05 -4.608216335320097258e-03 4.461035594607004444e-05 9.999999984609416748e-01 3.298534310076005284e-05 1.980756780847322748e-04 5.575685335193873319e-05 -3.298783041538458285e-05 9.999999979014881912e-01 -2.112074663336171824e-03
9.999999782130877257e-01 2.087065989931512124e-04 -3.921682486179491648e-06 -7.558892039185353962e-03 -2.087066986865072677e-04 9.999999778972139541e-01 -2.543787753395031139e-05 2.967531414368891444e-03 3.916373346593666735e-06 2.543869546114249425e-05 9.999999996687674031e-01 6.284167529160399751e-05
9.999999851095120462e-01 1.400269071761881098e-04 -1.008634771815657046e-04 -9.605598944683949036e-04 -1.400240700337376657e-04 9.999999898008392618e-01 2.813505343571365570e-05 2.684905122635732316e-03 1.008674158173587305e-04 -2.812092970217626580e-05 9.999999945174888882e-01 -2.642870803503807181e-03
9.999999987149645886e-01 4.305767172884837147e-05 -2.676018925524428993e-05 -6.080853966496943021e-03 -4.305744068573691668e-05 9.999999990357523183e-01 8.634353117898202153e-06 -9.607455377610711784e-04 2.676056100458297938e-05 -8.633200881541154852e-06 9.999999996046701201e-01 -1.137654903532929127e-03
9.999999990225666435e-01 -4.035738057107207910e-05 -1.805958099566010850e-05 -1.948581450517825747e-03 4.035783444569288183e-05 9.999999988698036191e-01 2.513240952761140327e-05 -3.071521020558443636e-03 1.805856669703326213e-05 -2.513313834862613243e-05 9.999999995211067416e-01 -5.865629279845263524e-04
9.999999836720150359e-01 1.696079374859259161e-04 -6.236278657041222095e-05 -2.616784838009189856e-03 -1.696075225249829761e-04 9.999999855944714522e-01 6.659211732801806802e-06 4.035394762787471515e-03 6.236391512721060849e-05 -6.648634426342335473e-06 9.999999980332688887e-01 -1.333778459807346585e-03
9.999999919455994091e-01 1.242324229274700896e-04 -2.598280804931626722e-05 -2.733023761197945177e-03 -1.242324759341659646e-04 9.999999922810682840e-01 -2.038464019368613146e-06 3.446103247402486358e-03 2.598255460543256917e-05 2.041691911525695604e-06 9.999999996603691210e-01 -2.191903489778337065e-03
9.999999917116930703e-01 1.266228262038711144e-04 -2.330823285250469446e-05 2.199175306730576963e-03 -1.266234750991326939e-04 9.999999915957045182e-01 -2.784037499088863623e-05 8.765994439922566300e-04 2.330470742965149919e-05 2.784332612958126800e-05 9.999999993408199561e-01 -6.502883299332909255e-04
9.999999438408961883e-01 -1.180163188281272324e-04 3.136723656897267925e-04 -2.426955885571377078e-02 1.180887920185686476e-04 9.999999663380217951e-01 -2.310389414894497217e-04 1.788379113643888451e-03 -3.136450887655139650e-04 2.310759697052637248e-04 9.999999241153243457e-01 2.095754858118662085e-03
9.999993678003328279e-01 1.423752736433969821e-04 -1.115404956126722245e-03 -9.569431342089879111e-02 -1.434419857616942343e-04 9.999995324347428216e-01 -9.563235291307197340e-04 2.792906459834069294e-02 1.115268277777965332e-03 9.564829204451381125e-04 9.999989206579632528e-01 -9.608370063589673216e-03
9.999984394036056656e-01 8.487804752551634179e-05 -1.764648993479590432e-03 -1.241315476435902176e-01 -8.575820132013666928e-05 9.999998719718063978e-01 -4.987002121755601406e-04 4.040872409822671152e-02 1.764606438854457709e-03 4.988507670294492968e-04 9.999983186546006486e-01 1.887044175444840127e-03
9.999972817107685152e-01 -9.028883298143962994e-05 -2.329896778935433652e-03 -1.334730682919010591e-01 9.025811986710201838e-05 9.999999958384594434e-01 -1.328732094578171050e-05 3.509519879403368015e-02 2.329897968936175696e-03 1.307699272424914011e-05 9.999972856985396286e-01 -1.110393564159399202e-03
9.999963687244474153e-01 9.422692462648358895e-05 -2.693261815275009140e-03 -8.372270399186815260e-02 -9.403110876144572642e-05 9.999999929267979759e-01 7.283237385451857412e-05 3.231732707327684972e-02 2.693268658995625394e-03 -7.257885898542479081e-05 9.999963705115332280e-01 -9.744507672010710442e-03
9.999961995503762191e-01 4.843402392948372966e-04 -2.714092728101737736e-03 -3.726473838134062438e-02 -4.841068497292343393e-04 9.999998790663302550e-01 8.664804036369551431e-05 4.515530452665550420e-02 2.714134367009148324e-03 -8.533380018170876665e-05 9.999963130895935803e-01 -1.808694418843447352e-02
9.999967315961574288e-01 6.068910187961456572e-04 -2.483642545538866566e-03 -4.831875709405996852e-03 -6.063111794098092772e-04 9.999997887662924745e-01 2.342095730844516996e-04 4.659004036440252822e-02 2.483784160596264317e-03 -2.327029473519650184e-04 9.999968883279496401e-01 -1.797065905753970905e-02
9.999970771928624602e-01 1.462189108145737614e-04 -2.413343274859841136e-03 -1.679846000934479000e-02 -1.456238341964826138e-04 9.999999589536794353e-01 2.467515719492732848e-04 3.662130517805149005e-02 2.413379255547072003e-03 -2.463994104411002255e-04 9.999970574396204182e-01 -1.457226613043894475e-02
9.999968727376968847e-01 1.041346750770892301e-04 -2.498733838547821402e-03 -1.263473380161518611e-02 -1.038680982262911033e-04 9.999999889010611209e-01 1.068143047828325957e-04 4.444204956704383980e-02 2.498744933887449369e-03 -1.065544320147001603e-04 9.999968724550634125e-01 -1.162582271027613745e-02
9.999970413125907065e-01 -2.121806749733709828e-05 -2.432471142372094868e-03 -1.096026370192049702e-02 2.130396629829762621e-05 9.999999991504672225e-01 3.528748428456568572e-05 4.384544083045361501e-02 2.432470391573407758e-03 -3.533920116316890817e-05 9.999970409150894524e-01 -8.368840021243833735e-03
9.999972830573872207e-01 -2.328409372617435856e-04 -2.319410041733612707e-03 -9.588811577491179045e-03 2.329764514503437152e-04 9.999999711699182336e-01 5.815613252836025141e-05 5.661831618238426928e-02 2.319396433736426160e-03 -5.869634244246698317e-05 9.999973084738391638e-01 -7.923228652578547665e-04
9.999965341040958355e-01 -5.456287720906514375e-04 -2.575668658621926236e-03 -1.556059521856854172e-02 5.458612692118862061e-04 9.999998470068179879e-01 8.956458727998690072e-05 6.131503731724362999e-02 2.575619395546401968e-03 -9.097023462151532247e-05 9.999966789490581931e-01 3.830953858001429242e-03
9.999920158073531962e-01 4.161538689700128063e-04 -3.974309688943351675e-03 5.008987994491107681e-02 -4.188541028160819540e-04 9.999996820221290772e-01 -6.786139412954597661e-04 8.780461177918957860e-02 3.974026017383611338e-03 6.802731790300953381e-04 9.999918721397764720e-01 -7.370405033034795397e-03
9.999753511286396668e-01 5.391710148453232859e-04 -7.000459254259830746e-03 1.652808329489321437e-01 -5.475045091513498600e-04 9.999991437824968799e-01 -1.188559247796256010e-03 9.674710742351824710e-02 6.999812423648249515e-03 1.192362734160090339e-03 9.999747901308032594e-01 -3.985525682995021135e-02
9.999730847622007035e-01 1.377887676168930800e-04 -7.335582146228865168e-03 2.215832697643383697e-01 -1.444642125890579750e-04 9.999995759818389729e-01 -9.094867967498940740e-04 9.312921968585401167e-02 7.335453718743925079e-03 9.105220467951215778e-04 9.999726806609980923e-01 -3.594956113189568675e-02
9.999728479477797416e-01 -8.720472146740895205e-04 -7.317301474044782608e-03 2.926239263059156048e-01 8.661098494536387206e-04 9.999992931854844169e-01 -8.145442040106994465e-04 7.217115639524381010e-02 7.318006623074222589e-03 8.081845005858445717e-04 9.999728964411374044e-01 -3.084291471695797468e-02
9.999724661274870252e-01 -1.651012459051108420e-03 -7.234718016058627743e-03 3.723575692024664319e-01 1.646910411591806988e-03 9.999984797257124303e-01 -5.729156657694768878e-04 6.391784939935427068e-02 7.235652908205020273e-03 5.609849587569972363e-04 9.999736649646669973e-01 -3.103558785478724436e-02
9.999720583542155428e-01 -1.896057442533955265e-03 -7.231008021564999493e-03 4.648664891548899281e-01 1.892048935365460774e-03 9.999980526287276517e-01 -5.611502282610955237e-04 6.866117253037522239e-02 7.232057913174382534e-03 5.474531277713643894e-04 9.999736984708215148e-01 -3.007254276848961641e-02
9.999703917500559758e-01 -2.171779918529101287e-03 -7.382343477856304417e-03 5.870965891199313447e-01 2.166276376719728294e-03 9.999973698026937141e-01 -7.534151274286898965e-04 5.962542764897629105e-02 7.383960312680440743e-03 7.374006238443744140e-04 9.999724663061582142e-01 -3.331533251520700512e-02
9.999694834580488134e-01 -1.972890120524900103e-03 -7.559091031030642019e-03 7.396852546215714197e-01 1.966783184417970638e-03 9.999977335700973580e-01 -8.152414206978575960e-04 7.510708120276740618e-02 7.560682280625430005e-03 8.003494492195267068e-04 9.999710973444235762e-01 -3.831465916800944754e-02
9.999685409012188941e-01 -2.212953194183212621e-03 -7.617089079666058971e-03 8.805950784885264726e-01 2.209342094135503202e-03 9.999974430163645067e-01 -4.824606139367526580e-04 9.995589310453133203e-02 7.618137265650611403e-03 4.656166806221547416e-04 9.999708731686680618e-01 -4.874210491672402445e-02
9.999695119496641027e-01 -2.353276785532743519e-03 -7.445620156933715171e-03 1.012532488738233871e+00 2.349441520875603789e-03 9.999971028705645359e-01 -5.238081877454693006e-04 1.125036044776713540e-01 7.446831251656686919e-03 5.062991687097065634e-04 9.999721437947465263e-01 -6.064065542268564507e-02
9.999683035180915169e-01 -2.991434886924730120e-03 -7.378568727557455534e-03 1.150487377867223771e+00 2.986681771261905614e-03 9.999953252683271288e-01 -6.551133411670578485e-04 1.136282215488332442e-01 7.380493963632181117e-03 6.330551396622925708e-04 9.999725633986379369e-01 -6.301868547660034736e-02
9.999649372169993056e-01 -3.653459902360395566e-03 -7.535022716919046425e-03 1.327935167760766699e+00 3.648499341780567316e-03 9.999931184275158147e-01 -6.719748249759128740e-04 1.117460299369407994e-01 7.537425897192495151e-03 6.444597382454620533e-04 9.999713855318511646e-01 -7.433515202743266881e-02
9.999711934052242235e-01 -3.961947501242464587e-03 -6.474205104025000657e-03 1.499216762402798997e+00 3.963262429979791737e-03 9.999921281401519257e-01 1.902856826710199725e-04 1.139572840295363654e-01 6.473400238104814325e-03 -2.159391750412333055e-04 9.999790240098188621e-01 -6.846260970086542885e-02
9.999715436867704366e-01 -3.974111662608180787e-03 -6.412351611583873116e-03 1.669914821794534099e+00 3.977017737105115885e-03 9.999919946075240818e-01 4.405119571092580436e-04 1.506341196644815639e-01 6.410549634486262770e-03 -4.660014578588487751e-04 9.999793436346697817e-01 -8.158538012699928510e-02
9.999697407707057728e-01 -3.966962890034756925e-03 -6.691841928539285847e-03 1.866196192338263282e+00 3.975781448941959409e-03 9.999912450043972889e-01 1.305019703189662676e-03 2.065874775782888528e-01 6.686606376759310702e-03 -1.331585515297968722e-03 9.999767578174892924e-01 -8.587169121543880568e-02
9.999669703008186028e-01 -5.063786943415221620e-03 -6.357386978430537572e-03 2.074449126237977392e+00 5.085875784490040755e-03 9.999810699803463043e-01 3.463170291291402681e-03 1.966608494114777395e-01 6.339729876466224795e-03 -3.495388784304699192e-03 9.999737946978111136e-01 -9.737579805372739705e-02
9.999656920416208905e-01 -5.791167213138894397e-03 -5.922594197792163499e-03 2.269150349096334729e+00 5.816600617197019950e-03 9.999738977813238394e-01 4.286130339420013771e-03 2.145469792328499326e-01 5.897617907450394305e-03 -4.320432656105006181e-03 9.999732756252447397e-01 -9.875459515270075539e-02
9.999675718469956953e-01 -5.922228448653788467e-03 -5.457331273191216338e-03 2.506030683750561483e+00 5.951888646118835315e-03 9.999675184098205660e-01 5.434808814426306950e-03 2.311384097913650459e-01 5.424967831019538063e-03 -5.467114001657540773e-03 9.999703397543975303e-01 -9.746529886353530459e-02
9.999667298448630115e-01 -6.569547613307180449e-03 -4.835312557354639468e-03 2.726516798599889047e+00 6.599513463109766241e-03 9.999589549059880733e-01 6.207650551894198197e-03 2.275737182397175873e-01 4.794332635628704292e-03 -6.239354732717905354e-03 9.999690419343482128e-01 -1.028501344270458945e-01
9.999597157193645947e-01 -7.684512412569150831e-03 -4.638448817070132783e-03 2.976260535190261791e+00 7.715233978444002196e-03 9.999481775613463519e-01 6.642089761516472603e-03 2.221576600089438802e-01 4.587167220123090396e-03 -6.677608907629246741e-03 9.999671831796138610e-01 -1.097695053381537167e-01
9.999576304372218560e-01 -8.280232259457568494e-03 -4.021825966628655297e-03 3.241208984062946552e+00 8.305410586553024083e-03 9.999457605418301531e-01 6.284594609813704859e-03 2.232078307926796956e-01 3.969569921941579552e-03 -6.317731250248361137e-03 9.999721640058208960e-01 -1.233634458308642823e-01
9.999471115007616540e-01 -8.781737300640276092e-03 -5.353063727048256587e-03 3.497275825580157704e+00 8.807502707368767766e-03 9.999496504604258318e-01 4.808787802757020710e-03 2.731874786905751362e-01 5.310564691535953757e-03 -4.855680596455672418e-03 9.999741097991499128e-01 -1.310737121796380633e-01
9.999208719312657756e-01 -9.898843081781084560e-03 -7.762910656410115968e-03 3.748328460030138309e+00 9.937883523169025249e-03 9.999380835302313919e-01 5.006753136308651937e-03 2.479309277976703418e-01 7.712868940741606470e-03 -5.083503863506518526e-03 9.999573339103887681e-01 -1.256130345607729126e-01
9.998778833686789991e-01 -1.061729384973088275e-02 -1.146697089378265200e-02 4.035964083963745175e+00 1.063786557385520970e-02 9.999419119848086401e-01 1.734494796112064346e-03 2.748291078679818145e-01 1.144788915927202541e-02 -1.856267080357889600e-03 9.999327477917319129e-01 -1.193457176978874879e-01
9.998260766283064704e-01 -1.083719169120365977e-02 -1.517800284279900713e-02 4.325544371832378943e+00 1.080247723003486746e-02 9.999388493688506907e-01 -2.367278731702691496e-03 2.891346260533517176e-01 1.520272935174755632e-02 2.202906976497194438e-03 9.998820051491628114e-01 -1.280343962694413529e-01
9.997961968667350430e-01 -1.096205784322175705e-02 -1.695281742527175728e-02 4.638401411283805231e+00 1.088104692968784939e-02 9.999289721088108207e-01 -4.863492071634953687e-03 2.882330636577313254e-01 1.700492718380963719e-02 4.678036474717333151e-03 9.998444621170907709e-01 -1.231107519706630821e-01
9.997641837135295972e-01 -1.126467992627035522e-02 -1.856566588567417145e-02 4.952763361366709027e+00 1.111742019415599969e-02 9.999060685493188494e-01 -8.016049305701215127e-03 3.092562347602243467e-01 1.865422021544659373e-02 7.807756681886434368e-03 9.997955085935074093e-01 -1.367011561886484761e-01
9.997530193640968843e-01 -1.136707296421719977e-02 -1.909685640616742841e-02 5.262544548796542543e+00 1.116860279657704881e-02 9.998828397498085163e-01 -1.046752527730209111e-02 3.360981589141495696e-01 1.921360413727489502e-02 1.025165479738902007e-02 9.997628423731156344e-01 -1.441832501350120976e-01
9.997434509855843698e-01 -1.183029050265726675e-02 -1.931518672074131193e-02 5.565819107463168436e+00 1.160250675605094955e-02 9.998623188259053718e-01 -1.186276650108675050e-02 3.407914799900955138e-01 1.945286735702879410e-02 1.163561853561086677e-02 9.997430661589424838e-01 -1.562854472737749412e-01
9.997160253993908618e-01 -1.257328245347699366e-02 -2.024305135076032852e-02 5.913902022385827628e+00 1.235152897786152143e-02 9.998627413285088306e-01 -1.104256469070452260e-02 3.594849685337349054e-01 2.037911410129201323e-02 1.078939624744752399e-02 9.997341049684471681e-01 -1.706477670350049491e-01
9.997601576567454185e-01 -1.309889569653891091e-02 -1.755124194154924350e-02 6.248231906387373691e+00 1.296801551682406732e-02 9.998874060950504461e-01 -7.550212319337692296e-03 3.729330937087605435e-01 1.764816522234005647e-02 7.320796680885408025e-03 9.998174574392277858e-01 -1.865610948457118168e-01
9.998659544629392437e-01 -1.391040954684242756e-02 -8.635601435600135517e-03 6.606217946998719448e+00 1.388233489791547079e-02 9.998981819106574909e-01 -3.302512610691357361e-03 4.065296171840148687e-01 8.680661478109967522e-03 3.182187612440886583e-03 9.999572589857537164e-01 -1.899737081228999036e-01
9.998703688652342825e-01 -1.575818972086402703e-02 3.305286980224562271e-03 6.977053078385969442e+00 1.576071398907764876e-02 9.998755190997814513e-01 -7.390531083627513214e-04 4.404362233783918334e-01 -3.293229396030408936e-03 7.910509868168036840e-04 9.999942644227922672e-01 -2.035661751611632098e-01
9.997282784810711531e-01 -1.683541459790232828e-02 1.612259348214879762e-02 7.326962235321934358e+00 1.684737271703997188e-02 9.998578892054981182e-01 -6.061567940732451483e-04 4.535141976442417233e-01 -1.611009738664005708e-02 8.776154297875306438e-04 9.998698388057069009e-01 -2.187741512328967575e-01
9.995785526351581574e-01 -1.816550668795817100e-02 2.264357477458251930e-02 7.680714876409181713e+00 1.827889454308253073e-02 9.998213540550358047e-01 -4.810612210279455875e-03 4.649345695424167424e-01 -2.255214238349053865e-02 5.222484305823154455e-03 9.997320273611275399e-01 -2.409940306418055234e-01
9.995556064991273360e-01 -1.988308864698037914e-02 2.220928414015146263e-02 8.037506568366771020e+00 2.006738742484631688e-02 9.997657653485779727e-01 -8.106441815824951685e-03 4.681343525780625736e-01 -2.204290085498692570e-02 8.548521675035711254e-03 9.997204775831435297e-01 -2.428351700698805904e-01
9.996051157949882304e-01 -2.068019407021982545e-02 1.902477462957603144e-02 8.435935944426834254e+00 2.083915795687489927e-02 9.997492489624557610e-01 -8.195650959748466968e-03 5.153030723324890650e-01 -1.885051649521923833e-02 8.588874910234352983e-03 9.997854216058762455e-01 -2.709722882579192471e-01
9.995717067008919043e-01 -2.253175729965068916e-02 1.867412852199129211e-02 8.807878865951705549e+00 2.263667972796614899e-02 9.997290309166712019e-01 -5.426368334985613023e-03 5.209716502489589729e-01 -1.854680279616132202e-02 5.846764524340441679e-03 9.998108978455061413e-01 -2.868133141615847870e-01
9.995825700124770785e-01 -2.348292418366635173e-02 1.682967614173322413e-02 9.214678588362643197e+00 2.351938249727953886e-02 9.997214368387452588e-01 -1.971641960751849710e-03 5.804587009175836698e-01 -1.677868809526261717e-02 2.366642528755536715e-03 9.998564270078694749e-01 -3.194937322281660719e-01
9.996279161182630713e-01 -2.477832379840160318e-02 1.140455991260858060e-02 9.628334082781021763e+00 2.477663597373504570e-02 9.996929701793881851e-01 2.892814164197788241e-04 6.374298435766057036e-01 -1.140822628122936666e-02 -6.607150072088680296e-06 9.999349240472911182e-01 -3.419270801904388812e-01
9.996488022582644684e-01 -2.601787909394516832e-02 5.034094861060530411e-03 1.003686330778062796e+01 2.600315095076405000e-02 9.996574508806977954e-01 2.969349985618300984e-03 6.592720603826341952e-01 -5.109626625212815472e-03 -2.837404828036307024e-03 9.999829202789379812e-01 -3.415636133192394563e-01
9.996222725960288713e-01 -2.748012200934770236e-02 3.937312558929286204e-04 1.045993120462423498e+01 2.747878513620323829e-02 9.996176648971677459e-01 3.072522249248089889e-03 6.628659398721344909e-01 -4.780140048984914646e-04 -3.060542416813148963e-03 9.999952022798539453e-01 -3.733212643134695696e-01
9.995875445924217173e-01 -2.871827896166816163e-02 -3.389945583915421931e-05 1.090218704025067353e+01 2.871826893217752780e-02 9.995840954416247426e-01 2.626246311361324359e-03 6.763819144512149828e-01 -4.153591729078224648e-05 -2.626136635558014472e-03 9.999965508346211340e-01 -3.903574702308377220e-01
9.995916027742063337e-01 -2.857476644349606423e-02 3.322438758106309648e-04 1.136710655693843286e+01 2.857320223468485035e-02 9.995836207893351588e-01 4.019597459745406429e-03 7.591552077813649158e-01 -4.469645949769677031e-04 -4.008462595839265910e-03 9.999918661920549345e-01 -4.029677033649730622e-01
9.995489653682808617e-01 -3.001293702085982770e-02 1.043763661534448384e-03 1.181704209757984714e+01 3.000652746588649764e-02 9.995334899205239321e-01 5.693051619015587241e-03 7.942789462502268805e-01 -1.214141934963770646e-03 -5.659164132597518417e-03 9.999832497200551451e-01 -4.220208275898886807e-01
9.995087690471538000e-01 -3.133574498187546159e-02 5.400780261168869074e-04 1.231430719868283319e+01 3.133160465985893733e-02 9.994881349683343297e-01 6.465184216940749774e-03 8.150640760223072379e-01 -7.423929429438481421e-04 -6.445086807137764655e-03 9.999789546329296286e-01 -4.444892161829511190e-01
9.994747346326353643e-01 -3.240347949047767823e-02 -5.189874114769913111e-04 1.280047982182743915e+01 3.240568670868828466e-02 9.994620890709142724e-01 5.040236000633706651e-03 8.374429750944920592e-01 3.553870586025984456e-04 -5.054406682681306454e-03 9.999871632541712518e-01 -4.460156311239062421e-01
9.994550447448498076e-01 -3.290540869124872897e-02 -2.616794400040397921e-03 1.331315758910987057e+01 3.291523682794283284e-02 9.994509005611433849e-01 3.805857601099741326e-03 9.076892248735251023e-01 2.490124219918850301e-03 -3.889915986407033177e-03 9.999893338606107296e-01 -4.668883364469841868e-01
9.994336220412456395e-01 -3.341040972783889534e-02 -4.022394229123690823e-03 1.383415286564927094e+01 3.342659232355437576e-02 9.994330686613672743e-01 4.025443051101591785e-03 9.629455715147396955e-01 3.885622106105478604e-03 -4.157618060944761468e-03 9.999838079453625683e-01 -5.060017124653301002e-01
9.993649722933782842e-01 -3.541133307536776381e-02 -3.961015385054403315e-03 1.436773724041067446e+01 3.543304132032280146e-02 9.993566329904690626e-01 5.551547599118161758e-03 9.640644156097474271e-01 3.761879297315283161e-03 -5.688373034387159827e-03 9.999767450677911063e-01 -5.069169453991820840e-01
9.993249405672528507e-01 -3.648883662102126585e-02 -4.269421775945320824e-03 1.488668399855709268e+01 3.651620307116906078e-02 9.993118057738711313e-01 6.517802868301218744e-03 1.011935810383669754e+00 4.028656540540739156e-03 -6.669306036561076928e-03 9.999696446810117934e-01 -5.321539263116952245e-01
9.992645692321610040e-01 -3.831472055807310512e-02 -1.517519627715973544e-03 1.544150495161533776e+01 3.832350563344819744e-02 9.992457811825184999e-01 6.259209606759939121e-03 1.057009544699668346e+00 1.276555218859439216e-03 -6.312763063434416455e-03 9.999792594995549067e-01 -5.421865328358351777e-01
9.992208253116532379e-01 -3.944385054929733930e-02 1.387413904834490638e-03 1.600081706747953092e+01 3.943832629152341923e-02 9.992147577387726631e-01 3.806092007437481689e-03 1.085386465718312765e+00 -1.536451373120839440e-03 -3.748409114603508396e-03 9.999917943394773800e-01 -5.576335140257078216e-01
9.992106073230073715e-01 -3.965173300844269250e-02 2.429461383492319011e-03 1.656509221106335872e+01 3.964626664462637257e-02 9.992112256237974943e-01 2.258346415336154843e-03 1.129820285122181023e+00 -2.517092435706529737e-03 -2.160244619401016988e-03 9.999944987792954709e-01 -5.862763571331922607e-01
9.991817077362867838e-01 -4.036971157414842581e-02 2.490243485623635112e-03 1.714735513140590228e+01 4.036441286661721084e-02 9.991827277911422556e-01 2.142582037035011856e-03 1.183653618652077855e+00 -2.574703697688600270e-03 -2.040311562537618431e-03 9.999946040002399839e-01 -6.170975713161058751e-01
9.991400511540088347e-01 -4.138148737006653449e-02 2.594355990520773921e-03 1.772950975823134101e+01 4.137145145049674760e-02 9.991365724065044418e-01 3.809551766424786046e-03 1.245469424560746496e+00 -2.749760870279129975e-03 -3.698943473872369839e-03 9.999893782597559788e-01 -6.354437787818770778e-01
9.990627721747687984e-01 -4.323349228645098630e-02 2.107699974737030878e-03 1.830039824392339298e+01 4.322122120779234300e-02 9.990500764405907397e-01 5.556149868099951976e-03 1.283260343033090667e+00 -2.345909583339726538e-03 -5.459845122994646215e-03 9.999823432438493809e-01 -6.523769128439658171e-01
9.990274057857873036e-01 -4.394378225759943551e-02 3.631320671143294966e-03 1.887648185920071597e+01 4.392481309417749918e-02 9.990215751429454283e-01 5.148125246123684724e-03 1.359022163829155305e+00 -3.853995791585221667e-03 -4.983613127530269783e-03 9.999801549614040219e-01 -6.665173766871164140e-01
9.989584306925201052e-01 -4.545631719888416911e-02 3.972024049767792532e-03 1.945583144205736303e+01 4.544684352762978774e-02 9.989637694547820468e-01 2.443712353798887117e-03 1.418007996397673276e+00 -4.078990281018196780e-03 -2.260651102537081496e-03 9.999891255883135432e-01 -6.894754653685699619e-01
9.988896491057053240e-01 -4.699237308917178502e-02 3.344515051383408540e-03 2.006415605403935842e+01 4.698956541321352987e-02 9.988949628362222555e-01 9.132155821607954721e-04 1.433614805784866553e+00 -3.383733405304561060e-03 -7.550442836400015310e-04 9.999939901101263517e-01 -7.049862440654064422e-01
9.988715125809830564e-01 -4.743522411053396892e-02 2.366615254421039656e-03 2.068164297965819287e+01 4.743691901322390214e-02 9.988740141745581225e-01 -6.652227728019962597e-04 1.489288645628322749e+00 -2.332395487878993409e-03 7.767370134314766344e-04 9.999969783008847424e-01 -7.302514127353414430e-01
9.988438558408245793e-01 -4.806726628196763412e-02 6.996865102058330219e-04 2.129143716057815539e+01 4.806769710865348849e-02 9.988438923636014932e-01 -6.125215104271575575e-04 1.570231531363341926e+00 -6.694353627431639739e-04 6.454456665040927184e-04 9.999995676279999079e-01 -7.574845480732078640e-01
9.988130734779823161e-01 -4.870470133488266629e-02 -5.443503894665599994e-04 2.189844484533731617e+01 4.870464130170000516e-02 9.988132171654392488e-01 -1.230093403996233251e-04 1.629632522291105445e+00 5.496954969539192062e-04 9.635094688963760526e-05 9.999998442756656836e-01 -7.742948276540135844e-01
9.987849658213022730e-01 -4.925427638834651428e-02 -1.615025324989259646e-03 2.249449021854611885e+01 4.925468358538957064e-02 9.987862287016263663e-01 2.133093660345605042e-04 1.701924168909804580e+00 1.602558655132752105e-03 -2.925977492289291325e-04 9.999986730952766800e-01 -8.011173228953502035e-01
9.987297264200661884e-01 -5.033468083962745754e-02 -2.313756614815816893e-03 2.310767874597810234e+01 5.033774537696705798e-02 9.987314243274052483e-01 1.285865979045513249e-03 1.733953873106715227e+00 2.246097785804165078e-03 -1.400701868805867816e-03 9.999964965333685285e-01 -8.184476120213290962e-01
9.987299935569230458e-01 -5.030484779712548343e-02 -2.796829972743383047e-03 2.374980363210901757e+01 5.030867256516669689e-02 9.987328520961114009e-01 1.314385292703670492e-03 1.800454599076397599e+00 2.727166023409650572e-03 -1.453420818232442060e-03 9.999952250553029165e-01 -8.369346664165230321e-01
9.987009382508788002e-01 -5.090847899839055779e-02 -2.182361767614840464e-03 2.438667926093303251e+01 5.091052873319371064e-02 9.987028179304021647e-01 8.941599300800875472e-04 1.825213730057668293e+00 2.134010525038830541e-03 -1.004103552593702464e-03 9.999972188837000786e-01 -8.550977294855607314e-01
9.987008938770622901e-01 -5.094494043534115307e-02 -1.066589516291870099e-03 2.501603463419601781e+01 5.094593328628204548e-02 9.987009840860695542e-01 9.253470192402649553e-04 1.862508514525745840e+00 1.018062250759359591e-03 -9.784832936025813100e-04 9.999990030593519652e-01 -8.864866294906574851e-01
9.987312454729551092e-01 -5.033017602942304464e-02 1.665141701825658543e-03 2.566978435472666931e+01 5.032601480973434432e-02 9.987298306425178573e-01 2.453083394008590077e-03 1.923640217499760219e+00 -1.786490808895440600e-03 -2.366171087400838983e-03 9.999956048328286773e-01 -9.125206003122453557e-01
9.987601577936539021e-01 -4.959622815720902272e-02 4.285015352793707967e-03 2.633135925933580168e+01 4.958612623261562241e-02 9.987668892588561498e-01 2.432489554123769791e-03 2.012392903957575196e+00 -4.400373761252560946e-03 -2.216996338715746147e-03 9.999878607453169810e-01 -9.333780466967210865e-01
9.987946639157428974e-01 -4.882049009052385341e-02 5.077310386343578466e-03 2.700085149535326678e+01 4.881159733758459046e-02 9.988062699107451703e-01 1.860954684328572275e-03 2.082344177711921152e+00 -5.162102167888090593e-03 -1.610879978360244772e-03 9.999853787765616842e-01 -9.643469515980759299e-01
9.988106081406221692e-01 -4.852814845268443172e-02 4.731582559224786939e-03 2.767097652835454014e+01 4.852192627595704882e-02 9.988211066190012533e-01 1.421141394908723458e-03 2.121095275860721774e+00 -4.794969888448452448e-03 -1.189865600795284853e-03 9.999877961673436788e-01 -9.827188259555419414e-01
9.988703868080784920e-01 -4.746868455754765098e-02 2.162023185724815198e-03 2.838947308564247507e+01 4.746470641902299920e-02 9.988711920761462748e-01 1.855609046782317638e-03 2.186536715960138100e+00 -2.247665997325054826e-03 -1.750893130542474510e-03 9.999959411771679463e-01 -1.020625569603812233e+00
9.989245018312008506e-01 -4.636596203429366875e-02 -1.928883656573264667e-04 2.907175496171862861e+01 4.636631477080595948e-02 9.989208294015763379e-01 2.709509594260415318e-03 2.261735096489152053e+00 6.705118722529824528e-05 -2.715539044331138473e-03 9.999963106691128756e-01 -1.046691332368253846e+00
9.989566252329228346e-01 -4.558174792499587041e-02 -2.822261389705379899e-03 2.978982426098129821e+01 4.558995323797682825e-02 9.989559854983471876e-01 2.914652772632914026e-03 2.309497096649629988e+00 2.686459939916028671e-03 -3.040278462257173502e-03 9.999917697860634114e-01 -1.070323925588344549e+00
9.990167818525638177e-01 -4.413961589417304821e-02 -4.142932012696948739e-03 3.050003568874222637e+01 4.415049778633037270e-02 9.990215781253484195e-01 2.572933181710677659e-03 2.345930280296630421e+00 4.025310195028449813e-03 -2.753315937769772962e-03 9.999881079938803818e-01 -1.078220023258726457e+00
9.991206232087116446e-01 -4.160007347305435393e-02 -5.235853900944627444e-03 3.123372663589755405e+01 4.161375431842078559e-02 9.991305652006370330e-01 2.531626627620832404e-03 2.417097772285642154e+00 5.125985813643397886e-03 -2.747283911801350238e-03 9.999830882072687777e-01 -1.111253597280153382e+00
9.992570675008949355e-01 -3.846848568638884525e-02 -2.342788617880365524e-03 3.194919868704734256e+01 3.847974850139727898e-02 9.992470268270112754e-01 4.968735517947961595e-03 2.487645467938368160e+00 2.149884829749485176e-03 -5.055193999660193525e-03 9.999849113905892040e-01 -1.139504077344331012e+00
9.993668600565877025e-01 -3.555046474723444483e-02 1.429502323308067847e-03 3.266777627841783271e+01 3.554025241548622316e-02 9.993462703008213488e-01 6.627404777232028671e-03 2.551794819121057767e+00 -1.664175135082917017e-03 -6.572403829147508564e-03 9.999770167503982954e-01 -1.167804186207072936e+00
9.994277471416700420e-01 -3.340790587418069474e-02 5.300006455467608409e-03 3.340474218938935991e+01 3.337907406781046721e-02 9.994279678952298074e-01 5.438235300833061184e-03 2.595269975622766179e+00 -5.478654734671469829e-03 -5.258213947100961322e-03 9.999711673485315311e-01 -1.172036381730365839e+00
9.995099294295334280e-01 -3.090270026266037778e-02 4.992403053164885980e-03 3.414406169680252390e+01 3.089299937907682286e-02 9.995206789508427336e-01 2.008715761567967436e-03 2.618693314110037029e+00 -5.052084830388243498e-03 -1.853501044667266433e-03 9.999855203815423144e-01 -1.212632641549532098e+00
9.996291912633606946e-01 -2.698705652465479068e-02 3.630255403484878955e-03 3.488624101715015513e+01 2.698401501663314980e-02 9.996354741068611549e-01 8.842175824582536878e-04 2.696986930323591380e+00 -3.652794511269495496e-03 -7.859308405317385086e-04 9.999930196781237068e-01 -1.257195423756207964e+00
9.997135999822875929e-01 -2.378725269895057975e-02 2.623855844171902110e-03 3.559011976919019560e+01 2.378039700487487307e-02 9.997137894232092092e-01 2.613800944555686161e-03 2.731244597543276864e+00 -2.685280012450227440e-03 -2.550656018260899407e-03 9.999931416890474045e-01 -1.265746736375866321e+00
9.997895660047992905e-01 -2.050924714153748787e-02 4.410097759536167009e-04 3.632694591546198382e+01 2.050732460460539044e-02 9.997817255457672747e-01 3.993858070761759603e-03 2.788116532240822565e+00 -5.228245370069361728e-04 -3.983973696622378734e-03 9.999919272714595797e-01 -1.297703186481421467e+00
9.998404533571586539e-01 -1.779914981111281602e-02 -1.502696427454251445e-03 3.707150478911858471e+01 1.780808537785581042e-02 9.998224562397372006e-01 6.158578887521385867e-03 2.816398035944451372e+00 1.392812164837437970e-03 -6.184356453212311658e-03 9.999799067028962707e-01 -1.319437702427771031e+00
9.998896702152719751e-01 -1.479115926712318285e-02 -1.367115331374710134e-03 3.778277237808381983e+01 1.480074546358937579e-02 9.998638863680178179e-01 7.290176319238222437e-03 2.818269044912619314e+00 1.259099089318355732e-03 -7.309606321693339244e-03 9.999724917841016358e-01 -1.322784216779502753e+00
9.999380392977558207e-01 -1.081885503470931403e-02 -2.621057248082200603e-03 3.851633440319086077e+01 1.083472996503535846e-02 9.999225731770304826e-01 6.120153397651886817e-03 2.868009670690054413e+00 2.554641255547280675e-03 -6.148172636155396081e-03 9.999778366450385869e-01 -1.332752237513976645e+00
9.999616745091447489e-01 -6.081140556775326868e-03 -6.298352355650298391e-03 3.922577060820498218e+01 6.112633589419865475e-03 9.999688519450821156e-01 4.993080235280791812e-03 2.906762581970468329e+00 6.267792551503232300e-03 -5.031388393197045589e-03 9.999676994320206846e-01 -1.369084200532966644e+00
9.999608674330371372e-01 -2.069018219336307522e-03 -8.601323513038845042e-03 3.993108107407226726e+01 2.128299739525656153e-03 9.999740076778678155e-01 6.888708796443705588e-03 2.893738538643003899e+00 8.586847080659786025e-03 -6.906745418177818487e-03 9.999392796189885413e-01 -1.389925458912065537e+00
9.999596549883008612e-01 3.074319515298891067e-03 -8.440198765198456132e-03 4.067278884112381832e+01 -2.994144137408185323e-03 9.999504341877647473e-01 9.495486748199454680e-03 2.926466234522393073e+00 8.468972580108483778e-03 -9.469832481024131193e-03 9.999192961315521710e-01 -1.424104269257120414e+00
9.999442316750550841e-01 7.974755879080567059e-03 -6.923641271245844706e-03 4.136580679888117373e+01 -7.899201848872971707e-03 9.999096961308077125e-01 1.087208322938128420e-02 2.954264267793874854e+00 7.009718249301513313e-03 -1.081678567158016017e-02 9.999169270483425631e-01 -1.432750706830461684e+00
9.998994951041899615e-01 1.247822614251811214e-02 -6.730049236242945446e-03 4.206585104070326508e+01 -1.240167032025407505e-02 9.998592504431346173e-01 1.129946355189991383e-02 2.936888105367065460e+00 6.870099246285010786e-03 -1.121486404862595890e-02 9.999135105401452117e-01 -1.464177304470101637e+00
9.998116464508850498e-01 1.868563918070289057e-02 -5.245808763102514580e-03 4.276756824756409259e+01 -1.861632511795375047e-02 9.997426383871798050e-01 1.296493076507788771e-02 2.963281651421523666e+00 5.486716711577735092e-03 -1.286483109291372724e-02 9.999021912470628104e-01 -1.463990212816966840e+00
9.996956775367749071e-01 2.453088661437315132e-02 -2.605362969218727801e-03 4.344224389321043134e+01 -2.449370782430602272e-02 9.996094495077109121e-01 1.345387423415961813e-02 2.962617156860185563e+00 2.934380906790714019e-03 -1.338596491866844880e-02 9.999060982671773568e-01 -1.476830133795697497e+00
9.995078266841745940e-01 3.134182560298787862e-02 1.339539081153410215e-03 4.412560001841993085e+01 -3.135656001234034956e-02 9.994244226010590149e-01 1.294564222942990589e-02 3.006219818218027307e+00 -9.330280116598329556e-04 -1.298127406735542083e-02 9.999153044044868377e-01 -1.507655500101378276e+00
9.992760248138781165e-01 3.767496897253608257e-02 5.293670285556864932e-03 4.483799147677521546e+01 -3.773638687462473051e-02 9.992153693158990491e-01 1.202542425613760749e-02 2.968021853514128505e+00 -4.836459223687736286e-03 -1.221648213725605447e-02 9.999136793875598173e-01 -1.516932266916282357e+00
9.990189606687269741e-01 4.371908421080192980e-02 7.053927994050767682e-03 4.553151278419277048e+01 -4.379364275608279428e-02 9.989823695025085160e-01 1.078620773516682924e-02 2.957976299904913287e+00 -6.575186577507950540e-03 -1.108454324374194208e-02 9.999169464623292036e-01 -1.556148050211774159e+00
9.987570824902025635e-01 4.938195619629730942e-02 6.761107741020322935e-03 4.623294476530170982e+01 -4.944680500859290756e-02 9.987288160868476039e-01 9.785979368763429720e-03 2.938197590996671771e+00 -6.269262325098703438e-03 -1.010813137976779644e-02 9.999292585127752542e-01 -1.582060753902077899e+00
9.984797664853949373e-01 5.481360553900459232e-02 5.798669423726395336e-03 4.691322091333903188e+01 -5.487077558526758103e-02 9.984412830305164910e-01 1.020795410683503386e-02 2.918399059697849740e+00 -5.230096169522890567e-03 -1.051061312152871789e-02 9.999310841782382830e-01 -1.598390331469780268e+00
9.981773013837621500e-01 6.023735213884734430e-02 3.679185987507583265e-03 4.761636659709391495e+01 -6.027168589892065165e-02 9.981312198742836594e-01 1.006934909397408200e-02 2.916671763814491225e+00 -3.065759470672614964e-03 -1.027274644751684750e-02 9.999425342484902224e-01 -1.631137042014085159e+00
9.978427778111264024e-01 6.561803667974890064e-02 2.015944560262742432e-03 4.832426720701796796e+01 -6.563559301322284545e-02 9.977890597178450394e-01 1.043844994149688461e-02 2.881997090272897744e+00 -1.326536836087001403e-03 -1.054824960236026669e-02 9.999434857682452105e-01 -1.646097132076812297e+00
9.975225592022121113e-01 7.032247610415574834e-02 1.869020398391409371e-03 4.898975162524489235e+01 -7.033890483717651632e-02 9.974619700155894497e-01 1.104793369485555267e-02 2.860398819361409828e+00 -1.087358715322040608e-03 -1.115202794112985819e-02 9.999372229914358368e-01 -1.681240619129180214e+00
9.971397173748897114e-01 7.544048906183710435e-02 4.595284935232554421e-03 4.967911609093891201e+01 -7.548602701545904792e-02 9.970893629729740137e-01 1.070803303927331251e-02 2.846343532287839206e+00 -3.774090479377243540e-03 -1.102428484118666771e-02 9.999321083877614758e-01 -1.696576585515084723e+00
9.967326343151194923e-01 8.061175158235366067e-02 5.079487972927484822e-03 5.036504730330983648e+01 -8.065389672465390902e-02 9.967039821899863483e-01 8.724725196371168473e-03 2.807967873033770712e+00 -4.359430509948791603e-03 -9.105898827037148258e-03 9.999490376875116437e-01 -1.717518405087064881e+00
9.962897867422364495e-01 8.595729222009471093e-02 4.243200124712077394e-03 5.105869093204094611e+01 -8.597974338281016982e-02 9.962821037815702274e-01 5.427099814333458637e-03 2.782734128240659910e+00 -3.760925542366086970e-03 -5.771793374495764149e-03 9.999762706386121636e-01 -1.743494033721333381e+00
9.959855045181310595e-01 8.950201515145070341e-02 1.504683884894014766e-03 5.175187776581606869e+01 -8.950607546630465206e-02 9.959820794341671668e-01 2.891349271982114437e-03 2.709513218490819941e+00 -1.239856598218742672e-03 -3.014420312747493128e-03 9.999946879987883230e-01 -1.769201161099348552e+00
