1.000000000000000000e+00 0.000000000000000000e+00 0.000000000000000000e+00 0.000000000000000000e+00 0.000000000000000000e+00 1.000000000000000000e+00 0.000000000000000000e+00 0.000000000000000000e+00 0.000000000000000000e+00 0.000000000000000000e+00 1.000000000000000000e+00 0.000000000000000000e+00
9.999999210722472220e-01 3.972360751776793787e-04 7.681133442547915125e-06 2.754426811501897287e-03 -3.972358552484900438e-04 9.999999206924898854e-01 -2.861274579415468386e-05 -3.539028643479291550e-05 -7.692498848215672050e-06 2.860969231420262948e-05 9.999999995611554837e-01 -6.484240410728212348e-04
9.999999928729048637e-01 -1.193790609143712678e-04 -1.682297430842570530e-06 1.011724873002402443e-03 1.193790326695009309e-04 9.999999927335462280e-01 -1.677957364187445969e-05 -1.261327372063826818e-04 1.684300548362144692e-06 1.677937269124488311e-05 9.999999998578078531e-01 -5.801395531451811584e-04
9.999999009760657254e-01 4.449679548882301701e-04 7.167842084309754856e-06 1.294312583527664493e-03 -4.449679818035301286e-04 9.999999009946969331e-01 3.753850404045419439e-06 -2.064660176723814682e-03 -7.166171031518132324e-06 -3.757039492550525135e-06 9.999999999672652962e-01 -4.060287365746052465e-04
9.999999866508708646e-01 -1.621017632183318756e-04 -2.052502186152781036e-05 1.560491179580200541e-03 1.621014828577647569e-04 9.999999867682515253e-01 -1.366037965281675574e-05 1.026944633851639699e-04 2.052723596157383608e-05 1.365705233398314168e-05 9.999999996960587945e-01 -4.139155963023263070e-04
9.999999942648837292e-01 -1.065466072426316186e-04 -1.086521579984856861e-05 -2.098155724793508183e-03 1.065465192040035273e-04 9.999999942910898776e-01 -8.103053024172128351e-06 -1.917327544986863717e-03 1.086607909062806158e-05 8.101895326776304505e-06 9.999999999081438107e-01 -7.465007805996163974e-04
9.999999981963404450e-01 -5.715810484558646071e-05 -1.844641415394601393e-05 -1.703804372062070124e-03 5.715765046029171669e-05 9.999999980631263385e-01 -2.463230391875148389e-05 -1.173312021701683125e-03 1.844782205402761366e-05 2.463124952063073527e-05 9.999999995264896580e-01 -1.434147028369406850e-04
9.999999889892509097e-01 1.472137789055658476e-04 -1.869762947310222757e-05 -2.432556871982946567e-03 -1.472136160500088996e-04 9.999999891261345253e-01 8.711035081610996839e-06 -1.360966239064650800e-03 1.869891165417926431e-05 -8.708282440049677588e-06 9.999999997872582869e-01 -4.535954885547980675e-04
9.999999299982668122e-01 3.741662737568412470e-04 -1.749608508182610029e-06 -3.441513120988519761e-04 -3.741662884271923354e-04 9.999999299645778716e-01 -8.392137608370311505e-06 -3.036789707293100198e-04 1.746468330790261012e-06 8.392791665427842349e-06 9.999999999632555037e-01 -1.276382030501600328e-04
9.999998781891374922e-01 4.932829383878170474e-04 1.713629976669741638e-05 1.683564532775504293e-03 -4.932824197651399087e-04 9.999998778785184061e-01 -3.025562098384640026e-05 2.156845631496555468e-04 -1.715122225560876274e-05 3.024716426296837382e-05 9.999999993954723498e-01 -2.112219474451218579e-04
9.999999993080525007e-01 3.562743826971319437e-05 -1.070423933287760395e-05 9.919428687946395262e-04 -3.562751343693526399e-05 9.999999993406852861e-01 -7.022083219048522575e-06 -1.771722692889439715e-04 1.070398914698373108e-05 7.022464579620274225e-06 9.999999999180547716e-01 -5.428933678650904072e-04
9.999999542606943237e-01 -3.022922663871378379e-04 -9.899241780422520745e-06 -1.270252311521619191e-03 3.022921432937924254e-04 9.999999542324298218e-01 -1.243375991521092289e-05 -1.561271483109184419e-04 9.902999956822759671e-06 1.243076688348458828e-05 9.999999998737033602e-01 -6.164031110893939368e-04
9.999998632181628100e-01 5.230030102268651108e-04 5.613110618233555643e-06 6.793049296509113058e-04 -5.230030036722235157e-04 9.999998632332363080e-01 -1.169142151531777309e-06 -4.203689996487149994e-04 -5.613721315411216348e-06 1.166206317901085183e-06 9.999999999835630371e-01 -1.660367383396072751e-04
9.999999388754829965e-01 -3.145865362265860832e-04 1.525920755028653314e-04 -2.454977996166339202e-03 3.145997299454968837e-04 9.999999467769019601e-01 -8.644768990057519306e-05 3.194113067090364457e-04 -1.525648721021117431e-04 8.649569004224693910e-05 9.999999846212276333e-01 8.542496943015718148e-04
9.999997461380661923e-01 4.319494712038509428e-04 5.666952068569609032e-04 -1.054051320304462067e-02 -4.316995017327757839e-04 9.999998095117201835e-01 -4.411485730050240025e-04 -4.463599649752202948e-04 -5.668856528009975481e-04 4.409038189757596895e-04 9.999997421222063254e-01 4.561988611250380500e-03
9.999998233539373338e-01 -2.907070515301523445e-04 5.184414184468624657e-04 -1.378392262514704578e-02 2.908681909091330735e-04 9.999999094098699359e-01 -3.107667090570789196e-04 -1.750526937041529951e-03 -5.183510294074832958e-04 3.109174522788393986e-04 9.999998173212574226e-01 3.026326447490888284e-03
9.999999662189297256e-01 1.557917799384147552e-04 2.080650398774006786e-04 -6.995382903672580852e-03 -1.557774197287304058e-04 9.999999854839676239e-01 -6.903231096508312317e-05 -3.199159993717496774e-03 -2.080757915237203489e-04 6.899989679804991848e-05 9.999999759717392855e-01 -8.999652211650406748e-04
9.999999646082498028e-01 6.440322439585896336e-05 -2.581389623464457918e-04 6.254886776062839292e-03 -6.442029121859307362e-05 9.999999957399389183e-01 -6.610709593700989182e-05 -1.273283170176797187e-03 2.581347037366242374e-04 6.612372298449328118e-05 9.999999644970634094e-01 -1.261614510325460587e-03
9.999999162537823727e-01 -2.768191192287312516e-04 -3.014359026400960395e-04 1.825621881538181182e-02 2.768171170531181233e-04 9.999999616638043376e-01 -6.683828270234389813e-06 -3.470083639027562311e-04 3.014377412956451420e-04 6.600385092943916650e-06 9.999999545458604366e-01 -1.420967764743485094e-03
9.999999939129843307e-01 1.311301347810350535e-05 -1.095540055070774618e-04 3.929708410506130289e-02 -1.312025794374446148e-05 9.999999977275768615e-01 -6.612643273537984769e-05 2.512504704783103011e-03 1.095531381413206883e-04 6.612786970967824318e-05 9.999999918126073473e-01 -2.794795112563619108e-04
9.999999917581305908e-01 1.252134800001938571e-04 2.837821816436343798e-05 5.726478624673062706e-02 -1.252118345435600081e-04 9.999999904803060780e-01 -5.797744628982482926e-05 1.549643921327936973e-03 -2.838547745202295915e-05 5.797389252322485077e-05 9.999999979166461772e-01 5.829294651679319938e-04
9.999999884410946116e-01 3.358984487481529778e-05 -1.482886808704977867e-04 8.037865316765771539e-02 -3.360028487810182477e-05 9.999999969573383218e-01 -7.040130807874334887e-05 5.142635718597153354e-04 1.482863156502881572e-04 7.040628980690273565e-05 9.999999865270613464e-01 7.480363667211670968e-04
9.999999546845667053e-01 -1.804504993720026202e-04 -2.409740274497679095e-04 1.046634341953878305e-01 1.804168480956940977e-04 9.999999739722353898e-01 -1.396613386480052984e-04 -1.189197248354137079e-03 2.409992231360546513e-04 1.396178565446858208e-04 9.999999612131135196e-01 1.247391408889225251e-03
9.999998975908760412e-01 -3.786197417912943661e-04 -2.479220209217304692e-04 1.396071296257880845e-01 3.785525821726842908e-04 9.999998916607056865e-01 -2.708810060639090835e-04 -2.697845088422369184e-04 2.480245549586057173e-04 2.707871268020251325e-04 9.999999325790738247e-01 2.342439729907019354e-03
9.999997463217386029e-01 -6.910096813873737405e-04 -1.728064774233884328e-04 1.717631387418311339e-01 6.909776811943241009e-04 9.999997441308224877e-01 -1.851705530068724901e-04 -1.957315484325103730e-03 1.729343878523727988e-04 1.850511006140631565e-04 9.999999679248933182e-01 2.437334138140426383e-03
9.999995564429352557e-01 -8.918968672917385217e-04 -3.027109361873221434e-04 2.123166718560906274e-01 8.918326266817923516e-04 9.999995797844475343e-01 -2.122863497531433648e-04 -5.255834099305967989e-03 3.029001465137925162e-04 2.120162881026879307e-04 9.999999316502951041e-01 3.055738068607935856e-03
9.999994793348054856e-01 -8.197991465322404048e-04 -6.076672422360600897e-04 2.572553560178015841e-01 8.196419375415382952e-04 9.999996305755306514e-01 -2.589129130729042627e-04 -4.319923254216583366e-03 6.078792743340749594e-04 2.584147087101551737e-04 9.999997818522893267e-01 3.322164379291135238e-03
9.999989155247394068e-01 -1.022068433313568078e-03 -1.060342144231615292e-03 3.158907281696645697e-01 1.021819950451083705e-03 9.999994503628364395e-01 -2.348574330480873165e-04 -5.901270989384820725e-03 1.060581601796814098e-03 2.337736995937314424e-04 9.999994102580878064e-01 3.145987884630288989e-03
9.999978554419387544e-01 -1.455009663980179379e-03 -1.473790487529982960e-03 3.940588610215083332e-01 1.454746274853686286e-03 9.999989256971322238e-01 -1.797716809350312448e-04 -3.011164287504895093e-03 1.474050473765706106e-03 1.776273041825746622e-04 9.999988978112633875e-01 3.023239562065001360e-03
9.999971312956036362e-01 -1.699124173807229667e-03 -1.688306134953044494e-03 4.742414515424925869e-01 1.698706062338496258e-03 9.999985261836815686e-01 -2.490545693362171322e-04 -3.373657637550017512e-03 1.688726821339268502e-03 2.461859190057511665e-04 9.999985437960478007e-01 3.840497832076380895e-03
9.999963003190095456e-01 -1.922178865441670666e-03 -1.924727695668172799e-03 5.703235268458951568e-01 1.921876883974054425e-03 9.999981405948192847e-01 -1.587329419829095866e-04 -7.377729112004075690e-03 1.925029229925852856e-03 1.550332650554122748e-04 9.999981351118364392e-01 2.792223665934828909e-03
9.999943872620357110e-01 -2.263331200085326716e-03 -2.470379789519176576e-03 6.783387584343975041e-01 2.263063506711737293e-03 9.999974330911970410e-01 -1.111511648665052475e-04 -1.096219244700965233e-02 2.470625020178916428e-03 1.055599146547633567e-04 9.999969424298826848e-01 1.627301674894527251e-03
9.999922923688157050e-01 -2.504549180459944308e-03 -3.023646203459333208e-03 7.914553093208992474e-01 2.503422332490964821e-03 9.999967955925326279e-01 -3.764057539598828742e-04 -9.259587341671699293e-03 3.024579241187460958e-03 3.688333893318640542e-04 9.999953579303979545e-01 2.721041765926868802e-03
9.999895406137162546e-01 -3.048388938786160754e-03 -3.409690315345301898e-03 9.119571940686024281e-01 3.046646092592707883e-03 9.999952257196343952e-01 -5.162223590882095712e-04 -1.013811623217157447e-03 3.411247683057175122e-03 5.058288400429496396e-04 9.999940537455357381e-01 2.798193054679857465e-03
9.999880639497537027e-01 -3.511352222026082118e-03 -3.397405421233035041e-03 1.044766685476033352e+00 3.510457482989223083e-03 9.999938020671949035e-01 -2.692869396506592937e-04 -2.552002566705144013e-04 3.398329925636427596e-03 2.573572781445012422e-04 9.999941925436106605e-01 7.114009330796331430e-04
9.999866200142387695e-01 -3.837964746808736078e-03 -3.468402961120283824e-03 1.183795777743067879e+00 3.837308288362631294e-03 9.999926183162907156e-01 -1.959031122200282032e-04 -6.243390478011367171e-03 3.469129227705139082e-03 1.825911596090877608e-04 9.999939658832296407e-01 1.208625650911153166e-03
9.999831653284999566e-01 -4.041544793258573624e-03 -4.163529185428582226e-03 1.334539469690371183e+00 4.040815105584260637e-03 9.999918190087441205e-01 -1.836542011692051551e-04 -7.299407743925884380e-03 4.164237370313217911e-03 1.668270577860381416e-04 9.999913156102189227e-01 -1.424911387614748084e-03
9.999774404570140884e-01 -4.603893466082462083e-03 -4.891088017184326911e-03 1.502477922882175854e+00 4.601670940542403054e-03 9.999893038821686675e-01 -4.655596747496644461e-04 -4.947181826843975380e-03 4.893179088675222652e-03 4.430419943398571721e-04 9.999879301832584888e-01 6.106060750696732167e-04
9.999730431811206799e-01 -5.286332379529803775e-03 -5.095841545975818634e-03 1.672799627686053503e+00 5.282726673474450428e-03 9.999857865374075505e-01 -7.207787841937009048e-04 -1.779860002066879516e-03 5.099579392647988693e-03 6.938394162318375392e-04 9.999867563507441881e-01 6.000631473825243992e-03
9.999654332133781631e-01 -5.978327939168236529e-03 -5.778578841960545914e-03 1.865105524419751415e+00 5.972537288689350188e-03 9.999816452266845346e-01 -1.018826809812743142e-03 3.114512418058806593e-03 5.784563658238093750e-03 9.842788146345630377e-04 9.999827848610689518e-01 1.018864761009968811e-02
9.999557988314896617e-01 -6.957778345521255237e-03 -6.323741279643317961e-03 2.062862238746356436e+00 6.952608582855655112e-03 9.999754782443045498e-01 -8.391328667203406004e-04 1.179524513779869541e-02 6.329424710893660072e-03 7.951292781704894603e-04 9.999796528691271558e-01 1.094022451016012434e-02
9.999502654687686398e-01 -7.558836271401366859e-03 -6.506195751844401180e-03 2.272599031906092026e+00 7.554868770145903821e-03 9.999712604833116414e-01 -6.341650279926290589e-04 1.615642564814977200e-02 6.510802316538658562e-03 5.849800329941733925e-04 9.999786333975121400e-01 1.232850775309596303e-02
9.999398525797318360e-01 -8.176155463526858444e-03 -7.310383345653840778e-03 2.490273181578430695e+00 8.172256451245097850e-03 9.999664480278758205e-01 -5.630657231298298506e-04 1.487975048106002750e-02 7.314741780764104015e-03 5.032895287215477433e-04 9.999731202649054795e-01 1.427286284792459413e-02
9.999329191986408016e-01 -8.838636656873776268e-03 -7.485693350137321775e-03 2.726361357391169360e+00 8.835264291575680926e-03 9.999608514200986065e-01 -4.834584672838137262e-04 2.009603834485378104e-02 7.489673409604097679e-03 4.172879573482506056e-04 9.999718649356981182e-01 1.558651753299714407e-02
9.999204853631219470e-01 -9.673044993479181300e-03 -8.090435818463621517e-03 2.965887975528175957e+00 9.669551605220491966e-03 9.999531379624998495e-01 -4.707979435958334260e-04 1.731192877996197074e-02 8.094610733848145792e-03 3.925296216129471735e-04 9.999671610595838311e-01 1.443008716378248527e-02
9.999119033235954745e-01 -1.011244667472391799e-02 -8.597907538210202219e-03 3.226823282968380724e+00 1.011056790851424213e-02 9.999488525905521064e-01 -2.619530599015954474e-04 1.881456628639543993e-02 8.600116763862486816e-03 1.750002546714433558e-04 9.999630029988904045e-01 1.597616284082719468e-02
9.999105395308632849e-01 -1.063469555910600238e-02 -8.112717514062710994e-03 3.485425668432803104e+00 1.062509659160574237e-02 9.999428012411782918e-01 -1.225384986264964164e-03 1.953995067867635854e-02 8.125285072961861699e-03 1.139076955541891856e-03 9.999663405566071583e-01 2.743409115191357966e-02
9.999028150968743978e-01 -1.124123556471019574e-02 -8.245907125628672632e-03 3.756076155607616762e+00 1.123240209902871649e-02 9.999362909361801943e-01 -1.116786407733434076e-03 2.492895920832002843e-02 8.257935845690152557e-03 1.024056528448279244e-03 9.999653783025664877e-01 1.745192952333163641e-02
9.998882695213721084e-01 -1.197226700369993270e-02 -8.950603127611030801e-03 4.033995342395864547e+00 1.196767357314703316e-02 9.999282243101476064e-01 -5.665837992928035539e-04 1.573313475859264635e-02 8.956743984422057409e-03 4.594025980996880253e-04 9.999597820344827692e-01 6.964265219392525713e-03
9.998580330886043255e-01 -1.258674755280987136e-02 -1.120211829205809001e-02 4.325925434406709513e+00 1.258177104349316421e-02 9.999207139625057028e-01 -5.146125940595401788e-04 -2.378048177017112567e-03 1.120770741929609515e-02 3.735970485461947142e-04 9.999371218829955499e-01 -1.711733320225405659e-03
9.998371441266874493e-01 -1.259660193255941925e-02 -1.292326755671158699e-02 4.611770432897285943e+00 1.258267595465947970e-02 9.999201640754902254e-01 -1.158335471620214590e-03 -1.293770612213655455e-02 1.293682690653887198e-02 9.955375419439288671e-04 9.999158201641740185e-01 -5.965385044228195023e-03
9.998188456229872845e-01 -1.297573125916182471e-02 -1.392502550830928762e-02 4.913993609510143301e+00 1.296052869017318143e-02 9.999153108667715451e-01 -1.181435685421594909e-03 -2.728756346352495879e-02 1.393917620192281978e-02 1.000745970564186028e-03 9.999023441688263958e-01 -8.237241136141788128e-03
9.997987169030700949e-01 -1.306683397838214432e-02 -1.522443853664564098e-02 5.236947508540803042e+00 1.304480096243597516e-02 9.999137183819764019e-01 -1.545625886168623415e-03 -2.999993130440730543e-02 1.524332138430245509e-02 1.346715007328178060e-03 9.998829069005349401e-01 -1.024865484378644116e-02
9.997722546212245431e-01 -1.324252095599744682e-02 -1.673542734211610344e-02 5.538509363498784310e+00 1.319638278755343001e-02 9.999088213288270799e-01 -2.864351605533947426e-03 -3.187082043938056081e-02 1.677183266425116837e-02 2.642852157372747434e-03 9.998558500911801650e-01 -2.145383415279920533e-03
9.997330573509132234e-01 -1.396137472141994150e-02 -1.840907536200163744e-02 5.879206566491402164e+00 1.389427282109192106e-02 9.998963705822411230e-01 -3.767927710899519715e-03 -3.084529410682771214e-02 1.845977309093548360e-02 3.511141174831112002e-03 9.998234387456025329e-01 9.079798008413521651e-04
9.996758483228066483e-01 -1.456663182300155408e-02 -2.088088880795060942e-02 6.226485976978316295e+00 1.450350583301096043e-02 9.998897891554395789e-01 -3.171413130207322885e-03 -1.865351945930452532e-02 2.092478431498627500e-02 2.867539018697528447e-03 9.997769404328885612e-01 -4.179760722044217197e-04
9.996877593292605724e-01 -1.511093525308506574e-02 -1.990084126411523560e-02 6.606328813117563925e+00 1.508899234808411260e-02 9.998853704372928641e-01 -1.252316013257294414e-03 -6.098828552224017964e-03 1.991748370557635747e-02 9.516413477106658476e-04 9.998011743449711775e-01 -6.831403521699867115e-03
9.997129822117878373e-01 -1.731646820321315616e-02 -1.655575809743373844e-02 6.988268264728835000e+00 1.732006536690936654e-02 9.998499936858181725e-01 7.390639592107383260e-05 6.670464375019254447e-03 1.655199483142807265e-02 -3.606319959170731313e-04 9.998629413132901211e-01 2.904869826096228083e-02
9.997205595733187344e-01 -1.870219292552119730e-02 -1.445789563480941696e-02 7.375714026569666792e+00 1.872121276710252483e-02 9.998240448803059621e-01 1.181300856213871649e-03 -2.636006139208023347e-04 1.443325877753647533e-02 -1.451640093342402085e-03 9.998947813555684183e-01 4.817122636257659130e-02
9.997274031542627837e-01 -1.982552065024556498e-02 -1.233159005889873996e-02 7.760642206519682063e+00 1.982601889001997519e-02 9.998034418198075146e-01 -8.185498977293065412e-05 -4.539331866223930874e-03 1.233078900178795345e-02 -1.626536610907982499e-04 9.999239597021265524e-01 7.017428559238303443e-02
9.997084130357372089e-01 -2.128337002997772107e-02 -1.140644842774578283e-02 8.147634156647226789e+00 2.126752718412475499e-02 9.997726825908944681e-01 -1.508453671509005613e-03 -1.119675875621045473e-02 1.143596052110589650e-02 1.265426874070798647e-03 9.999338065601073300e-01 8.874312818686186377e-02
9.996547434823342959e-01 -2.223365981396947799e-02 -1.400207857945077496e-02 8.521839094226002942e+00 2.219353807137195572e-02 9.997491488819274519e-01 -3.014328737269537234e-03 -6.105040442507729190e-03 1.406558570209570126e-02 2.702532356595225248e-03 9.998974225477924582e-01 1.006393275032665957e-01
9.995828419780022900e-01 -2.409399085462857540e-02 -1.592550243719467393e-02 8.894885625931820528e+00 2.403216993333780541e-02 9.997029335551603779e-01 -4.061951440113405198e-03 4.440091330013329340e-03 1.601864012565340847e-02 3.677532583640748861e-03 9.998649303394039345e-01 1.134801451017135726e-01
9.995450904381891766e-01 -2.544473923921160632e-02 -1.619189383490127893e-02 9.291323277721190266e+00 2.536917879944972434e-02 9.996663611763074719e-01 -4.855007678883109176e-03 2.227744592351381392e-02 1.631002599488239752e-02 4.442024039668002536e-03 9.998571155292526047e-01 1.410287324378743934e-01
9.995137179301356589e-01 -2.689525146557806418e-02 -1.577888202885667501e-02 9.676520367907116338e+00 2.681257291159892808e-02 9.996257401552356425e-01 -5.428218212033753681e-03 4.436932921528108364e-02 1.591896992074067624e-02 5.002506141983692478e-03 9.998607709721198944e-01 1.633236577892047681e-01
9.994782212551144296e-01 -2.772096936072008730e-02 -1.657809079522251650e-02 1.009273425375645594e+01 2.766521200972506603e-02 9.996108223131099368e-01 -3.583288847556154177e-03 5.199596155340779208e-02 1.667097121254749320e-02 3.122782767032411706e-03 9.998561531273487679e-01 1.407598036527486773e-01
9.993990000941095353e-01 -2.871856534695239188e-02 -1.941346479397521377e-02 1.051222852143162001e+01 2.868896963747153556e-02 9.995867637180009257e-01 -1.801338644897639181e-03 6.207990929667692170e-02 1.945717430754851859e-02 1.243303738509101385e-03 9.998099182163474596e-01 1.160978353554606574e-01
9.993097357719161744e-01 -2.984960299674689968e-02 -2.211454707652123555e-02 1.094873459245719438e+01 2.981478731119587347e-02 9.995536299495899613e-01 -1.902448997029710688e-03 6.509283629931053583e-02 2.216146315231079175e-02 1.241795286971397998e-03 9.997536333994561097e-01 1.159687592918773602e-01
9.992478820174822696e-01 -3.055849140547005002e-02 -2.387150784088953870e-02 1.140387248217658112e+01 3.050157614782519552e-02 9.995309499512862184e-01 -2.744802721099089474e-03 8.001263736871180865e-02 2.394418793933631578e-02 2.014619691441788853e-03 9.997112669023114906e-01 1.292319882612989745e-01
9.992048112826663608e-01 -3.137015959478713784e-02 -2.461012386333709043e-02 1.187190575378257762e+01 3.131317451285173942e-02 9.995059820808203099e-01 -2.697570496321715760e-03 1.060287868072524176e-01 2.468258923814317315e-02 1.924804315383256848e-03 9.996934854828496420e-01 1.434067379750625648e-01
9.991813997641960654e-01 -3.237813453144355869e-02 -2.425256212290747421e-02 1.235097513497156285e+01 3.233465653658718075e-02 9.994747146420774886e-01 -2.182837098504247265e-03 1.263605656851414794e-01 2.431049880036779964e-02 1.396851961164233659e-03 9.997034802643611773e-01 1.499518057378750047e-01
9.991406943297322929e-01 -3.321675338404957156e-02 -2.478951852948670445e-02 1.284503740654667325e+01 3.318710920769167572e-02 9.994478652017618758e-01 -1.606401592861483787e-03 1.327715438162699324e-01 2.482919081922082757e-02 7.823287442198395038e-04 9.996914020061384853e-01 1.553363676174089048e-01
9.990503359321820653e-01 -3.409474360047939911e-02 -2.712885424436128207e-02 1.334213386646169930e+01 3.404613986012018645e-02 9.994177257810384907e-01 -2.251611707645398593e-03 1.410549486557861054e-01 2.718982593580483720e-02 1.325840667063630032e-03 9.996294090872407390e-01 1.635437578072899134e-01
9.989622737303421873e-01 -3.516437914418747701e-02 -2.894550229152416387e-02 1.385369287609423417e+01 3.510588631860406261e-02 9.993804044191074709e-01 -2.526659630111183392e-03 1.515786461298117560e-01 2.901641620341916666e-02 1.507880136157392940e-03 9.995777978167607047e-01 1.720871823553151991e-01
9.988978122800377113e-01 -3.621983146693549122e-02 -2.985438712587054969e-02 1.438056138281635832e+01 3.614844813748565450e-02 9.993421433788407526e-01 -2.927484284516783126e-03 1.769926778943160806e-01 2.994078020703644025e-02 1.845067882592055144e-03 9.995499714396987034e-01 1.835272455072532172e-01
9.988106086794216187e-01 -3.733727208125440372e-02 -3.135755256670665764e-02 1.492691450292145028e+01 3.728520588128291652e-02 9.993021461163850150e-01 -2.243699974910660488e-03 1.955228533048382900e-01 3.141944321329926543e-02 1.071858534251710765e-03 9.995057126937538783e-01 1.839645987651187253e-01
9.987443152726022122e-01 -3.878665292792339570e-02 -3.170785810031434560e-02 1.547872581944887216e+01 3.878879734264786827e-02 9.992472813156236811e-01 -5.477079932237534929e-04 1.987643634708184948e-01 3.170523476291969844e-02 -6.828894373609397826e-04 9.994970293856028087e-01 1.888373042747443775e-01
9.987128421288995472e-01 -3.930254498685940151e-02 -3.206195446899215429e-02 1.603949688967781739e+01 3.929543124281372618e-02 9.992272728702826790e-01 -8.521946132850611016e-04 2.099633737035459524e-01 3.207067274406839863e-02 -4.087906230656435883e-04 9.994855200751882052e-01 2.132262693582482604e-01
9.986280136577081468e-01 -4.076719961597915359e-02 -3.286526697793827612e-02 1.662867715700150129e+01 4.072869542907853885e-02 9.991685473700933073e-01 -1.840465968970900808e-03 2.150353987140151968e-01 3.291297170882033496e-02 4.993814258582194784e-04 9.994580966261096266e-01 2.393100429615135083e-01
9.985666088127158613e-01 -4.116147425774519669e-02 -3.421199791303287246e-02 1.720839173644823106e+01 4.109649531756057877e-02 9.991517976526670397e-01 -2.600638394230704240e-03 2.371152180597292380e-01 3.429002532641391848e-02 1.190917450037753478e-03 9.994112146052499535e-01 2.667410488129689505e-01
9.984927195468866756e-01 -4.203181961335979155e-02 -3.529327346467509008e-02 1.779147674166510740e+01 4.194052094804920361e-02 9.991145813686265198e-01 -3.323552196147895252e-03 2.740547571757926959e-01 3.540171908917137678e-02 1.838324395817304835e-03 9.993714719006877578e-01 2.925713146686638177e-01
9.984005003804230505e-01 -4.357489090939488385e-02 -3.602318312358465668e-02 1.837645766996597274e+01 4.350785569077521286e-02 9.990495886850043750e-01 -2.643074254405656295e-03 2.955318804942638766e-01 3.610411795504299415e-02 1.071555205277930148e-03 9.993474593133913064e-01 3.072534538722355713e-01
9.983127369547023511e-01 -4.517138449558080054e-02 -3.648595972101765367e-02 1.895840067975812460e+01 4.515261004028572195e-02 9.989792036759895799e-01 -1.338816430888785424e-03 3.174791826205760614e-01 3.650919117922512419e-02 -3.108788158281724882e-04 9.993332688917149209e-01 3.194289674633168374e-01
9.982313277784568006e-01 -4.678193890409384353e-02 -3.668332637633708870e-02 1.956007435742528600e+01 4.675782840789783484e-02 9.989051051851431939e-01 -1.515360562872954293e-03 3.306810883035058990e-01 3.671405349776593607e-02 -2.025522933959035413e-04 9.993257913455109165e-01 3.479203533708062901e-01
9.981044206569932298e-01 -4.815771331961240381e-02 -3.831970919506094003e-02 2.016267774089153875e+01 4.810123537840940017e-02 9.988395943279894107e-01 -2.394985964144966204e-03 3.438330817069105150e-01 3.839057983462697971e-02 5.472207266007168315e-04 9.992626601296765720e-01 3.655054458801308970e-01
9.980067870503512850e-01 -4.882261508164580099e-02 -3.998506293635581410e-02 2.077075505441502301e+01 4.873134914916658900e-02 9.988066196339357994e-01 -3.254563800636638398e-03 3.638428084922343819e-01 4.009624186300886350e-02 1.299550699220796291e-03 9.991949772474055802e-01 3.943577490252527795e-01
9.979078247260390055e-01 -4.959102305776084962e-02 -4.148136669192111631e-02 2.137974114433366069e+01 4.947337678411353745e-02 9.987679894904122335e-01 -3.858517702050403599e-03 3.960913404889032652e-01 4.162160905253576432e-02 1.798221722850642862e-03 9.991318271672229301e-01 4.187918407067285909e-01
9.977773110239620546e-01 -5.052088082855557549e-02 -4.345202188734731408e-02 2.199374734183457747e+01 5.040193710883869582e-02 9.987216736672731576e-01 -3.829266629187684165e-03 4.159507159641933072e-01 4.358993394659245457e-02 1.630689286046717182e-03 9.990481762712867253e-01 4.365233378708260892e-01
9.976885883175795611e-01 -5.117800474667637961e-02 -4.470226583769896372e-02 2.261363499906903485e+01 5.106689931194672433e-02 9.986886570370020477e-01 -3.624651747804646766e-03 4.435350371042943718e-01 4.482914828031683147e-02 1.333467576860416712e-03 9.989937784234108609e-01 4.606637245992274421e-01
9.975981360604720960e-01 -5.164853663834689801e-02 -4.615612193186449663e-02 2.323177333094180597e+01 5.153679768121362248e-02 9.986645772158219136e-01 -3.608420583776057212e-03 4.737978847548084405e-01 4.628085363773509764e-02 1.221014930745308383e-03 9.989277209633845578e-01 4.805462053619874441e-01
9.975257457724369115e-01 -5.182782974997408865e-02 -4.750013246877563683e-02 2.386509405790287985e+01 5.174301333708149209e-02 9.986558839898582729e-01 -3.014289838980954445e-03 5.012619438787457860e-01 4.759251088083227971e-02 5.490317317587600950e-04 9.988666835330004545e-01 4.987515148029846856e-01
9.974759469245538801e-01 -5.182163030151386990e-02 -4.854126017995100822e-02 2.448903388223992295e+01 5.176224929143725256e-02 9.986563558869816504e-01 -2.480402149937687740e-03 5.276388550197216309e-01 4.860457648468487907e-02 -3.846332709234612929e-05 9.988180983869470175e-01 5.206882908543313260e-01
9.974136067269954165e-01 -5.181523769122938633e-02 -4.981243076630555155e-02 2.515194450472873200e+01 5.173882126759071082e-02 9.986566598227335501e-01 -2.823148161407294365e-03 5.544995632202028846e-01 4.989179781975075501e-02 2.386099376718167978e-04 9.987546002775710141e-01 5.533999988842508433e-01
9.973987271387250164e-01 -5.146772646426651249e-02 -5.046634754616885488e-02 2.581191376018460915e+01 5.140296015201731988e-02 9.986746581092924568e-01 -2.581266723534652793e-03 5.901915755896633975e-01 5.053231431135310481e-02 -1.956750747456438913e-05 9.987224263164672378e-01 5.895089010641006988e-01
9.974244264536413773e-01 -5.090504037407318078e-02 -5.052910426811985101e-02 2.647413007174864674e+01 5.084865859065550858e-02 9.987034828165559652e-01 -2.401526517050318107e-03 6.315505076235317095e-01 5.058584222048205514e-02 -1.739959629391356864e-04 9.987197015640821851e-01 6.310208023343456540e-01
9.974315596341463142e-01 -5.049960646334428899e-02 -5.079442482046387514e-02 2.715472327208500403e+01 5.043496867674433087e-02 9.987240807893719152e-01 -2.554287767657879675e-03 6.595568768450753572e-01 5.085860576510350256e-02 -1.408799292391916744e-05 9.987058636160890401e-01 6.656346999814810594e-01
9.974175006080064909e-01 -4.992353087823968305e-02 -5.163303734554911678e-02 2.783518510623390085e+01 4.984891208061978385e-02 9.987530315381933921e-01 -2.732756419269902030e-03 6.892479519477826555e-01 5.170508142587206674e-02 1.518483383850354872e-04 9.986623861429978488e-01 7.034928709190245710e-01
9.973642903760464584e-01 -4.945222250488690019e-02 -5.309378468344901070e-02 2.850735964473573247e+01 4.932128862244229695e-02 9.987758332223355406e-01 -3.774315785834068699e-03 7.154714673684425819e-01 5.321543734018382987e-02 1.145713906963311771e-03 9.985823974857239715e-01 7.390161665603968144e-01
9.973111552107667421e-01 -4.851906286783244648e-02 -5.492140047916899831e-02 2.923780573572682684e+01 4.840734199569524110e-02 9.988220143632632331e-01 -3.363460156606650799e-03 7.443808819878056093e-01 5.501989579304691208e-02 6.958173184130912996e-04 9.984850158641248585e-01 7.674223590115644145e-01
9.972332402480779123e-01 -4.728077208695610767e-02 -5.736194849532701145e-02 2.995825806370240940e+01 4.717347837842547631e-02 9.988815092431682086e-01 -3.223884267567393366e-03 7.757773859764509616e-01 5.745021742343070503e-02 5.090019172423686754e-04 9.983482425662143500e-01 7.933691434292269307e-01
9.972411982577554790e-01 -4.575063847585452564e-02 -5.845401249262331678e-02 3.067650123092841241e+01 4.571557571889737354e-02 9.989526172821281413e-01 -1.937669186375138349e-03 7.993693117793410075e-01 5.848143837257992195e-02 -7.399352929320213547e-04 9.982882218385812356e-01 8.139935675443188412e-01
9.972031585508277507e-01 -4.350938715856052241e-02 -6.076836187803016931e-02 3.140282268042659553e+01 4.346492490210777937e-02 9.990528421975019002e-01 -2.053971846822150952e-03 8.209870224814792561e-01 6.080017170622853406e-02 -5.930650722271646122e-04 9.981497820439141355e-01 8.440280862153892727e-01
9.972046847597049180e-01 -4.099841891447480319e-02 -6.246556123025601148e-02 3.214475824772743806e+01 4.096354524539865677e-02 9.991589486370423545e-01 -1.839380180488078310e-03 8.552608917087971552e-01 6.248843616402802170e-02 -7.245723106979488556e-04 9.980454249886328011e-01 8.785527685780478713e-01
9.974223609881495145e-01 -3.829901865103482739e-02 -6.067799412631515871e-02 3.289306082306271861e+01 3.827432645504913467e-02 9.992660368111251357e-01 -1.569589181711818042e-03 8.918519601711750733e-01 6.069357243759652271e-02 -7.568660084236807258e-04 9.981561588341814062e-01 9.335652065037324254e-01
9.976402311097796183e-01 -3.550402709807886498e-02 -5.876591980939712551e-02 3.362905059943921060e+01 3.553381193303040836e-02 9.993683296606783450e-01 -5.384057334125385381e-04 9.047709168698014892e-01 5.874791469263940941e-02 -1.551041922266147965e-03 9.982716447882418187e-01 9.693920492502884345e-01
9.977354330586124531e-01 -3.267372996584880923e-02 -5.879143636161599656e-02 3.436859205943144246e+01 3.262706231650409211e-02 9.994660569628760483e-01 -1.753791229303064154e-03 9.125010688739476628e-01 5.881734798457092378e-02 -1.683722061841406905e-04 9.982687469949472758e-01 1.014982797798394953e+00
9.976854709387146247e-01 -2.955754681593112179e-02 -6.123767226160054672e-02 3.510266462602130844e+01 2.940826818874658563e-02 9.995619106307053192e-01 -3.337750504849598763e-03 9.221625470324750218e-01 6.130950040518937799e-02 1.529131295183088022e-03 9.981176318037610073e-01 1.061964110349940427e+00
9.977083079808787280e-01 -2.612620697387972590e-02 -6.241436929978546461e-02 3.583624536236058589e+01 2.595578634506106458e-02 9.996568244286175853e-01 -3.539848655173391187e-03 9.490492657782120256e-01 6.248543303155981027e-02 1.911722377854463894e-03 9.980440451084353626e-01 1.105989419015445341e+00
9.976992264458094395e-01 -2.258831073785499965e-02 -6.392199752388535994e-02 3.655632184246722005e+01 2.244842973342074666e-02 9.997437794477711526e-01 -2.905762892929583674e-03 9.664755932792131743e-01 6.397125566953623665e-02 1.464128920675947243e-03 9.979506675054465870e-01 1.139098246149796045e+00
9.976013312243766640e-01 -2.014940014571696067e-02 -6.622375414546731454e-02 3.729111067846258010e+01 1.999272934307046515e-02 9.997955409395685722e-01 -3.027720391669743317e-03 9.820156199058434066e-01 6.627122084861759854e-02 1.696464300592558181e-03 9.978002040970479491e-01 1.187115371631098926e+00
9.976294598819901438e-01 -1.669371075423877956e-02 -6.675912519515458943e-02 3.800934946937052672e+01 1.662386824225116702e-02 9.998605312058767014e-01 -1.601605871129723347e-03 9.978480210988651677e-01 6.677655112562180806e-02 4.880142989467707061e-04 9.977678357522912211e-01 1.217881625582471816e+00
9.976560648342335247e-01 -1.296667385574687414e-02 -6.718810660072531415e-02 3.872545196583428861e+01 1.288916102903936434e-02 9.999156718481921891e-01 -1.587047682308123263e-03 9.964017053874903995e-01 6.720301948156222338e-02 7.173294202228017082e-04 9.977390638894838570e-01 1.256300748654305188e+00
9.975351563737895333e-01 -8.702765733907271220e-03 -6.962667353033676065e-02 3.944807349006273967e+01 8.572829346483562887e-03 9.999609093844187280e-01 -2.164786382642672029e-03 9.939395445450538435e-01 6.964279140955965952e-02 1.562552932586407008e-03 9.975707694359420286e-01 1.294751626745040962e+00
9.972844980881685473e-01 -3.971815013711460854e-03 -7.353811636509785532e-02 4.016454532167978186e+01 3.787672823022008792e-03 9.999893331227338589e-01 -2.643326566231484105e-03 1.003537456016504459e+00 7.354783074717810565e-02 2.357610283074976221e-03 9.972889041126135057e-01 1.344190575418817479e+00
9.972236681796970981e-01 7.689120872089228766e-04 -7.446048882750913589e-02 4.086996688899738217e+01 -8.471507180684435378e-04 9.999991218213898359e-01 -1.019162455168659380e-03 1.015242078783565871e+00 7.445963979156994261e-02 1.079412178592268224e-03 9.972234438236289300e-01 1.387866158131294769e+00
9.971686032262881971e-01 5.765886162074605921e-03 -7.497687174388803499e-02 4.159432605995006327e+01 -5.779847968819311517e-03 9.999832960658687764e-01 3.076846380007245882e-05 1.008494032364551263e+00 7.497579674262072613e-02 4.026735737864004308e-04 9.971852725330444533e-01 1.428392031432970555e+00
9.970718532445160820e-01 1.124576827253886968e-02 -7.563895929682373787e-02 4.230169621656731493e+01 -1.127442482906186247e-02 9.999364404933831496e-01 4.814765447727230221e-05 9.863697920931399077e-01 7.563469317925494706e-02 8.047790896614785867e-04 9.971352694184960619e-01 1.486722938941733796e+00
9.969561677227442020e-01 1.708812596200256356e-02 -7.606836129880908959e-02 4.301355322125383651e+01 -1.710443917135462399e-02 9.998536128439946546e-01 4.370851685685885925e-04 9.759978935048018167e-01 7.606469483415320698e-02 8.653519040755165877e-04 9.971025089557589149e-01 1.539420353439086009e+00
9.967976128635435140e-01 2.301120484493232587e-02 -7.658331046073782455e-02 4.372940686182129610e+01 -2.297656346934577598e-02 9.997351145366166758e-01 1.333526751559765402e-03 9.645473865014598802e-01 7.659371071230533512e-02 4.303650108493045179e-04 9.970622940745864637e-01 1.590267412706298122e+00
9.966500190139584436e-01 2.903144442927724916e-02 -7.645858247329698210e-02 4.443136229821632099e+01 -2.897867222306205193e-02 9.995784097529790690e-01 1.799808849227997783e-03 9.356683617713598133e-01 7.647859933121486931e-02 4.218886763290554060e-04 9.970711337985270761e-01 1.649349702682294305e+00
9.965061442678443404e-01 3.558561199323966029e-02 -7.555904085879371068e-02 4.513126653404057720e+01 -3.559801736891590740e-02 9.993654894837556979e-01 1.183041967034364171e-03 9.057512670304703750e-01 7.555319712518208941e-02 1.510843459793504481e-03 9.971406278736231199e-01 1.705545677424908702e+00
9.962972218307160066e-01 4.199924788391540958e-02 -7.501939049060980802e-02 4.582896639025995711e+01 -4.205496132734904552e-02 9.991149476796254980e-01 8.375863503394043782e-04 8.653369355490808656e-01 7.498817240173509535e-02 2.320452611997413442e-03 9.971817234082879233e-01 1.766263672899622827e+00
9.960137459019375861e-01 4.780982297715800911e-02 -7.530497195592951443e-02 4.651889200231643429e+01 -4.794944487683522327e-02 9.988497627799269862e-01 -4.615719679939233287e-05 8.298060081855178627e-01 7.521614660692114984e-02 3.656804804236960492e-03 9.971605482911113372e-01 1.821791363400738106e+00
9.956511539265026078e-01 5.360477596732597660e-02 -7.619256970542928609e-02 4.723865205179987470e+01 -5.376791145975376440e-02 9.985534555632809006e-01 -8.988819092816411130e-05 7.947799253015261911e-01 7.607753533126576651e-02 4.186212622834631011e-03 9.970931171369084023e-01 1.861329927413611030e+00
9.952924629377253307e-01 5.839490370038364492e-02 -7.734952127311146841e-02 4.789945693453628195e+01 -5.859609532914116653e-02 9.982817174154748896e-01 -3.320936435236500513e-04 7.565422634097662691e-01 7.719722036145344746e-02 4.862910222571287591e-03 9.970039825761141117e-01 1.905610560806663800e+00
9.948219492923939811e-01 6.377685953156275733e-02 -7.913154487543344606e-02 4.859037171989717052e+01 -6.398544814522202917e-02 9.979508265994669891e-01 -1.005738324526390080e-04 7.050483490204099146e-01 7.896297633534674065e-02 5.163320417326698261e-03 9.968641775540595384e-01 1.943715804833679561e+00
9.943646376136676679e-01 6.879935278585393166e-02 -8.065740213822340798e-02 4.928609403292641389e+01 -6.897975207490562866e-02 9.976179079337655908e-01 5.509750822419571571e-04 6.588713232304788114e-01 8.050317550956624657e-02 5.015857464512928424e-03 9.967417317975463265e-01 1.996215011267441497e+00
9.940652005995935792e-01 7.384855333741932593e-02 -7.987971035788783702e-02 4.999325620632028944e+01 -7.399804874998525128e-02 9.972577892385382503e-01 1.091138972787552728e-03 5.960525330477494110e-01 7.974124239115241985e-02 4.826279419331593046e-03 9.968039131588930513e-01 2.045481815114996049e+00
9.936823453837776432e-01 7.928683657859535161e-02 -7.942917611277386380e-02 5.068404943377373684e+01 -7.948427808473733369e-02 9.968358892357862544e-01 6.778413144046084582e-04 5.210282328843474087e-01 7.923159729516421335e-02 5.639811775093699076e-03 9.968402813456117562e-01 2.097422969325401176e+00
9.932664047051602552e-01 8.412208223985268019e-02 -7.965754555417939309e-02 5.137630083927491853e+01 -8.433182106696282543e-02 9.964374571089585908e-01 7.335023940536647240e-04 4.487974586330943927e-01 7.943546588026326183e-02 5.989102592524183852e-03 9.968220189233992778e-01 2.138986180780737545e+00
9.927331694024335018e-01 8.826158059080541074e-02 -8.179699114155775108e-02 5.206130982703727028e+01 -8.862441929746317504e-02 9.960647862100807659e-01 -8.086881064112549228e-04 3.755907731206426514e-01 8.140372640356674516e-02 8.052022347135990785e-03 9.966486834706271836e-01 2.192049492463964189e+00
