1.000000000000000000e+00 0.000000000000000000e+00 0.000000000000000000e+00 0.000000000000000000e+00 0.000000000000000000e+00 1.000000000000000000e+00 0.000000000000000000e+00 0.000000000000000000e+00 0.000000000000000000e+00 0.000000000000000000e+00 1.000000000000000000e+00 0.000000000000000000e+00
9.999999999024742348e-01 -1.082566160091140406e-05 8.823634205901191373e-06 -3.360287789428634871e-03 1.082605176476344639e-05 9.999999989637295972e-01 -4.421919647071237099e-05 -2.821175310378455994e-03 -8.823155494700266055e-06 4.421929199152052604e-05 9.999999989834030822e-01 -1.444422461334152847e-03
9.999999996070149111e-01 1.953340860875834767e-05 -2.011009798216931981e-05 1.696177460323643020e-03 -1.953391677971213052e-05 9.999999994899377853e-01 -2.526955567042170190e-05 -3.100197327604253903e-03 2.010960437135564499e-05 2.526994848947155945e-05 9.999999994785168100e-01 -1.605943072959383411e-03
9.999999998486315267e-01 -1.015344306498892579e-05 1.412955988482898094e-05 1.132380293167824757e-03 1.015366307346620954e-05 9.999999998272265378e-01 -1.557081015822921121e-05 -2.683066908330194057e-03 -1.412940178505334931e-05 1.557095362266272724e-05 9.999999997789527084e-01 -8.116337228286622405e-04
9.999999999857311916e-01 4.388028343483050254e-07 -5.324002208815769534e-06 -1.491842620458709318e-03 -4.388959824454629143e-07 9.999999998468506179e-01 -1.749589020520912947e-05 -2.830858413667604410e-03 5.323994530754190127e-06 1.749589254164266635e-05 9.999999998327744333e-01 -1.136470605900832646e-03
9.999999999971279641e-01 1.095445296763877514e-06 2.131660216418382985e-06 -1.410192681191643673e-03 -1.095404584566463481e-06 9.999999998170193694e-01 -1.909872868164302586e-05 -2.868640971960986948e-03 -2.131681137640839223e-06 1.909872634655780281e-05 9.999999998153472625e-01 -1.352747244566584930e-03
9.999999998699053982e-01 -8.300677890746441056e-06 -1.383068501516049405e-05 6.446996830312503625e-04 8.300218504396781526e-06 9.999999994139437964e-01 -3.321473696395458767e-05 -1.602730269947654201e-03 1.383096071188769784e-05 3.321462216192583734e-05 9.999999993527467490e-01 -1.003039035239016406e-03
9.999999999743826029e-01 -3.747741403132243100e-06 6.098293055248280206e-06 7.948512571724830264e-04 3.747868990510732596e-06 9.999999997741129132e-01 -2.092194125295558074e-05 -1.876819477034569238e-05 -6.098214643845287402e-06 2.092196410802304904e-05 9.999999997625416137e-01 -1.212199765044505353e-03
9.999999997788107109e-01 -1.125931404616902569e-05 1.776531696207109178e-05 -1.012660910005237693e-04 1.125952062698231301e-05 9.999999998690033420e-01 -1.162826411580155370e-05 -2.555449315606776392e-03 -1.776518603346640283e-05 1.162846414218228686e-05 9.999999997745885327e-01 -8.393931610169948947e-04
9.999999999969420017e-01 6.226250488332933256e-07 -2.393402284717868951e-06 -4.016958809561792980e-04 -6.226825656975393099e-07 9.999999997110496919e-01 -2.403149801302984320e-05 -3.250037092401686888e-03 2.393387321413670446e-06 2.403149950328622747e-05 9.999999997083793835e-01 -1.288319570229917981e-03
9.999999999349974411e-01 -1.115886974644650850e-05 -2.341967047523721088e-06 1.743633386649907913e-03 1.115882757709323988e-05 9.999999997756467973e-01 -1.800519573434863197e-05 -3.633964322842372571e-04 2.342167964632251691e-06 1.800516959957177386e-05 9.999999998351640773e-01 -7.284110994338428759e-04
9.999999998951066837e-01 -1.354353732213237905e-05 5.134129383833319558e-06 1.730218292094848689e-03 1.354358212332767456e-05 9.999999998702122639e-01 -8.726218040160714119e-06 3.885009202072003259e-05 -5.134011199307263704e-06 8.726287573748335311e-06 9.999999999487468871e-01 -8.389045509430092216e-04
9.999999996331456753e-01 -7.762948642676092259e-06 2.595082396716694428e-05 -1.464477485391724697e-03 7.763067430159004243e-06 9.999999999593914835e-01 -4.577309390551473255e-06 -2.999552645393306453e-03 -2.595078843269539982e-05 4.577510846868592864e-06 9.999999996528015078e-01 -1.109624201106963574e-03
9.999999954457143847e-01 -4.308801151054258500e-05 8.515864347100534780e-05 -6.149454432911437979e-03 4.308830748548409412e-05 9.999999990656653903e-01 -3.473739735714916262e-06 -6.358718554069329662e-03 -8.515849371490096637e-05 3.477409061709438893e-06 9.999999963679693238e-01 -7.927758584648225693e-04
9.999999856259087494e-01 6.785170538054939235e-05 1.553844536171814438e-04 -2.367962490249695545e-02 -6.778966940166646017e-05 9.999999180170325852e-01 -3.992123354019986811e-04 8.227724734311808036e-04 -1.554115281160688546e-04 3.992017962029432185e-04 9.999999082425872210e-01 -9.387067382058146212e-03
9.999979656178410448e-01 -1.792065164812895838e-06 -2.017116002522891839e-03 1.246018453647641105e-02 1.005836992154545932e-06 9.999999240355361696e-01 -3.897793095679877090e-04 -4.960149601712865799e-03 2.017116547803678508e-03 3.897764877180215576e-04 9.999978896553343155e-01 -2.643383091487891065e-03
9.999960699625835003e-01 -3.087622980929327935e-05 -2.803409717868726031e-03 -5.579342655901542436e-03 3.039333220427841418e-05 9.999999846951483917e-01 -1.722961065279946826e-04 -3.842206692924917885e-03 2.803414994817136387e-03 1.722102244349893983e-04 9.999960555962235098e-01 -7.878655212791314116e-04
9.999949067919871037e-01 8.692441670727214624e-05 -3.190428534044926698e-03 -3.729327789166871771e-03 -8.725669994943976407e-05 9.999999907839912661e-01 -1.040109888685450884e-04 -5.342309247567331165e-05 3.190419463547370521e-03 1.042888453842484461e-04 9.999949051607629480e-01 -6.629885376494856850e-04
9.999950017540428782e-01 -3.822373655578503542e-05 -3.161487921500399575e-03 1.314488338198551570e-02 3.831425689140755973e-05 9.999999988578397447e-01 2.857163381401581941e-05 7.891299211054948748e-03 3.161486825774870169e-03 -2.869262106634606582e-05 9.999950020764023506e-01 3.640898210691026309e-04
9.999956835064672811e-01 8.850397736368661184e-06 -2.938178024518238191e-03 1.575296447192165578e-02 -8.669485125173545935e-06 9.999999980660152499e-01 6.158579035888215594e-05 7.492098781914428157e-03 2.938178563894586464e-03 -6.156005203353770276e-05 9.999956816492192591e-01 -1.097672880704856756e-03
9.999961400987775750e-01 1.120963240841554932e-05 -2.778427953016208030e-03 1.734845659968287102e-02 -1.097300284942929184e-05 9.999999963118154644e-01 8.518193609924284927e-05 4.000781358990450343e-03 2.778428897627044630e-03 -8.515111960753818691e-05 9.999961365336106356e-01 -1.411602274552139352e-03
9.999957590546664221e-01 6.100666222897148036e-06 -2.912359089024333259e-03 1.739598533504058478e-02 -6.044453662158210660e-06 9.999999997952906394e-01 1.931018530632760445e-05 9.438031341289657497e-07 2.912359206233141023e-03 -1.929249979332616860e-05 9.999957588868331193e-01 -1.579609673167228822e-03
9.999954821729771792e-01 6.939009298323532650e-05 -3.005132051978586134e-03 1.698309371762471778e-02 -6.952616512419584958e-05 9.999999965626443776e-01 -4.517547646599780079e-05 -3.885003506061651506e-04 3.005128906918366066e-03 4.538420767827533149e-05 9.999954835600641800e-01 -2.955686964969408102e-03
9.999953799444764035e-01 1.501279687180344870e-05 -3.039714512620165718e-03 2.591020273842491520e-02 -1.544195289885828975e-05 9.999999899177589580e-01 -1.411595838873144694e-04 6.245724659799109036e-04 3.039712362772871608e-03 1.412058708505290730e-04 9.999953700941087709e-01 -5.378655620001062190e-03
9.999946816850319165e-01 1.293315196550848429e-06 -3.261380072774722368e-03 4.079591670416320842e-02 -1.609923721234513781e-06 9.999999952868816600e-01 -9.707545935559453842e-05 -3.588245459359071503e-03 3.261379931854285590e-03 9.708019365086914283e-05 9.999946769740207797e-01 -6.996323697997741675e-03
9.999871317451574093e-01 -2.745613375078770701e-05 -5.073025749374892104e-03 7.690409596711814122e-02 2.484037805618249942e-05 9.999998667271380315e-01 -5.156827142234102863e-04 -6.081612778473187084e-03 5.073039231931806767e-03 5.155500624093226460e-04 9.999869991560312865e-01 -6.382998778105849688e-03
9.999831494023438960e-01 -1.422332016301355124e-04 -5.803505930548765249e-03 1.070388993792251164e-01 1.385875631005822417e-04 9.999997928428495664e-01 -6.285759662951767189e-04 -1.205248713335054650e-02 5.803594132683166998e-03 6.277610806701179472e-04 9.999829619604369002e-01 -1.184192839563799268e-02
9.999796649984027397e-01 -2.295707137876494422e-04 -6.373137921739155561e-03 1.616582938769288436e-01 2.260086587005055801e-04 9.999998178662812265e-01 -5.596315668684602625e-04 -1.405182235018200866e-02 6.373265235994110024e-03 5.581798024062484438e-04 9.999795347533567691e-01 -1.292577131777152694e-02
9.999767518499043106e-01 -1.461089054340933280e-03 -6.660403778318393746e-03 2.887455900969074230e-01 1.458593876104011169e-03 9.999988642522822380e-01 -3.794707500994219987e-04 -6.600372021225120803e-03 6.660950654339415668e-03 3.697471039430315592e-04 9.999777472641376841e-01 -1.316555011610942051e-02
9.999765750031179845e-01 -1.616460901351498766e-03 -6.651052487238279416e-03 3.437185811729706053e-01 1.614187937165360506e-03 9.999986369588876878e-01 -3.470989343863790369e-04 -8.426066075069824773e-03 6.651604493436636366e-03 3.363547549005695440e-04 9.999778212656227350e-01 -1.408198970573570387e-02
9.999760327765396806e-01 -1.757116856246897360e-03 -6.696746437370265821e-03 4.263126114036296932e-01 1.755265978933067414e-03 9.999984196863568320e-01 -2.822518946650314766e-04 -1.245493086610337946e-02 6.697231803972330220e-03 2.704905586797426258e-04 9.999775367082109900e-01 -1.592580704982526560e-02
9.999753982624073334e-01 -1.320056952963616012e-03 -6.889145054420358141e-03 5.484339248562271063e-01 1.317816938669837037e-03 9.999990773342104511e-01 -3.296805178243652026e-04 -1.030158445649338381e-02 6.889573895101707562e-03 3.205937750651076195e-04 9.999762152127296133e-01 -1.746300628695281881e-02
9.999722270227159315e-01 -2.367014113526611906e-03 -7.066995642863528430e-03 7.060552287044803421e-01 2.363071092110543159e-03 9.999970476255130025e-01 -5.662466521813721253e-04 -3.775156464200779376e-03 7.068315092263344028e-03 5.495311127142420409e-04 9.999748681528514149e-01 -2.078452039202308491e-02
9.999713602778638188e-01 -2.591833400272955390e-03 -7.110627515481456572e-03 8.148520014044973170e-01 2.588743133616608350e-03 9.999965507336097126e-01 -4.437678122878380344e-04 -3.497696394737649477e-04 7.111753161270806776e-03 4.253475147445932142e-04 9.999746207011780408e-01 -2.125924412333013089e-02
9.999726603017535798e-01 -2.906213299039019180e-03 -6.799453896756782120e-03 9.333633510343375406e-01 2.905565649953147003e-03 9.999957733094051449e-01 -1.051264881581801479e-04 1.023456867829827116e-02 6.799730677566912657e-03 8.536735435085964700e-05 9.999768779202483637e-01 -2.356034844773720327e-02
9.999702861796816444e-01 -3.843245446347928144e-03 -6.682531119621189057e-03 1.091120304221438131e+00 3.842939236963307126e-03 9.999926141611064079e-01 -5.866223320029791404e-05 8.626083471983968937e-03 6.682707216883558392e-03 3.297992907942053162e-05 9.999776699189726337e-01 -2.742923710231898182e-02
9.999696798814784460e-01 -3.751469082158379823e-03 -6.823913646815336562e-03 1.240863379235483510e+00 3.750991571974543210e-03 9.999929615806533167e-01 -8.277306975737304330e-05 4.512784241460929963e-03 6.824176137861534194e-03 5.717411749100122009e-05 9.999767134044470485e-01 -2.626171845958832213e-02
9.999695266134956961e-01 -3.839396114075801884e-03 -6.797417293402823781e-03 1.410792294869046337e+00 3.837848397457609834e-03 9.999926064591702080e-01 -2.407211523426749076e-04 1.559854623228316452e-02 6.798291260277407842e-03 2.146263596876231254e-04 9.999768683181957662e-01 -2.890394024551938557e-02
9.999688988475774476e-01 -4.741150971358890423e-03 -6.302604622717021023e-03 1.597780780918822918e+00 4.741294584309255558e-03 9.999887599688912498e-01 7.844996185931556130e-06 2.827196560865528549e-02 6.302496586933708546e-03 -3.772725736224011409e-05 9.999801383594705273e-01 -3.341888129658131951e-02
9.999693071658628529e-01 -5.031541881304356367e-03 -6.005690012056529546e-03 1.788401003107346066e+00 5.038711901477274310e-03 9.999866101823261522e-01 1.179338134078049272e-03 3.019445029614856862e-02 5.999675707748429627e-03 -1.209562878588641040e-03 9.999812702491205352e-01 -3.807309301594625356e-02
9.999640388071150410e-01 -5.982136927699363387e-03 -6.011250314264873773e-03 1.991135033846251234e+00 5.997971594799532923e-03 9.999785807719469011e-01 2.619605709058763204e-03 3.103789280948787005e-02 5.995450717875334956e-03 -2.655566813546767543e-03 9.999785010366913918e-01 -3.765953563835813117e-02
9.999641605900402297e-01 -6.470694956103084650e-03 -5.459637555844843067e-03 2.200522399129215323e+00 6.494881987190521261e-03 9.999691213804168255e-01 4.424115013163846047e-03 4.059164562308001378e-02 5.430841871072795111e-03 -4.459416157110226639e-03 9.999753094772435569e-01 -4.395461094337460572e-02
9.999608551057102002e-01 -6.959691140909184982e-03 -5.463602793032981859e-03 2.411306116303214342e+00 6.987590007408472394e-03 9.999625609892787148e-01 5.103940208447605049e-03 4.790819907885855711e-02 5.427876393696973341e-03 -5.141917831528729742e-03 9.999720490288058761e-01 -4.721071623231418157e-02
9.999585222515912086e-01 -7.512517323642339297e-03 -5.149355287402984649e-03 2.647621835414105895e+00 7.541960511199021812e-03 9.999551850737675718e-01 5.722471121356783805e-03 6.036849406117783534e-02 5.106134355992398774e-03 -5.761070000375062908e-03 9.999703682931756488e-01 -4.987836300575113069e-02
9.999547424695155451e-01 -8.194572565710744536e-03 -4.833424582034947375e-03 2.893916116988338949e+00 8.224329060664800281e-03 9.999471505742351107e-01 6.168992621958084739e-03 6.555381954287814450e-02 4.782616880623339825e-03 -6.208465102839000153e-03 9.999692902968770891e-01 -5.067503115576758171e-02
9.999545047501575690e-01 -8.571969138596591264e-03 -4.184468300036496731e-03 3.147343705210553733e+00 8.599365077799597801e-03 9.999414178676609977e-01 6.573564715629737383e-03 7.200164383932278200e-02 4.127874771087829998e-03 -6.609249420229138146e-03 9.999696387750857118e-01 -5.416749877231636506e-02
9.999495252870496120e-01 -9.249926408006980960e-03 -3.922466016497074860e-03 3.404483961071864684e+00 9.271326184092643780e-03 9.999420423541399705e-01 5.473065267244564200e-03 7.537843719784963203e-02 3.871613228652561606e-03 -5.509155477731203510e-03 9.999773296514925525e-01 -7.342613666398480066e-02
9.999288987055208189e-01 -9.943525245579060493e-03 -6.582084719504012124e-03 3.673069065578863590e+00 9.978914301697639280e-03 9.999358129652984317e-01 5.365744942415094296e-03 7.749190260518738771e-02 6.528307814707470444e-03 -5.431045490346288543e-03 9.999639418208829955e-01 -8.000977407588982793e-02
9.998924634623451713e-01 -1.060042164913491645e-02 -1.013373435922171502e-02 3.950061566378892053e+00 1.064106680503538842e-02 9.999355195468484503e-01 3.965406136215920800e-03 8.415448894109024691e-02 1.009104595438416012e-02 -4.072813454470597221e-03 9.999407897381282773e-01 -8.626042039164913411e-02
9.998361562730144758e-01 -1.147909409519214455e-02 -1.399610688576664354e-02 4.236498708388046985e+00 1.149036854021195583e-02 9.999337204228756493e-01 7.253909818645688356e-04 9.197699281861168585e-02 1.398685239838423806e-02 -8.860925573482354885e-04 9.999017865770445379e-01 -8.931692480292370562e-02
9.997846584287499727e-01 -1.166242124499925967e-02 -1.716463519017717362e-02 4.531857338467048635e+00 1.161610951673644129e-02 9.999286235310940185e-01 -2.795325188038902571e-03 9.045991323507596160e-02 1.719601029898690583e-02 2.595336956136829604e-03 9.998487692925771553e-01 -8.498901097824373974e-02
9.997534120029387683e-01 -1.208991110460913739e-02 -1.862657343594674789e-02 4.844387512970916632e+00 1.199398004059548141e-02 9.999142696319545109e-01 -5.253363606382873210e-03 9.364940713731309541e-02 1.868848927195201556e-02 5.028661439957910623e-03 9.998127089274543300e-01 -8.531200851209043423e-02
9.997299695476107306e-01 -1.257662823086606700e-02 -1.954012309776500048e-02 5.148224111360427457e+00 1.241979441972244046e-02 9.998898444015715814e-01 -8.126977862209458850e-03 9.648321363483669533e-02 1.964018062302528775e-02 7.882099018890456957e-03 9.997760428316690984e-01 -8.191602026772283607e-02
9.997201185657998979e-01 -1.262145291679631597e-02 -2.000958422986384710e-02 5.479798771538558988e+00 1.240302031255473107e-02 9.998625381359729225e-01 -1.100317769630646848e-02 1.085112405591516227e-01 2.014570976434627847e-02 1.075191883150329077e-02 9.997392393116975029e-01 -8.641720379707037991e-02
9.997002979102581621e-01 -1.335548520475719064e-02 -2.051695330907349346e-02 5.813236569973985191e+00 1.311482198921551379e-02 9.998441314145573022e-01 -1.182008122055934300e-02 1.189614221221251822e-01 2.067161828044382366e-02 1.154746252710707639e-02 9.997196308499961548e-01 -8.904601334969550197e-02
9.997025375551321646e-01 -1.367321508892822834e-02 -2.019602918797285332e-02 6.153113854679982175e+00 1.348213218831730356e-02 9.998633385599419166e-01 -9.567461284146133033e-03 1.275911578157377102e-01 2.032408712553369565e-02 9.292329788530007129e-03 9.997502608599884155e-01 -7.548840627896123701e-02
9.997943674216236420e-01 -1.425547297786919181e-02 -1.442235633218870439e-02 6.502236323679503549e+00 1.418005468801256629e-02 9.998853154446839531e-01 -5.318083031492514684e-03 1.508580472342540835e-01 1.449651409961564413e-02 5.112479658846289660e-03 9.998818498356181195e-01 -6.235087118176842885e-02
9.998694364596795170e-01 -1.569601668066171116e-02 -3.839934135269482390e-03 6.860564193001055244e+00 1.568768307121649538e-02 9.998745405660616203e-01 -2.190828077311552692e-03 1.619509972406810439e-01 3.873839653352454619e-03 2.130302365313091993e-03 9.999902275413357078e-01 -6.267238768091529244e-02
9.998079127688355161e-01 -1.747277876601458987e-02 8.879164770320557495e-03 7.228692979008102704e+00 1.747623730164006225e-02 9.998472302029527414e-01 -3.120661152978288508e-04 1.691563096851780856e-01 -8.872355639927676993e-03 4.671805619482855216e-04 9.999605307449495051e-01 -7.094053017822821161e-02
9.996300571592550144e-01 -1.888540000344526848e-02 1.957269757837415761e-02 7.607099541269493947e+00 1.894789917137884583e-02 9.998159335869127862e-01 -3.012650447911183367e-03 1.818080354055206516e-01 -1.951219979335710661e-02 3.382397439673235848e-03 9.998038974952959679e-01 -1.122211573534567519e-01
9.995420861627756226e-01 -2.041601034072651824e-02 2.233393183328460235e-02 7.980481851411750149e+00 2.058009075034978805e-02 9.997627001646762768e-01 -7.141654160126976666e-03 1.896822118328956308e-01 -2.218282790975539126e-02 7.598018241807506096e-03 9.997250583359023057e-01 -1.371053440847228300e-01
9.995791202311514745e-01 -2.154438788698382137e-02 1.942734537944914783e-02 8.357766009353154502e+00 2.173974734156683061e-02 9.997146322207471902e-01 -9.901389259142861707e-03 1.957267472654228291e-01 -1.920848207022244833e-02 1.031956754478677470e-02 9.997622421067153820e-01 -1.326429267913664944e-01
9.995773266122159884e-01 -2.271863398576235565e-02 1.813923351733280273e-02 8.733773795082846902e+00 2.287867685750528263e-02 9.997006991221387695e-01 -8.664774662783333511e-03 2.104893129639496541e-01 -1.793695258468445616e-02 9.076113955208115966e-03 9.997979245264749792e-01 -1.319026141737031366e-01
9.995489624264722872e-01 -2.425963675013271398e-02 1.770146143442025144e-02 9.134675272691563208e+00 2.436485531060202797e-02 9.996865805830942309e-01 -5.752775658241914870e-03 2.307204933536239067e-01 -1.755635320492514306e-02 6.181474486903822986e-03 9.998267669128045876e-01 -1.503854302809491394e-01
9.995621541692680800e-01 -2.565151512488157357e-02 1.474787185631951103e-02 9.542245316007356593e+00 2.568786506061242550e-02 9.996674109139721542e-01 -2.280601934431759122e-03 2.573519030688771192e-01 -1.468446598008305015e-02 2.658444724559548469e-03 9.998886433651130723e-01 -1.863244411371816622e-01
9.996115860244038087e-01 -2.688239206775469570e-02 7.349427358058489498e-03 9.946241492725993893e+00 2.687821556440226495e-02 9.996384933256585725e-01 6.664755665081116120e-04 2.888268647359929497e-01 -7.364686948498413988e-03 -4.686772052788750875e-04 9.999727704931908878e-01 -2.101360534502235700e-01
9.996089014808998696e-01 -2.794228868438465574e-02 1.128088306398793237e-03 1.036559016429794511e+01 2.793940570263760137e-02 9.996065042326732764e-01 2.495256443309746934e-03 3.035235334077803215e-01 -1.197367584305586517e-03 -2.462762435349116416e-03 9.999962505489983222e-01 -2.236334907925725535e-01
9.995728794851893584e-01 -2.920938955280354479e-02 -9.328234772290327093e-04 1.079472265273728304e+01 2.921145152788015217e-02 9.995706561380744981e-01 2.279141797607591238e-03 3.183648704401693674e-01 8.658506345824272272e-04 -2.305417457178815348e-03 9.999969676719158151e-01 -2.281064075013306824e-01
9.995534134428419870e-01 -2.987079795899824641e-02 -8.420831644022483062e-04 1.125199286001927845e+01 2.987250284267970596e-02 9.995515312003703245e-01 2.090466194220448343e-03 3.493195776025372346e-01 7.792616230486455048e-04 -2.114687751842295096e-03 9.999974604202928052e-01 -2.314117934964204371e-01
9.995223380061623031e-01 -3.090451009440247504e-02 -8.415770923617010607e-05 1.170850836152798458e+01 3.090458956041196997e-02 9.995133907231762427e-01 4.229433669147530245e-03 3.635007351696717959e-01 -4.659181820763599776e-05 -4.230014288890610041e-03 9.999910523641289961e-01 -2.400893273077887580e-01
9.994798917921773329e-01 -3.224619839786127540e-02 3.585972439101183353e-04 1.219291421007431175e+01 3.224357117523023175e-02 9.994631254425513367e-01 5.814894536864768926e-03 3.926697770098311890e-01 -5.459129650718727448e-04 -5.800307706731264862e-03 9.999830290607645278e-01 -2.599218613173842618e-01
9.994493466442482266e-01 -3.316944411097638712e-02 -8.896458587900705215e-04 1.267622117535412052e+01 3.317384856114936886e-02 9.994344422917607051e-01 5.503756226351952212e-03 4.187027350715588625e-01 7.065861781666093284e-04 -5.530238541509227036e-03 9.999844584780539503e-01 -2.746503567289612646e-01
9.994189213164824670e-01 -3.394121518529004400e-02 -3.132670800530468463e-03 1.317275603702825393e+01 3.395255927588466949e-02 9.994168097438791420e-01 3.641993957222451964e-03 4.428585139369979329e-01 3.007230156838351393e-03 -3.746239863215253783e-03 9.999884610602619572e-01 -2.835181790816239111e-01
9.993825517439148820e-01 -3.487523998614912302e-02 -4.270000670935660686e-03 1.369235323797351889e+01 3.488950293533829572e-02 9.993856859163381401e-01 3.312607802833914331e-03 4.611824177327415453e-01 4.151849557282436334e-03 -3.459540639865466699e-03 9.999853967552799761e-01 -2.928576342171642088e-01
9.993394985359962401e-01 -3.602037180593230248e-02 -4.806191921460319094e-03 1.421216324834792211e+01 3.603754505336662084e-02 9.993441820750461613e-01 3.535689364676880553e-03 4.964680485021156775e-01 4.675683089141515272e-03 -3.706557394580002433e-03 9.999821995515373318e-01 -3.021824450585792188e-01
9.992979532907549922e-01 -3.704998231169418649e-02 -5.558719241986609730e-03 1.473768527068912526e+01 3.707896458527896316e-02 9.992987852301210561e-01 5.204634750691516411e-03 5.235515395828946872e-01 5.361989760500568067e-03 -5.407092407905101684e-03 9.999710057884181325e-01 -3.091373228030398490e-01
9.992520240526335806e-01 -3.844469207348648332e-02 -4.171100345222509068e-03 1.529537396837628904e+01 3.847135492496006615e-02 9.992384823544493422e-01 6.512313890972542749e-03 5.576575909834273759e-01 3.917560076483932521e-03 -6.667910718629073766e-03 9.999700953977050943e-01 -3.100345151580533032e-01
9.992110259150528417e-01 -3.969134327099636816e-02 -1.386708019605231018e-03 1.586680642769124816e+01 3.969744054971444114e-02 9.992007504717869137e-01 4.687586843953273248e-03 5.784262003468336744e-01 1.199543075338836695e-03 -4.738937218580545514e-03 9.999880517138436398e-01 -3.239045102710343960e-01
9.991675425869988025e-01 -4.078565518670436429e-02 8.672782997544364143e-04 1.643329253610816565e+01 4.078344566693069273e-02 9.991650575174131355e-01 2.428661309661672967e-03 6.199096966274415532e-01 -9.656087149988965305e-04 -2.391268955134632623e-03 9.999966747107681408e-01 -3.434489436365479875e-01
9.991256162610782088e-01 -4.176914245353387234e-02 1.828023418093554587e-03 1.700555288241870855e+01 4.176692646032444112e-02 9.991266190438308215e-01 1.234087558350556793e-03 6.458773464069537118e-01 -1.877973636277638662e-03 -1.156657572585864744e-03 9.999975676761825305e-01 -3.546345176138816502e-01
9.990976783642135928e-01 -4.244340430362136818e-02 1.544836029428779678e-03 1.758773972317923651e+01 4.244105078250516583e-02 9.990978078124437278e-01 1.525658168150179376e-03 6.815787051772546068e-01 -1.608196416891893941e-03 -1.458717069400612644e-03 9.999976429216201890e-01 -3.637364062747179272e-01
9.990275605321407015e-01 -4.406972105499595144e-02 1.339023276456678246e-03 1.817612397443031824e+01 4.406437126468683990e-02 9.990214977217928283e-01 3.791869559176639249e-03 7.150431145716985570e-01 -1.504819672879937655e-03 -3.729178976774477367e-03 9.999919143382667297e-01 -3.769353213533193081e-01
9.989574106013249244e-01 -4.561773683973988774e-02 1.764621862102883944e-03 1.875455355940669477e+01 4.560781563565022984e-02 9.989453392898778317e-01 5.304362730379272653e-03 7.549177685286526662e-01 -2.004733807893667192e-03 -5.218351909476426007e-03 9.999843748007807287e-01 -3.858571645323415900e-01
9.988806238805008064e-01 -4.723201817527743207e-02 2.575984315103706929e-03 1.934335160124867414e+01 4.722274715305010973e-02 9.988780812523567754e-01 3.548372152010142045e-03 7.902944827885678425e-01 -2.740691047983348158e-03 -3.422755132977720830e-03 9.999903866337311875e-01 -4.156138134062826173e-01
9.988133948995541189e-01 -4.866322084339484016e-02 1.921745658053341512e-03 1.994555373867770598e+01 4.866178189265048942e-02 9.988150024439330643e-01 7.885911222633018580e-04 8.249914448026003377e-01 -1.957843778083005488e-03 -6.941398079501181345e-04 9.999978425065064735e-01 -4.237649594320971880e-01
9.987749449821644587e-01 -4.946369823986498937e-02 1.397079922563200819e-03 2.054841286335275541e+01 4.946521943824454259e-02 9.987752670468619254e-01 -1.076104732845382939e-03 8.652453568960576380e-01 -1.342140752963915306e-03 1.143893310285048516e-03 9.999984450819380255e-01 -4.411673256255275177e-01
9.987452333958152240e-01 -5.007947512771429577e-02 7.028564024354799268e-05 2.114014274470363119e+01 5.007952012007395315e-02 9.987435797775949808e-01 -1.817558136023028062e-03 9.026487959100087943e-01 2.082502552233865195e-05 1.818797395907511020e-03 9.999983457698072842e-01 -4.487365733869524420e-01
9.987153079738192440e-01 -5.065092177708822169e-02 -1.489208477872042179e-03 2.175601018560746525e+01 5.064826139222127627e-02 9.987149794525311819e-01 -1.772973512365199483e-03 9.391643622552163784e-01 1.577097557066170714e-03 1.695269967176459263e-03 9.999973194079241345e-01 -4.572858295135736606e-01
9.986636376958026862e-01 -5.162415307989627611e-02 -2.426017924506381537e-03 2.237385717223901338e+01 5.162187454029769362e-02 9.986662088411946137e-01 -9.926669638898994417e-04 9.854401223323344672e-01 2.474027714548779257e-03 8.661048082473531877e-04 9.999965645187631758e-01 -4.714889313012045613e-01
9.986373591055242027e-01 -5.205831165787830339e-02 -3.654748428488644504e-03 2.298715155835749258e+01 5.205609178325139308e-02 9.986439171875217680e-01 -6.999804395644747745e-04 1.034260710242492110e+00 3.686232086838105073e-03 5.087746979540924480e-04 9.999930763966862202e-01 -4.861808754468137095e-01
9.986003715101888778e-01 -5.270965601902166675e-02 -4.357772604118681503e-03 2.361230018603482961e+01 5.271159614873947852e-02 9.986097224392005423e-01 3.314835666172003545e-04 1.062788470737539681e+00 4.334241705879758252e-03 -5.607247623898033813e-04 9.999904499226859311e-01 -4.990484316199064740e-01
9.985957166189857181e-01 -5.277043161539970301e-02 -4.677210422751367988e-03 2.425300504409200286e+01 5.277244429391463737e-02 9.986065162727203459e-01 3.078650787388260545e-04 1.108652592259355307e+00 4.654446633053845039e-03 -5.542605754107219956e-04 9.999890144005355586e-01 -5.047686456472105787e-01
9.986152172314646247e-01 -5.246980650167865079e-02 -3.816715791244360001e-03 2.488566084708332582e+01 5.246859081687432758e-02 9.986224873479960795e-01 -4.180198473951172349e-04 1.149007916185362355e+00 3.833391637459501212e-03 2.171832815984355936e-04 9.999926289428218151e-01 -5.106258747910378260e-01
9.986368660068241088e-01 -5.217043085056671109e-02 -1.629722962555128817e-03 2.554512185364274046e+01 5.217111176267661549e-02 9.986380886679289137e-01 3.780993414214904851e-04 1.188606228961016198e+00 1.607777818838014008e-03 -4.626084001780654759e-04 9.999986005209974271e-01 -5.183150205930213694e-01
9.986668730101397884e-01 -5.160537621020916399e-02 1.167004006930574085e-03 2.620443419591896372e+01 5.160403720075605605e-02 9.986669621538996067e-01 1.149802976476307480e-03 1.239718882079765550e+00 -1.224784361591462747e-03 -1.088048024908268470e-03 9.999986580264811353e-01 -5.365924188611502776e-01
9.986777922321637968e-01 -5.130563694518718021e-02 3.224735638722163976e-03 2.687963012278896358e+01 5.130152017908322370e-02 9.986823020695575481e-01 1.346684953547662607e-03 1.278507826556948279e+00 -3.289578940551058511e-03 -1.179470515799139682e-03 9.999938937412049533e-01 -5.585250917359324552e-01
9.986943476330406577e-01 -5.098484510430576627e-02 3.185212003199655584e-03 2.755902103295985839e+01 5.098239333613691776e-02 9.986991936259204117e-01 8.462982073355101911e-04 1.324264977911327135e+00 -3.224217042136151047e-03 -6.828035048718397032e-04 9.999945690871721027e-01 -5.791457317531524263e-01
9.987477745017081521e-01 -4.999578066525909442e-02 1.817922868692728455e-03 2.824679008470648611e+01 4.999594922693969407e-02 9.987494194327171115e-01 -4.736779261240545326e-05 1.360988881331405720e+00 -1.813281219910274807e-03 1.381972568963525845e-04 9.999983464550007417e-01 -5.981551780654554840e-01
9.987871889192004859e-01 -4.923097967653990853e-02 -6.796256097965902836e-04 2.894429768517128210e+01 4.923164926545400139e-02 9.987868800971295702e-01 1.006407693404185811e-03 1.416266773224303943e+00 6.292547057425508690e-04 -1.038646200655149237e-03 9.999992626260206796e-01 -6.186729212965139668e-01
9.988231310125484930e-01 -4.837897178640328255e-02 -3.439192227803440811e-03 2.965247878160576889e+01 4.838428003798930788e-02 9.988277023178699920e-01 1.477338014754793222e-03 1.455702014788928800e+00 3.363688376591584400e-03 -1.642002221315763070e-03 9.999929946900679711e-01 -6.329477156266370974e-01
9.988764654298996071e-01 -4.705852718573286936e-02 -5.594803783896012093e-03 3.036432185930808103e+01 4.707237822723594339e-02 9.988886689847082945e-01 2.370270446579436467e-03 1.493056038561509702e+00 5.477044668678599827e-03 -2.630968085614941374e-03 9.999815398239257913e-01 -6.486368813815500678e-01
9.989628040319518121e-01 -4.494767614398068739e-02 -7.281659829743312475e-03 3.109176970705279430e+01 4.495916716175225175e-02 9.989878132487022278e-01 1.422064941409495508e-03 1.531268742719987141e+00 7.210370915694006531e-03 -1.747967342886408730e-03 9.999724772019609187e-01 -6.530872748949003714e-01
9.990800468186586958e-01 -4.236180101281798727e-02 -6.673669438715776510e-03 3.181859161084809884e+01 4.237827594003504283e-02 9.990988810683334442e-01 2.346822608194396032e-03 1.572756646459753549e+00 6.568240036500152222e-03 -2.627482246276419825e-03 9.999749769668581090e-01 -6.500097320294920822e-01
9.992199764814901908e-01 -3.941565615635172354e-02 -2.417571114673198757e-03 3.255896818938921200e+01 3.942652559694400510e-02 9.992117619120276517e-01 4.626438804842160878e-03 1.618554559986314034e+00 2.233311371880170298e-03 -4.718146503202532045e-03 9.999863756141332827e-01 -6.632891224182976275e-01
9.993187350174806971e-01 -3.687045822696259634e-02 1.623315494913085731e-03 3.331166319096101347e+01 3.686012623737551508e-02 9.993024755900258294e-01 5.991107861709190838e-03 1.656714166454927195e+00 -1.843078084878670446e-03 -5.927190715650927991e-03 9.999807355511372009e-01 -6.806145510495898998e-01
9.994076862887896207e-01 -3.426710422228154695e-02 3.168935958269277191e-03 3.405092813968229137e+01 3.425864894088095913e-02 9.994093933173840982e-01 2.685055255229623454e-03 1.688719131187847777e+00 -3.259073431789080103e-03 -2.574901395676111766e-03 9.999913741243815490e-01 -7.005790967716727380e-01
9.995105474638557030e-01 -3.118225187026955197e-02 2.516481035609154180e-03 3.477218285295919742e+01 3.118236977638343121e-02 9.995137116403276512e-01 -7.622651015887420918e-06 1.718425316757694388e+00 -2.515019608750304354e-03 8.608876227763652671e-05 9.999968336275333325e-01 -7.124057404982497843e-01
9.996197397828967546e-01 -2.753351304846366962e-02 1.510462043138679220e-03 3.551035176500977286e+01 2.753314611773908724e-02 9.996208564234119187e-01 2.631884948198527641e-04 1.746997556781353378e+00 -1.517135865013670903e-03 -2.215006425666375298e-04 9.999988246174255080e-01 -7.308240574719678806e-01
9.997045304519577291e-01 -2.430607732014455902e-02 -2.576803018384794352e-04 3.623889511988719647e+01 2.430656452174272120e-02 9.997023561053431928e-01 2.095260980394619919e-03 1.772645222066827397e+00 2.066760294745103818e-04 -2.100905217462330828e-03 9.999977717386604459e-01 -7.505514289932446736e-01
9.997763136582021870e-01 -2.100298208556752866e-02 -2.489456070999673289e-03 3.696772913616575096e+01 2.101057910135137319e-02 9.997745526465772192e-01 3.065851621040523774e-03 1.793715266736959135e+00 2.424502803043282299e-03 -3.117470745605996438e-03 9.999922015507463069e-01 -7.556275988741150140e-01
9.998320178667751135e-01 -1.794411333773109768e-02 -3.734279713049830189e-03 3.769363461678864979e+01 1.796660737991466472e-02 9.998201016675553054e-01 6.079911244032537576e-03 1.820770358838367020e+00 3.624509305910305484e-03 -6.145982265023093236e-03 9.999745445931558230e-01 -7.690681183648389041e-01
9.998839071876065576e-01 -1.463870995458288991e-02 -4.228512517591940037e-03 3.841227378286736638e+01 1.466464905551603630e-02 9.998734322947557818e-01 6.169883239005332157e-03 1.834941456571152596e+00 4.137658193276549934e-03 -6.231176612005319415e-03 9.999720257200725992e-01 -7.898898936184356456e-01
9.999219155275617110e-01 -1.055499861531179751e-02 -6.689906720011891926e-03 3.912163616122717258e+01 1.058492274543594916e-02 9.999340606319587765e-01 4.453515303138639962e-03 1.858566357079681541e+00 6.642458743932621625e-03 -4.523979698551197810e-03 9.999677051532825933e-01 -8.019059265047422391e-01
9.999309288783122529e-01 -5.971267418093099792e-03 -1.012331161118904151e-02 3.983746810762321644e+01 6.015776015340638071e-03 9.999723480425931621e-01 4.371909092843480511e-03 1.865882768309844009e+00 1.009692584348659099e-02 -4.432506695364930686e-03 9.999392006381720988e-01 -7.951974209475298760e-01
9.999435610318132550e-01 -7.066090824640202826e-04 -1.060072896648448816e-02 4.054760745158139201e+01 7.871710585950513666e-04 9.999708293808780013e-01 7.597417261373395556e-03 1.882932324528076018e+00 1.059505133261723527e-02 -7.605333058024707146e-03 9.999149482812704770e-01 -7.991410667227211162e-01
9.999453639907113223e-01 4.366277168036128420e-03 -9.497613235738958104e-03 4.127274768518872605e+01 -4.272728105243562072e-03 9.999423803142599709e-01 9.847834583828332655e-03 1.893153285864702218e+00 9.540064361547001548e-03 -9.806715818441461008e-03 9.999064033682522057e-01 -8.086534608264862589e-01
9.999201536025239534e-01 9.228289459104368000e-03 -8.632791736383812337e-03 4.197399858458863520e+01 -9.141109430962692309e-03 9.999073698775093888e-01 1.008423437910511283e-02 1.889686423255685144e+00 8.725052313651667640e-03 -1.000451589536164448e-02 9.999118876800212607e-01 -8.168967631844225030e-01
9.998662822565376196e-01 1.428511668146902579e-02 -7.959462788819988976e-03 4.268625697332716840e+01 -1.419797622965159913e-02 9.998398013488463132e-01 1.089904168639298579e-02 1.886169882525744024e+00 8.113881775823630904e-03 -1.078457602765631532e-02 9.999089247738673913e-01 -8.184737368053250917e-01
9.997720754978585145e-01 2.028960095245601822e-02 -6.642977336578238801e-03 4.338775249581448179e+01 -2.020631518629924586e-02 9.997192642651908656e-01 1.237325679266764247e-02 1.884828610805090454e+00 6.892160858259827397e-03 -1.223620653043496279e-02 9.999013818214516069e-01 -8.173922808904792170e-01
9.996475113182623495e-01 2.637038388934265579e-02 -3.075055891082192558e-03 4.409237858598380910e+01 -2.633022840039124166e-02 9.995758963441637723e-01 1.243971543664667591e-02 1.870869772623381611e+00 3.401791820175438345e-03 -1.235436365379505817e-02 9.999178953849771068e-01 -8.281299773839039258e-01
9.994601860138606630e-01 3.283411711885318718e-02 1.121305562503065569e-03 4.479137441538494357e+01 -3.284484548888097488e-02 9.993944405689961785e-01 1.148774497430668853e-02 1.855844475974039121e+00 -7.434365814267518933e-04 -1.151837283684659097e-02 9.999333849758397230e-01 -8.365715368231597671e-01
9.992165616473741574e-01 3.932836159676948024e-02 4.420735652919418474e-03 4.549171789300874025e+01 -3.937273019079982200e-02 9.991700255702757882e-01 1.044261074716460423e-02 1.835087346360723348e+00 -4.006375783888124070e-03 -1.060848603751097900e-02 9.999357024214458045e-01 -8.605587700550331176e-01
9.989670615743446724e-01 4.512288061346324264e-02 5.360553578002006173e-03 4.617701918457594701e+01 -4.517135256579693503e-02 9.989360161577789388e-01 9.294327851009717353e-03 1.806052403418288099e+00 -4.935463189606154738e-03 -9.526870838251542614e-03 9.999424383108935777e-01 -8.750204974844311145e-01
9.986931974888537678e-01 5.089714742057127594e-02 4.623599673187107559e-03 4.687575824332926544e+01 -5.093781265275411363e-02 9.986599096377941631e-01 9.150088763812017773e-03 1.771896498548154009e+00 -4.151690215103318385e-03 -9.373647458772397384e-03 9.999474477199671307e-01 -8.917147391225139774e-01
9.984054765866873238e-01 5.637739398445363453e-02 2.844955049099914379e-03 4.757487881352935233e+01 -5.640097587955098662e-02 9.983673494994406150e-01 9.031355008861175274e-03 1.739218217233975405e+00 -2.331145972266897379e-03 -9.177412542948298543e-03 9.999551694238459909e-01 -9.124024597441164897e-01
9.981084649833880107e-01 6.147399467289509783e-02 6.634059555199024001e-04 4.826001501158688711e+01 -6.147749044862087925e-02 9.980668020336503909e-01 9.120134125212077045e-03 1.705013496529301786e+00 -1.014723838464511724e-04 -9.143667605452073313e-03 9.999581906490272454e-01 -9.237162050498662902e-01
9.977746715182315151e-01 6.667428401385137871e-02 -4.946998337287485028e-04 4.895268656437215782e+01 -6.666631657258866028e-02 9.977277409630592730e-01 9.744595804539320574e-03 1.669319801950377213e+00 1.143289695833024470e-03 -9.689931062228389694e-03 9.999523979293617471e-01 -9.307808625226017263e-01
9.974214491334142396e-01 7.175591902600242378e-02 1.241327246840550139e-03 4.964799658324192677e+01 -7.176480784963792936e-02 9.973706710102775430e-01 1.007754746023033221e-02 1.628428243340132697e+00 -5.149397095877162331e-04 -1.014064560284172814e-02 9.999484497432120644e-01 -9.397034026498030101e-01
9.970307211214201049e-01 7.694641826030698684e-02 2.998309025268621614e-03 5.033678801881722364e+01 -7.697020782070718159e-02 9.969941122303277448e-01 8.850270396871114456e-03 1.576085649422863888e+00 -2.308299837165411414e-03 -9.054771944697592376e-03 9.999563404753686324e-01 -9.622945172088930299e-01
9.966391329841711721e-01 8.186532637772837850e-02 2.916666183764875762e-03 5.103245470170487863e+01 -8.188355024305497831e-02 9.966187009284785958e-01 6.800673439071184927e-03 1.522831867190799215e+00 -2.350064712427862162e-03 -7.016644262024918956e-03 9.999726215747847258e-01 -9.755141264486368868e-01
9.962296149479592522e-01 8.675130885772770750e-02 8.744781940851823181e-04 5.172610142112333875e+01 -8.675338423691895950e-02 9.962261326586088206e-01 2.709784403507212256e-03 1.470152963899018506e+00 -6.361006856612579259e-04 -2.775431415676254347e-03 9.999959461699705621e-01 -9.939459579005831547e-01
