1.000000000000000000e+00 0.000000000000000000e+00 0.000000000000000000e+00 0.000000000000000000e+00 0.000000000000000000e+00 1.000000000000000000e+00 0.000000000000000000e+00 0.000000000000000000e+00 0.000000000000000000e+00 0.000000000000000000e+00 1.000000000000000000e+00 0.000000000000000000e+00
9.999999999024742348e-01 -1.082566160091140915e-05 8.823634205901201538e-06 -3.360287789428635739e-03 1.082605176476345147e-05 9.999999989637295972e-01 -4.421919647071235066e-05 -2.821175310378455127e-03 -8.823155494700276219e-06 4.421929199152050571e-05 9.999999989834030822e-01 -1.444422461334136151e-03
9.999999996070149111e-01 1.953340860875833412e-05 -2.011009798216882515e-05 1.696177460323632612e-03 -1.953391677971211697e-05 9.999999994899377853e-01 -2.526955567042182387e-05 -3.100197327604254770e-03 2.010960437135515032e-05 2.526994848947168142e-05 9.999999994785168100e-01 -1.605943072959257643e-03
9.999999998486315267e-01 -1.015344306498894612e-05 1.412955988482978054e-05 1.132380293167799604e-03 1.015366307346622987e-05 9.999999998272265378e-01 -1.557081015822948226e-05 -2.683066908330195358e-03 -1.412940178505414891e-05 1.557095362266299829e-05 9.999999997789527084e-01 -8.116337228285717097e-04
9.999999999857311916e-01 4.388028343483185779e-07 -5.324002208814102573e-06 -1.491842620458756156e-03 -4.388959824454763610e-07 9.999999998468506179e-01 -1.749589020520879744e-05 -2.830858413667610048e-03 5.323994530752523167e-06 1.749589254164233431e-05 9.999999998327744333e-01 -1.136470605900885555e-03
9.999999999971279641e-01 1.095445296763906313e-06 2.131660216416529677e-06 -1.410192681191687475e-03 -1.095404584566492281e-06 9.999999998170193694e-01 -1.909872868164277175e-05 -2.868640971961007331e-03 -2.131681137638985915e-06 1.909872634655754870e-05 9.999999998153472625e-01 -1.352747244566734116e-03
9.999999998699053982e-01 -8.300677890747333828e-06 -1.383068501515962330e-05 6.446996830312399542e-04 8.300218504397674298e-06 9.999999994139437964e-01 -3.321473696395496036e-05 -1.602730269946820883e-03 1.383096071188682709e-05 3.321462216192621003e-05 9.999999993527467490e-01 -1.003039035238981061e-03
9.999999999743826029e-01 -3.747741403137805141e-06 6.098293055246501437e-06 7.948512571725181546e-04 3.747868990516294637e-06 9.999999997741129132e-01 -2.092194125295697665e-05 -1.876819477017845419e-05 -6.098214643843508633e-06 2.092196410802445172e-05 9.999999997625416137e-01 -1.212199765044561731e-03
9.999999997788107109e-01 -1.125931404617041144e-05 1.776531696207179651e-05 -1.012660910005204083e-04 1.125952062698370215e-05 9.999999998690033420e-01 -1.162826411580189760e-05 -2.555449315606092044e-03 -1.776518603346710756e-05 1.162846414218263076e-05 9.999999997745885327e-01 -8.393931610169184585e-04
9.999999999969420017e-01 6.226250488371795127e-07 -2.393402284717008365e-06 -4.016958809562423986e-04 -6.226825657014254971e-07 9.999999997110496919e-01 -2.403149801302992112e-05 -3.250037092402402027e-03 2.393387321412809861e-06 2.403149950328630540e-05 9.999999997083793835e-01 -1.288319570229880685e-03
9.999999999349974411e-01 -1.115886974644747750e-05 -2.341967047522917677e-06 1.743633386649857172e-03 1.115882757709420889e-05 9.999999997756467973e-01 -1.800519573434872006e-05 -3.633964322832805571e-04 2.342167964631448280e-06 1.800516959957186195e-05 9.999999998351640773e-01 -7.284110994338008089e-04
9.999999998951066837e-01 -1.354353732214166422e-05 5.134129383833169633e-06 1.730218292094844786e-03 1.354358212333695973e-05 9.999999998702122639e-01 -8.726218040163946397e-06 3.885009202020178395e-05 -5.134011199307113779e-06 8.726287573751567589e-06 9.999999999487468871e-01 -8.389045509429414590e-04
9.999999996331456753e-01 -7.762948642669695467e-06 2.595082396716729664e-05 -1.464477485390405006e-03 7.763067430152607450e-06 9.999999999593914835e-01 -4.577309390549135444e-06 -2.999552645392774761e-03 -2.595078843269575219e-05 4.577510846866255053e-06 9.999999996528015078e-01 -1.109624201106819376e-03
9.999999954457143847e-01 -4.308801151053948824e-05 8.515864347100193256e-05 -6.149454432914151086e-03 4.308830748548099737e-05 9.999999990656653903e-01 -3.473739735714887887e-06 -6.358718554069081597e-03 -8.515849371489755113e-05 3.477409061709409671e-06 9.999999963679693238e-01 -7.927758584647544814e-04
9.999999856259087494e-01 6.785170538055725281e-05 1.553844536171831243e-04 -2.367962490249657381e-02 -6.778966940167432064e-05 9.999999180170325852e-01 -3.992123354019988979e-04 8.227724734305597726e-04 -1.554115281160705351e-04 3.992017962029434353e-04 9.999999082425872210e-01 -9.387067382058057741e-03
9.999979656178410448e-01 -1.792065164812083957e-06 -2.017116002522893140e-03 1.246018453647745883e-02 1.005836992153735745e-06 9.999999240355361696e-01 -3.897793095679866790e-04 -4.960149601712652428e-03 2.017116547803679810e-03 3.897764877180205276e-04 9.999978896553343155e-01 -2.643383091487993414e-03
9.999960699625835003e-01 -3.087622980929310317e-05 -2.803409717868720827e-03 -5.579342655900917936e-03 3.039333220427823800e-05 9.999999846951483917e-01 -1.722961065279955228e-04 -3.842206692926544188e-03 2.803414994817131183e-03 1.722102244349902386e-04 9.999960555962235098e-01 -7.878655212792597812e-04
9.999949067919871037e-01 8.692441670727182098e-05 -3.190428534044928866e-03 -3.729327789166722584e-03 -8.725669994943943881e-05 9.999999907839912661e-01 -1.040109888685452781e-04 -5.342309247623666310e-05 3.190419463547372689e-03 1.042888453842486359e-04 9.999949051607629480e-01 -6.629885376494533758e-04
9.999950017540428782e-01 -3.822373655578454075e-05 -3.161487921500398708e-03 1.314488338198685838e-02 3.831425689140706506e-05 9.999999988578397447e-01 2.857163381401547721e-05 7.891299211053680665e-03 3.161486825774869301e-03 -2.869262106634572361e-05 9.999950020764023506e-01 3.640898210691037151e-04
9.999956835064672811e-01 8.850397736365921879e-06 -2.938178024518239059e-03 1.575296447192343560e-02 -8.669485125170813407e-06 9.999999980660152499e-01 6.158579035887973003e-05 7.492098781915812467e-03 2.938178563894587331e-03 -6.156005203353527686e-05 9.999956816492192591e-01 -1.097672880704736410e-03
9.999961400987775750e-01 1.120963240840818860e-05 -2.778427953016207163e-03 1.734845659968514697e-02 -1.097300284942194128e-05 9.999999963118154644e-01 8.518193609923974574e-05 4.000781358989697473e-03 2.778428897627043762e-03 -8.515111960753511048e-05 9.999961365336106356e-01 -1.411602274552065410e-03
9.999957590546664221e-01 6.100666222898907323e-06 -2.912359089024331524e-03 1.739598533503959599e-02 -6.044453662159968254e-06 9.999999997952906394e-01 1.931018530632781790e-05 9.438031365395808600e-07 2.912359206233139288e-03 -1.929249979332637528e-05 9.999957588868331193e-01 -1.579609673167151626e-03
9.999954821729771792e-01 6.939009298323635649e-05 -3.005132051978585267e-03 1.698309371762466574e-02 -6.952616512419687957e-05 9.999999965626443776e-01 -4.517547646599590343e-05 -3.885003506058286142e-04 3.005128906918365199e-03 4.538420767827343414e-05 9.999954835600641800e-01 -2.955686964969514354e-03
9.999953799444764035e-01 1.501279687180396878e-05 -3.039714512620163983e-03 2.591020273842539398e-02 -1.544195289885880813e-05 9.999999899177589580e-01 -1.411595838873141442e-04 6.245724659791819944e-04 3.039712362772869873e-03 1.412058708505287477e-04 9.999953700941087709e-01 -5.378655620001159335e-03
9.999946816850319165e-01 1.293315196546897232e-06 -3.261380072774713260e-03 4.079591670416428395e-02 -1.609923721230561737e-06 9.999999952868816600e-01 -9.707545935559463328e-05 -3.588245459359350360e-03 3.261379931854276482e-03 9.708019365086921059e-05 9.999946769740207797e-01 -6.996323697997819738e-03
9.999871317451574093e-01 -2.745613375079013630e-05 -5.073025749374892972e-03 7.690409596711791917e-02 2.484037805618492871e-05 9.999998667271380315e-01 -5.156827142234108284e-04 -6.081612778472841006e-03 5.073039231931807634e-03 5.155500624093229713e-04 9.999869991560312865e-01 -6.382998778105761217e-03
9.999831494023438960e-01 -1.422332016301362985e-04 -5.803505930548765249e-03 1.070388993792255328e-01 1.385875631005830278e-04 9.999997928428495664e-01 -6.285759662951770441e-04 -1.205248713335048752e-02 5.803594132683166998e-03 6.277610806701182725e-04 9.999829619604369002e-01 -1.184192839563798574e-02
9.999796649984027397e-01 -2.295707137876469757e-04 -6.373137921739153826e-03 1.616582938769275668e-01 2.260086587005031135e-04 9.999998178662812265e-01 -5.596315668684604793e-04 -1.405182235018252387e-02 6.373265235994108290e-03 5.581798024062488775e-04 9.999795347533567691e-01 -1.292577131777142632e-02
9.999767518499043106e-01 -1.461089054340927425e-03 -6.660403778318387674e-03 2.887455900969104206e-01 1.458593876104005314e-03 9.999988642522822380e-01 -3.794707500994230829e-04 -6.600372021228805355e-03 6.660950654339409596e-03 3.697471039430326434e-04 9.999777472641376841e-01 -1.316555011610925224e-02
9.999765750031179845e-01 -1.616460901351511777e-03 -6.651052487238280284e-03 3.437185811729682738e-01 1.614187937165373517e-03 9.999986369588876878e-01 -3.470989343863811511e-04 -8.426066075070657441e-03 6.651604493436637233e-03 3.363547549005716582e-04 9.999778212656227350e-01 -1.408198970573587734e-02
9.999760327765396806e-01 -1.757116856246901480e-03 -6.696746437370267556e-03 4.263126114036298597e-01 1.755265978933071534e-03 9.999984196863568320e-01 -2.822518946650309887e-04 -1.245493086610330313e-02 6.697231803972331955e-03 2.704905586797421379e-04 9.999775367082109900e-01 -1.592580704982545642e-02
9.999753982624073334e-01 -1.320056952963612326e-03 -6.889145054420353805e-03 5.484339248562247748e-01 1.317816938669833350e-03 9.999990773342104511e-01 -3.296805178243639015e-04 -1.030158445649542037e-02 6.889573895101703226e-03 3.205937750651063184e-04 9.999762152127296133e-01 -1.746300628695285004e-02
9.999722270227159315e-01 -2.367014113526628820e-03 -7.066995642863524094e-03 7.060552287044798980e-01 2.363071092110560073e-03 9.999970476255130025e-01 -5.662466521813749442e-04 -3.775156464201317140e-03 7.068315092263339691e-03 5.495311127142446430e-04 9.999748681528514149e-01 -2.078452039202309184e-02
9.999713602778638188e-01 -2.591833400272954956e-03 -7.110627515481453970e-03 8.148520014044958737e-01 2.588743133616607916e-03 9.999965507336097126e-01 -4.437678122878384681e-04 -3.497696394747455001e-04 7.111753161270804174e-03 4.253475147445936479e-04 9.999746207011780408e-01 -2.125924412333029395e-02
9.999726603017535798e-01 -2.906213299039018313e-03 -6.799453896756781253e-03 9.333633510343369855e-01 2.905565649953146135e-03 9.999957733094051449e-01 -1.051264881581804461e-04 1.023456867829600561e-02 6.799730677566911789e-03 8.536735435085994516e-05 9.999768779202483637e-01 -2.356034844773737674e-02
9.999702861796816444e-01 -3.843245446347941154e-03 -6.682531119621186455e-03 1.091120304221439241e+00 3.842939236963320137e-03 9.999926141611064079e-01 -5.866223320030046869e-05 8.626083471980131728e-03 6.682707216883555790e-03 3.297992907942300496e-05 9.999776699189726337e-01 -2.742923710231886733e-02
9.999696798814784460e-01 -3.751469082158389364e-03 -6.823913646815332225e-03 1.240863379235482844e+00 3.750991571974552751e-03 9.999929615806533167e-01 -8.277306975737652630e-05 4.512784241459073808e-03 6.824176137861529857e-03 5.717411749100465566e-05 9.999767134044470485e-01 -2.626171845958827009e-02
9.999695266134956961e-01 -3.839396114075801017e-03 -6.797417293402821178e-03 1.410792294869047447e+00 3.837848397457608966e-03 9.999926064591702080e-01 -2.407211523426762358e-04 1.559854623228031610e-02 6.798291260277405240e-03 2.146263596876244535e-04 9.999768683181957662e-01 -2.890394024551940985e-02
9.999688988475774476e-01 -4.741150971358898229e-03 -6.302604622717021890e-03 1.597780780918823584e+00 4.741294584309263364e-03 9.999887599688912498e-01 7.844996185928489871e-06 2.827196560865382138e-02 6.302496586933709413e-03 -3.772725736223710543e-05 9.999801383594705273e-01 -3.341888129658137502e-02
9.999693071658628529e-01 -5.031541881304352030e-03 -6.005690012056524342e-03 1.788401003107344067e+00 5.038711901477269973e-03 9.999866101823261522e-01 1.179338134078047754e-03 3.019445029614708370e-02 5.999675707748424423e-03 -1.209562878588639088e-03 9.999812702491205352e-01 -3.807309301594603845e-02
9.999640388071150410e-01 -5.982136927699373795e-03 -6.011250314264869436e-03 1.991135033846250790e+00 5.997971594799543331e-03 9.999785807719469011e-01 2.619605709058760602e-03 3.103789280948519164e-02 5.995450717875330619e-03 -2.655566813546764941e-03 9.999785010366913918e-01 -3.765953563835802709e-02
9.999641605900402297e-01 -6.470694956103090721e-03 -5.459637555844842199e-03 2.200522399129216211e+00 6.494881987190527332e-03 9.999691213804168255e-01 4.424115013163843445e-03 4.059164562307619739e-02 5.430841871072794244e-03 -4.459416157110224037e-03 9.999753094772435569e-01 -4.395461094337466817e-02
9.999608551057102002e-01 -6.959691140909186717e-03 -5.463602793032980992e-03 2.411306116303213010e+00 6.987590007408474128e-03 9.999625609892787148e-01 5.103940208447602447e-03 4.790819907885662116e-02 5.427876393696972473e-03 -5.141917831528727140e-03 9.999720490288058761e-01 -4.721071623231411912e-02
9.999585222515912086e-01 -7.512517323642345368e-03 -5.149355287402986384e-03 2.647621835414104563e+00 7.541960511199027883e-03 9.999551850737675718e-01 5.722471121356784672e-03 6.036849406118011130e-02 5.106134355992400509e-03 -5.761070000375063775e-03 9.999703682931756488e-01 -4.987836300575112375e-02
9.999547424695155451e-01 -8.194572565710741066e-03 -4.833424582034946508e-03 2.893916116988338505e+00 8.224329060664796812e-03 9.999471505742351107e-01 6.168992621958086474e-03 6.555381954287947677e-02 4.782616880623338958e-03 -6.208465102839001888e-03 9.999692902968770891e-01 -5.067503115576751926e-02
9.999545047501575690e-01 -8.571969138596589530e-03 -4.184468300036494129e-03 3.147343705210552400e+00 8.599365077799596066e-03 9.999414178676609977e-01 6.573564715629735648e-03 7.200164383931952072e-02 4.127874771087827396e-03 -6.609249420229136411e-03 9.999696387750857118e-01 -5.416749877231626098e-02
9.999495252870496120e-01 -9.249926408006984430e-03 -3.922466016497073125e-03 3.404483961071864240e+00 9.271326184092647249e-03 9.999420423541399705e-01 5.473065267244565067e-03 7.537843719785357333e-02 3.871613228652559871e-03 -5.509155477731204377e-03 9.999773296514925525e-01 -7.342613666398481453e-02
9.999288987055208189e-01 -9.943525245579063962e-03 -6.582084719504010389e-03 3.673069065578863590e+00 9.978914301697642750e-03 9.999358129652984317e-01 5.365744942415093428e-03 7.749190260518680484e-02 6.528307814707468709e-03 -5.431045490346287676e-03 9.999639418208829955e-01 -8.000977407588988344e-02
9.998924634623451713e-01 -1.060042164913492166e-02 -1.013373435922171502e-02 3.950061566378891609e+00 1.064106680503539362e-02 9.999355195468484503e-01 3.965406136215918198e-03 8.415448894108969180e-02 1.009104595438416012e-02 -4.072813454470594619e-03 9.999407897381282773e-01 -8.626042039164906472e-02
9.998361562730144758e-01 -1.147909409519217230e-02 -1.399610688576664180e-02 4.236498708388045209e+00 1.149036854021198359e-02 9.999337204228756493e-01 7.253909818645623304e-04 9.197699281861204668e-02 1.398685239838423980e-02 -8.860925573482294169e-04 9.999017865770445379e-01 -8.931692480292337255e-02
9.997846584287499727e-01 -1.166242124499926661e-02 -1.716463519017716668e-02 4.531857338467048635e+00 1.161610951673644823e-02 9.999286235310940185e-01 -2.795325188038902571e-03 9.045991323507798776e-02 1.719601029898689890e-02 2.595336956136829604e-03 9.998487692925771553e-01 -8.498901097824373974e-02
9.997534120029387683e-01 -1.208991110460914085e-02 -1.862657343594673748e-02 4.844387512970914855e+00 1.199398004059548488e-02 9.999142696319545109e-01 -5.253363606382873210e-03 9.364940713731707833e-02 1.868848927195200516e-02 5.028661439957910623e-03 9.998127089274543300e-01 -8.531200851209039260e-02
9.997299695476107306e-01 -1.257662823086607741e-02 -1.954012309776500048e-02 5.148224111360429234e+00 1.241979441972245087e-02 9.998898444015715814e-01 -8.126977862209460585e-03 9.648321363483729207e-02 1.964018062302528775e-02 7.882099018890458691e-03 9.997760428316690984e-01 -8.191602026772279443e-02
9.997201185657998979e-01 -1.262145291679632290e-02 -2.000958422986384710e-02 5.479798771538560764e+00 1.240302031255473801e-02 9.998625381359729225e-01 -1.100317769630647195e-02 1.085112405591511092e-01 2.014570976434627847e-02 1.075191883150329424e-02 9.997392393116975029e-01 -8.641720379707014399e-02
9.997002979102581621e-01 -1.335548520475719411e-02 -2.051695330907348652e-02 5.813236569973986967e+00 1.311482198921551726e-02 9.998441314145573022e-01 -1.182008122055934300e-02 1.189614221221225870e-01 2.067161828044381672e-02 1.154746252710707639e-02 9.997196308499961548e-01 -8.904601334969555748e-02
9.997025375551321646e-01 -1.367321508892823008e-02 -2.019602918797285332e-02 6.153113854679980399e+00 1.348213218831730530e-02 9.998633385599419166e-01 -9.567461284146134767e-03 1.275911578157347126e-01 2.032408712553369565e-02 9.292329788530008863e-03 9.997502608599884155e-01 -7.548840627896137578e-02
9.997943674216236420e-01 -1.425547297786919528e-02 -1.442235633218870439e-02 6.502236323679502661e+00 1.418005468801256976e-02 9.998853154446839531e-01 -5.318083031492516419e-03 1.508580472342535839e-01 1.449651409961564413e-02 5.112479658846291394e-03 9.998818498356181195e-01 -6.235087118176851906e-02
9.998694364596795170e-01 -1.569601668066172503e-02 -3.839934135269480655e-03 6.860564193001057909e+00 1.568768307121650926e-02 9.998745405660616203e-01 -2.190828077311554861e-03 1.619509972406809051e-01 3.873839653352452884e-03 2.130302365313094162e-03 9.999902275413357078e-01 -6.267238768091529244e-02
9.998079127688355161e-01 -1.747277876601457947e-02 8.879164770320562700e-03 7.228692979008104480e+00 1.747623730164005185e-02 9.998472302029527414e-01 -3.120661152978281461e-04 1.691563096851798897e-01 -8.872355639927682197e-03 4.671805619482848168e-04 9.999605307449495051e-01 -7.094053017822841978e-02
9.996300571592550144e-01 -1.888540000344527195e-02 1.957269757837415414e-02 7.607099541269488618e+00 1.894789917137884930e-02 9.998159335869127862e-01 -3.012650447911186403e-03 1.818080354055190695e-01 -1.951219979335710314e-02 3.382397439673238883e-03 9.998038974952959679e-01 -1.122211573534563911e-01
9.995420861627756226e-01 -2.041601034072652865e-02 2.233393183328459888e-02 7.980481851411748373e+00 2.058009075034979846e-02 9.997627001646762768e-01 -7.141654160126977534e-03 1.896822118328953533e-01 -2.218282790975538779e-02 7.598018241807506963e-03 9.997250583359023057e-01 -1.371053440847228577e-01
9.995791202311514745e-01 -2.154438788698383178e-02 1.942734537944914783e-02 8.357766009353159831e+00 2.173974734156684102e-02 9.997146322207471902e-01 -9.901389259142861707e-03 1.957267472654231621e-01 -1.920848207022244833e-02 1.031956754478677470e-02 9.997622421067153820e-01 -1.326429267913663279e-01
9.995773266122159884e-01 -2.271863398576236259e-02 1.813923351733280620e-02 8.733773795082848679e+00 2.287867685750528957e-02 9.997006991221387695e-01 -8.664774662783333511e-03 2.104893129639489879e-01 -1.793695258468445963e-02 9.076113955208115966e-03 9.997979245264749792e-01 -1.319026141737032476e-01
9.995489624264722872e-01 -2.425963675013271051e-02 1.770146143442025144e-02 9.134675272691563208e+00 2.436485531060202450e-02 9.996865805830942309e-01 -5.752775658241914003e-03 2.307204933536265434e-01 -1.755635320492514306e-02 6.181474486903822119e-03 9.998267669128045876e-01 -1.503854302809492227e-01
9.995621541692680800e-01 -2.565151512488157357e-02 1.474787185631951103e-02 9.542245316007353040e+00 2.568786506061242550e-02 9.996674109139721542e-01 -2.280601934431760423e-03 2.573519030688796172e-01 -1.468446598008305015e-02 2.658444724559549770e-03 9.998886433651130723e-01 -1.863244411371814402e-01
9.996115860244038087e-01 -2.688239206775469917e-02 7.349427358058491233e-03 9.946241492725993893e+00 2.687821556440226842e-02 9.996384933256585725e-01 6.664755665081096604e-04 2.888268647359897301e-01 -7.364686948498415722e-03 -4.686772052788729733e-04 9.999727704931908878e-01 -2.101360534502232646e-01
9.996089014808998696e-01 -2.794228868438466962e-02 1.128088306398793671e-03 1.036559016429794688e+01 2.793940570263761525e-02 9.996065042326732764e-01 2.495256443309746934e-03 3.035235334077791003e-01 -1.197367584305586950e-03 -2.462762435349116416e-03 9.999962505489983222e-01 -2.236334907925725535e-01
9.995728794851893584e-01 -2.920938955280355520e-02 -9.328234772290328177e-04 1.079472265273728482e+01 2.921145152788016258e-02 9.995706561380744981e-01 2.279141797607591672e-03 3.183648704401709773e-01 8.658506345824273356e-04 -2.305417457178815781e-03 9.999969676719158151e-01 -2.281064075013307102e-01
9.995534134428419870e-01 -2.987079795899824988e-02 -8.420831644022457041e-04 1.125199286001927845e+01 2.987250284267970943e-02 9.995515312003703245e-01 2.090466194220444874e-03 3.493195776025357357e-01 7.792616230486429027e-04 -2.114687751842291626e-03 9.999974604202928052e-01 -2.314117934964203260e-01
9.995223380061623031e-01 -3.090451009440248545e-02 -8.415770923616730070e-05 1.170850836152798635e+01 3.090458956041198038e-02 9.995133907231762427e-01 4.229433669147531112e-03 3.635007351696711297e-01 -4.659181820763882347e-05 -4.230014288890609174e-03 9.999910523641289961e-01 -2.400893273077887025e-01
9.994798917921773329e-01 -3.224619839786128234e-02 3.585972439101195279e-04 1.219291421007430998e+01 3.224357117523023869e-02 9.994631254425513367e-01 5.814894536864768058e-03 3.926697770098330764e-01 -5.459129650718739374e-04 -5.800307706731263994e-03 9.999830290607645278e-01 -2.599218613173843173e-01
9.994493466442482266e-01 -3.316944411097638712e-02 -8.896458587900694373e-04 1.267622117535412052e+01 3.317384856114936886e-02 9.994344422917607051e-01 5.503756226351950477e-03 4.187027350715593066e-01 7.065861781666082442e-04 -5.530238541509225302e-03 9.999844584780539503e-01 -2.746503567289610981e-01
9.994189213164824670e-01 -3.394121518529005094e-02 -3.132670800530468463e-03 1.317275603702825038e+01 3.395255927588467643e-02 9.994168097438791420e-01 3.641993957222450229e-03 4.428585139369959900e-01 3.007230156838351393e-03 -3.746239863215252049e-03 9.999884610602619572e-01 -2.835181790816240777e-01
9.993825517439148820e-01 -3.487523998614912302e-02 -4.270000670935658951e-03 1.369235323797351356e+01 3.488950293533829572e-02 9.993856859163381401e-01 3.312607802833911728e-03 4.611824177327407681e-01 4.151849557282434600e-03 -3.459540639865464097e-03 9.999853967552799761e-01 -2.928576342171643754e-01
9.993394985359962401e-01 -3.602037180593228166e-02 -4.806191921460313890e-03 1.421216324834792388e+01 3.603754505336660002e-02 9.993441820750461613e-01 3.535689364676882721e-03 4.964680485021169543e-01 4.675683089141510068e-03 -3.706557394580003734e-03 9.999821995515373318e-01 -3.021824450585791078e-01
9.992979532907549922e-01 -3.704998231169418649e-02 -5.558719241986606260e-03 1.473768527068912348e+01 3.707896458527896316e-02 9.992987852301210561e-01 5.204634750691515543e-03 5.235515395828949092e-01 5.361989760500564597e-03 -5.407092407905100817e-03 9.999710057884181325e-01 -3.091373228030399045e-01
9.992520240526334696e-01 -3.844469207348649720e-02 -4.171100345222509935e-03 1.529537396837628727e+01 3.847135492496008002e-02 9.992384823544493422e-01 6.512313890972544483e-03 5.576575909834295963e-01 3.917560076483931654e-03 -6.667910718629075500e-03 9.999700953977050943e-01 -3.100345151580532477e-01
9.992110259150528417e-01 -3.969134327099636123e-02 -1.386708019605232319e-03 1.586680642769124461e+01 3.969744054971443420e-02 9.992007504717869137e-01 4.687586843953272381e-03 5.784262003468314539e-01 1.199543075338837996e-03 -4.738937218580544647e-03 9.999880517138436398e-01 -3.239045102710344515e-01
9.991675425869988025e-01 -4.078565518670435042e-02 8.672782997544367396e-04 1.643329253610816565e+01 4.078344566693067885e-02 9.991650575174131355e-01 2.428661309661672534e-03 6.199096966274405540e-01 -9.656087149988968558e-04 -2.391268955134632189e-03 9.999966747107681408e-01 -3.434489436365479875e-01
9.991256162610782088e-01 -4.176914245353388622e-02 1.828023418093556321e-03 1.700555288241870855e+01 4.176692646032445499e-02 9.991266190438308215e-01 1.234087558350555275e-03 6.458773464069526016e-01 -1.877973636277640397e-03 -1.156657572585863226e-03 9.999975676761825305e-01 -3.546345176138817057e-01
9.990976783642135928e-01 -4.244340430362138206e-02 1.544836029428780545e-03 1.758773972317923651e+01 4.244105078250517971e-02 9.990978078124437278e-01 1.525658168150179159e-03 6.815787051772552729e-01 -1.608196416891894808e-03 -1.458717069400612427e-03 9.999976429216201890e-01 -3.637364062747179272e-01
9.990275605321407015e-01 -4.406972105499595838e-02 1.339023276456681932e-03 1.817612397443031469e+01 4.406437126468684684e-02 9.990214977217928283e-01 3.791869559176641417e-03 7.150431145716981129e-01 -1.504819672879941774e-03 -3.729178976774478668e-03 9.999919143382667297e-01 -3.769353213533195857e-01
9.989574106013249244e-01 -4.561773683973988774e-02 1.764621862102885245e-03 1.875455355940669477e+01 4.560781563565022984e-02 9.989453392898778317e-01 5.304362730379275255e-03 7.549177685286574402e-01 -2.004733807893668493e-03 -5.218351909476428609e-03 9.999843748007807287e-01 -3.858571645323415900e-01
9.988806238805008064e-01 -4.723201817527744595e-02 2.575984315103706929e-03 1.934335160124867414e+01 4.722274715305012360e-02 9.988780812523567754e-01 3.548372152010142912e-03 7.902944827885686196e-01 -2.740691047983349025e-03 -3.422755132977721697e-03 9.999903866337311875e-01 -4.156138134062827838e-01
9.988133948995541189e-01 -4.866322084339484710e-02 1.921745658053342380e-03 1.994555373867770953e+01 4.866178189265049636e-02 9.988150024439330643e-01 7.885911222633014243e-04 8.249914448026023361e-01 -1.957843778083006355e-03 -6.941398079501177008e-04 9.999978425065064735e-01 -4.237649594320969659e-01
9.987749449821644587e-01 -4.946369823986499631e-02 1.397079922563204289e-03 2.054841286335275541e+01 4.946521943824454953e-02 9.987752670468619254e-01 -1.076104732845383589e-03 8.652453568960578600e-01 -1.342140752963918776e-03 1.143893310285049167e-03 9.999984450819380255e-01 -4.411673256255274067e-01
9.987452333958152240e-01 -5.007947512771433740e-02 7.028564024355059476e-05 2.114014274470363119e+01 5.007952012007399478e-02 9.987435797775949808e-01 -1.817558136023031531e-03 9.026487959100095715e-01 2.082502552233630736e-05 1.818797395907514490e-03 9.999983457698072842e-01 -4.487365733869526085e-01
9.987153079738192440e-01 -5.065092177708822169e-02 -1.489208477872040878e-03 2.175601018560746169e+01 5.064826139222127627e-02 9.987149794525311819e-01 -1.772973512365199483e-03 9.391643622552160453e-01 1.577097557066169413e-03 1.695269967176459263e-03 9.999973194079241345e-01 -4.572858295135736051e-01
9.986636376958026862e-01 -5.162415307989628999e-02 -2.426017924506379802e-03 2.237385717223900983e+01 5.162187454029770750e-02 9.986662088411946137e-01 -9.926669638898985744e-04 9.854401223323360215e-01 2.474027714548777523e-03 8.661048082473524288e-04 9.999965645187631758e-01 -4.714889313012046723e-01
9.986373591055242027e-01 -5.205831165787831033e-02 -3.654748428488642335e-03 2.298715155835749258e+01 5.205609178325140002e-02 9.986439171875217680e-01 -6.999804395644744492e-04 1.034260710242492332e+00 3.686232086838102905e-03 5.087746979540921227e-04 9.999930763966862202e-01 -4.861808754468140981e-01
9.986003715101888778e-01 -5.270965601902168757e-02 -4.357772604118679768e-03 2.361230018603482961e+01 5.271159614873949933e-02 9.986097224392005423e-01 3.314835666172034987e-04 1.062788470737541235e+00 4.334241705879756518e-03 -5.607247623898065254e-04 9.999904499226859311e-01 -4.990484316199065296e-01
9.985957166189857181e-01 -5.277043161539969607e-02 -4.677210422751365386e-03 2.425300504409200286e+01 5.277244429391463043e-02 9.986065162727203459e-01 3.078650787388254040e-04 1.108652592259355529e+00 4.654446633053842437e-03 -5.542605754107211282e-04 9.999890144005355586e-01 -5.047686456472104677e-01
9.986152172314646247e-01 -5.246980650167865079e-02 -3.816715791244357833e-03 2.488566084708332582e+01 5.246859081687432758e-02 9.986224873479960795e-01 -4.180198473951157170e-04 1.149007916185363465e+00 3.833391637459498177e-03 2.171832815984342654e-04 9.999926289428218151e-01 -5.106258747910381590e-01
9.986368660068241088e-01 -5.217043085056671803e-02 -1.629722962555127516e-03 2.554512185364274401e+01 5.217111176267662243e-02 9.986380886679289137e-01 3.780993414214943883e-04 1.188606228961021971e+00 1.607777818838012273e-03 -4.626084001780693790e-04 9.999986005209974271e-01 -5.183150205930215915e-01
9.986668730101397884e-01 -5.160537621020917093e-02 1.167004006930576253e-03 2.620443419591896728e+01 5.160403720075606299e-02 9.986669621538996067e-01 1.149802976476309215e-03 1.239718882079765105e+00 -1.224784361591465349e-03 -1.088048024908270205e-03 9.999986580264811353e-01 -5.365924188611503887e-01
9.986777922321637968e-01 -5.130563694518722184e-02 3.224735638722167012e-03 2.687963012278896713e+01 5.130152017908326534e-02 9.986823020695575481e-01 1.346684953547662824e-03 1.278507826556947391e+00 -3.289578940551061547e-03 -1.179470515799139899e-03 9.999938937412049533e-01 -5.585250917359325662e-01
9.986943476330406577e-01 -5.098484510430576627e-02 3.185212003199658186e-03 2.755902103295985839e+01 5.098239333613691776e-02 9.986991936259204117e-01 8.462982073355084563e-04 1.324264977911324692e+00 -3.224217042136153649e-03 -6.828035048718377516e-04 9.999945690871721027e-01 -5.791457317531524263e-01
9.987477745017081521e-01 -4.999578066525910136e-02 1.817922868692729323e-03 2.824679008470648611e+01 4.999594922693970100e-02 9.987494194327171115e-01 -4.736779261240726930e-05 1.360988881331402833e+00 -1.813281219910275674e-03 1.381972568963544547e-04 9.999983464550007417e-01 -5.981551780654557060e-01
9.987871889192004859e-01 -4.923097967653988771e-02 -6.796256097965864889e-04 2.894429768517128210e+01 4.923164926545398057e-02 9.987868800971295702e-01 1.006407693404184943e-03 1.416266773224300612e+00 6.292547057425470743e-04 -1.038646200655148370e-03 9.999992626260206796e-01 -6.186729212965140778e-01
9.988231310125484930e-01 -4.837897178640331725e-02 -3.439192227803437342e-03 2.965247878160576889e+01 4.838428003798934257e-02 9.988277023178699920e-01 1.477338014754793656e-03 1.455702014788927023e+00 3.363688376591580931e-03 -1.642002221315763504e-03 9.999929946900679711e-01 -6.329477156266370974e-01
9.988764654298996071e-01 -4.705852718573287630e-02 -5.594803783896009491e-03 3.036432185930808103e+01 4.707237822723595033e-02 9.988886689847082945e-01 2.370270446579436033e-03 1.493056038561511034e+00 5.477044668678597225e-03 -2.630968085614940073e-03 9.999815398239257913e-01 -6.486368813815500678e-01
9.989628040319518121e-01 -4.494767614398068045e-02 -7.281659829743309872e-03 3.109176970705279430e+01 4.495916716175224481e-02 9.989878132487022278e-01 1.422064941409493122e-03 1.531268742719986697e+00 7.210370915694003929e-03 -1.747967342886406344e-03 9.999724772019609187e-01 -6.530872748949004825e-01
9.990800468186586958e-01 -4.236180101281799421e-02 -6.673669438715773040e-03 3.181859161084809884e+01 4.237827594003504977e-02 9.990988810683334442e-01 2.346822608194391695e-03 1.572756646459749996e+00 6.568240036500148753e-03 -2.627482246276415488e-03 9.999749769668581090e-01 -6.500097320294920822e-01
9.992199764814901908e-01 -3.941565615635173742e-02 -2.417571114673197890e-03 3.255896818938921200e+01 3.942652559694401898e-02 9.992117619120276517e-01 4.626438804842160878e-03 1.618554559986314256e+00 2.233311371880169430e-03 -4.718146503202532045e-03 9.999863756141332827e-01 -6.632891224182977385e-01
9.993187350174806971e-01 -3.687045822696261715e-02 1.623315494913085948e-03 3.331166319096101347e+01 3.686012623737553590e-02 9.993024755900258294e-01 5.991107861709189970e-03 1.656714166454926751e+00 -1.843078084878670662e-03 -5.927190715650927123e-03 9.999807355511372009e-01 -6.806145510495902329e-01
9.994076862887896207e-01 -3.426710422228158859e-02 3.168935958269280227e-03 3.405092813968229137e+01 3.425864894088100077e-02 9.994093933173840982e-01 2.685055255229630393e-03 1.688719131187850442e+00 -3.259073431789083139e-03 -2.574901395676118705e-03 9.999913741243815490e-01 -7.005790967716729600e-01
9.995105474638557030e-01 -3.118225187026958667e-02 2.516481035609154614e-03 3.477218285295919031e+01 3.118236977638346591e-02 9.995137116403276512e-01 -7.622651015882399707e-06 1.718425316757698385e+00 -2.515019608750305655e-03 8.608876227763162070e-05 9.999968336275333325e-01 -7.124057404982494512e-01
9.996197397828967546e-01 -2.753351304846369044e-02 1.510462043138678353e-03 3.551035176500977286e+01 2.753314611773910806e-02 9.996208564234119187e-01 2.631884948198518967e-04 1.746997556781352934e+00 -1.517135865013670036e-03 -2.215006425666366354e-04 9.999988246174255080e-01 -7.308240574719681026e-01
9.997045304519577291e-01 -2.430607732014456596e-02 -2.576803018384713579e-04 3.623889511988719647e+01 2.430656452174272814e-02 9.997023561053431928e-01 2.095260980394622954e-03 1.772645222066830728e+00 2.066760294745022231e-04 -2.100905217462333864e-03 9.999977717386604459e-01 -7.505514289932444516e-01
9.997763136582021870e-01 -2.100298208556754254e-02 -2.489456070999671988e-03 3.696772913616575096e+01 2.101057910135138707e-02 9.997745526465772192e-01 3.065851621040523341e-03 1.793715266736958025e+00 2.424502803043280131e-03 -3.117470745605996005e-03 9.999922015507463069e-01 -7.556275988741151250e-01
9.998320178667751135e-01 -1.794411333773108380e-02 -3.734279713049830189e-03 3.769363461678864979e+01 1.796660737991465084e-02 9.998201016675553054e-01 6.079911244032535841e-03 1.820770358838367686e+00 3.624509305910305484e-03 -6.145982265023091501e-03 9.999745445931558230e-01 -7.690681183648384600e-01
9.998839071876065576e-01 -1.463870995458290553e-02 -4.228512517591947843e-03 3.841227378286736638e+01 1.466464905551605191e-02 9.998734322947557818e-01 6.169883239005331289e-03 1.834941456571154372e+00 4.137658193276557740e-03 -6.231176612005318548e-03 9.999720257200725992e-01 -7.898898936184357567e-01
9.999219155275617110e-01 -1.055499861531179404e-02 -6.689906720011884987e-03 3.912163616122717258e+01 1.058492274543594569e-02 9.999340606319587765e-01 4.453515303138640830e-03 1.858566357079681541e+00 6.642458743932614686e-03 -4.523979698551198678e-03 9.999677051532825933e-01 -8.019059265047423501e-01
9.999309288783122529e-01 -5.971267418093128415e-03 -1.012331161118904324e-02 3.983746810762321644e+01 6.015776015340666694e-03 9.999723480425931621e-01 4.371909092843480511e-03 1.865882768309846007e+00 1.009692584348659272e-02 -4.432506695364932421e-03 9.999392006381720988e-01 -7.951974209475302091e-01
9.999435610318132550e-01 -7.066090824639968638e-04 -1.060072896648447775e-02 4.054760745158139201e+01 7.871710585950279478e-04 9.999708293808780013e-01 7.597417261373401627e-03 1.882932324528077128e+00 1.059505133261722486e-02 -7.605333058024713218e-03 9.999149482812704770e-01 -7.991410667227210052e-01
9.999453639907113223e-01 4.366277168036125818e-03 -9.497613235738952900e-03 4.127274768518872605e+01 -4.272728105243559470e-03 9.999423803142599709e-01 9.847834583828334390e-03 1.893153285864701107e+00 9.540064361546996344e-03 -9.806715818441462743e-03 9.999064033682522057e-01 -8.086534608264861479e-01
9.999201536025239534e-01 9.228289459104335041e-03 -8.632791736383812337e-03 4.197399858458863520e+01 -9.141109430962659349e-03 9.999073698775093888e-01 1.008423437910511804e-02 1.889686423255689807e+00 8.725052313651667640e-03 -1.000451589536164969e-02 9.999118876800212607e-01 -8.168967631844222810e-01
9.998662822565376196e-01 1.428511668146900671e-02 -7.959462788819988976e-03 4.268625697332716840e+01 -1.419797622965158004e-02 9.998398013488463132e-01 1.089904168639298752e-02 1.886169882525744690e+00 8.113881775823630904e-03 -1.078457602765631705e-02 9.999089247738673913e-01 -8.184737368053253137e-01
9.997720754978585145e-01 2.028960095245600781e-02 -6.642977336578236199e-03 4.338775249581448179e+01 -2.020631518629923545e-02 9.997192642651908656e-01 1.237325679266764594e-02 1.884828610805090898e+00 6.892160858259824795e-03 -1.223620653043496626e-02 9.999013818214516069e-01 -8.173922808904797721e-01
9.996475113182623495e-01 2.637038388934264191e-02 -3.075055891082191257e-03 4.409237858598380200e+01 -2.633022840039122778e-02 9.995758963441637723e-01 1.243971543664667764e-02 1.870869772623382499e+00 3.401791820175437044e-03 -1.235436365379505991e-02 9.999178953849771068e-01 -8.281299773839041478e-01
9.994601860138606630e-01 3.283411711885317330e-02 1.121305562503065135e-03 4.479137441538494357e+01 -3.284484548888096100e-02 9.993944405689961785e-01 1.148774497430669027e-02 1.855844475974038010e+00 -7.434365814267515681e-04 -1.151837283684659270e-02 9.999333849758397230e-01 -8.365715368231599891e-01
9.992165616473741574e-01 3.932836159676948024e-02 4.420735652919421943e-03 4.549171789300874025e+01 -3.937273019079982200e-02 9.991700255702757882e-01 1.044261074716460944e-02 1.835087346360725347e+00 -4.006375783888127540e-03 -1.060848603751098421e-02 9.999357024214458045e-01 -8.605587700550333397e-01
9.989670615743446724e-01 4.512288061346323570e-02 5.360553578002011377e-03 4.617701918457594701e+01 -4.517135256579692809e-02 9.989360161577789388e-01 9.294327851009715619e-03 1.806052403418290098e+00 -4.935463189606159942e-03 -9.526870838251540879e-03 9.999424383108935777e-01 -8.750204974844308925e-01
9.986931974888537678e-01 5.089714742057131064e-02 4.623599673187111028e-03 4.687575824332926544e+01 -5.093781265275414832e-02 9.986599096377941631e-01 9.150088763812019507e-03 1.771896498548153787e+00 -4.151690215103321854e-03 -9.373647458772399119e-03 9.999474477199671307e-01 -8.917147391225140884e-01
9.984054765866873238e-01 5.637739398445362760e-02 2.844955049099915246e-03 4.757487881352935233e+01 -5.640097587955097969e-02 9.983673494994406150e-01 9.031355008861177008e-03 1.739218217233977626e+00 -2.331145972266898247e-03 -9.177412542948300278e-03 9.999551694238459909e-01 -9.124024597441167117e-01
9.981084649833880107e-01 6.147399467289516722e-02 6.634059555199161694e-04 4.826001501158690132e+01 -6.147749044862094864e-02 9.980668020336503909e-01 9.120134125212085718e-03 1.705013496529302897e+00 -1.014723838464637491e-04 -9.143667605452081987e-03 9.999581906490272454e-01 -9.237162050498659571e-01
9.977746715182315151e-01 6.667428401385139258e-02 -4.946998337287552248e-04 4.895268656437216492e+01 -6.666631657258867416e-02 9.977277409630592730e-01 9.744595804539324044e-03 1.669319801950380322e+00 1.143289695833031409e-03 -9.689931062228393163e-03 9.999523979293617471e-01 -9.307808625226013932e-01
9.974214491334142396e-01 7.175591902600239602e-02 1.241327246840557728e-03 4.964799658324192677e+01 -7.176480784963790160e-02 9.973706710102775430e-01 1.007754746023034262e-02 1.628428243340137360e+00 -5.149397095877232804e-04 -1.014064560284173855e-02 9.999484497432120644e-01 -9.397034026498034542e-01
9.970307211214201049e-01 7.694641826030694520e-02 2.998309025268626818e-03 5.033678801881723075e+01 -7.697020782070713996e-02 9.969941122303277448e-01 8.850270396871119660e-03 1.576085649422865442e+00 -2.308299837165416618e-03 -9.054771944697597580e-03 9.999563404753686324e-01 -9.622945172088929189e-01
9.966391329841711721e-01 8.186532637772839238e-02 2.916666183764877497e-03 5.103245470170487863e+01 -8.188355024305499219e-02 9.966187009284785958e-01 6.800673439071190131e-03 1.522831867190799437e+00 -2.350064712427863897e-03 -7.016644262024924160e-03 9.999726215747847258e-01 -9.755141264486367758e-01
9.962296149479592522e-01 8.675130885772772138e-02 8.744781940851866549e-04 5.172610142112333875e+01 -8.675338423691897338e-02 9.962261326586088206e-01 2.709784403507210955e-03 1.470152963899018062e+00 -6.361006856612622627e-04 -2.775431415676253045e-03 9.999959461699705621e-01 -9.939459579005833767e-01
