1.000000000000000000e+00 0.000000000000000000e+00 0.000000000000000000e+00 0.000000000000000000e+00 0.000000000000000000e+00 1.000000000000000000e+00 0.000000000000000000e+00 0.000000000000000000e+00 0.000000000000000000e+00 0.000000000000000000e+00 1.000000000000000000e+00 0.000000000000000000e+00
9.999999999024742348e-01 -1.082566160091141762e-05 8.823634205901196456e-06 -3.360287789428635305e-03 1.082605176476345994e-05 9.999999989637295972e-01 -4.421919647071235744e-05 -2.821175310378457295e-03 -8.823155494700271137e-06 4.421929199152051248e-05 9.999999989834030822e-01 -1.444422461334137452e-03
9.999999996070149111e-01 1.953340860875832735e-05 -2.011009798216883192e-05 1.696177460323636949e-03 -1.953391677971211019e-05 9.999999994899377853e-01 -2.526955567042182387e-05 -3.100197327604254337e-03 2.010960437135515710e-05 2.526994848947168142e-05 9.999999994785168100e-01 -1.605943072959258727e-03
9.999999998486315267e-01 -1.015344306498895967e-05 1.412955988482978054e-05 1.132380293167805675e-03 1.015366307346624342e-05 9.999999998272265378e-01 -1.557081015822948226e-05 -2.683066908330191021e-03 -1.412940178505414891e-05 1.557095362266299829e-05 9.999999997789527084e-01 -8.116337228285622771e-04
9.999999999857311916e-01 4.388028343482982491e-07 -5.324002208814089021e-06 -1.491842620458747482e-03 -4.388959824454560322e-07 9.999999998468506179e-01 -1.749589020520883809e-05 -2.830858413667599639e-03 5.323994530752509614e-06 1.749589254164237497e-05 9.999999998327744333e-01 -1.136470605900918949e-03
9.999999999971279641e-01 1.095445296763887678e-06 2.131660216416529677e-06 -1.410192681191677934e-03 -1.095404584566473646e-06 9.999999998170193694e-01 -1.909872868164280224e-05 -2.868640971960985213e-03 -2.131681137638985915e-06 1.909872634655757919e-05 9.999999998153472625e-01 -1.352747244566712649e-03
9.999999998699053982e-01 -8.300677890746478325e-06 -1.383068501515915235e-05 6.446996830312074281e-04 8.300218504396818795e-06 9.999999994139437964e-01 -3.321473696395462833e-05 -1.602730269947655285e-03 1.383096071188635614e-05 3.321462216192587800e-05 9.999999993527467490e-01 -1.003039035239063244e-03
9.999999999743826029e-01 -3.747741403127950760e-06 6.098293055250018318e-06 7.948512571724316352e-04 3.747868990506440256e-06 9.999999997741129132e-01 -2.092194125295351398e-05 -1.876819476898756653e-05 -6.098214643847025514e-06 2.092196410802098228e-05 9.999999997625416137e-01 -1.212199765044633722e-03
9.999999997788107109e-01 -1.125931404617626274e-05 1.776531696206884884e-05 -1.012660910005029526e-04 1.125952062698955345e-05 9.999999998690033420e-01 -1.162826411580566351e-05 -2.555449315609098319e-03 -1.776518603346415989e-05 1.162846414218639667e-05 9.999999997745885327e-01 -8.393931610168718378e-04
9.999999999969420017e-01 6.226250488370881391e-07 -2.393402284719698542e-06 -4.016958809569978707e-04 -6.226825657013343352e-07 9.999999997110496919e-01 -2.403149801302906731e-05 -3.250037092402389451e-03 2.393387321415500037e-06 2.403149950328545159e-05 9.999999997083793835e-01 -1.288319570230075624e-03
9.999999999349974411e-01 -1.115886974644651866e-05 -2.341967047522690673e-06 1.743633386648932131e-03 1.115882757709325005e-05 9.999999997756467973e-01 -1.800519573434857437e-05 -3.633964322845815997e-04 2.342167964631221275e-06 1.800516959957171626e-05 9.999999998351640773e-01 -7.284110994338155540e-04
9.999999998951066837e-01 -1.354353732213244004e-05 5.134129383830222805e-06 1.730218292094550317e-03 1.354358212332773554e-05 9.999999998702122639e-01 -8.726218040160817457e-06 3.885009202028461700e-05 -5.134011199304166951e-06 8.726287573748438649e-06 9.999999999487468871e-01 -8.389045509429413506e-04
9.999999996331456753e-01 -7.762948642677622001e-06 2.595082396716704253e-05 -1.464477485390522967e-03 7.763067430160533984e-06 9.999999999593914835e-01 -4.577309390551900160e-06 -2.999552645393660771e-03 -2.595078843269549808e-05 4.577510846869019769e-06 9.999999996528015078e-01 -1.109624201106869682e-03
9.999999954457143847e-01 -4.308801151054117553e-05 8.515864347100176993e-05 -6.149454432914287262e-03 4.308830748548268466e-05 9.999999990656653903e-01 -3.473739735715725602e-06 -6.358718554071644651e-03 -8.515849371489738850e-05 3.477409061710247386e-06 9.999999963679693238e-01 -7.927758584647820201e-04
9.999999856259087494e-01 6.785170538054519107e-05 1.553844536171822299e-04 -2.367962490249546359e-02 -6.778966940166225889e-05 9.999999180170325852e-01 -3.992123354020021505e-04 8.227724734292587300e-04 -1.554115281160696406e-04 3.992017962029466879e-04 9.999999082425872210e-01 -9.387067382057938045e-03
9.999979656178410448e-01 -1.792065164814204504e-06 -2.017116002522894008e-03 1.246018453647770169e-02 1.005836992155855022e-06 9.999999240355361696e-01 -3.897793095679871669e-04 -4.960149601713488565e-03 2.017116547803680677e-03 3.897764877180210155e-04 9.999978896553343155e-01 -2.643383091488064537e-03
9.999960699625835003e-01 -3.087622980929651163e-05 -2.803409717868720393e-03 -5.579342655901091408e-03 3.039333220428164646e-05 9.999999846951483917e-01 -1.722961065279959294e-04 -3.842206692927403744e-03 2.803414994817130749e-03 1.722102244349906451e-04 9.999960555962235098e-01 -7.878655212789128365e-04
9.999949067919871037e-01 8.692441670727603582e-05 -3.190428534044929300e-03 -3.729327789166406865e-03 -8.725669994944365365e-05 9.999999907839912661e-01 -1.040109888685433401e-04 -5.342309247479424053e-05 3.190419463547373123e-03 1.042888453842466979e-04 9.999949051607629480e-01 -6.629885376495091038e-04
9.999950017540428782e-01 -3.822373655579852696e-05 -3.161487921500400877e-03 1.314488338198631368e-02 3.831425689142103772e-05 9.999999988578397447e-01 2.857163381401255325e-05 7.891299211053189738e-03 3.161486825774871470e-03 -2.869262106634284709e-05 9.999950020764023506e-01 3.640898210690287967e-04
9.999956835064672811e-01 8.850397736362903054e-06 -2.938178024518238191e-03 1.575296447192428215e-02 -8.669485125167797969e-06 9.999999980660152499e-01 6.158579035887856452e-05 7.492098781914240807e-03 2.938178563894586464e-03 -6.156005203353411134e-05 9.999956816492192591e-01 -1.097672880704760479e-03
9.999961400987775750e-01 1.120963240841430249e-05 -2.778427953016207163e-03 1.734845659968571943e-02 -1.097300284942804839e-05 9.999999963118154644e-01 8.518193609924149402e-05 4.000781358989098993e-03 2.778428897627043762e-03 -8.515111960753683166e-05 9.999961365336106356e-01 -1.411602274552036787e-03
9.999957590546664221e-01 6.100666222895702998e-06 -2.912359089024328055e-03 1.739598533503980068e-02 -6.044453662156763928e-06 9.999999997952906394e-01 1.931018530632797715e-05 9.438031355884102941e-07 2.912359206233135819e-03 -1.929249979332654130e-05 9.999957588868331193e-01 -1.579609673167319461e-03
9.999954821729771792e-01 6.939009298322887549e-05 -3.005132051978585701e-03 1.698309371762468309e-02 -6.952616512418939858e-05 9.999999965626443776e-01 -4.517547646599743487e-05 -3.885003506063963025e-04 3.005128906918365633e-03 4.538420767827495202e-05 9.999954835600641800e-01 -2.955686964969500476e-03
9.999953799444764035e-01 1.501279687180015713e-05 -3.039714512620163983e-03 2.591020273842546684e-02 -1.544195289885499987e-05 9.999999899177589580e-01 -1.411595838873152013e-04 6.245724659775445239e-04 3.039712362772869873e-03 1.412058708505298048e-04 9.999953700941087709e-01 -5.378655620001078670e-03
9.999946816850319165e-01 1.293315196554721911e-06 -3.261380072774720633e-03 4.079591670416474192e-02 -1.609923721238383028e-06 9.999999952868816600e-01 -9.707545935559333224e-05 -3.588245459361752085e-03 3.261379931854283855e-03 9.708019365086793665e-05 9.999946769740207797e-01 -6.996323697997763359e-03
9.999871317451574093e-01 -2.745613375079375483e-05 -5.073025749374892104e-03 7.690409596712081963e-02 2.484037805618854723e-05 9.999998667271380315e-01 -5.156827142234112621e-04 -6.081612778475232323e-03 5.073039231931806767e-03 5.155500624093234049e-04 9.999869991560312865e-01 -6.382998778105808922e-03
9.999831494023438960e-01 -1.422332016301470592e-04 -5.803505930548767851e-03 1.070388993792253801e-01 1.385875631005937343e-04 9.999997928428495664e-01 -6.285759662951802967e-04 -1.205248713335317287e-02 5.803594132683169600e-03 6.277610806701213082e-04 9.999829619604369002e-01 -1.184192839563792329e-02
9.999796649984027397e-01 -2.295707137876533183e-04 -6.373137921739153826e-03 1.616582938769303701e-01 2.260086587005094561e-04 9.999998178662812265e-01 -5.596315668684624309e-04 -1.405182235018331838e-02 6.373265235994108290e-03 5.581798024062506122e-04 9.999795347533567691e-01 -1.292577131777147663e-02
9.999767518499043106e-01 -1.461089054340926124e-03 -6.660403778318394613e-03 2.887455900969094769e-01 1.458593876104004013e-03 9.999988642522822380e-01 -3.794707500994197761e-04 -6.600372021224121602e-03 6.660950654339416535e-03 3.697471039430293366e-04 9.999777472641376841e-01 -1.316555011610946908e-02
9.999765750031179845e-01 -1.616460901351512427e-03 -6.651052487238282018e-03 3.437185811729673857e-01 1.614187937165374167e-03 9.999986369588876878e-01 -3.470989343863805005e-04 -8.426066075070869077e-03 6.651604493436638968e-03 3.363547549005708993e-04 9.999778212656227350e-01 -1.408198970573590510e-02
9.999760327765396806e-01 -1.757116856246894974e-03 -6.696746437370263219e-03 4.263126114036331349e-01 1.755265978933065029e-03 9.999984196863568320e-01 -2.822518946650286577e-04 -1.245493086610224148e-02 6.697231803972327618e-03 2.704905586797399153e-04 9.999775367082109900e-01 -1.592580704982536968e-02
9.999753982624073334e-01 -1.320056952963617964e-03 -6.889145054420355539e-03 5.484339248562264402e-01 1.317816938669838988e-03 9.999990773342104511e-01 -3.296805178243664494e-04 -1.030158445649696081e-02 6.889573895101704960e-03 3.205937750651088663e-04 9.999762152127296133e-01 -1.746300628695281881e-02
9.999722270227159315e-01 -2.367014113526627519e-03 -7.066995642863525828e-03 7.060552287044802311e-01 2.363071092110558772e-03 9.999970476255130025e-01 -5.662466521813757031e-04 -3.775156464203975170e-03 7.068315092263341426e-03 5.495311127142454019e-04 9.999748681528514149e-01 -2.078452039202295307e-02
9.999713602778638188e-01 -2.591833400272963630e-03 -7.110627515481452235e-03 8.148520014044982052e-01 2.588743133616616589e-03 9.999965507336097126e-01 -4.437678122878401486e-04 -3.497696394757772269e-04 7.111753161270802440e-03 4.253475147445952200e-04 9.999746207011780408e-01 -2.125924412333007538e-02
9.999726603017535798e-01 -2.906213299039027420e-03 -6.799453896756781253e-03 9.333633510343344319e-01 2.905565649953155243e-03 9.999957733094051449e-01 -1.051264881581806629e-04 1.023456867829812197e-02 6.799730677566911789e-03 8.536735435086008068e-05 9.999768779202483637e-01 -2.356034844773724490e-02
9.999702861796816444e-01 -3.843245446347931180e-03 -6.682531119621190792e-03 1.091120304221438131e+00 3.842939236963310162e-03 9.999926141611064079e-01 -5.866223320029929640e-05 8.626083471980338160e-03 6.682707216883560127e-03 3.297992907942188688e-05 9.999776699189726337e-01 -2.742923710231902693e-02
9.999696798814784460e-01 -3.751469082158390232e-03 -6.823913646815332225e-03 1.240863379235482400e+00 3.750991571974553618e-03 9.999929615806533167e-01 -8.277306975737700064e-05 4.512784241457774501e-03 6.824176137861529857e-03 5.717411749100512322e-05 9.999767134044470485e-01 -2.626171845958840192e-02
9.999695266134956961e-01 -3.839396114075808390e-03 -6.797417293402820311e-03 1.410792294869045893e+00 3.837848397457616339e-03 9.999926064591702080e-01 -2.407211523426775368e-04 1.559854623228011834e-02 6.798291260277404373e-03 2.146263596876257546e-04 9.999768683181957662e-01 -2.890394024551926414e-02
9.999688988475774476e-01 -4.741150971358893892e-03 -6.302604622717023625e-03 1.597780780918821586e+00 4.741294584309259028e-03 9.999887599688912498e-01 7.844996185928242537e-06 2.827196560865373118e-02 6.302496586933711148e-03 -3.772725736223683438e-05 9.999801383594705273e-01 -3.341888129658136808e-02
9.999693071658628529e-01 -5.031541881304356367e-03 -6.005690012056525209e-03 1.788401003107344289e+00 5.038711901477274310e-03 9.999866101823261522e-01 1.179338134078048838e-03 3.019445029614548776e-02 5.999675707748425291e-03 -1.209562878588640172e-03 9.999812702491205352e-01 -3.807309301594627438e-02
9.999640388071150410e-01 -5.982136927699381601e-03 -6.011250314264872906e-03 1.991135033846251456e+00 5.997971594799551137e-03 9.999785807719469011e-01 2.619605709058758433e-03 3.103789280948516735e-02 5.995450717875334089e-03 -2.655566813546762772e-03 9.999785010366913918e-01 -3.765953563835810342e-02
9.999641605900402297e-01 -6.470694956103095058e-03 -5.459637555844845669e-03 2.200522399129215323e+00 6.494881987190531669e-03 9.999691213804168255e-01 4.424115013163844312e-03 4.059164562307496227e-02 5.430841871072797714e-03 -4.459416157110224904e-03 9.999753094772435569e-01 -4.395461094337492491e-02
9.999608551057102002e-01 -6.959691140909187584e-03 -5.463602793032984462e-03 2.411306116303212566e+00 6.987590007408474996e-03 9.999625609892787148e-01 5.103940208447603315e-03 4.790819907885855017e-02 5.427876393696975943e-03 -5.141917831528728007e-03 9.999720490288058761e-01 -4.721071623231412606e-02
9.999585222515912086e-01 -7.512517323642342766e-03 -5.149355287402984649e-03 2.647621835414105007e+00 7.541960511199025281e-03 9.999551850737675718e-01 5.722471121356784672e-03 6.036849406117721084e-02 5.106134355992398774e-03 -5.761070000375063775e-03 9.999703682931756488e-01 -4.987836300575110987e-02
9.999547424695155451e-01 -8.194572565710749740e-03 -4.833424582034952580e-03 2.893916116988339393e+00 8.224329060664805485e-03 9.999471505742351107e-01 6.168992621958082137e-03 6.555381954287430035e-02 4.782616880623345029e-03 -6.208465102838997551e-03 9.999692902968770891e-01 -5.067503115576724865e-02
9.999545047501575690e-01 -8.571969138596598203e-03 -4.184468300036497598e-03 3.147343705210554177e+00 8.599365077799604740e-03 9.999414178676609977e-01 6.573564715629735648e-03 7.200164383931950685e-02 4.127874771087830866e-03 -6.609249420229136411e-03 9.999696387750857118e-01 -5.416749877231648996e-02
9.999495252870496120e-01 -9.249926408006982695e-03 -3.922466016497072258e-03 3.404483961071862907e+00 9.271326184092645514e-03 9.999420423541399705e-01 5.473065267244566802e-03 7.537843719785372598e-02 3.871613228652559004e-03 -5.509155477731206112e-03 9.999773296514925525e-01 -7.342613666398499495e-02
9.999288987055208189e-01 -9.943525245579074370e-03 -6.582084719504015594e-03 3.673069065578861814e+00 9.978914301697653158e-03 9.999358129652984317e-01 5.365744942415091694e-03 7.749190260518763751e-02 6.528307814707473913e-03 -5.431045490346285941e-03 9.999639418208829955e-01 -8.000977407588974466e-02
9.998924634623451713e-01 -1.060042164913491992e-02 -1.013373435922171675e-02 3.950061566378890721e+00 1.064106680503539189e-02 9.999355195468484503e-01 3.965406136215921667e-03 8.415448894108779054e-02 1.009104595438416185e-02 -4.072813454470598088e-03 9.999407897381282773e-01 -8.626042039164952269e-02
9.998361562730144758e-01 -1.147909409519215322e-02 -1.399610688576664354e-02 4.236498708388046097e+00 1.149036854021196451e-02 9.999337204228756493e-01 7.253909818645682935e-04 9.197699281861236587e-02 1.398685239838423806e-02 -8.860925573482349464e-04 9.999017865770445379e-01 -8.931692480292356684e-02
9.997846584287499727e-01 -1.166242124499926487e-02 -1.716463519017717015e-02 4.531857338467046858e+00 1.161610951673644650e-02 9.999286235310940185e-01 -2.795325188038902571e-03 9.045991323507668325e-02 1.719601029898690236e-02 2.595336956136829604e-03 9.998487692925771553e-01 -8.498901097824386464e-02
9.997534120029387683e-01 -1.208991110460914085e-02 -1.862657343594674442e-02 4.844387512970914855e+00 1.199398004059548488e-02 9.999142696319545109e-01 -5.253363606382874078e-03 9.364940713731564892e-02 1.868848927195201209e-02 5.028661439957911490e-03 9.998127089274543300e-01 -8.531200851209021219e-02
9.997299695476107306e-01 -1.257662823086607047e-02 -1.954012309776500048e-02 5.148224111360429234e+00 1.241979441972244393e-02 9.998898444015715814e-01 -8.126977862209458850e-03 9.648321363483861046e-02 1.964018062302528775e-02 7.882099018890456957e-03 9.997760428316690984e-01 -8.191602026772276668e-02
9.997201185657998979e-01 -1.262145291679631250e-02 -2.000958422986384364e-02 5.479798771538560764e+00 1.240302031255472760e-02 9.998625381359729225e-01 -1.100317769630647022e-02 1.085112405591480839e-01 2.014570976434627500e-02 1.075191883150329250e-02 9.997392393116975029e-01 -8.641720379707013011e-02
9.997002979102581621e-01 -1.335548520475718544e-02 -2.051695330907348999e-02 5.813236569973983414e+00 1.311482198921550858e-02 9.998441314145573022e-01 -1.182008122055934474e-02 1.189614221221241691e-01 2.067161828044382019e-02 1.154746252710707813e-02 9.997196308499961548e-01 -8.904601334969559912e-02
9.997025375551321646e-01 -1.367321508892823875e-02 -2.019602918797285332e-02 6.153113854679980399e+00 1.348213218831731397e-02 9.998633385599419166e-01 -9.567461284146136502e-03 1.275911578157377935e-01 2.032408712553369565e-02 9.292329788530010598e-03 9.997502608599884155e-01 -7.548840627896137578e-02
9.997943674216236420e-01 -1.425547297786919874e-02 -1.442235633218870439e-02 6.502236323679502661e+00 1.418005468801257322e-02 9.998853154446839531e-01 -5.318083031492517286e-03 1.508580472342538614e-01 1.449651409961564413e-02 5.112479658846292262e-03 9.998818498356181195e-01 -6.235087118176844273e-02
9.998694364596795170e-01 -1.569601668066172157e-02 -3.839934135269479788e-03 6.860564193001057909e+00 1.568768307121650579e-02 9.998745405660616203e-01 -2.190828077311553559e-03 1.619509972406801279e-01 3.873839653352452016e-03 2.130302365313092861e-03 9.999902275413357078e-01 -6.267238768091544510e-02
9.998079127688355161e-01 -1.747277876601459681e-02 8.879164770320562700e-03 7.228692979008105368e+00 1.747623730164006919e-02 9.998472302029527414e-01 -3.120661152978310192e-04 1.691563096851766979e-01 -8.872355639927682197e-03 4.671805619482877984e-04 9.999605307449495051e-01 -7.094053017822805896e-02
9.996300571592550144e-01 -1.888540000344527542e-02 1.957269757837415414e-02 7.607099541269492171e+00 1.894789917137885277e-02 9.998159335869127862e-01 -3.012650447911186836e-03 1.818080354055203740e-01 -1.951219979335710314e-02 3.382397439673239317e-03 9.998038974952959679e-01 -1.122211573534564882e-01
9.995420861627756226e-01 -2.041601034072652865e-02 2.233393183328460582e-02 7.980481851411750149e+00 2.058009075034979846e-02 9.997627001646762768e-01 -7.141654160126978401e-03 1.896822118328957418e-01 -2.218282790975539473e-02 7.598018241807507830e-03 9.997250583359023057e-01 -1.371053440847225247e-01
9.995791202311514745e-01 -2.154438788698383525e-02 1.942734537944914436e-02 8.357766009353159831e+00 2.173974734156684449e-02 9.997146322207471902e-01 -9.901389259142863442e-03 1.957267472654220242e-01 -1.920848207022244486e-02 1.031956754478677643e-02 9.997622421067153820e-01 -1.326429267913661891e-01
9.995773266122159884e-01 -2.271863398576236953e-02 1.813923351733280273e-02 8.733773795082846902e+00 2.287867685750529650e-02 9.997006991221387695e-01 -8.664774662783331777e-03 2.104893129639524296e-01 -1.793695258468445616e-02 9.076113955208114231e-03 9.997979245264749792e-01 -1.319026141737032198e-01
9.995489624264722872e-01 -2.425963675013272092e-02 1.770146143442025144e-02 9.134675272691564984e+00 2.436485531060203491e-02 9.996865805830942309e-01 -5.752775658241916605e-03 2.307204933536223246e-01 -1.755635320492514306e-02 6.181474486903824721e-03 9.998267669128045876e-01 -1.503854302809490562e-01
9.995621541692680800e-01 -2.565151512488158050e-02 1.474787185631951450e-02 9.542245316007358369e+00 2.568786506061243244e-02 9.996674109139721542e-01 -2.280601934431759556e-03 2.573519030688795062e-01 -1.468446598008305362e-02 2.658444724559548902e-03 9.998886433651130723e-01 -1.863244411371816067e-01
9.996115860244038087e-01 -2.688239206775469917e-02 7.349427358058487764e-03 9.946241492725995670e+00 2.687821556440226842e-02 9.996384933256585725e-01 6.664755665081095520e-04 2.888268647359905628e-01 -7.364686948498412253e-03 -4.686772052788730275e-04 9.999727704931908878e-01 -2.101360534502234034e-01
9.996089014808998696e-01 -2.794228868438466962e-02 1.128088306398793237e-03 1.036559016429794511e+01 2.793940570263761525e-02 9.996065042326732764e-01 2.495256443309746067e-03 3.035235334077798774e-01 -1.197367584305586517e-03 -2.462762435349115549e-03 9.999962505489983222e-01 -2.236334907925726090e-01
9.995728794851893584e-01 -2.920938955280356214e-02 -9.328234772290327093e-04 1.079472265273728482e+01 2.921145152788016952e-02 9.995706561380744981e-01 2.279141797607589070e-03 3.183648704401696450e-01 8.658506345824274440e-04 -2.305417457178813179e-03 9.999969676719158151e-01 -2.281064075013307380e-01
9.995534134428419870e-01 -2.987079795899823600e-02 -8.420831644022528598e-04 1.125199286001927312e+01 2.987250284267969555e-02 9.995515312003703245e-01 2.090466194220444007e-03 3.493195776025341814e-01 7.792616230486502753e-04 -2.114687751842290759e-03 9.999974604202928052e-01 -2.314117934964201595e-01
9.995223380061623031e-01 -3.090451009440248545e-02 -8.415770923616674505e-05 1.170850836152798458e+01 3.090458956041198038e-02 9.995133907231762427e-01 4.229433669147529377e-03 3.635007351696719069e-01 -4.659181820763933169e-05 -4.230014288890607439e-03 9.999910523641289961e-01 -2.400893273077887025e-01
9.994798917921773329e-01 -3.224619839786128234e-02 3.585972439101198532e-04 1.219291421007431353e+01 3.224357117523023869e-02 9.994631254425513367e-01 5.814894536864768058e-03 3.926697770098311890e-01 -5.459129650718743711e-04 -5.800307706731263994e-03 9.999830290607645278e-01 -2.599218613173842618e-01
9.994493466442482266e-01 -3.316944411097638712e-02 -8.896458587900703046e-04 1.267622117535412229e+01 3.317384856114936886e-02 9.994344422917607051e-01 5.503756226351949610e-03 4.187027350715588625e-01 7.065861781666091116e-04 -5.530238541509224434e-03 9.999844584780539503e-01 -2.746503567289610981e-01
9.994189213164824670e-01 -3.394121518529005788e-02 -3.132670800530468896e-03 1.317275603702825393e+01 3.395255927588468337e-02 9.994168097438791420e-01 3.641993957222451530e-03 4.428585139369958790e-01 3.007230156838351827e-03 -3.746239863215253350e-03 9.999884610602619572e-01 -2.835181790816240222e-01
9.993825517439148820e-01 -3.487523998614911608e-02 -4.270000670935660686e-03 1.369235323797351711e+01 3.488950293533828878e-02 9.993856859163381401e-01 3.312607802833914331e-03 4.611824177327416008e-01 4.151849557282436334e-03 -3.459540639865466699e-03 9.999853967552799761e-01 -2.928576342171644864e-01
9.993394985359962401e-01 -3.602037180593229554e-02 -4.806191921460317359e-03 1.421216324834792566e+01 3.603754505336661390e-02 9.993441820750461613e-01 3.535689364676882721e-03 4.964680485021192857e-01 4.675683089141513538e-03 -3.706557394580003734e-03 9.999821995515373318e-01 -3.021824450585792188e-01
9.992979532907549922e-01 -3.704998231169419343e-02 -5.558719241986607128e-03 1.473768527068912526e+01 3.707896458527897010e-02 9.992987852301210561e-01 5.204634750691513809e-03 5.235515395828931329e-01 5.361989760500565465e-03 -5.407092407905099082e-03 9.999710057884181325e-01 -3.091373228030397380e-01
9.992520240526334696e-01 -3.844469207348649720e-02 -4.171100345222517741e-03 1.529537396837629082e+01 3.847135492496008002e-02 9.992384823544493422e-01 6.512313890972540147e-03 5.576575909834273759e-01 3.917560076483941195e-03 -6.667910718629071164e-03 9.999700953977050943e-01 -3.100345151580529701e-01
9.992110259150528417e-01 -3.969134327099636816e-02 -1.386708019605235138e-03 1.586680642769124816e+01 3.969744054971444114e-02 9.992007504717869137e-01 4.687586843953271513e-03 5.784262003468335633e-01 1.199543075338840815e-03 -4.738937218580543780e-03 9.999880517138436398e-01 -3.239045102710341739e-01
9.991675425869988025e-01 -4.078565518670437123e-02 8.672782997544379322e-04 1.643329253610816565e+01 4.078344566693069967e-02 9.991650575174131355e-01 2.428661309661670365e-03 6.199096966274394438e-01 -9.656087149988980484e-04 -2.391268955134630021e-03 9.999966747107681408e-01 -3.434489436365479320e-01
9.991256162610782088e-01 -4.176914245353388622e-02 1.828023418093555671e-03 1.700555288241870855e+01 4.176692646032445499e-02 9.991266190438308215e-01 1.234087558350553324e-03 6.458773464069512693e-01 -1.877973636277639313e-03 -1.156657572585861275e-03 9.999975676761825305e-01 -3.546345176138816502e-01
9.990976783642135928e-01 -4.244340430362137512e-02 1.544836029428777943e-03 1.758773972317923651e+01 4.244105078250517277e-02 9.990978078124437278e-01 1.525658168150178726e-03 6.815787051772549399e-01 -1.608196416891892206e-03 -1.458717069400611993e-03 9.999976429216201890e-01 -3.637364062747179272e-01
9.990275605321407015e-01 -4.406972105499597225e-02 1.339023276456680197e-03 1.817612397443031824e+01 4.406437126468686072e-02 9.990214977217928283e-01 3.791869559176636213e-03 7.150431145716946713e-01 -1.504819672879939606e-03 -3.729178976774473464e-03 9.999919143382667297e-01 -3.769353213533194191e-01
9.989574106013249244e-01 -4.561773683973988081e-02 1.764621862102882643e-03 1.875455355940669477e+01 4.560781563565022290e-02 9.989453392898778317e-01 5.304362730379271786e-03 7.549177685286522221e-01 -2.004733807893665891e-03 -5.218351909476425139e-03 9.999843748007807287e-01 -3.858571645323413124e-01
9.988806238805008064e-01 -4.723201817527745289e-02 2.575984315103705194e-03 1.934335160124867414e+01 4.722274715305013054e-02 9.988780812523567754e-01 3.548372152010139009e-03 7.902944827885663992e-01 -2.740691047983346423e-03 -3.422755132977717794e-03 9.999903866337311875e-01 -4.156138134062825062e-01
9.988133948995541189e-01 -4.866322084339484710e-02 1.921745658053343681e-03 1.994555373867770953e+01 4.866178189265049636e-02 9.988150024439330643e-01 7.885911222633005570e-04 8.249914448025988944e-01 -1.957843778083007656e-03 -6.941398079501168335e-04 9.999978425065064735e-01 -4.237649594320971880e-01
9.987749449821644587e-01 -4.946369823986499631e-02 1.397079922563201470e-03 2.054841286335275541e+01 4.946521943824454953e-02 9.987752670468619254e-01 -1.076104732845384673e-03 8.652453568960553065e-01 -1.342140752963915957e-03 1.143893310285050251e-03 9.999984450819380255e-01 -4.411673256255274067e-01
9.987452333958152240e-01 -5.007947512771433046e-02 7.028564024354898201e-05 2.114014274470363119e+01 5.007952012007398784e-02 9.987435797775949808e-01 -1.817558136023031314e-03 9.026487959100082392e-01 2.082502552233789640e-05 1.818797395907514273e-03 9.999983457698072842e-01 -4.487365733869524975e-01
9.987153079738192440e-01 -5.065092177708822169e-02 -1.489208477872039360e-03 2.175601018560746525e+01 5.064826139222127627e-02 9.987149794525311819e-01 -1.772973512365201218e-03 9.391643622552147130e-01 1.577097557066167895e-03 1.695269967176460998e-03 9.999973194079241345e-01 -4.572858295135735496e-01
9.986636376958026862e-01 -5.162415307989627611e-02 -2.426017924506381537e-03 2.237385717223901338e+01 5.162187454029769362e-02 9.986662088411946137e-01 -9.926669638899000923e-04 9.854401223323345782e-01 2.474027714548779257e-03 8.661048082473538383e-04 9.999965645187631758e-01 -4.714889313012046723e-01
9.986373591055242027e-01 -5.205831165787831727e-02 -3.654748428488643636e-03 2.298715155835749258e+01 5.205609178325140696e-02 9.986439171875217680e-01 -6.999804395644760755e-04 1.034260710242491887e+00 3.686232086838105073e-03 5.087746979540937490e-04 9.999930763966862202e-01 -4.861808754468139870e-01
9.986003715101888778e-01 -5.270965601902167369e-02 -4.357772604118681503e-03 2.361230018603482961e+01 5.271159614873948546e-02 9.986097224392005423e-01 3.314835666171989451e-04 1.062788470737538127e+00 4.334241705879758252e-03 -5.607247623898019718e-04 9.999904499226859311e-01 -4.990484316199065851e-01
9.985957166189857181e-01 -5.277043161539968913e-02 -4.677210422751367988e-03 2.425300504409200286e+01 5.277244429391462349e-02 9.986065162727203459e-01 3.078650787388257292e-04 1.108652592259356195e+00 4.654446633053845039e-03 -5.542605754107215619e-04 9.999890144005355586e-01 -5.047686456472104677e-01
9.986152172314646247e-01 -5.246980650167865773e-02 -3.816715791244362169e-03 2.488566084708332582e+01 5.246859081687433451e-02 9.986224873479960795e-01 -4.180198473951150665e-04 1.149007916185365685e+00 3.833391637459502514e-03 2.171832815984333709e-04 9.999926289428218151e-01 -5.106258747910378260e-01
9.986368660068241088e-01 -5.217043085056671109e-02 -1.629722962555128600e-03 2.554512185364274046e+01 5.217111176267661549e-02 9.986380886679289137e-01 3.780993414214902141e-04 1.188606228961016642e+00 1.607777818838013791e-03 -4.626084001780652048e-04 9.999986005209974271e-01 -5.183150205930215915e-01
9.986668730101397884e-01 -5.160537621020916399e-02 1.167004006930573868e-03 2.620443419591896372e+01 5.160403720075605605e-02 9.986669621538996067e-01 1.149802976476305312e-03 1.239718882079764217e+00 -1.224784361591462530e-03 -1.088048024908266301e-03 9.999986580264811353e-01 -5.365924188611502776e-01
9.986777922321637968e-01 -5.130563694518720103e-02 3.224735638722163109e-03 2.687963012278896713e+01 5.130152017908324452e-02 9.986823020695575481e-01 1.346684953547663257e-03 1.278507826556946725e+00 -3.289578940551057644e-03 -1.179470515799140333e-03 9.999938937412049533e-01 -5.585250917359323442e-01
9.986943476330406577e-01 -5.098484510430578015e-02 3.185212003199652548e-03 2.755902103295985839e+01 5.098239333613693164e-02 9.986991936259204117e-01 8.462982073355083479e-04 1.324264977911323138e+00 -3.224217042136148011e-03 -6.828035048718378601e-04 9.999945690871721027e-01 -5.791457317531526483e-01
9.987477745017081521e-01 -4.999578066525909442e-02 1.817922868692727371e-03 2.824679008470648611e+01 4.999594922693969407e-02 9.987494194327171115e-01 -4.736779261240965454e-05 1.360988881331403499e+00 -1.813281219910273722e-03 1.381972568963567316e-04 9.999983464550007417e-01 -5.981551780654553729e-01
9.987871889192004859e-01 -4.923097967653991547e-02 -6.796256097965865973e-04 2.894429768517127854e+01 4.923164926545400832e-02 9.987868800971295702e-01 1.006407693404185594e-03 1.416266773224300612e+00 6.292547057425471827e-04 -1.038646200655149020e-03 9.999992626260206796e-01 -6.186729212965137448e-01
9.988231310125484930e-01 -4.837897178640331725e-02 -3.439192227803441679e-03 2.965247878160577244e+01 4.838428003798934257e-02 9.988277023178699920e-01 1.477338014754794523e-03 1.455702014788928800e+00 3.363688376591585268e-03 -1.642002221315764371e-03 9.999929946900679711e-01 -6.329477156266368754e-01
9.988764654298996071e-01 -4.705852718573285548e-02 -5.594803783896009491e-03 3.036432185930808103e+01 4.707237822723592952e-02 9.988886689847082945e-01 2.370270446579434732e-03 1.493056038561511478e+00 5.477044668678597225e-03 -2.630968085614938771e-03 9.999815398239257913e-01 -6.486368813815501788e-01
9.989628040319518121e-01 -4.494767614398069433e-02 -7.281659829743311607e-03 3.109176970705278720e+01 4.495916716175225869e-02 9.989878132487022278e-01 1.422064941409492255e-03 1.531268742719986919e+00 7.210370915694005664e-03 -1.747967342886405911e-03 9.999724772019609187e-01 -6.530872748949002604e-01
9.990800468186586958e-01 -4.236180101281799421e-02 -6.673669438715778245e-03 3.181859161084809884e+01 4.237827594003504977e-02 9.990988810683334442e-01 2.346822608194389960e-03 1.572756646459751106e+00 6.568240036500153957e-03 -2.627482246276413753e-03 9.999749769668581090e-01 -6.500097320294918601e-01
9.992199764814901908e-01 -3.941565615635174435e-02 -2.417571114673193987e-03 3.255896818938921200e+01 3.942652559694402592e-02 9.992117619120276517e-01 4.626438804842163480e-03 1.618554559986314478e+00 2.233311371880165527e-03 -4.718146503202534647e-03 9.999863756141332827e-01 -6.632891224182979606e-01
9.993187350174806971e-01 -3.687045822696261715e-02 1.623315494913087249e-03 3.331166319096101347e+01 3.686012623737553590e-02 9.993024755900258294e-01 5.991107861709191705e-03 1.656714166454926085e+00 -1.843078084878671963e-03 -5.927190715650928858e-03 9.999807355511372009e-01 -6.806145510495900108e-01
9.994076862887896207e-01 -3.426710422228156777e-02 3.168935958269277191e-03 3.405092813968229137e+01 3.425864894088097995e-02 9.994093933173840982e-01 2.685055255229626056e-03 1.688719131187849998e+00 -3.259073431789080103e-03 -2.574901395676114368e-03 9.999913741243815490e-01 -7.005790967716728490e-01
9.995105474638557030e-01 -3.118225187026957973e-02 2.516481035609152445e-03 3.477218285295919742e+01 3.118236977638345897e-02 9.995137116403276512e-01 -7.622651015887820718e-06 1.718425316757693500e+00 -2.515019608750302619e-03 8.608876227763694684e-05 9.999968336275333325e-01 -7.124057404982497843e-01
9.996197397828967546e-01 -2.753351304846370085e-02 1.510462043138678353e-03 3.551035176500977997e+01 2.753314611773911846e-02 9.996208564234119187e-01 2.631884948198522762e-04 1.746997556781351824e+00 -1.517135865013670036e-03 -2.215006425666370419e-04 9.999988246174255080e-01 -7.308240574719676586e-01
9.997045304519577291e-01 -2.430607732014458677e-02 -2.576803018384733095e-04 3.623889511988719647e+01 2.430656452174274895e-02 9.997023561053431928e-01 2.095260980394622087e-03 1.772645222066828730e+00 2.066760294745041205e-04 -2.100905217462332997e-03 9.999977717386604459e-01 -7.505514289932442296e-01
9.997763136582021870e-01 -2.100298208556754948e-02 -2.489456070999675891e-03 3.696772913616575096e+01 2.101057910135139400e-02 9.997745526465772192e-01 3.065851621040522040e-03 1.793715266736954916e+00 2.424502803043284034e-03 -3.117470745605994704e-03 9.999922015507463069e-01 -7.556275988741149030e-01
9.998320178667751135e-01 -1.794411333773112197e-02 -3.734279713049832358e-03 3.769363461678864979e+01 1.796660737991468901e-02 9.998201016675553054e-01 6.079911244032540178e-03 1.820770358838369019e+00 3.624509305910306785e-03 -6.145982265023095838e-03 9.999745445931558230e-01 -7.690681183648384600e-01
9.998839071876065576e-01 -1.463870995458289685e-02 -4.228512517591947843e-03 3.841227378286736638e+01 1.466464905551604324e-02 9.998734322947557818e-01 6.169883239005328687e-03 1.834941456571151042e+00 4.137658193276557740e-03 -6.231176612005315946e-03 9.999720257200725992e-01 -7.898898936184357567e-01
9.999219155275617110e-01 -1.055499861531180271e-02 -6.689906720011883252e-03 3.912163616122717968e+01 1.058492274543595436e-02 9.999340606319587765e-01 4.453515303138640830e-03 1.858566357079677100e+00 6.642458743932612951e-03 -4.523979698551198678e-03 9.999677051532825933e-01 -8.019059265047421281e-01
9.999309288783122529e-01 -5.971267418093072037e-03 -1.012331161118903977e-02 3.983746810762322355e+01 6.015776015340608580e-03 9.999723480425931621e-01 4.371909092843479644e-03 1.865882768309845341e+00 1.009692584348658925e-02 -4.432506695364929819e-03 9.999392006381720988e-01 -7.951974209475303201e-01
9.999435610318132550e-01 -7.066090824639868892e-04 -1.060072896648448469e-02 4.054760745158139201e+01 7.871710585950179731e-04 9.999708293808780013e-01 7.597417261373396423e-03 1.882932324528078238e+00 1.059505133261723180e-02 -7.605333058024706279e-03 9.999149482812704770e-01 -7.991410667227211162e-01
9.999453639907113223e-01 4.366277168036143165e-03 -9.497613235738951165e-03 4.127274768518872605e+01 -4.272728105243576817e-03 9.999423803142599709e-01 9.847834583828332655e-03 1.893153285864699775e+00 9.540064361546994609e-03 -9.806715818441461008e-03 9.999064033682522057e-01 -8.086534608264861479e-01
9.999201536025239534e-01 9.228289459104319428e-03 -8.632791736383817541e-03 4.197399858458862809e+01 -9.141109430962643737e-03 9.999073698775093888e-01 1.008423437910510763e-02 1.889686423255686920e+00 8.725052313651672845e-03 -1.000451589536163928e-02 9.999118876800212607e-01 -8.168967631844227251e-01
9.998662822565376196e-01 1.428511668146904834e-02 -7.959462788819990711e-03 4.268625697332716840e+01 -1.419797622965162168e-02 9.998398013488463132e-01 1.089904168639298405e-02 1.886169882525743802e+00 8.113881775823632639e-03 -1.078457602765631358e-02 9.999089247738673913e-01 -8.184737368053249806e-01
9.997720754978585145e-01 2.028960095245601822e-02 -6.642977336578245739e-03 4.338775249581448179e+01 -2.020631518629924586e-02 9.997192642651908656e-01 1.237325679266764247e-02 1.884828610805090232e+00 6.892160858259834336e-03 -1.223620653043496279e-02 9.999013818214516069e-01 -8.173922808904795501e-01
9.996475113182623495e-01 2.637038388934264538e-02 -3.075055891082187787e-03 4.409237858598380910e+01 -2.633022840039123125e-02 9.995758963441637723e-01 1.243971543664667764e-02 1.870869772623382055e+00 3.401791820175433575e-03 -1.235436365379505991e-02 9.999178953849771068e-01 -8.281299773839039258e-01
9.994601860138606630e-01 3.283411711885318024e-02 1.121305562503076194e-03 4.479137441538494357e+01 -3.284484548888096794e-02 9.993944405689961785e-01 1.148774497430669027e-02 1.855844475974038899e+00 -7.434365814267627354e-04 -1.151837283684659270e-02 9.999333849758397230e-01 -8.365715368231596560e-01
9.992165616473741574e-01 3.932836159676950105e-02 4.420735652919418474e-03 4.549171789300874735e+01 -3.937273019079984282e-02 9.991700255702757882e-01 1.044261074716460423e-02 1.835087346360722460e+00 -4.006375783888124070e-03 -1.060848603751097900e-02 9.999357024214458045e-01 -8.605587700550332286e-01
9.989670615743446724e-01 4.512288061346322182e-02 5.360553578002008775e-03 4.617701918457594701e+01 -4.517135256579691421e-02 9.989360161577789388e-01 9.294327851009717353e-03 1.806052403418292762e+00 -4.935463189606157340e-03 -9.526870838251542614e-03 9.999424383108935777e-01 -8.750204974844311145e-01
9.986931974888537678e-01 5.089714742057129676e-02 4.623599673187107559e-03 4.687575824332925833e+01 -5.093781265275413445e-02 9.986599096377941631e-01 9.150088763812017773e-03 1.771896498548153120e+00 -4.151690215103318385e-03 -9.373647458772397384e-03 9.999474477199671307e-01 -8.917147391225137554e-01
9.984054765866873238e-01 5.637739398445363453e-02 2.844955049099909608e-03 4.757487881352935233e+01 -5.640097587955098662e-02 9.983673494994406150e-01 9.031355008861166600e-03 1.739218217233973407e+00 -2.331145972266893476e-03 -9.177412542948289870e-03 9.999551694238459909e-01 -9.124024597441164897e-01
9.981084649833880107e-01 6.147399467289515335e-02 6.634059555199200726e-04 4.826001501158689422e+01 -6.147749044862093476e-02 9.980668020336503909e-01 9.120134125212083984e-03 1.705013496529302008e+00 -1.014723838464678691e-04 -9.143667605452080252e-03 9.999581906490272454e-01 -9.237162050498660681e-01
9.977746715182315151e-01 6.667428401385140646e-02 -4.946998337287430818e-04 4.895268656437217203e+01 -6.666631657258868804e-02 9.977277409630592730e-01 9.744595804539329248e-03 1.669319801950379656e+00 1.143289695833019917e-03 -9.689931062228398367e-03 9.999523979293617471e-01 -9.307808625226017263e-01
9.974214491334142396e-01 7.175591902600239602e-02 1.241327246840548621e-03 4.964799658324191967e+01 -7.176480784963790160e-02 9.973706710102775430e-01 1.007754746023033741e-02 1.628428243340135140e+00 -5.149397095877146068e-04 -1.014064560284173334e-02 9.999484497432120644e-01 -9.397034026498032322e-01
9.970307211214201049e-01 7.694641826030694520e-02 2.998309025268625951e-03 5.033678801881722364e+01 -7.697020782070713996e-02 9.969941122303277448e-01 8.850270396871116191e-03 1.576085649422864554e+00 -2.308299837165415751e-03 -9.054771944697594110e-03 9.999563404753686324e-01 -9.622945172088929189e-01
9.966391329841711721e-01 8.186532637772839238e-02 2.916666183764878365e-03 5.103245470170487863e+01 -8.188355024305499219e-02 9.966187009284785958e-01 6.800673439071186661e-03 1.522831867190798105e+00 -2.350064712427864765e-03 -7.016644262024920690e-03 9.999726215747847258e-01 -9.755141264486367758e-01
9.962296149479592522e-01 8.675130885772769362e-02 8.744781940851858960e-04 5.172610142112333165e+01 -8.675338423691894563e-02 9.962261326586088206e-01 2.709784403507210521e-03 1.470152963899018728e+00 -6.361006856612617206e-04 -2.775431415676252612e-03 9.999959461699705621e-01 -9.939459579005830436e-01
