1.000000000000000000e+00 0.000000000000000000e+00 0.000000000000000000e+00 0.000000000000000000e+00 0.000000000000000000e+00 1.000000000000000000e+00 0.000000000000000000e+00 0.000000000000000000e+00 0.000000000000000000e+00 0.000000000000000000e+00 1.000000000000000000e+00 0.000000000000000000e+00
9.999999383849531576e-01 2.452305367488838189e-04 2.511813562861943470e-04 -1.882447254466176889e-02 -2.452709845761980923e-04 9.999999569586022208e-01 1.610122287502926161e-04 1.058719617684149121e-02 -2.511418603597180663e-04 -1.610738263280800928e-04 9.999999554914932309e-01 2.959496322724152351e-03
9.999998377728346322e-01 2.088618347712417600e-04 5.299349379602590754e-04 -1.447614236500633506e-02 -2.085438364317484335e-04 9.999997982218050696e-01 -6.000548452772691164e-04 1.529704469333664080e-02 -5.300601595868918280e-04 5.999442332670510076e-04 9.999996795515208037e-01 8.446388933798301690e-03
9.999999351027953898e-01 3.484063485467962947e-04 9.169199175043944890e-05 -8.703864736805596095e-03 -3.483498635557383326e-04 9.999997500128812167e-01 -6.153263748995613973e-04 1.713790302202913840e-02 -9.190635244406589969e-05 6.152943940737843004e-04 9.999998064829968003e-01 -3.530725859118987939e-03
9.999999821238745312e-01 1.791347600226897310e-04 6.052262625855156232e-05 -6.604208832961135263e-03 -1.791382159601023858e-04 9.999999823244885011e-01 5.710098235314687209e-05 1.029912431791471517e-04 -6.051239641801229354e-05 -5.711182324769572432e-05 9.999999965382447842e-01 -5.930946036545967082e-03
9.999999929506835361e-01 -6.680812562825953272e-05 -9.815960070688391377e-05 -7.895549378965235898e-03 6.680358651185921168e-05 9.999999966993516898e-01 -4.624475626563290118e-05 -2.006474078196249233e-03 9.816268990837984153e-05 4.623819852626119244e-05 9.999999941130576220e-01 -6.157254430296865005e-03
9.999999698136836646e-01 -3.573915525741284700e-05 2.430953404449753006e-04 -2.175480575302033912e-03 3.565720288805176476e-05 9.999999425405936559e-01 3.371162607231905305e-04 6.455202122490186559e-03 -2.431073747272431609e-04 -3.371075824470170048e-04 9.999999136286373824e-01 -7.857421082140686464e-05
9.999999373362469246e-01 2.350883184107731673e-04 2.646903563898604281e-04 -3.310762972338976776e-03 -2.350950058087935483e-04 9.999999720467874775e-01 2.523415529693723877e-05 1.504149589017882149e-02 -2.646844167357793507e-04 -2.529638109654337057e-05 9.999999646511257279e-01 2.372759364283165591e-03
9.999999268759864890e-01 3.622901698651878632e-04 -1.224493960499018104e-04 -1.336400730091626653e-02 -3.622971038386288618e-04 9.999999327680660910e-01 -5.660982017925988931e-05 1.817982006482980403e-02 1.224288786360233140e-04 5.665417910127829937e-05 9.999999909007367682e-01 -7.055664716385713457e-03
9.999999799164702718e-01 1.736499401117757842e-04 1.000637659786461869e-04 -2.500701386570644558e-03 -1.736301183160175222e-04 9.999999653111623088e-01 -1.980662925829958601e-04 -1.693495789555059944e-03 -1.000981567073956386e-04 1.980489145215996011e-04 9.999999753784929446e-01 -2.255043359945963638e-03
9.999999208686751739e-01 1.826840928813669191e-04 3.533966122637978370e-04 -1.729131745519026445e-02 -1.826600691941668785e-04 9.999999810049370330e-01 -6.801047436048490073e-05 1.280294370147616947e-02 -3.534090299828218933e-04 6.794591752907687312e-05 9.999999352427028088e-01 1.380730883867804619e-03
9.999998687224304073e-01 7.336130967162047720e-05 5.071225100554687141e-04 -1.720391699486039858e-02 -7.327962825990642080e-05 9.999999843408423628e-01 -1.610851052545732797e-04 6.739032889682347593e-04 -5.071343195286473699e-04 1.610479223586930493e-04 9.999998584391642797e-01 5.252140798973664766e-03
9.999999984105822914e-01 4.444722339276075459e-05 3.468832277947701267e-05 -5.536151095857049301e-03 -4.446661996259287713e-05 9.999998425657299350e-01 5.593668161937632348e-04 -1.209898694996276725e-03 -3.466345501650836854e-05 -5.593683577771619295e-04 9.999998429527302557e-01 -5.951313484921397917e-03
9.999999996088001497e-01 2.576066981126705295e-05 1.089897160840357191e-05 1.568880914204541857e-03 -2.575997485642316423e-05 9.999999976356274134e-01 -6.375867727068671234e-05 3.204051033592722648e-03 -1.090061404886711653e-05 6.375839648850974367e-05 9.999999979080217427e-01 -7.364690356631368659e-03
9.999998509682691550e-01 3.829637908838825263e-04 -3.891043232930232456e-04 -9.192628994456865377e-03 -3.831559710594340754e-04 9.999998046026555842e-01 -4.939495445210147955e-04 9.331704744721962611e-03 3.889150824729966250e-04 4.940985585516940439e-04 9.999998023058169760e-01 7.700184534851392884e-03
9.999972255931607323e-01 1.540273577040403459e-04 -2.350549202688439338e-03 -5.914628688049169622e-03 -1.555763030853305579e-04 9.999997708872359059e-01 -6.588030734236184367e-04 1.323700979196988300e-02 2.350447190450967797e-03 6.591669353910403241e-04 9.999970204440392640e-01 -6.547123646197576530e-03
9.999952351148062579e-01 2.538755851887587018e-04 -3.076571934896930004e-03 5.822231850255397967e-03 -2.552161389546188657e-04 9.999998726697458817e-01 -4.353449373665173577e-04 2.460522992898098518e-03 3.076461019705510613e-03 4.361280538083116840e-04 9.999951725783055023e-01 -4.236734095268347711e-03
9.999934024089948137e-01 2.338589072037015480e-04 -3.624975654208252140e-03 3.943924796364010887e-03 -2.357389391690132413e-04 9.999998379404849702e-01 -5.182143921676704307e-04 1.519243344150383347e-02 3.624853877695006447e-03 5.190655211162944083e-04 9.999932954801997731e-01 -1.143085928069069966e-02
9.999949980889379919e-01 1.651677852854142433e-05 -3.162834851980399643e-03 2.158792011191397464e-02 -1.560806621126430906e-05 9.999999585978054384e-01 2.873339096526765567e-04 3.402470978727818729e-03 3.162839466862645086e-03 -2.872831066982303228e-04 9.999949569447454945e-01 -9.587975796260346170e-03
9.999964083142858229e-01 2.146141733598147191e-04 -2.671572436723459142e-03 4.544690332009654332e-02 -2.129057894402764642e-04 9.999997727047574836e-01 6.397355377480223263e-04 1.176156738732670598e-02 2.671709125801356721e-03 -6.391644467803429819e-04 9.999962267124596904e-01 -4.002180470974581530e-03
9.999962767941320552e-01 1.717741998123866061e-04 -2.723397051076151786e-03 7.133317155422523592e-02 -1.705441290407443025e-04 9.999998833534290421e-01 4.518936029495121279e-04 1.537857013686604393e-02 2.723474357063271345e-03 -4.514274610784900716e-04 9.999961894430767773e-01 -3.694579304695136228e-03
9.999939997615140408e-01 -1.514683005609243280e-04 -3.460852253865345785e-03 9.752144112916608099e-02 1.498253786292422403e-04 9.999998759777635193e-01 -4.749703291759341381e-04 7.653243655231883186e-03 3.460923767591285970e-03 4.744489557413700872e-04 9.999938984338171410e-01 -1.151291931746840913e-02
9.999944407291486703e-01 2.955983915192248617e-04 -3.321314858320970412e-03 1.277781640969645194e-01 -2.972469096753735276e-04 9.999998328823750393e-01 -4.958623768063255251e-04 2.423651411931164457e-02 3.321167727149720514e-03 4.968468707507626243e-04 9.999943614781611201e-01 -2.243370544707537495e-03
9.999934196401020214e-01 -3.538623211285263663e-04 -3.610465060419070556e-03 1.534287292805755487e-01 3.527014709842405098e-04 9.999998859087914083e-01 -3.221553608350485485e-04 6.090068442952054073e-04 3.610578647140497578e-03 3.208798245990841531e-04 9.999934303574053995e-01 -1.929277943292305453e-03
9.999877853011277518e-01 2.760719179135301041e-05 -4.942518223388443939e-03 1.947234595018857983e-01 -2.964046706195617574e-05 9.999999149720607550e-01 -4.113116991630417856e-04 2.358042297011762878e-02 4.942506447975341007e-03 4.114531736630974040e-04 9.999877010925172227e-01 -1.478374227639431271e-02
9.999839276344244521e-01 -1.763079862359918579e-04 -5.666867593666470929e-03 2.469457455907301813e-01 1.727793178521562370e-04 9.999997909046794975e-01 -6.231676376148288744e-04 1.987940623947272861e-02 5.666976278182250457e-03 6.221785043195501288e-04 9.999837490048382183e-01 -9.437905068001555681e-03
9.999798746341136413e-01 -4.251389806029294040e-04 -6.330053995786020897e-03 3.012642046433092191e-01 4.191254124966470925e-04 9.999994596819929971e-01 -9.512989071377766235e-04 1.655480177111319159e-02 6.330455009791490124e-03 9.486266754070933659e-04 9.999795125135313434e-01 -8.531133457725563821e-04
9.999733777637127563e-01 -3.785553130839010186e-04 -7.287006223817553419e-03 3.667186720630664087e-01 3.744274245018376916e-04 9.999997686874770864e-01 -5.678284038405199833e-04 2.419835074589377077e-02 7.287219492700952247e-03 5.650848320058694590e-04 9.999732881988387945e-01 -6.822003041299120468e-03
9.999712225253305498e-01 -6.604035300783430351e-04 -7.557644366691116354e-03 4.477262202553246584e-01 6.568324480654489901e-04 9.999996714801807629e-01 -4.749849109338059980e-04 2.406895881753012834e-02 7.557955565567069621e-03 4.700071360165814492e-04 9.999713277894326513e-01 -9.262564252556847871e-03
9.999683261971352710e-01 -1.032976750761040478e-03 -7.891740082647919277e-03 5.271369474916897113e-01 1.029640196029615569e-03 9.999993788233171310e-01 -4.268419455869717485e-04 2.401737291704249613e-02 7.892176098289035643e-03 4.187027730736204902e-04 9.999687686345115623e-01 -1.553595944383041536e-02
9.999692013315718553e-01 -1.461079200286967026e-03 -7.711137132022815276e-03 6.296990717498035517e-01 1.460736584785993523e-03 9.999989318705861940e-01 -5.006312485827152690e-05 3.141507036620454218e-02 7.711202041720862342e-03 3.879764286164107150e-05 9.999702674868962138e-01 -5.730228918048373837e-03
9.999657909352355212e-01 -1.887035666582059529e-03 -8.053325751626871920e-03 7.334621365176251517e-01 1.885821169574992268e-03 9.999982092927042210e-01 -1.583979211070551127e-04 2.261816736308368270e-02 8.053610233004333818e-03 1.432053702744120246e-04 9.999675589010059706e-01 -1.396410559324571220e-02
9.999648343038310960e-01 -2.084709401324036631e-03 -8.123062379646939224e-03 8.535298895984486656e-01 2.081268868462026519e-03 9.999977408533994305e-01 -4.319814747846043284e-04 3.556960489527446340e-02 8.123944584299859495e-03 4.150600070079771796e-04 9.999669140774517517e-01 -1.563523202073997462e-02
9.999649786510600435e-01 -2.682517781735819888e-03 -7.927519772013502664e-03 9.764968200561247036e-01 2.680664256944804112e-03 9.999963771411295443e-01 -2.444253614918822639e-04 3.494680470849071546e-02 7.928146727106684388e-03 2.231657824869478720e-04 9.999685468486031459e-01 -1.989017967452476679e-02
9.999710137323524206e-01 -2.721649956191775962e-03 -7.110859062554044166e-03 1.116596300785685392e+00 2.722274207780018673e-03 9.999962915540305808e-01 7.811097173634302601e-05 5.507062230977088912e-02 7.110620101594610984e-03 -9.746641581195972541e-05 9.999747144713553304e-01 -1.333290981261799416e-02
9.999699369933818804e-01 -3.136876364569168504e-03 -7.091199907301099989e-03 1.250741379489324290e+00 3.134355215922916826e-03 9.999950206921323081e-01 -3.666174058938022015e-04 6.800201721407610200e-02 7.092314631508998476e-03 3.443800448557011637e-04 9.999747899200021051e-01 -1.304896634555452808e-02
9.999656625488264616e-01 -3.666294204462419281e-03 -7.431824143021297999e-03 1.404109295718504180e+00 3.667677317251282366e-03 9.999932591730645859e-01 1.724863140083684218e-04 6.710993123029257434e-02 7.431141660807537644e-03 -1.997379241031427104e-04 9.999723687374459935e-01 -2.232247481888576315e-02
9.999706183761203349e-01 -3.885341915711805916e-03 -6.608063458943565401e-03 1.561324144428254623e+00 3.886221301513695121e-03 9.999924413843013227e-01 1.202425068450361476e-04 7.007854434388098575e-02 6.607546327879471569e-03 -1.459193709008264330e-04 9.999781592810225161e-01 -1.941764327611575358e-02
9.999720629923141146e-01 -4.515183407917521680e-03 -5.957042360792623274e-03 1.745118140334679602e+00 4.517506835802802961e-03 9.999897250872112897e-01 3.766324363575547529e-04 8.474775971451981027e-02 5.955280588174362809e-03 -4.035328939603329630e-04 9.999821857384858514e-01 -1.391078375730351799e-02
9.999695997103692502e-01 -5.133920715650790514e-03 -5.868774418001861636e-03 1.927384042317063395e+00 5.145769183390005996e-03 9.999847492260933723e-01 2.005585884107530942e-03 9.225511007188035018e-02 5.858388395732667085e-03 -2.035724272260196199e-03 9.999807673710989775e-01 -7.498894357344725731e-03
9.999659617262499633e-01 -5.444558309333979822e-03 -6.199368815631537376e-03 2.142960645149434740e+00 5.464616808748368020e-03 9.999798741325651719e-01 3.223242614619560836e-03 1.175398300332858859e-01 6.181694915596148109e-03 -3.257010076038611892e-03 9.999755889687182986e-01 -1.946983043294465629e-02
9.999660571716301183e-01 -5.990339913033353690e-03 -5.656883625321294448e-03 2.342747410258076535e+00 6.019094147135003840e-03 9.999689826812789839e-01 5.079781591365012741e-03 1.318901189725275036e-01 5.626278545542673717e-03 -5.113658484330495940e-03 9.999710973256344948e-01 -1.452731788984153519e-02
9.999609990231398404e-01 -6.743606447525252179e-03 -5.702999625203750145e-03 2.576520615650107704e+00 6.773297268047253836e-03 9.999635250242903117e-01 5.202986172788535806e-03 1.323221807816972462e-01 5.667704717329746789e-03 -5.241411363026274479e-03 9.999702019211176296e-01 -1.748863637002235835e-02
9.999604291457749872e-01 -7.244753090729343786e-03 -5.162721690346745371e-03 2.804421176519411585e+00 7.275908726210134764e-03 9.999552783861451744e-01 6.041719945072865534e-03 1.434111434172085642e-01 5.118720035855481992e-03 -6.079044360851438601e-03 9.999684214638246971e-01 -1.646311727484957993e-02
9.999576499343237890e-01 -7.767988294755839504e-03 -4.935250315522131392e-03 3.045668898503443245e+00 7.799796175383155381e-03 9.999487221085046063e-01 6.458818250350504067e-03 1.571814683072863816e-01 4.884825221725270714e-03 -6.497038665508979641e-03 9.999669629398423298e-01 -1.798084629442793861e-02
9.999558411898077370e-01 -8.517592328372422181e-03 -3.970678948442819128e-03 3.299841166271111348e+00 8.543565159233388120e-03 9.999419147402895947e-01 6.570741198168859529e-03 1.661463491842936069e-01 3.914481415703628675e-03 -6.604374796377885173e-03 9.999705291001306229e-01 -1.500294511633439368e-02
9.999438908515285718e-01 -9.186416579374922370e-03 -5.274931197324178762e-03 3.576205747654324085e+00 9.212646172528520666e-03 9.999452120233587316e-01 4.969919723683740263e-03 1.708892946730703744e-01 5.228986441569144668e-03 -5.018236940425452493e-03 9.999737371545333042e-01 -2.578267183759076764e-02
9.999196301779289531e-01 -9.868142127850271922e-03 -7.959457002734742631e-03 3.843467077041720081e+00 9.906555998056617435e-03 9.999394020391834115e-01 4.801291261490463029e-03 1.710516751723148154e-01 7.911594851305575604e-03 -4.879756189077781060e-03 9.999567963899460565e-01 -1.801377141184017094e-02
9.998775751835301540e-01 -1.045745807354515715e-02 -1.163942506072112269e-02 4.123809504570601803e+00 1.048595353313374300e-02 9.999421650159355801e-01 2.389853916985002630e-03 1.932864803702755985e-01 1.161376009761944626e-02 -2.511611809896939843e-03 9.999294036993368051e-01 -1.575247630302237592e-02
9.998195744491589210e-01 -1.074093694066943945e-02 -1.566687020241614922e-02 4.421641064645040586e+00 1.071700412225275699e-02 9.999412739029146513e-01 -1.610766295832975542e-03 2.087326288201321045e-01 1.568325128748531902e-02 1.442573759894680762e-03 9.998759696132319963e-01 -2.013149419547227356e-02
9.997792259294003836e-01 -1.072335359082383574e-02 -1.806956246772764563e-02 4.712252827551765222e+00 1.065433492085656256e-02 9.999355903473640117e-01 -3.911560310529816828e-03 2.144522888650704506e-01 1.811034365778745742e-02 3.718177569033155258e-03 9.998290806973769707e-01 -1.962462584278922006e-02
9.997439562616993181e-01 -1.174993001562130331e-02 -1.933807288313335593e-02 5.025467034605501482e+00 1.161688513313964034e-02 9.999081737884190080e-01 -6.977963235239370739e-03 2.101858437392369050e-01 1.941828772082686283e-02 6.751528400067252460e-03 9.997886511489587624e-01 -1.655353047073929856e-02
9.997261042532586961e-01 -1.195441907940923004e-02 -2.011984938006165444e-02 5.338281030140127115e+00 1.176406332515038053e-02 9.998851668161319317e-01 -9.553009743417549202e-03 2.211970524519735748e-01 2.023173963564088920e-02 9.313702032480714391e-03 9.997519350647768865e-01 -1.879655174024920383e-02
9.997302681552294734e-01 -1.196302523211122994e-02 -1.990670644704428671e-02 5.667264135343845766e+00 1.171969044253788096e-02 9.998557200178485038e-01 -1.229585310260752906e-02 2.469034358626605030e-01 2.005092990871024106e-02 1.205923608217730411e-02 9.997262300424603065e-01 -7.601327905695082904e-03
9.997054079764282619e-01 -1.272465214969528691e-02 -2.066834512853626613e-02 5.993737770222829830e+00 1.247411630585966782e-02 9.998476964724420935e-01 -1.220574787300113435e-02 2.619922972717283471e-01 2.082051116257522747e-02 1.194433281605301010e-02 9.997118781071416826e-01 -5.858147968851059456e-03
9.997307452661473581e-01 -1.327195625464221672e-02 -1.903397348870044040e-02 6.335674464211701995e+00 1.310499545429613839e-02 9.998747850331501930e-01 -8.869799831707964044e-03 2.715713070756234915e-01 1.914930974569489450e-02 8.617971460068339640e-03 9.997794929404067998e-01 -1.917587603082746006e-02
9.998396885376770182e-01 -1.415883452420982694e-02 -1.096013821979208679e-02 6.697029547827415108e+00 1.410996470221933738e-02 9.998902177109358913e-01 -4.523430344258795241e-03 3.030055188997664017e-01 1.102298149245600940e-02 4.368058023112878982e-03 9.999297045033334053e-01 -1.023542224553426749e-02
9.998697601244148636e-01 -1.613424518463747043e-02 3.859029245260142639e-04 7.065738672611591831e+00 1.613501666074141500e-02 9.998676432627123800e-01 -2.087389189156717024e-03 3.235189498724704293e-01 -3.521733987003982215e-04 2.093343877965079657e-03 9.999977469401147845e-01 -2.132406070440026613e-02
9.997580312227015709e-01 -1.751566175369174277e-02 1.330716344823392600e-02 7.426785215980683752e+00 1.754029822192608445e-02 9.998446484734967443e-01 -1.736910243959642998e-03 3.637109931539128094e-01 -1.327467302774909541e-02 1.969901581281572386e-03 9.999099472171313341e-01 -3.188481347890357448e-02
9.995781868871702613e-01 -1.946254888376033887e-02 2.155591543647926087e-02 7.796282618793282104e+00 1.956766892006366054e-02 9.997975980401176965e-01 -4.676460867586664308e-03 3.694990915567069045e-01 -2.146053662870946524e-02 5.096287291600996514e-03 9.997567070159866232e-01 -3.731096912482980560e-02
9.995495392656525979e-01 -2.064934050971796789e-02 2.177896439997390951e-02 8.176819113257590033e+00 2.083984818480809006e-02 9.997462077467611508e-01 -8.556916711300885728e-03 3.777646257327660906e-01 -2.159674238064068427e-02 9.006932468033161318e-03 9.997261904571973501e-01 -3.953296159097113849e-02
9.995850747775503198e-01 -2.159859002863669108e-02 1.905726084026796927e-02 8.553239479480851060e+00 2.177396698843343803e-02 9.997220150834492669e-01 -9.043612059032927336e-03 4.082096905677379262e-01 -1.885663393996251172e-02 9.454811804713542794e-03 9.997774921902331524e-01 -3.802562283240887298e-02
9.995535759805579401e-01 -2.344736481355641153e-02 1.851674452432044635e-02 8.945753691241151273e+00 2.357125206877000098e-02 9.997010227727005649e-01 -6.500857107095647965e-03 4.134047746522099831e-01 -1.835878047119307924e-02 6.934417821011853132e-03 9.998074159702428076e-01 -3.472838996102846354e-02
9.995412085619496123e-01 -2.479317551597963465e-02 1.739743758003054960e-02 9.341094603155193354e+00 2.485524992494681645e-02 9.996854110367421331e-01 -3.360879567665198044e-03 4.518595841231575760e-01 -1.730863766116971444e-02 3.791755284000556097e-03 9.998430045032973279e-01 -3.838631454565101520e-02
9.995858729111383179e-01 -2.585253647270942950e-02 1.263839524642593887e-02 9.731761700168863882e+00 2.586596842002060470e-02 9.996650143163726687e-01 -9.004607381487589757e-04 4.831103239280645778e-01 -1.261088237087912983e-02 1.226992165288426926e-03 9.999197268461375021e-01 -5.544797804079715231e-02
9.996246299239046618e-01 -2.696397772328970946e-02 4.852128897157779314e-03 1.015640202444192219e+01 2.695235181454937526e-02 9.996337275630233776e-01 2.445700333221949470e-03 5.017996326794833539e-01 -4.916297505384931849e-03 -2.314006005416023928e-03 9.999852375885582845e-01 -7.625220326425438677e-02
9.996073476153599646e-01 -2.801922689057721044e-02 -2.711417328233390375e-04 1.056570303167085889e+01 2.801993559262236366e-02 9.996025222453488457e-01 3.111387170081861102e-03 5.272618751852364838e-01 1.838552969532296051e-04 -3.117762850380172146e-03 9.999951228641260625e-01 -9.304246118441683588e-02
9.995808554034207871e-01 -2.892661919298602363e-02 -1.167995303751965218e-03 1.101174122674544087e+01 2.892841860145714539e-02 9.995802773434001587e-01 1.554266164462718511e-03 5.743688538994903281e-01 1.122545404196222465e-03 -1.587402959269710884e-03 9.999981100200442397e-01 -9.947884409556173591e-02
9.995449606559854150e-01 -3.015918241213757719e-02 -5.434551094782263773e-04 1.148237009861475855e+01 3.016032157298068409e-02 9.995425941987989837e-01 2.226518571557964832e-03 5.751985108162974702e-01 4.760565502148300068e-04 -2.241896198870069450e-03 9.999973736323483076e-01 -9.346784456121391693e-02
9.995298416801009500e-01 -3.066070581192333402e-02 1.292674241778109256e-04 1.194247231752840932e+01 3.065964853467369536e-02 9.995168742274900264e-01 5.099420186477511725e-03 6.358622148910586525e-01 -2.855567939026148333e-04 -5.093059357857904375e-03 9.999869895172111001e-01 -9.648782274652799307e-02
9.994899797405244479e-01 -3.193347957789792468e-02 1.824289836536957098e-04 1.242173937274075968e+01 3.193193173415367903e-02 9.994739441212948661e-01 5.673337496396029835e-03 6.668866621359460511e-01 -3.635024228940836061e-04 -5.664618669481665154e-03 9.999838898508904839e-01 -9.723555926681795580e-02
9.994538508875133731e-01 -3.302316090158574635e-02 -1.212761389658402250e-03 1.291592166877442338e+01 3.302861420181431307e-02 9.994429194719354204e-01 4.791801469402532515e-03 6.742467656940208665e-01 1.053845352970500136e-03 -4.829240259340689817e-03 9.999877838496276095e-01 -1.003682094555691240e-01
9.994264059962705282e-01 -3.369795775715152264e-02 -3.362534813943926070e-03 1.341795582957403532e+01 3.370858060257145294e-02 9.994267271536243502e-01 3.154147231001551595e-03 7.262726125666209009e-01 3.254318843889972192e-03 -3.265684306867750429e-03 9.999893723009610769e-01 -1.064398743241479484e-01
9.993828418488188703e-01 -3.485361264008465798e-02 -4.377339844436246678e-03 1.392223393347443050e+01 3.486955703525940198e-02 9.993853138702680772e-01 3.620554182789919272e-03 7.446645380366802014e-01 4.248459761319350013e-03 -3.770955629632500965e-03 9.999838651114806298e-01 -1.097597901766861617e-01
9.993658464072725511e-01 -3.526592170558923850e-02 -4.921361694798539847e-03 1.446662655191183511e+01 3.528843900427024866e-02 9.993667377467013724e-01 4.566131640435617915e-03 8.326833361900529695e-01 4.757216341273378356e-03 -4.736903183635819865e-03 9.999774650665439468e-01 -1.178410441417139520e-01
9.993118117433239522e-01 -3.672355623543822889e-02 -5.223344493524910599e-03 1.500737695130082194e+01 3.675079775426684514e-02 9.993108349684929337e-01 5.218618495199129487e-03 8.477176972527209475e-01 5.028098517372714925e-03 -5.406989180317059093e-03 9.999727409751245633e-01 -1.207179127742027264e-01
9.992547993659957051e-01 -3.851580664213527516e-02 -2.525585621053128092e-03 1.557202971221889776e+01 3.852998391252593358e-02 9.992404481292654905e-01 5.828135390083102017e-03 8.641513760683543488e-01 2.299191972001330461e-03 -5.921103033244233364e-03 9.999798269240962600e-01 -1.192902263991746370e-01
9.992180093467956103e-01 -3.953946574656930224e-02 2.110694291155181381e-05 1.613829778356754474e+01 3.953906633127936276e-02 9.992100470988481975e-01 3.992995162559210935e-03 9.124819494668550135e-01 -1.789711648769911744e-04 -3.989038128847968191e-03 9.999920277402859492e-01 -1.193845379374022103e-01
9.991738414016756442e-01 -4.061986736721326374e-02 1.288810959389656303e-03 1.670989849992999510e+01 4.061766310132651492e-02 9.991733283663837284e-01 1.692727216602653555e-03 9.458950171885608382e-01 -1.356503890955707003e-03 -1.638980266108253439e-03 9.999977368178796233e-01 -1.376475599231162805e-01
9.991440740627662853e-01 -4.132784332551710932e-02 1.768793746844056708e-03 1.729313180512993497e+01 4.132647148677408983e-02 9.991453719764907815e-01 8.052405930597061976e-04 9.878579879498358141e-01 -1.800560943209513843e-03 -7.314533624054578211e-04 9.999981114763509815e-01 -1.456189811372225751e-01
9.990957707536233245e-01 -4.248802308601635352e-02 1.552016902469682781e-03 1.787789301576398060e+01 4.248366732139848695e-02 9.990934062993136466e-01 2.739251751736640657e-03 1.032008109961735753e+00 -1.666995245388742204e-03 -2.670839470427822070e-03 9.999950438594058522e-01 -1.488374219521936548e-01
9.990440629899521863e-01 -4.368781419672550931e-02 1.528101842441569004e-03 1.846337123065083574e+01 4.368113564212020711e-02 9.990368608818319673e-01 4.160407238464434478e-03 1.095137309088184852e+00 -1.708389166197315069e-03 -4.089680927353651387e-03 9.999901779099479304e-01 -1.419828886754473107e-01
9.989765243949974005e-01 -4.515527060885576177e-02 2.627783083178027689e-03 1.903692732684249833e+01 4.514184622128019492e-02 9.989682663651628935e-01 4.961503312033778944e-03 1.151280333278740464e+00 -2.849109935667675994e-03 -4.837802354586068394e-03 9.999842389962716460e-01 -1.517233795227101723e-01
9.988914317901407269e-01 -4.699245694656477984e-02 2.759798247676426616e-03 1.963336487863489666e+01 4.698615005025160579e-02 9.988928760951318875e-01 2.307333926999403408e-03 1.178087283005090802e+00 -2.865170099289678692e-03 -2.175103795384655987e-03 9.999935298409592388e-01 -1.665469845230018453e-01
9.988350830790658774e-01 -4.820377805600172677e-02 2.207394745664383214e-03 2.022024652043735671e+01 4.820303965472477054e-02 9.988374830576332020e-01 3.865321944302799054e-04 1.215132860347124311e+00 -2.223460923985873076e-03 -2.796787800776110149e-04 9.999974889974971859e-01 -1.680288415911577460e-01
9.988098811070251770e-01 -4.875172131941939158e-02 1.446053720935243890e-03 2.082340176528786202e+01 4.875392179622495270e-02 9.988096522871261485e-01 -1.527614990031895929e-03 1.279192761786986043e+00 -1.369858553918433097e-03 1.596297736594684546e-03 9.999977876580919967e-01 -1.745227719857993243e-01
9.987656613645782278e-01 -4.967038728449103824e-02 7.941023432720398971e-05 2.142910294468102705e+01 4.967044615820330467e-02 9.987636039690384049e-01 -2.027354242049416409e-03 1.323480359381808746e+00 2.138741853678618199e-05 2.028796142149328144e-03 9.999979417622777422e-01 -1.755158648814463263e-01
9.987363998835716572e-01 -5.023133158423143813e-02 -1.554630141673744338e-03 2.203826067040623471e+01 5.022913207335138325e-02 9.987367068084908039e-01 -1.422942194373406650e-03 1.377415512024415811e+00 1.624142469191217422e-03 1.343056441739582003e-03 9.999977791778510428e-01 -1.808156341173288162e-01
9.987016795602632335e-01 -5.088588869612313548e-02 -2.362535738378968887e-03 2.266100717997213820e+01 5.088394925204696440e-02 9.987041904153478589e-01 -8.739309696434700934e-04 1.428522330876456969e+00 2.403945095974466435e-03 7.525811785848402716e-04 9.999968273297397126e-01 -1.807098664166521262e-01
9.986615128538610664e-01 -5.161196012669962141e-02 -3.374657955624949489e-03 2.327167437376374792e+01 5.161210911434988002e-02 9.986672060027793618e-01 -4.298105013119779116e-05 1.473387276930447243e+00 3.372378568004594408e-03 -1.312496940812541443e-04 9.999943049019388575e-01 -1.849974197830722145e-01
9.986457409562493615e-01 -5.187783814474997146e-02 -3.920966637307093938e-03 2.389426447129623199e+01 5.187919814519705020e-02 9.986533374224272341e-01 2.458756986491829940e-04 1.515334661320780985e+00 3.902930918570471624e-03 -4.489593243582105063e-04 9.999922827531070313e-01 -1.857870959155237256e-01
9.986380783350928825e-01 -5.204743917016064342e-02 -3.612834762538966096e-03 2.453930376075605224e+01 5.204761749618481287e-02 9.986446032068854173e-01 -4.470719538302414233e-05 1.573286492796775349e+00 3.610264832919934160e-03 -1.433931341124930437e-04 9.999934726918197070e-01 -1.951461835581205784e-01
9.986687764155489644e-01 -5.152624012388535429e-02 -2.391984817253503797e-03 2.517818200626161484e+01 5.152608732541490849e-02 9.986716410183830162e-01 -1.255013296220142301e-04 1.633299622768464632e+00 2.395274014383584355e-03 2.084640717270785969e-06 9.999971313249105265e-01 -1.985718904889981484e-01
9.986755428122300327e-01 -5.145009223639248480e-02 2.195394369926892538e-04 2.584658302036500999e+01 5.144983508744229578e-02 9.986750289179342488e-01 1.049326087619569751e-03 1.680690823620900387e+00 -2.732364775813806356e-04 -1.036641032312043704e-03 9.999994253584336690e-01 -2.038629617875246380e-01
9.987062562531442422e-01 -5.076953952127687825e-02 2.875339567153061254e-03 2.650222773099670448e+01 5.076388238181338969e-02 9.987086654005208342e-01 2.007460942548869656e-03 1.730104712916421983e+00 -2.973544409344899397e-03 -1.858900402912657584e-03 9.999938512425652348e-01 -2.115257310718672290e-01
9.987089549372155650e-01 -5.059856618702895936e-02 4.495378519266430596e-03 2.717068189577154058e+01 5.059270546459254669e-02 9.987183764470507485e-01 1.408084067112344746e-03 1.780614984161677183e+00 -4.560864171143401945e-03 -1.178832805752411290e-03 9.999889043740577410e-01 -2.147876916630195587e-01
9.987479464025570408e-01 -4.986066838718450356e-02 4.056267330724051129e-03 2.786528560894456419e+01 4.985954529420873194e-02 9.987561680239082085e-01 3.775940326640049951e-04 1.846651809839400249e+00 -4.070049106562159333e-03 -1.748776199953801084e-04 9.999917020246158472e-01 -2.247540026104353772e-01
9.988125111996656313e-01 -4.867953109389699939e-02 1.967415435587246964e-03 2.853893825906454040e+01 4.867891585992936698e-02 9.988144141751208460e-01 3.594255306917205168e-04 1.915085662126573496e+00 -1.982579562032414471e-03 -2.632270664489919174e-04 9.999980000428959626e-01 -2.329027119566140502e-01
9.988548474727282356e-01 -4.784218975361949344e-02 -3.443251537367054754e-04 2.923743490527119349e+01 4.784267445874199054e-02 9.988536447017223319e-01 1.573202695227757415e-03 1.961319770263655338e+00 2.686649729063972109e-04 -1.587874574423588092e-03 9.999987032358933492e-01 -2.388365811163808416e-01
9.989002470904572162e-01 -4.676348077927038049e-02 -3.387215379976517109e-03 2.995732044057581689e+01 4.676942961088206840e-02 9.989042668966592320e-01 1.698831810567925970e-03 2.010746300282359567e+00 3.304060607235825148e-03 -1.855381646632138807e-03 9.999928203454507836e-01 -2.479889543260454521e-01
9.989514629357540976e-01 -4.547558712051952973e-02 -5.286366858312651663e-03 3.067998195128084404e+01 4.548874341840054153e-02 9.989619787961289132e-01 2.395650629224462067e-03 2.058109786158263788e+00 5.171935878522657300e-03 -2.633608886380056548e-03 9.999831574499152831e-01 -2.555298294445546015e-01
9.990607721201910651e-01 -4.298024716794325573e-02 -5.501996364054877707e-03 3.138977738169071685e+01 4.298521607017879997e-02 9.990753976754964683e-01 7.880094851327103678e-04 2.112876575734293549e+00 5.463040362985575361e-03 -1.023773867180956991e-03 9.999845534192322027e-01 -2.399047320791279914e-01
9.991854788641476581e-01 -4.015749128468747153e-02 -3.969221679886186620e-03 3.215099922431530644e+01 4.017128713288201092e-02 9.991868198063693640e-01 3.459308503378864981e-03 2.156768777962922101e+00 3.827076836356491443e-03 -3.615939567284197353e-03 9.999861391359053941e-01 -2.642800839014454728e-01
9.993058910952204998e-01 -3.724354527012167099e-02 8.089240382105943386e-04 3.287436080978876873e+01 3.723937745236138158e-02 9.992954673384266684e-01 4.668803255232701309e-03 2.207650100922016190e+00 -9.822369101984936620e-04 -4.635438769729368323e-03 9.999887738960194783e-01 -2.553552922811975767e-01
9.993830636796626754e-01 -3.478785765008363118e-02 4.826695595207619940e-03 3.360167571908166906e+01 3.476321459619016729e-02 9.993825696386570145e-01 5.098863929752020518e-03 2.265770460003183828e+00 -5.001093999367538234e-03 -4.927926800634609833e-03 9.999753519943664903e-01 -2.561740457842049956e-01
9.994682380567887492e-01 -3.214544725983527196e-02 5.469125718366427136e-03 3.434476551156842561e+01 3.213909779744433814e-02 9.994826304225655766e-01 1.244940301999288143e-03 2.301311012638119546e+00 -5.506315321924141332e-03 -1.068505523796018470e-03 9.999842692700326996e-01 -2.621619105736047173e-01
9.995749460471976544e-01 -2.881635804695453773e-02 4.420943751251091812e-03 3.507813839641747933e+01 2.881587794493711829e-02 9.995847215227204874e-01 1.722689981497675356e-04 2.326785731778374000e+00 -4.424071993593007256e-03 -4.480239899367476498e-05 9.999902127419750819e-01 -2.720595255620033015e-01
9.996750531027963627e-01 -2.528183633680327821e-02 3.258366977555506548e-03 3.581185548598297430e+01 2.527915939865692588e-02 9.996800609428285744e-01 8.601473360774733760e-04 2.379097848053657760e+00 -3.279070602873037331e-03 -7.774990556645313246e-04 9.999943215794776519e-01 -2.742999622991451614e-01
9.997653437177298485e-01 -2.160167356303871120e-02 1.620246970477579908e-03 3.653899605462239464e+01 2.159781378863945625e-02 9.997639473845025826e-01 2.363038236853017265e-03 2.427811157986354829e+00 -1.670910087551924321e-03 -2.327489942725512965e-03 9.999958954165990566e-01 -2.781248001830849970e-01
9.998225891480836403e-01 -1.883011568104919070e-02 -4.658032423439364619e-04 3.723931009400435244e+01 1.883189146734049607e-02 9.998140175740560798e-01 4.158139750831762148e-03 2.448857054684419499e+00 3.874183586007817152e-04 -4.166174007821136886e-03 9.999912464122633349e-01 -2.786687291481371731e-01
9.998779582810443101e-01 -1.556536389346572027e-02 -1.337157654955235288e-03 3.797224523274154961e+01 1.557334755368780868e-02 9.998596077094461521e-01 6.183503625327211803e-03 2.474946479350977224e+00 1.240721444264441826e-03 -6.203573000810300164e-03 9.999799879459195795e-01 -2.919794179024441938e-01
9.999262086541516048e-01 -1.191255364095312845e-02 -2.380821766862719572e-03 3.870834320647255566e+01 1.192392403542920885e-02 9.999172899124187941e-01 4.820100600722925302e-03 2.494930845508902539e+00 2.323205141924965331e-03 -4.848133656902439692e-03 9.999855490545417336e-01 -2.964343054682676559e-01
9.999563365329507958e-01 -7.692817494306269759e-03 -5.305241427061822140e-03 3.940835340433738310e+01 7.713279508589286106e-03 9.999628510015250438e-01 3.847328439870856872e-03 2.516422517527788116e+00 5.275447547127557618e-03 -3.888081262159769850e-03 9.999785260080720217e-01 -2.917560177393631049e-01
9.999641623675979973e-01 -2.465949144783460226e-03 -8.098955197031009259e-03 4.012847107900943655e+01 2.511898439819735141e-03 9.999807806333508298e-01 5.668221073866149505e-03 2.539452923163863396e+00 8.084821995332060543e-03 -5.688361691166523605e-03 9.999511379035348480e-01 -2.955702329690146901e-01
9.999690983731724936e-01 2.775253148049174577e-03 -7.355288485760494953e-03 4.082972404814133682e+01 -2.712394021325697201e-03 9.999598347498518391e-01 8.542353640656847810e-03 2.556511105635263181e+00 7.378700252591535551e-03 -8.522139227518514201e-03 9.999364619442423496e-01 -2.957640341854541610e-01
9.999560177749140522e-01 7.221017084997424611e-03 -5.984933415990685047e-03 4.153826455999981704e+01 -7.163454328675445022e-03 9.999284113270706653e-01 9.584213217657984799e-03 2.556954521629954513e+00 6.053712729940830158e-03 -9.540918885449360329e-03 9.999361596767089022e-01 -2.951278956749353033e-01
9.999063208408535131e-01 1.266708005133188389e-02 -5.186002842382687363e-03 4.224372486872099586e+01 -1.261393873376494973e-02 9.998688772309418660e-01 1.015464891350329781e-02 2.581707148447980771e+00 5.313952590010166850e-03 -1.008828171240470743e-02 9.999349921269693464e-01 -2.921986063595998773e-01
9.998226814662082296e-01 1.841124467095802894e-02 -3.953693891450202162e-03 4.295142408195194861e+01 -1.836620565186366030e-02 9.997692556728463575e-01 1.114082139324643582e-02 2.595306611765065163e+00 4.157897987519951037e-03 -1.106623156403685644e-02 9.999301227602339637e-01 -2.882886713482428198e-01
9.997010814968487757e-01 2.436163715128969454e-02 -2.063562293686383494e-03 4.365243294432484333e+01 -2.433536005820370607e-02 9.996327452437245853e-01 1.192329179935219113e-02 2.587418626341555061e+00 2.353275349083922951e-03 -1.186951017539550346e-02 9.999267857314991792e-01 -3.025140244067101025e-01
9.995347939306629126e-01 3.042279960793359619e-02 2.156150737470861629e-03 4.435286135692951603e+01 -3.044528156062223725e-02 9.994725559959426464e-01 1.130020538006682070e-02 2.576201193367658515e+00 -1.811229604886272718e-03 -1.136059307222870261e-02 9.999338259966834563e-01 -3.030211167065345323e-01
9.993073004733914466e-01 3.668484434147065848e-02 6.256310112591194350e-03 4.505274568055097006e+01 -3.675001858041675867e-02 9.992678282456209926e-01 1.064159610298294478e-02 2.568238904452061266e+00 -5.861344122457388950e-03 -1.086414418728262610e-02 9.999238046052089102e-01 -3.158271598194433150e-01
9.990391212520974840e-01 4.288174479256300770e-02 9.054842427257535353e-03 4.574387023505256877e+01 -4.296084964649832943e-02 9.990386122890092535e-01 8.730209235846024193e-03 2.544565779358481716e+00 -8.671770608585788187e-03 -9.110824287416703290e-03 9.999208935087394723e-01 -3.180643727307820301e-01
9.987526269849588134e-01 4.904669615698155349e-02 9.360111469872998968e-03 4.643819587028129803e+01 -4.912436109883359936e-02 9.987585466329655937e-01 8.256068933682841199e-03 2.536784637142037724e+00 -8.943558423531471069e-03 -8.705580031856022249e-03 9.999221097860742091e-01 -3.248804399616197491e-01
9.984793635521614918e-01 5.446140700967343901e-02 8.539069445627989197e-03 4.712398611042060992e+01 -5.452986888884004540e-02 9.984800861353544388e-01 8.000686851828787971e-03 2.511057934561140570e+00 -8.090362132592017474e-03 -8.454155053096948369e-03 9.999315343076753404e-01 -3.289756805304690501e-01
9.981848433347962901e-01 5.984858266796589527e-02 6.720542338516597922e-03 4.780116907834102591e+01 -5.989680899942046582e-02 9.981784648523485126e-01 7.219735223389426443e-03 2.487742701610294649e+00 -6.276209714077862420e-03 -7.609169313700332032e-03 9.999513536837580929e-01 -3.389251788025842149e-01
9.978703618163706768e-01 6.503559438398259784e-02 5.011234537275567613e-03 4.849924460924972180e+01 -6.507518028515602015e-02 9.978467634760345151e-01 8.188866298660448309e-03 2.443693761248813434e+00 -4.467876376975403116e-03 -8.497533967274593578e-03 9.999539139366149243e-01 -3.446501815077372965e-01
9.975052431458556468e-01 7.040776959444565442e-02 5.102536355862351269e-03 4.918033602987814845e+01 -7.044834658107367031e-02 9.974811934689272741e-01 8.264329361620668252e-03 2.428165007260517427e+00 -4.507811056418569925e-03 -8.603177118941176399e-03 9.999528313790304601e-01 -3.479738035353577841e-01
9.971145691437158787e-01 7.554078731318114581e-02 7.491692295235774512e-03 4.987701763893725371e+01 -7.560574327680089080e-02 9.970989306841289146e-01 8.803068336046422290e-03 2.397127510954472296e+00 -6.804967663717437221e-03 -9.344082655421999742e-03 9.999331880352928525e-01 -3.594671212079425526e-01
9.967166798680179296e-01 8.053048368267312629e-02 8.408404766058785382e-03 5.057694446036796876e+01 -8.058520510757713473e-02 9.967272720368952621e-01 6.385130825496918364e-03 2.345534915615389959e+00 -7.866688670901388417e-03 -7.041759419612601476e-03 9.999442628635014652e-01 -3.670372780591014683e-01
9.963028298818408235e-01 8.552222550098033393e-02 8.162114603160032164e-03 5.125871826125797526e+01 -8.555058086676468887e-02 9.963287222524956910e-01 3.189879005288530096e-03 2.312562368519778033e+00 -7.859343661833743597e-03 -3.876359125351077402e-03 9.999616015413473891e-01 -3.733350364688324263e-01
9.959572631520536845e-01 8.965371270579262919e-02 5.598372329350162491e-03 5.195751497138871855e+01 -8.965607918371128193e-02 9.959727695315216955e-01 1.726763288262662629e-04 2.248227530775795291e+00 -5.560345319755835916e-03 -6.739063567290685345e-04 9.999843140820496856e-01 -3.816914916973135341e-01
