1.000000000000000000e+00 0.000000000000000000e+00 0.000000000000000000e+00 0.000000000000000000e+00 0.000000000000000000e+00 1.000000000000000000e+00 0.000000000000000000e+00 0.000000000000000000e+00 0.000000000000000000e+00 0.000000000000000000e+00 1.000000000000000000e+00 0.000000000000000000e+00
9.999999999024742348e-01 -1.082566160091140745e-05 8.823634205901201538e-06 -3.360287789428632703e-03 1.082605176476344978e-05 9.999999989637295972e-01 -4.421919647071236422e-05 -2.821175310378456428e-03 -8.823155494700276219e-06 4.421929199152051926e-05 9.999999989834030822e-01 -1.444422461334137452e-03
9.999999996070149111e-01 1.953340860875831379e-05 -2.011009798216882515e-05 1.696177460323635214e-03 -1.953391677971209664e-05 9.999999994899377853e-01 -2.526955567042183743e-05 -3.100197327604256071e-03 2.010960437135515032e-05 2.526994848947169498e-05 9.999999994785168100e-01 -1.605943072959259378e-03
9.999999998486315267e-01 -1.015344306498891901e-05 1.412955988482979409e-05 1.132380293167803073e-03 1.015366307346620277e-05 9.999999998272265378e-01 -1.557081015822948226e-05 -2.683066908330197526e-03 -1.412940178505416246e-05 1.557095362266299829e-05 9.999999997789527084e-01 -8.116337228285628192e-04
9.999999999857311916e-01 4.388028343483050254e-07 -5.324002208814082245e-06 -1.491842620458750084e-03 -4.388959824454628084e-07 9.999999998468506179e-01 -1.749589020520882793e-05 -2.830858413667608313e-03 5.323994530752502838e-06 1.749589254164236481e-05 9.999999998327744333e-01 -1.136470605900918949e-03
9.999999999971279641e-01 1.095445296763891067e-06 2.131660216416560170e-06 -1.410192681191681837e-03 -1.095404584566477034e-06 9.999999998170193694e-01 -1.909872868164279547e-05 -2.868640971960995621e-03 -2.131681137639016408e-06 1.909872634655757241e-05 9.999999998153472625e-01 -1.352747244566711131e-03
9.999999998699053982e-01 -8.300677890746481713e-06 -1.383068501515915235e-05 6.446996830312009229e-04 8.300218504396822183e-06 9.999999994139437964e-01 -3.321473696395462833e-05 -1.602730269947667645e-03 1.383096071188635614e-05 3.321462216192587800e-05 9.999999993527467490e-01 -1.003039035239059341e-03
9.999999999743826029e-01 -3.747741403133846109e-06 6.098293055249920062e-06 7.948512571724405257e-04 3.747868990512335605e-06 9.999999997741129132e-01 -2.092194125295632613e-05 -1.876819477042814596e-05 -6.098214643846927258e-06 2.092196410802379443e-05 9.999999997625416137e-01 -1.212199765044636758e-03
9.999999997788107109e-01 -1.125931404617025050e-05 1.776531696206910634e-05 -1.012660910005154210e-04 1.125952062698353782e-05 9.999999998690033420e-01 -1.162826411580246850e-05 -2.555449315605902959e-03 -1.776518603346441738e-05 1.162846414218320166e-05 9.999999997745885327e-01 -8.393931610168328065e-04
9.999999999969420017e-01 6.226250488372236643e-07 -2.393402284719630779e-06 -4.016958809570065443e-04 -6.226825657014696487e-07 9.999999997110496919e-01 -2.403149801302906054e-05 -3.250037092402177814e-03 2.393387321415432275e-06 2.403149950328544482e-05 9.999999997083793835e-01 -1.288319570230045483e-03
9.999999999349974411e-01 -1.115886974644212764e-05 -2.341967047522196005e-06 1.743633386648863826e-03 1.115882757708885903e-05 9.999999997756467973e-01 -1.800519573434801872e-05 -3.633964322850521435e-04 2.342167964630726608e-06 1.800516959957116061e-05 9.999999998351640773e-01 -7.284110994339584519e-04
9.999999998951066837e-01 -1.354353732213232145e-05 5.134129383829675622e-06 1.730218292094468351e-03 1.354358212332761696e-05 9.999999998702122639e-01 -8.726218040161105448e-06 3.885009202023127425e-05 -5.134011199303619768e-06 8.726287573748723253e-06 9.999999999487468871e-01 -8.389045509429240034e-04
9.999999996331456753e-01 -7.762948642677605060e-06 2.595082396717016300e-05 -1.464477485390519281e-03 7.763067430160517043e-06 9.999999999593914835e-01 -4.577309390552122083e-06 -2.999552645393499875e-03 -2.595078843269861855e-05 4.577510846869241692e-06 9.999999996528015078e-01 -1.109624201106800727e-03
9.999999954457143847e-01 -4.308801151054219875e-05 8.515864347100201388e-05 -6.149454432914081697e-03 4.308830748548370788e-05 9.999999990656653903e-01 -3.473739735715272440e-06 -6.358718554069299304e-03 -8.515849371489763245e-05 3.477409061709794224e-06 9.999999963679693238e-01 -7.927758584647605529e-04
9.999999856259087494e-01 6.785170538055257719e-05 1.553844536171827178e-04 -2.367962490249649748e-02 -6.778966940166964502e-05 9.999999180170325852e-01 -3.992123354019992774e-04 8.227724734312432536e-04 -1.554115281160701285e-04 3.992017962029438148e-04 9.999999082425872210e-01 -9.387067382057944984e-03
9.999979656178410448e-01 -1.792065164813928371e-06 -2.017116002522893574e-03 1.246018453647744495e-02 1.005836992155578465e-06 9.999999240355361696e-01 -3.897793095679874379e-04 -4.960149601713127743e-03 2.017116547803680243e-03 3.897764877180212866e-04 9.999978896553343155e-01 -2.643383091488009026e-03
9.999960699625835003e-01 -3.087622980929087378e-05 -2.803409717868722562e-03 -5.579342655900008940e-03 3.039333220427600522e-05 9.999999846951483917e-01 -1.722961065279960107e-04 -3.842206692926966594e-03 2.803414994817132917e-03 1.722102244349907807e-04 9.999960555962235098e-01 -7.878655212789327858e-04
9.999949067919871037e-01 8.692441670727266124e-05 -3.190428534044926264e-03 -3.729327789166285434e-03 -8.725669994944027907e-05 9.999999907839912661e-01 -1.040109888685446953e-04 -5.342309247616684048e-05 3.190419463547370087e-03 1.042888453842480531e-04 9.999949051607629480e-01 -6.629885376494390643e-04
9.999950017540428782e-01 -3.822373655578492700e-05 -3.161487921500398274e-03 1.314488338198706481e-02 3.831425689140743776e-05 9.999999988578397447e-01 2.857163381401538573e-05 7.891299211053470763e-03 3.161486825774868867e-03 -2.869262106634563213e-05 9.999950020764023506e-01 3.640898210691506610e-04
9.999956835064672811e-01 8.850397736364646248e-06 -2.938178024518236023e-03 1.575296447192240865e-02 -8.669485125169537775e-06 9.999999980660152499e-01 6.158579035888039411e-05 7.492098781914693570e-03 2.938178563894584296e-03 -6.156005203353594093e-05 9.999956816492192591e-01 -1.097672880704921809e-03
9.999961400987775750e-01 1.120963240841664199e-05 -2.778427953016207163e-03 1.734845659968401246e-02 -1.097300284943038790e-05 9.999999963118154644e-01 8.518193609924199546e-05 4.000781358988876948e-03 2.778428897627043762e-03 -8.515111960753733310e-05 9.999961365336106356e-01 -1.411602274552064109e-03
9.999957590546664221e-01 6.100666222894365533e-06 -2.912359089024328922e-03 1.739598533503978681e-02 -6.044453662155426463e-06 9.999999997952906394e-01 1.931018530632822448e-05 9.438031355648831069e-07 2.912359206233136686e-03 -1.929249979332679541e-05 9.999957588868331193e-01 -1.579609673167324015e-03
9.999954821729771792e-01 6.939009298323319875e-05 -3.005132051978582231e-03 1.698309371762307327e-02 -6.952616512419372184e-05 9.999999965626443776e-01 -4.517547646599765171e-05 -3.885003506060818838e-04 3.005128906918362163e-03 4.538420767827518242e-05 9.999954835600641800e-01 -2.955686964969580707e-03
9.999953799444764035e-01 1.501279687180240516e-05 -3.039714512620163549e-03 2.591020273842543908e-02 -1.544195289885724620e-05 9.999999899177589580e-01 -1.411595838873146863e-04 6.245724659791736461e-04 3.039712362772869440e-03 1.412058708505292898e-04 9.999953700941087709e-01 -5.378655620001154131e-03
9.999946816850319165e-01 1.293315196546090857e-06 -3.261380072774720633e-03 4.079591670416428395e-02 -1.609923721229758750e-06 9.999999952868816600e-01 -9.707545935559541933e-05 -3.588245459360561631e-03 3.261379931854283855e-03 9.708019365086999663e-05 9.999946769740207797e-01 -6.996323697997679225e-03
9.999871317451574093e-01 -2.745613375078771718e-05 -5.073025749374889502e-03 7.690409596711768325e-02 2.484037805618250958e-05 9.999998667271380315e-01 -5.156827142234112621e-04 -6.081612778474363226e-03 5.073039231931804165e-03 5.155500624093236218e-04 9.999869991560312865e-01 -6.382998778105797646e-03
9.999831494023438960e-01 -1.422332016301451347e-04 -5.803505930548767851e-03 1.070388993792238952e-01 1.385875631005918098e-04 9.999997928428495664e-01 -6.285759662951798631e-04 -1.205248713335146590e-02 5.803594132683169600e-03 6.277610806701208745e-04 9.999829619604369002e-01 -1.184192839563785737e-02
9.999796649984027397e-01 -2.295707137876460812e-04 -6.373137921739154693e-03 1.616582938769282884e-01 2.260086587005022190e-04 9.999998178662812265e-01 -5.596315668684593951e-04 -1.405182235017990618e-02 6.373265235994109157e-03 5.581798024062477933e-04 9.999795347533567691e-01 -1.292577131777151306e-02
9.999767518499043106e-01 -1.461089054340931111e-03 -6.660403778318389409e-03 2.887455900969072009e-01 1.458593876104009000e-03 9.999988642522822380e-01 -3.794707500994219445e-04 -6.600372021220379803e-03 6.660950654339411331e-03 3.697471039430315050e-04 9.999777472641376841e-01 -1.316555011610889489e-02
9.999765750031179845e-01 -1.616460901351512861e-03 -6.651052487238279416e-03 3.437185811729709939e-01 1.614187937165374601e-03 9.999986369588876878e-01 -3.470989343863830484e-04 -8.426066075074305564e-03 6.651604493436636366e-03 3.363547549005734471e-04 9.999778212656227350e-01 -1.408198970573596061e-02
9.999760327765396806e-01 -1.757116856246895191e-03 -6.696746437370266689e-03 4.263126114036304704e-01 1.755265978933065246e-03 9.999984196863568320e-01 -2.822518946650293082e-04 -1.245493086610158749e-02 6.697231803972331088e-03 2.704905586797405658e-04 9.999775367082109900e-01 -1.592580704982526560e-02
9.999753982624073334e-01 -1.320056952963614061e-03 -6.889145054420351202e-03 5.484339248562248859e-01 1.317816938669835085e-03 9.999990773342104511e-01 -3.296805178243660157e-04 -1.030158445650050311e-02 6.889573895101700624e-03 3.205937750651084326e-04 9.999762152127296133e-01 -1.746300628695274942e-02
9.999722270227159315e-01 -2.367014113526617544e-03 -7.066995642863522359e-03 7.060552287044806752e-01 2.363071092110548797e-03 9.999970476255130025e-01 -5.662466521813718000e-04 -3.775156464198633089e-03 7.068315092263337956e-03 5.495311127142414988e-04 9.999748681528514149e-01 -2.078452039202292878e-02
9.999713602778638188e-01 -2.591833400272955390e-03 -7.110627515481450500e-03 8.148520014044965398e-01 2.588743133616608350e-03 9.999965507336097126e-01 -4.437678122878407991e-04 -3.497696394778016492e-04 7.111753161270800705e-03 4.253475147445959790e-04 9.999746207011780408e-01 -2.125924412333008925e-02
9.999726603017535798e-01 -2.906213299039020481e-03 -6.799453896756780386e-03 9.333633510343382067e-01 2.905565649953148304e-03 9.999957733094051449e-01 -1.051264881581816658e-04 1.023456867829581132e-02 6.799730677566910922e-03 8.536735435086113778e-05 9.999768779202483637e-01 -2.356034844773708184e-02
9.999702861796816444e-01 -3.843245446347931180e-03 -6.682531119621186455e-03 1.091120304221439463e+00 3.842939236963310162e-03 9.999926141611064079e-01 -5.866223320029874752e-05 8.626083471982242887e-03 6.682707216883555790e-03 3.297992907942135155e-05 9.999776699189726337e-01 -2.742923710231887080e-02
9.999696798814784460e-01 -3.751469082158378956e-03 -6.823913646815333960e-03 1.240863379235482844e+00 3.750991571974542343e-03 9.999929615806533167e-01 -8.277306975737473737e-05 4.512784241457895931e-03 6.824176137861531592e-03 5.717411749100292093e-05 9.999767134044470485e-01 -2.626171845958823539e-02
9.999695266134956961e-01 -3.839396114075799282e-03 -6.797417293402821178e-03 1.410792294869046559e+00 3.837848397457607232e-03 9.999926064591702080e-01 -2.407211523426766424e-04 1.559854623228082091e-02 6.798291260277405240e-03 2.146263596876249143e-04 9.999768683181957662e-01 -2.890394024551922597e-02
9.999688988475774476e-01 -4.741150971358887821e-03 -6.302604622717018421e-03 1.597780780918821586e+00 4.741294584309252956e-03 9.999887599688912498e-01 7.844996185930160220e-06 2.827196560865248218e-02 6.302496586933705944e-03 -3.772725736223869107e-05 9.999801383594705273e-01 -3.341888129658133338e-02
9.999693071658628529e-01 -5.031541881304361571e-03 -6.005690012056523475e-03 1.788401003107344067e+00 5.038711901477279514e-03 9.999866101823261522e-01 1.179338134078047537e-03 3.019445029614703513e-02 5.999675707748423556e-03 -1.209562878588639305e-03 9.999812702491205352e-01 -3.807309301594619805e-02
9.999640388071150410e-01 -5.982136927699365121e-03 -6.011250314264870304e-03 1.991135033846251456e+00 5.997971594799534657e-03 9.999785807719469011e-01 2.619605709058762336e-03 3.103789280948457754e-02 5.995450717875331487e-03 -2.655566813546766675e-03 9.999785010366913918e-01 -3.765953563835818668e-02
9.999641605900402297e-01 -6.470694956103077711e-03 -5.459637555844840465e-03 2.200522399129215323e+00 6.494881987190514322e-03 9.999691213804168255e-01 4.424115013163849516e-03 4.059164562308023583e-02 5.430841871072792509e-03 -4.459416157110230108e-03 9.999753094772435569e-01 -4.395461094337475144e-02
9.999608551057102002e-01 -6.959691140909185850e-03 -5.463602793032979257e-03 2.411306116303211677e+00 6.987590007408473261e-03 9.999625609892787148e-01 5.103940208447603315e-03 4.790819907885652401e-02 5.427876393696970739e-03 -5.141917831528728007e-03 9.999720490288058761e-01 -4.721071623231411912e-02
9.999585222515912086e-01 -7.512517323642334960e-03 -5.149355287402978577e-03 2.647621835414105451e+00 7.541960511199017475e-03 9.999551850737675718e-01 5.722471121356784672e-03 6.036849406117839739e-02 5.106134355992392702e-03 -5.761070000375063775e-03 9.999703682931756488e-01 -4.987836300575096415e-02
9.999547424695155451e-01 -8.194572565710741066e-03 -4.833424582034943906e-03 2.893916116988335396e+00 8.224329060664796812e-03 9.999471505742351107e-01 6.168992621958083004e-03 6.555381954287420321e-02 4.782616880623336356e-03 -6.208465102838998419e-03 9.999692902968770891e-01 -5.067503115576717926e-02
9.999545047501575690e-01 -8.571969138596592999e-03 -4.184468300036496731e-03 3.147343705210552400e+00 8.599365077799599535e-03 9.999414178676609977e-01 6.573564715629735648e-03 7.200164383932040890e-02 4.127874771087829998e-03 -6.609249420229136411e-03 9.999696387750857118e-01 -5.416749877231644139e-02
9.999495252870496120e-01 -9.249926408006974021e-03 -3.922466016497070523e-03 3.404483961071865128e+00 9.271326184092636841e-03 9.999420423541399705e-01 5.473065267244568537e-03 7.537843719785558561e-02 3.871613228652556835e-03 -5.509155477731207846e-03 9.999773296514925525e-01 -7.342613666398470351e-02
9.999288987055208189e-01 -9.943525245579062227e-03 -6.582084719504012991e-03 3.673069065578864034e+00 9.978914301697641015e-03 9.999358129652984317e-01 5.365744942415093428e-03 7.749190260518581952e-02 6.528307814707471311e-03 -5.431045490346287676e-03 9.999639418208829955e-01 -8.000977407588977242e-02
9.998924634623451713e-01 -1.060042164913491819e-02 -1.013373435922171328e-02 3.950061566378891165e+00 1.064106680503539015e-02 9.999355195468484503e-01 3.965406136215920800e-03 8.415448894108991384e-02 1.009104595438415838e-02 -4.072813454470597221e-03 9.999407897381282773e-01 -8.626042039164909248e-02
9.998361562730144758e-01 -1.147909409519215149e-02 -1.399610688576664007e-02 4.236498708388046097e+00 1.149036854021196277e-02 9.999337204228756493e-01 7.253909818645661251e-04 9.197699281861015930e-02 1.398685239838423459e-02 -8.860925573482327780e-04 9.999017865770445379e-01 -8.931692480292374725e-02
9.997846584287499727e-01 -1.166242124499925793e-02 -1.716463519017716668e-02 4.531857338467046858e+00 1.161610951673643956e-02 9.999286235310940185e-01 -2.795325188038902137e-03 9.045991323507646120e-02 1.719601029898689890e-02 2.595336956136829170e-03 9.998487692925771553e-01 -8.498901097824373974e-02
9.997534120029387683e-01 -1.208991110460913739e-02 -1.862657343594673748e-02 4.844387512970913079e+00 1.199398004059548141e-02 9.999142696319545109e-01 -5.253363606382873210e-03 9.364940713731716160e-02 1.868848927195200516e-02 5.028661439957910623e-03 9.998127089274543300e-01 -8.531200851209039260e-02
9.997299695476107306e-01 -1.257662823086607047e-02 -1.954012309776500048e-02 5.148224111360428346e+00 1.241979441972244393e-02 9.998898444015715814e-01 -8.126977862209460585e-03 9.648321363483623736e-02 1.964018062302528775e-02 7.882099018890458691e-03 9.997760428316690984e-01 -8.191602026772275280e-02
9.997201185657998979e-01 -1.262145291679631250e-02 -2.000958422986384364e-02 5.479798771538559876e+00 1.240302031255472760e-02 9.998625381359729225e-01 -1.100317769630647195e-02 1.085112405591493606e-01 2.014570976434627500e-02 1.075191883150329424e-02 9.997392393116975029e-01 -8.641720379707024113e-02
9.997002979102581621e-01 -1.335548520475718891e-02 -2.051695330907348999e-02 5.813236569973985191e+00 1.311482198921551205e-02 9.998441314145573022e-01 -1.182008122055934300e-02 1.189614221221265422e-01 2.067161828044382019e-02 1.154746252710707639e-02 9.997196308499961548e-01 -8.904601334969557136e-02
9.997025375551321646e-01 -1.367321508892822488e-02 -2.019602918797284985e-02 6.153113854679980399e+00 1.348213218831730009e-02 9.998633385599419166e-01 -9.567461284146133033e-03 1.275911578157356008e-01 2.032408712553369218e-02 9.292329788530007129e-03 9.997502608599884155e-01 -7.548840627896130639e-02
9.997943674216236420e-01 -1.425547297786918660e-02 -1.442235633218870092e-02 6.502236323679503549e+00 1.418005468801256108e-02 9.998853154446839531e-01 -5.318083031492513817e-03 1.508580472342564982e-01 1.449651409961564066e-02 5.112479658846288792e-03 9.998818498356181195e-01 -6.235087118176844273e-02
9.998694364596795170e-01 -1.569601668066172850e-02 -3.839934135269477185e-03 6.860564193001057021e+00 1.568768307121651273e-02 9.998745405660616203e-01 -2.190828077311552692e-03 1.619509972406815990e-01 3.873839653352449414e-03 2.130302365313091993e-03 9.999902275413357078e-01 -6.267238768091552836e-02
9.998079127688355161e-01 -1.747277876601459681e-02 8.879164770320564434e-03 7.228692979008105368e+00 1.747623730164006919e-02 9.998472302029527414e-01 -3.120661152978302603e-04 1.691563096851783632e-01 -8.872355639927683932e-03 4.671805619482870394e-04 9.999605307449495051e-01 -7.094053017822811447e-02
9.996300571592550144e-01 -1.888540000344527195e-02 1.957269757837415761e-02 7.607099541269493059e+00 1.894789917137884930e-02 9.998159335869127862e-01 -3.012650447911187270e-03 1.818080354055208459e-01 -1.951219979335710661e-02 3.382397439673239751e-03 9.998038974952959679e-01 -1.122211573534565021e-01
9.995420861627756226e-01 -2.041601034072652171e-02 2.233393183328460582e-02 7.980481851411750149e+00 2.058009075034979152e-02 9.997627001646762768e-01 -7.141654160126977534e-03 1.896822118328972129e-01 -2.218282790975539473e-02 7.598018241807506963e-03 9.997250583359023057e-01 -1.371053440847227189e-01
9.995791202311514745e-01 -2.154438788698383178e-02 1.942734537944915130e-02 8.357766009353159831e+00 2.173974734156684102e-02 9.997146322207471902e-01 -9.901389259142861707e-03 1.957267472654241891e-01 -1.920848207022245180e-02 1.031956754478677470e-02 9.997622421067153820e-01 -1.326429267913662724e-01
9.995773266122159884e-01 -2.271863398576235565e-02 1.813923351733280620e-02 8.733773795082848679e+00 2.287867685750528263e-02 9.997006991221387695e-01 -8.664774662783333511e-03 2.104893129639481553e-01 -1.793695258468445963e-02 9.076113955208115966e-03 9.997979245264749792e-01 -1.319026141737032198e-01
9.995489624264722872e-01 -2.425963675013272439e-02 1.770146143442025491e-02 9.134675272691563208e+00 2.436485531060203838e-02 9.996865805830942309e-01 -5.752775658241915738e-03 2.307204933536256553e-01 -1.755635320492514653e-02 6.181474486903823853e-03 9.998267669128045876e-01 -1.503854302809492227e-01
9.995621541692680800e-01 -2.565151512488158397e-02 1.474787185631951450e-02 9.542245316007354816e+00 2.568786506061243591e-02 9.996674109139721542e-01 -2.280601934431758689e-03 2.573519030688780629e-01 -1.468446598008305362e-02 2.658444724559548035e-03 9.998886433651130723e-01 -1.863244411371817733e-01
9.996115860244038087e-01 -2.688239206775470264e-02 7.349427358058493835e-03 9.946241492725997446e+00 2.687821556440227189e-02 9.996384933256585725e-01 6.664755665081099857e-04 2.888268647359888974e-01 -7.364686948498418324e-03 -4.686772052788732443e-04 9.999727704931908878e-01 -2.101360534502233757e-01
9.996089014808998696e-01 -2.794228868438465921e-02 1.128088306398796706e-03 1.036559016429794688e+01 2.793940570263760484e-02 9.996065042326732764e-01 2.495256443309748669e-03 3.035235334077816538e-01 -1.197367584305589986e-03 -2.462762435349118151e-03 9.999962505489983222e-01 -2.236334907925725257e-01
9.995728794851893584e-01 -2.920938955280354826e-02 -9.328234772290293483e-04 1.079472265273728482e+01 2.921145152788015564e-02 9.995706561380744981e-01 2.279141797607590371e-03 3.183648704401695340e-01 8.658506345824238662e-04 -2.305417457178814480e-03 9.999969676719158151e-01 -2.281064075013307102e-01
9.995534134428419870e-01 -2.987079795899824988e-02 -8.420831644022438610e-04 1.125199286001927845e+01 2.987250284267970943e-02 9.995515312003703245e-01 2.090466194220447476e-03 3.493195776025380672e-01 7.792616230486410596e-04 -2.114687751842294228e-03 9.999974604202928052e-01 -2.314117934964203260e-01
9.995223380061623031e-01 -3.090451009440248545e-02 -8.415770923616563374e-05 1.170850836152798635e+01 3.090458956041198038e-02 9.995133907231762427e-01 4.229433669147528510e-03 3.635007351696703526e-01 -4.659181820764040234e-05 -4.230014288890606572e-03 9.999910523641289961e-01 -2.400893273077888135e-01
9.994798917921773329e-01 -3.224619839786127540e-02 3.585972439101221300e-04 1.219291421007430998e+01 3.224357117523023175e-02 9.994631254425513367e-01 5.814894536864767191e-03 3.926697770098305784e-01 -5.459129650718765395e-04 -5.800307706731263127e-03 9.999830290607645278e-01 -2.599218613173843173e-01
9.994493466442482266e-01 -3.316944411097638712e-02 -8.896458587900685699e-04 1.267622117535411874e+01 3.317384856114936886e-02 9.994344422917607051e-01 5.503756226351951344e-03 4.187027350715611940e-01 7.065861781666073769e-04 -5.530238541509226169e-03 9.999844584780539503e-01 -2.746503567289610981e-01
9.994189213164824670e-01 -3.394121518529005094e-02 -3.132670800530464560e-03 1.317275603702825215e+01 3.395255927588467643e-02 9.994168097438791420e-01 3.641993957222452831e-03 4.428585139369963786e-01 3.007230156838347490e-03 -3.746239863215254651e-03 9.999884610602619572e-01 -2.835181790816243552e-01
9.993825517439148820e-01 -3.487523998614911608e-02 -4.270000670935657217e-03 1.369235323797351356e+01 3.488950293533828878e-02 9.993856859163381401e-01 3.312607802833916065e-03 4.611824177327424334e-01 4.151849557282432865e-03 -3.459540639865468434e-03 9.999853967552799761e-01 -2.928576342171644864e-01
9.993394985359962401e-01 -3.602037180593228860e-02 -4.806191921460313890e-03 1.421216324834792388e+01 3.603754505336660696e-02 9.993441820750461613e-01 3.535689364676879685e-03 4.964680485021146783e-01 4.675683089141510068e-03 -3.706557394580000699e-03 9.999821995515373318e-01 -3.021824450585792188e-01
9.992979532907549922e-01 -3.704998231169418649e-02 -5.558719241986604526e-03 1.473768527068912526e+01 3.707896458527896316e-02 9.992987852301210561e-01 5.204634750691515543e-03 5.235515395828934659e-01 5.361989760500562863e-03 -5.407092407905100817e-03 9.999710057884181325e-01 -3.091373228030397380e-01
9.992520240526335806e-01 -3.844469207348649026e-02 -4.171100345222507333e-03 1.529537396837628904e+01 3.847135492496007309e-02 9.992384823544493422e-01 6.512313890972541881e-03 5.576575909834273759e-01 3.917560076483930787e-03 -6.667910718629072898e-03 9.999700953977050943e-01 -3.100345151580532477e-01
9.992110259150528417e-01 -3.969134327099637510e-02 -1.386708019605231452e-03 1.586680642769124638e+01 3.969744054971444808e-02 9.992007504717869137e-01 4.687586843953272381e-03 5.784262003468346736e-01 1.199543075338837129e-03 -4.738937218580544647e-03 9.999880517138436398e-01 -3.239045102710342849e-01
9.991675425869988025e-01 -4.078565518670437123e-02 8.672782997544386911e-04 1.643329253610816565e+01 4.078344566693069967e-02 9.991650575174131355e-01 2.428661309661669931e-03 6.199096966274383336e-01 -9.656087149988988073e-04 -2.391268955134629587e-03 9.999966747107681408e-01 -3.434489436365479875e-01
9.991256162610782088e-01 -4.176914245353387928e-02 1.828023418093558056e-03 1.700555288241870855e+01 4.176692646032444806e-02 9.991266190438308215e-01 1.234087558350553974e-03 6.458773464069519354e-01 -1.877973636277641698e-03 -1.156657572585861925e-03 9.999975676761825305e-01 -3.546345176138817057e-01
9.990976783642135928e-01 -4.244340430362136818e-02 1.544836029428782931e-03 1.758773972317923651e+01 4.244105078250516583e-02 9.990978078124437278e-01 1.525658168150181978e-03 6.815787051772591587e-01 -1.608196416891897193e-03 -1.458717069400615246e-03 9.999976429216201890e-01 -3.637364062747182047e-01
9.990275605321407015e-01 -4.406972105499595838e-02 1.339023276456677595e-03 1.817612397443031824e+01 4.406437126468684684e-02 9.990214977217928283e-01 3.791869559176640116e-03 7.150431145716975578e-01 -1.504819672879937438e-03 -3.729178976774478235e-03 9.999919143382667297e-01 -3.769353213533193081e-01
9.989574106013249244e-01 -4.561773683973988774e-02 1.764621862102886112e-03 1.875455355940669477e+01 4.560781563565022984e-02 9.989453392898778317e-01 5.304362730379274388e-03 7.549177685286552197e-01 -2.004733807893669360e-03 -5.218351909476427741e-03 9.999843748007807287e-01 -3.858571645323415900e-01
9.988806238805008064e-01 -4.723201817527744595e-02 2.575984315103708663e-03 1.934335160124867414e+01 4.722274715305012360e-02 9.988780812523567754e-01 3.548372152010140310e-03 7.902944827885662882e-01 -2.740691047983349893e-03 -3.422755132977719095e-03 9.999903866337311875e-01 -4.156138134062826173e-01
9.988133948995541189e-01 -4.866322084339484710e-02 1.921745658053343681e-03 1.994555373867770953e+01 4.866178189265049636e-02 9.988150024439330643e-01 7.885911222633018580e-04 8.249914448026005598e-01 -1.957843778083007656e-03 -6.941398079501181345e-04 9.999978425065064735e-01 -4.237649594320971325e-01
9.987749449821644587e-01 -4.946369823986499631e-02 1.397079922563204506e-03 2.054841286335275186e+01 4.946521943824454953e-02 9.987752670468619254e-01 -1.076104732845384673e-03 8.652453568960561947e-01 -1.342140752963918993e-03 1.143893310285050251e-03 9.999984450819380255e-01 -4.411673256255274622e-01
9.987452333958152240e-01 -5.007947512771433046e-02 7.028564024355195001e-05 2.114014274470363475e+01 5.007952012007398784e-02 9.987435797775949808e-01 -1.817558136023028278e-03 9.026487959100100156e-01 2.082502552233479287e-05 1.818797395907511671e-03 9.999983457698072842e-01 -4.487365733869526085e-01
9.987153079738192440e-01 -5.065092177708824250e-02 -1.489208477872036975e-03 2.175601018560746525e+01 5.064826139222129708e-02 9.987149794525311819e-01 -1.772973512365199917e-03 9.391643622552168225e-01 1.577097557066165509e-03 1.695269967176459697e-03 9.999973194079241345e-01 -4.572858295135740492e-01
9.986636376958026862e-01 -5.162415307989628305e-02 -2.426017924506380236e-03 2.237385717223901338e+01 5.162187454029770056e-02 9.986662088411946137e-01 -9.926669638898981407e-04 9.854401223323349113e-01 2.474027714548777956e-03 8.661048082473519951e-04 9.999965645187631758e-01 -4.714889313012046168e-01
9.986373591055242027e-01 -5.205831165787831033e-02 -3.654748428488640167e-03 2.298715155835748902e+01 5.205609178325140002e-02 9.986439171875217680e-01 -6.999804395644732566e-04 1.034260710242493664e+00 3.686232086838100736e-03 5.087746979540911469e-04 9.999930763966862202e-01 -4.861808754468139315e-01
9.986003715101888778e-01 -5.270965601902169451e-02 -4.357772604118678901e-03 2.361230018603482605e+01 5.271159614873950627e-02 9.986097224392005423e-01 3.314835666172010593e-04 1.062788470737540125e+00 4.334241705879755650e-03 -5.607247623898040318e-04 9.999904499226859311e-01 -4.990484316199066406e-01
9.985957166189857181e-01 -5.277043161539966831e-02 -4.677210422751364519e-03 2.425300504409199931e+01 5.277244429391460268e-02 9.986065162727203459e-01 3.078650787388261629e-04 1.108652592259354197e+00 4.654446633053841570e-03 -5.542605754107217788e-04 9.999890144005355586e-01 -5.047686456472104677e-01
9.986152172314646247e-01 -5.246980650167867855e-02 -3.816715791244359567e-03 2.488566084708332582e+01 5.246859081687435533e-02 9.986224873479960795e-01 -4.180198473951135486e-04 1.149007916185365907e+00 3.833391637459499911e-03 2.171832815984318802e-04 9.999926289428218151e-01 -5.106258747910377149e-01
9.986368660068241088e-01 -5.217043085056671109e-02 -1.629722962555125998e-03 2.554512185364274401e+01 5.217111176267661549e-02 9.986380886679289137e-01 3.780993414214913525e-04 1.188606228961016642e+00 1.607777818838011189e-03 -4.626084001780662348e-04 9.999986005209974271e-01 -5.183150205930215915e-01
9.986668730101397884e-01 -5.160537621020915705e-02 1.167004006930576036e-03 2.620443419591896372e+01 5.160403720075604911e-02 9.986669621538996067e-01 1.149802976476307264e-03 1.239718882079763773e+00 -1.224784361591464699e-03 -1.088048024908268253e-03 9.999986580264811353e-01 -5.365924188611503887e-01
9.986777922321637968e-01 -5.130563694518718021e-02 3.224735638722167445e-03 2.687963012278896713e+01 5.130152017908322370e-02 9.986823020695575481e-01 1.346684953547661739e-03 1.278507826556947613e+00 -3.289578940551061981e-03 -1.179470515799138815e-03 9.999938937412049533e-01 -5.585250917359324552e-01
9.986943476330406577e-01 -5.098484510430578709e-02 3.185212003199656885e-03 2.755902103295985839e+01 5.098239333613693858e-02 9.986991936259204117e-01 8.462982073355116005e-04 1.324264977911327135e+00 -3.224217042136152348e-03 -6.828035048718408958e-04 9.999945690871721027e-01 -5.791457317531526483e-01
9.987477745017081521e-01 -4.999578066525910136e-02 1.817922868692729756e-03 2.824679008470648967e+01 4.999594922693970100e-02 9.987494194327171115e-01 -4.736779261240859745e-05 1.360988881331403055e+00 -1.813281219910276108e-03 1.381972568963558100e-04 9.999983464550007417e-01 -5.981551780654555950e-01
9.987871889192004859e-01 -4.923097967653989465e-02 -6.796256097965871395e-04 2.894429768517128565e+01 4.923164926545398751e-02 9.987868800971295702e-01 1.006407693404186244e-03 1.416266773224301945e+00 6.292547057425475080e-04 -1.038646200655149671e-03 9.999992626260206796e-01 -6.186729212965139668e-01
9.988231310125484930e-01 -4.837897178640330337e-02 -3.439192227803437342e-03 2.965247878160576889e+01 4.838428003798932869e-02 9.988277023178699920e-01 1.477338014754794957e-03 1.455702014788931020e+00 3.363688376591580931e-03 -1.642002221315764805e-03 9.999929946900679711e-01 -6.329477156266370974e-01
9.988764654298996071e-01 -4.705852718573286242e-02 -5.594803783896005155e-03 3.036432185930808103e+01 4.707237822723593645e-02 9.988886689847082945e-01 2.370270446579434299e-03 1.493056038561509702e+00 5.477044668678592888e-03 -2.630968085614938338e-03 9.999815398239257913e-01 -6.486368813815497347e-01
9.989628040319518121e-01 -4.494767614398070127e-02 -7.281659829743313342e-03 3.109176970705278720e+01 4.495916716175226563e-02 9.989878132487022278e-01 1.422064941409490087e-03 1.531268742719985809e+00 7.210370915694007399e-03 -1.747967342886403742e-03 9.999724772019609187e-01 -6.530872748949002604e-01
9.990800468186586958e-01 -4.236180101281801502e-02 -6.673669438715773908e-03 3.181859161084809884e+01 4.237827594003507059e-02 9.990988810683334442e-01 2.346822608194395598e-03 1.572756646459752883e+00 6.568240036500149620e-03 -2.627482246276419391e-03 9.999749769668581090e-01 -6.500097320294919712e-01
9.992199764814901908e-01 -3.941565615635170966e-02 -2.417571114673195288e-03 3.255896818938921911e+01 3.942652559694399123e-02 9.992117619120276517e-01 4.626438804842160010e-03 1.618554559986314478e+00 2.233311371880166828e-03 -4.718146503202531178e-03 9.999863756141332827e-01 -6.632891224182977385e-01
9.993187350174806971e-01 -3.687045822696261022e-02 1.623315494913090068e-03 3.331166319096100636e+01 3.686012623737552896e-02 9.993024755900258294e-01 5.991107861709191705e-03 1.656714166454926529e+00 -1.843078084878674782e-03 -5.927190715650928858e-03 9.999807355511372009e-01 -6.806145510495898998e-01
9.994076862887896207e-01 -3.426710422228156083e-02 3.168935958269281095e-03 3.405092813968229137e+01 3.425864894088097301e-02 9.994093933173840982e-01 2.685055255229628658e-03 1.688719131187849332e+00 -3.259073431789084006e-03 -2.574901395676116971e-03 9.999913741243815490e-01 -7.005790967716730711e-01
9.995105474638557030e-01 -3.118225187026957279e-02 2.516481035609157649e-03 3.477218285295919031e+01 3.118236977638345203e-02 9.995137116403276512e-01 -7.622651015886994013e-06 1.718425316757695498e+00 -2.515019608750307823e-03 8.608876227763625566e-05 9.999968336275333325e-01 -7.124057404982498953e-01
9.996197397828967546e-01 -2.753351304846370778e-02 1.510462043138674016e-03 3.551035176500977997e+01 2.753314611773912540e-02 9.996208564234119187e-01 2.631884948198510835e-04 1.746997556781352490e+00 -1.517135865013665699e-03 -2.215006425666359577e-04 9.999988246174255080e-01 -7.308240574719678806e-01
9.997045304519577291e-01 -2.430607732014456249e-02 -2.576803018384696232e-04 3.623889511988719647e+01 2.430656452174272467e-02 9.997023561053431928e-01 2.095260980394625990e-03 1.772645222066832060e+00 2.066760294745004071e-04 -2.100905217462336900e-03 9.999977717386604459e-01 -7.505514289932443406e-01
9.997763136582021870e-01 -2.100298208556754601e-02 -2.489456070999672855e-03 3.696772913616575096e+01 2.101057910135139054e-02 9.997745526465772192e-01 3.065851621040525943e-03 1.793715266736956249e+00 2.424502803043280998e-03 -3.117470745605998607e-03 9.999922015507463069e-01 -7.556275988741151250e-01
9.998320178667751135e-01 -1.794411333773110115e-02 -3.734279713049828454e-03 3.769363461678865690e+01 1.796660737991466819e-02 9.998201016675553054e-01 6.079911244032541913e-03 1.820770358838366798e+00 3.624509305910302882e-03 -6.145982265023097572e-03 9.999745445931558230e-01 -7.690681183648389041e-01
9.998839071876065576e-01 -1.463870995458290726e-02 -4.228512517591945241e-03 3.841227378286737348e+01 1.466464905551605365e-02 9.998734322947557818e-01 6.169883239005328687e-03 1.834941456571150820e+00 4.137658193276555138e-03 -6.231176612005315946e-03 9.999720257200725992e-01 -7.898898936184357567e-01
9.999219155275617110e-01 -1.055499861531176628e-02 -6.689906720011883252e-03 3.912163616122717968e+01 1.058492274543591793e-02 9.999340606319587765e-01 4.453515303138639095e-03 1.858566357079678433e+00 6.642458743932612951e-03 -4.523979698551196943e-03 9.999677051532825933e-01 -8.019059265047422391e-01
9.999309288783122529e-01 -5.971267418093100660e-03 -1.012331161118903977e-02 3.983746810762321644e+01 6.015776015340638938e-03 9.999723480425931621e-01 4.371909092843480511e-03 1.865882768309845563e+00 1.009692584348658925e-02 -4.432506695364930686e-03 9.999392006381720988e-01 -7.951974209475305422e-01
9.999435610318132550e-01 -7.066090824639759387e-04 -1.060072896648447775e-02 4.054760745158139201e+01 7.871710585950070227e-04 9.999708293808780013e-01 7.597417261373402494e-03 1.882932324528076684e+00 1.059505133261722486e-02 -7.605333058024712350e-03 9.999149482812704770e-01 -7.991410667227207831e-01
9.999453639907113223e-01 4.366277168036216023e-03 -9.497613235738949430e-03 4.127274768518873316e+01 -4.272728105243649675e-03 9.999423803142599709e-01 9.847834583828329186e-03 1.893153285864698443e+00 9.540064361546992874e-03 -9.806715818441457538e-03 9.999064033682522057e-01 -8.086534608264863699e-01
9.999201536025239534e-01 9.228289459104368000e-03 -8.632791736383807132e-03 4.197399858458863520e+01 -9.141109430962692309e-03 9.999073698775093888e-01 1.008423437910511110e-02 1.889686423255687808e+00 8.725052313651662436e-03 -1.000451589536164275e-02 9.999118876800212607e-01 -8.168967631844222810e-01
9.998662822565376196e-01 1.428511668146904313e-02 -7.959462788819982038e-03 4.268625697332716840e+01 -1.419797622965161647e-02 9.998398013488463132e-01 1.089904168639298405e-02 1.886169882525741359e+00 8.113881775823623965e-03 -1.078457602765631358e-02 9.999089247738673913e-01 -8.184737368053250917e-01
9.997720754978585145e-01 2.028960095245607373e-02 -6.642977336578230994e-03 4.338775249581448890e+01 -2.020631518629930137e-02 9.997192642651908656e-01 1.237325679266764247e-02 1.884828610805088012e+00 6.892160858259819591e-03 -1.223620653043496279e-02 9.999013818214516069e-01 -8.173922808904798831e-01
9.996475113182623495e-01 2.637038388934266966e-02 -3.075055891082186486e-03 4.409237858598380910e+01 -2.633022840039125553e-02 9.995758963441637723e-01 1.243971543664667591e-02 1.870869772623382055e+00 3.401791820175432274e-03 -1.235436365379505817e-02 9.999178953849771068e-01 -8.281299773839042588e-01
9.994601860138606630e-01 3.283411711885320106e-02 1.121305562503075110e-03 4.479137441538495068e+01 -3.284484548888098876e-02 9.993944405689961785e-01 1.148774497430668853e-02 1.855844475974037344e+00 -7.434365814267612175e-04 -1.151837283684659097e-02 9.999333849758397230e-01 -8.365715368231594340e-01
9.992165616473741574e-01 3.932836159676950799e-02 4.420735652919421076e-03 4.549171789300874025e+01 -3.937273019079984976e-02 9.991700255702757882e-01 1.044261074716460250e-02 1.835087346360721128e+00 -4.006375783888126672e-03 -1.060848603751097727e-02 9.999357024214458045e-01 -8.605587700550334507e-01
9.989670615743446724e-01 4.512288061346322182e-02 5.360553578002011377e-03 4.617701918457594701e+01 -4.517135256579691421e-02 9.989360161577789388e-01 9.294327851009713884e-03 1.806052403418292096e+00 -4.935463189606159942e-03 -9.526870838251539145e-03 9.999424383108935777e-01 -8.750204974844311145e-01
9.986931974888537678e-01 5.089714742057132452e-02 4.623599673187112763e-03 4.687575824332926544e+01 -5.093781265275416220e-02 9.986599096377941631e-01 9.150088763812019507e-03 1.771896498548153787e+00 -4.151690215103323589e-03 -9.373647458772399119e-03 9.999474477199671307e-01 -8.917147391225140884e-01
9.984054765866873238e-01 5.637739398445360678e-02 2.844955049099913945e-03 4.757487881352934522e+01 -5.640097587955095887e-02 9.983673494994406150e-01 9.031355008861168335e-03 1.739218217233974073e+00 -2.331145972266897813e-03 -9.177412542948291604e-03 9.999551694238459909e-01 -9.124024597441164897e-01
9.981084649833880107e-01 6.147399467289518110e-02 6.634059555199192052e-04 4.826001501158690132e+01 -6.147749044862096252e-02 9.980668020336503909e-01 9.120134125212083984e-03 1.705013496529303785e+00 -1.014723838464668391e-04 -9.143667605452080252e-03 9.999581906490272454e-01 -9.237162050498661792e-01
9.977746715182315151e-01 6.667428401385139258e-02 -4.946998337287461175e-04 4.895268656437216492e+01 -6.666631657258867416e-02 9.977277409630592730e-01 9.744595804539322309e-03 1.669319801950377657e+00 1.143289695833022302e-03 -9.689931062228391428e-03 9.999523979293617471e-01 -9.307808625226016153e-01
9.974214491334142396e-01 7.175591902600238214e-02 1.241327246840558379e-03 4.964799658324191967e+01 -7.176480784963788773e-02 9.973706710102775430e-01 1.007754746023033741e-02 1.628428243340135362e+00 -5.149397095877242562e-04 -1.014064560284173334e-02 9.999484497432120644e-01 -9.397034026498032322e-01
9.970307211214201049e-01 7.694641826030697296e-02 2.998309025268626384e-03 5.033678801881722364e+01 -7.697020782070716771e-02 9.969941122303277448e-01 8.850270396871116191e-03 1.576085649422864998e+00 -2.308299837165416184e-03 -9.054771944697594110e-03 9.999563404753686324e-01 -9.622945172088930299e-01
9.966391329841711721e-01 8.186532637772839238e-02 2.916666183764874028e-03 5.103245470170488574e+01 -8.188355024305499219e-02 9.966187009284785958e-01 6.800673439071192733e-03 1.522831867190802102e+00 -2.350064712427860428e-03 -7.016644262024926762e-03 9.999726215747847258e-01 -9.755141264486367758e-01
9.962296149479592522e-01 8.675130885772769362e-02 8.744781940851938107e-04 5.172610142112333165e+01 -8.675338423691894563e-02 9.962261326586088206e-01 2.709784403507210088e-03 1.470152963899018728e+00 -6.361006856612696353e-04 -2.775431415676253045e-03 9.999959461699705621e-01 -9.939459579005832657e-01
