1.000000000000000000e+00 0.000000000000000000e+00 0.000000000000000000e+00 0.000000000000000000e+00 0.000000000000000000e+00 1.000000000000000000e+00 0.000000000000000000e+00 0.000000000000000000e+00 0.000000000000000000e+00 0.000000000000000000e+00 1.000000000000000000e+00 0.000000000000000000e+00
9.999999210722472220e-01 3.972360751776795955e-04 7.681133442547888020e-06 2.754426811501888180e-03 -3.972358552484902606e-04 9.999999206924898854e-01 -2.861274579415462626e-05 -3.539028643479153315e-05 -7.692498848215644945e-06 2.860969231420257188e-05 9.999999995611554837e-01 -6.484240410728243790e-04
9.999999928729048637e-01 -1.193790609143710509e-04 -1.682297430842641893e-06 1.011724873002422392e-03 1.193790326695007140e-04 9.999999927335462280e-01 -1.677957364187439870e-05 -1.261327372063622174e-04 1.684300548362216054e-06 1.677937269124482212e-05 9.999999998578078531e-01 -5.801395531451906994e-04
9.999999009760657254e-01 4.449679548882301701e-04 7.167842084309751468e-06 1.294312583527570818e-03 -4.449679818035301286e-04 9.999999009946969331e-01 3.753850404045495672e-06 -2.064660176723774783e-03 -7.166171031518128936e-06 -3.757039492550601368e-06 9.999999999672652962e-01 -4.060287365746206964e-04
9.999999866508708646e-01 -1.621017632183310083e-04 -2.052502186152741395e-05 1.560491179579897398e-03 1.621014828577638895e-04 9.999999867682515253e-01 -1.366037965281649486e-05 1.026944633852212158e-04 2.052723596157343967e-05 1.365705233398288079e-05 9.999999996960587945e-01 -4.139155963023302101e-04
9.999999942648837292e-01 -1.065466072426328112e-04 -1.086521579984919880e-05 -2.098155724793195932e-03 1.065465192040047199e-04 9.999999942910898776e-01 -8.103053024172494269e-06 -1.917327544987291760e-03 1.086607909062869177e-05 8.101895326776670423e-06 9.999999999081438107e-01 -7.465007805995988333e-04
9.999999981963404450e-01 -5.715810484559189527e-05 -1.844641415394859569e-05 -1.703804372062012011e-03 5.715765046029715126e-05 9.999999980631263385e-01 -2.463230391875224960e-05 -1.173312021701227326e-03 1.844782205403019542e-05 2.463124952063150099e-05 9.999999995264896580e-01 -1.434147028369531533e-04
9.999999889892509097e-01 1.472137789055651699e-04 -1.869762947310263753e-05 -2.432556871982736232e-03 -1.472136160500082220e-04 9.999999891261345253e-01 8.711035081610503866e-06 -1.360966239064869375e-03 1.869891165417967427e-05 -8.708282440049184615e-06 9.999999997872582869e-01 -4.535954885547039588e-04
9.999999299982668122e-01 3.741662737568410843e-04 -1.749608508175474623e-06 -3.441513120988727928e-04 -3.741662884271921728e-04 9.999999299645778716e-01 -8.392137608372039452e-06 -3.036789707289342354e-04 1.746468330783124759e-06 8.392791665429566908e-06 9.999999999632555037e-01 -1.276382030500137739e-04
9.999998781891374922e-01 4.932829383878092411e-04 1.713629976670144486e-05 1.683564532774905380e-03 -4.932824197651321024e-04 9.999998778785184061e-01 -3.025562098384616648e-05 2.156845631514030638e-04 -1.715122225561279123e-05 3.024716426296814004e-05 9.999999993954723498e-01 -2.112219474453848583e-04
9.999999993080525007e-01 3.562743826971601329e-05 -1.070423933287765138e-05 9.919428687944461046e-04 -3.562751343693808291e-05 9.999999993406852861e-01 -7.022083219049728750e-06 -1.771722692895151292e-04 1.070398914698377852e-05 7.022464579621480400e-06 9.999999999180547716e-01 -5.428933678651446174e-04
9.999999542606943237e-01 -3.022922663871448852e-04 -9.899241780422007444e-06 -1.270252311521483015e-03 3.022921432937994727e-04 9.999999542324298218e-01 -1.243375991521272198e-05 -1.561271483103343280e-04 9.902999956822246369e-06 1.243076688348638738e-05 9.999999998737033602e-01 -6.164031110894134524e-04
9.999998632181628100e-01 5.230030102268657614e-04 5.613110618235568193e-06 6.793049296514664173e-04 -5.230030036722241663e-04 9.999998632332363080e-01 -1.169142151530901054e-06 -4.203689996485278119e-04 -5.613721315413228898e-06 1.166206317900208080e-06 9.999999999835630371e-01 -1.660367383396014205e-04
9.999999388754829965e-01 -3.145865362265865169e-04 1.525920755028662530e-04 -2.454977996167055209e-03 3.145997299454973174e-04 9.999999467769019601e-01 -8.644768990057469162e-05 3.194113067091190620e-04 -1.525648721021126647e-04 8.649569004224643765e-05 9.999999846212276333e-01 8.542496943015559854e-04
9.999997461380661923e-01 4.319494712038496418e-04 5.666952068569629632e-04 -1.054051320304332309e-02 -4.316995017327744828e-04 9.999998095117201835e-01 -4.411485730050236772e-04 -4.463599649750364141e-04 -5.668856528009996081e-04 4.409038189757593642e-04 9.999997421222063254e-01 4.561988611250367490e-03
9.999998233539373338e-01 -2.907070515301568982e-04 5.184414184468597551e-04 -1.378392262514713078e-02 2.908681909091376271e-04 9.999999094098699359e-01 -3.107667090570751249e-04 -1.750526937039509215e-03 -5.183510294074805853e-04 3.109174522788356039e-04 9.999998173212574226e-01 3.026326447490831038e-03
9.999999662189297256e-01 1.557917799384179807e-04 2.080650398774160201e-04 -6.995382903673271272e-03 -1.557774197287336313e-04 9.999999854839676239e-01 -6.903231096508695853e-05 -3.199159993717268224e-03 -2.080757915237356904e-04 6.899989679805375385e-05 9.999999759717392855e-01 -8.999652211647605170e-04
9.999999646082498028e-01 6.440322439587143168e-05 -2.581389623464433523e-04 6.254886776062420356e-03 -6.442029121860554195e-05 9.999999957399389183e-01 -6.610709593701258877e-05 -1.273283170178850666e-03 2.581347037366217979e-04 6.612372298449597813e-05 9.999999644970634094e-01 -1.261614510325604569e-03
9.999999162537823727e-01 -2.768191192287223069e-04 -3.014359026400964189e-04 1.825621881538181182e-02 2.768171170531091786e-04 9.999999616638043376e-01 -6.683828270233075218e-06 -3.470083639035136547e-04 3.014377412956455215e-04 6.600385092942605443e-06 9.999999545458604366e-01 -1.420967764743839628e-03
9.999999939129843307e-01 1.311301347810426599e-05 -1.095540055070786409e-04 3.929708410505967225e-02 -1.312025794374522212e-05 9.999999977275768615e-01 -6.612643273538095900e-05 2.512504704783523248e-03 1.095531381413218674e-04 6.612786970967935449e-05 9.999999918126073473e-01 -2.794795112564065799e-04
9.999999917581305908e-01 1.252134800001956190e-04 2.837821816436390555e-05 5.726478624672918377e-02 -1.252118345435617700e-04 9.999999904803060780e-01 -5.797744628982457176e-05 1.549643921328214963e-03 -2.838547745202342671e-05 5.797389252322459328e-05 9.999999979166461772e-01 5.829294651680163447e-04
9.999999884410946116e-01 3.358984487481302096e-05 -1.482886808704922301e-04 8.037865316765849255e-02 -3.360028487809954795e-05 9.999999969573383218e-01 -7.040130807874344374e-05 5.142635718597898201e-04 1.482863156502826007e-04 7.040628980690283052e-05 9.999999865270613464e-01 7.480363667211949608e-04
9.999999546845667053e-01 -1.804504993720038128e-04 -2.409740274497618379e-04 1.046634341953863595e-01 1.804168480956952903e-04 9.999999739722353898e-01 -1.396613386480048918e-04 -1.189197248351937016e-03 2.409992231360485798e-04 1.396178565446854142e-04 9.999999612131135196e-01 1.247391408889452066e-03
9.999998975908760412e-01 -3.786197417912968597e-04 -2.479220209217331255e-04 1.396071296257877514e-01 3.785525821726867845e-04 9.999998916607056865e-01 -2.708810060639073487e-04 -2.697845088407983989e-04 2.480245549586083736e-04 2.707871268020233977e-04 9.999999325790738247e-01 2.342439729906557050e-03
9.999997463217386029e-01 -6.910096813873729815e-04 -1.728064774233863186e-04 1.717631387418312727e-01 6.909776811943233420e-04 9.999997441308224877e-01 -1.851705530068707283e-04 -1.957315484323596689e-03 1.729343878523706846e-04 1.850511006140613947e-04 9.999999679248933182e-01 2.437334138140282401e-03
9.999995564429352557e-01 -8.918968672917366785e-04 -3.027109361873217639e-04 2.123166718560907662e-01 8.918326266817905084e-04 9.999995797844475343e-01 -2.122863497531461295e-04 -5.255834099305647933e-03 3.029001465137921368e-04 2.120162881026906954e-04 9.999999316502951041e-01 3.055738068607833074e-03
9.999994793348054856e-01 -8.197991465322401880e-04 -6.076672422360622581e-04 2.572553560178020282e-01 8.196419375415380784e-04 9.999996305755306514e-01 -2.589129130729076237e-04 -4.319923254216635408e-03 6.078792743340771278e-04 2.584147087101585348e-04 9.999997818522893267e-01 3.322164379290961332e-03
9.999989155247394068e-01 -1.022068433313570246e-03 -1.060342144231614641e-03 3.158907281696644032e-01 1.021819950451085873e-03 9.999994503628364395e-01 -2.348574330480850396e-04 -5.901270989383807647e-03 1.060581601796813447e-03 2.337736995937291656e-04 9.999994102580878064e-01 3.145987884630179702e-03
9.999978554419387544e-01 -1.455009663980175475e-03 -1.473790487529980358e-03 3.940588610215091103e-01 1.454746274853682382e-03 9.999989256971322238e-01 -1.797716809350342806e-04 -3.011164287505026065e-03 1.474050473765703504e-03 1.776273041825776979e-04 9.999988978112633875e-01 3.023239562064838296e-03
9.999971312956036362e-01 -1.699124173807229883e-03 -1.688306134953043410e-03 4.742414515424921984e-01 1.698706062338496475e-03 9.999985261836815686e-01 -2.490545693362194632e-04 -3.373657637549919500e-03 1.688726821339267417e-03 2.461859190057534975e-04 9.999985437960478007e-01 3.840497832076184871e-03
9.999963003190095456e-01 -1.922178865441671967e-03 -1.924727695668172799e-03 5.703235268458950458e-01 1.921876883974055726e-03 9.999981405948192847e-01 -1.587329419829114840e-04 -7.377729112004405287e-03 1.925029229925852856e-03 1.550332650554141721e-04 9.999981351118364392e-01 2.792223665934997177e-03
9.999943872620357110e-01 -2.263331200085331053e-03 -2.470379789519170071e-03 6.783387584343976151e-01 2.263063506711741630e-03 9.999974330911970410e-01 -1.111511648665069145e-04 -1.096219244700787424e-02 2.470625020178909923e-03 1.055599146547650237e-04 9.999969424298826848e-01 1.627301674894465451e-03
9.999922923688157050e-01 -2.504549180459942140e-03 -3.023646203459331040e-03 7.914553093208984702e-01 2.503422332490962653e-03 9.999967955925326279e-01 -3.764057539598855305e-04 -9.259587341672478183e-03 3.024579241187458790e-03 3.688333893318667105e-04 9.999953579303979545e-01 2.721041765926750407e-03
9.999895406137162546e-01 -3.048388938786160754e-03 -3.409690315345301898e-03 9.119571940686019840e-01 3.046646092592707883e-03 9.999952257196343952e-01 -5.162223590882127153e-04 -1.013811623218529613e-03 3.411247683057175122e-03 5.058288400429527838e-04 9.999940537455357381e-01 2.798193054679822770e-03
9.999880639497537027e-01 -3.511352222026076914e-03 -3.397405421233034607e-03 1.044766685476033574e+00 3.510457482989217878e-03 9.999938020671949035e-01 -2.692869396506581011e-04 -2.552002566720340190e-04 3.398329925636427162e-03 2.573572781445001580e-04 9.999941925436106605e-01 7.114009330796168800e-04
9.999866200142387695e-01 -3.837964746808734343e-03 -3.468402961120278620e-03 1.183795777743068545e+00 3.837308288362629560e-03 9.999926183162907156e-01 -1.959031122200274172e-04 -6.243390478012561529e-03 3.469129227705133878e-03 1.825911596090870289e-04 9.999939658832296407e-01 1.208625650911128663e-03
9.999831653284999566e-01 -4.041544793258571022e-03 -4.163529185428583093e-03 1.334539469690370295e+00 4.040815105584258035e-03 9.999918190087441205e-01 -1.836542011692037727e-04 -7.299407743927297312e-03 4.164237370313218778e-03 1.668270577860367593e-04 9.999913156102189227e-01 -1.424911387614433665e-03
9.999774404570140884e-01 -4.603893466082462083e-03 -4.891088017184317370e-03 1.502477922882176298e+00 4.601670940542403054e-03 9.999893038821686675e-01 -4.655596747496665603e-04 -4.947181826841708097e-03 4.893179088675213111e-03 4.430419943398592863e-04 9.999879301832584888e-01 6.106060750695743375e-04
9.999730431811206799e-01 -5.286332379529806377e-03 -5.095841545975811696e-03 1.672799627686052393e+00 5.282726673474453030e-03 9.999857865374075505e-01 -7.207787841937061089e-04 -1.779860002066722523e-03 5.099579392647981754e-03 6.938394162318427434e-04 9.999867563507441881e-01 6.000631473825429607e-03
9.999654332133781631e-01 -5.978327939168238264e-03 -5.778578841960533771e-03 1.865105524419750749e+00 5.972537288689351923e-03 9.999816452266845346e-01 -1.018826809812747045e-03 3.114512418060453713e-03 5.784563658238081607e-03 9.842788146345669408e-04 9.999827848610689518e-01 1.018864761009996914e-02
9.999557988314896617e-01 -6.957778345521253502e-03 -6.323741279643309288e-03 2.062862238746356436e+00 6.952608582855653377e-03 9.999754782443045498e-01 -8.391328667203451540e-04 1.179524513779814723e-02 6.329424710893651398e-03 7.951292781704940140e-04 9.999796528691271558e-01 1.094022451016030649e-02
9.999502654687686398e-01 -7.558836271401355583e-03 -6.506195751844391639e-03 2.272599031906092915e+00 7.554868770145892545e-03 9.999712604833116414e-01 -6.341650279926371904e-04 1.615642564814762094e-02 6.510802316538649021e-03 5.849800329941815241e-04 9.999786333975121400e-01 1.232850775309600466e-02
9.999398525797318360e-01 -8.176155463526856709e-03 -7.310383345653827768e-03 2.490273181578431139e+00 8.172256451245096115e-03 9.999664480278758205e-01 -5.630657231298340790e-04 1.487975048106029465e-02 7.314741780764091005e-03 5.032895287215521886e-04 9.999731202649054795e-01 1.427286284792465137e-02
9.999329191986408016e-01 -8.838636656873774533e-03 -7.485693350137313969e-03 2.726361357391169804e+00 8.835264291575679191e-03 9.999608514200986065e-01 -4.834584672838172499e-04 2.009603834485476984e-02 7.489673409604089872e-03 4.172879573482542377e-04 9.999718649356981182e-01 1.558651753299724468e-02
9.999204853631219470e-01 -9.673044993479181300e-03 -8.090435818463612844e-03 2.965887975528175513e+00 9.669551605220491966e-03 9.999531379624998495e-01 -4.707979435958320165e-04 1.731192877996387547e-02 8.094610733848137119e-03 3.925296216129458724e-04 9.999671610595838311e-01 1.443008716378260670e-02
9.999119033235954745e-01 -1.011244667472391799e-02 -8.597907538210200484e-03 3.226823282968381168e+00 1.011056790851424213e-02 9.999488525905521064e-01 -2.619530599015935501e-04 1.881456628639730996e-02 8.600116763862485081e-03 1.750002546714414585e-04 9.999630029988904045e-01 1.597616284082715998e-02
9.999105395308632849e-01 -1.063469555910599544e-02 -8.112717514062700586e-03 3.485425668432804436e+00 1.062509659160573543e-02 9.999428012411782918e-01 -1.225384986264965465e-03 1.953995067867765612e-02 8.125285072961851290e-03 1.139076955541893591e-03 9.999663405566071583e-01 2.743409115191378783e-02
9.999028150968743978e-01 -1.124123556471019400e-02 -8.245907125628665693e-03 3.756076155607617206e+00 1.123240209902871475e-02 9.999362909361801943e-01 -1.116786407733433208e-03 2.492895920832339379e-02 8.257935845690145618e-03 1.024056528448278377e-03 9.999653783025664877e-01 1.745192952333179601e-02
9.998882695213721084e-01 -1.197226700369992750e-02 -8.950603127611023863e-03 4.033995342395864547e+00 1.196767357314702795e-02 9.999282243101476064e-01 -5.665837992928113602e-04 1.573313475859027671e-02 8.956743984422050470e-03 4.594025980996959942e-04 9.999597820344827692e-01 6.964265219392667960e-03
9.998580330886043255e-01 -1.258674755280987309e-02 -1.120211829205808307e-02 4.325925434406708625e+00 1.258177104349316594e-02 9.999207139625057028e-01 -5.146125940595442988e-04 -2.378048177014507880e-03 1.120770741929608821e-02 3.735970485461988341e-04 9.999371218829955499e-01 -1.711733320225335402e-03
9.998371441266874493e-01 -1.259660193255941751e-02 -1.292326755671159393e-02 4.611770432897285943e+00 1.258267595465947797e-02 9.999201640754902254e-01 -1.158335471620216108e-03 -1.293770612213735946e-02 1.293682690653887891e-02 9.955375419439303850e-04 9.999158201641740185e-01 -5.965385044228038031e-03
9.998188456229872845e-01 -1.297573125916182818e-02 -1.392502550830928588e-02 4.913993609510142413e+00 1.296052869017318490e-02 9.999153108667715451e-01 -1.181435685421595560e-03 -2.728756346352422674e-02 1.393917620192281805e-02 1.000745970564186679e-03 9.999023441688263958e-01 -8.237241136141579961e-03
9.997987169030700949e-01 -1.306683397838213218e-02 -1.522443853664563404e-02 5.236947508540804819e+00 1.304480096243596302e-02 9.999137183819764019e-01 -1.545625886168631004e-03 -2.999993130440958139e-02 1.524332138430244815e-02 1.346715007328185649e-03 9.998829069005349401e-01 -1.024865484378656953e-02
9.997722546212245431e-01 -1.324252095599744855e-02 -1.673542734211609651e-02 5.538509363498783422e+00 1.319638278755343175e-02 9.999088213288270799e-01 -2.864351605533950462e-03 -3.187082043938131021e-02 1.677183266425116143e-02 2.642852157372750470e-03 9.998558500911801650e-01 -2.145383415279849409e-03
9.997330573509132234e-01 -1.396137472141993977e-02 -1.840907536200163744e-02 5.879206566491402164e+00 1.389427282109191933e-02 9.998963705822411230e-01 -3.767927710899521450e-03 -3.084529410682742764e-02 1.845977309093548360e-02 3.511141174831113737e-03 9.998234387456025329e-01 9.079798008415351784e-04
9.996758483228066483e-01 -1.456663182300155235e-02 -2.088088880795060248e-02 6.226485976978317183e+00 1.450350583301095869e-02 9.998897891554395789e-01 -3.171413130207324186e-03 -1.865351945930472655e-02 2.092478431498626806e-02 2.867539018697529748e-03 9.997769404328885612e-01 -4.179760722041840626e-04
9.996877593292605724e-01 -1.511093525308507442e-02 -1.990084126411522866e-02 6.606328813117563037e+00 1.508899234808412128e-02 9.998853704372928641e-01 -1.252316013257288776e-03 -6.098828552220868573e-03 1.991748370557635053e-02 9.516413477106602098e-04 9.998011743449711775e-01 -6.831403521699537518e-03
9.997129822117878373e-01 -1.731646820321315616e-02 -1.655575809743373497e-02 6.988268264728835000e+00 1.732006536690936654e-02 9.998499936858181725e-01 7.390639592106876396e-05 6.670464375017786871e-03 1.655199483142806918e-02 -3.606319959170679814e-04 9.998629413132901211e-01 2.904869826096218022e-02
9.997205595733187344e-01 -1.870219292552119730e-02 -1.445789563480940829e-02 7.375714026569667681e+00 1.872121276710252483e-02 9.998240448803059621e-01 1.181300856213869047e-03 -2.636006139213505073e-04 1.443325877753646666e-02 -1.451640093342399483e-03 9.998947813555684183e-01 4.817122636257682028e-02
9.997274031542627837e-01 -1.982552065024556151e-02 -1.233159005889872609e-02 7.760642206519682951e+00 1.982601889001997172e-02 9.998034418198075146e-01 -8.185498977293653592e-05 -4.539331866223659390e-03 1.233078900178793957e-02 -1.626536610907920429e-04 9.999239597021265524e-01 7.017428559238320096e-02
9.997084130357372089e-01 -2.128337002997772801e-02 -1.140644842774577242e-02 8.147634156647226789e+00 2.126752718412476192e-02 9.997726825908944681e-01 -1.508453671509009083e-03 -1.119675875621023789e-02 1.143596052110588610e-02 1.265426874070802550e-03 9.999338065601073300e-01 8.874312818686191928e-02
9.996547434823342959e-01 -2.223365981396947105e-02 -1.400207857945075761e-02 8.521839094226002942e+00 2.219353807137194878e-02 9.997491488819274519e-01 -3.014328737269542872e-03 -6.105040442507770823e-03 1.406558570209568391e-02 2.702532356595231753e-03 9.998974225477924582e-01 1.006393275032664431e-01
9.995828419780022900e-01 -2.409399085462857540e-02 -1.592550243719466352e-02 8.894885625931820528e+00 2.403216993333780541e-02 9.997029335551603779e-01 -4.061951440113409535e-03 4.440091330012843618e-03 1.601864012565339807e-02 3.677532583640754065e-03 9.998649303394039345e-01 1.134801451017135449e-01
9.995450904381891766e-01 -2.544473923921161326e-02 -1.619189383490126505e-02 9.291323277721190266e+00 2.536917879944973128e-02 9.996663611763074719e-01 -4.855007678883111778e-03 2.227744592351642294e-02 1.631002599488238364e-02 4.442024039668005138e-03 9.998571155292526047e-01 1.410287324378742546e-01
9.995137179301356589e-01 -2.689525146557806418e-02 -1.577888202885666113e-02 9.676520367907118114e+00 2.681257291159892808e-02 9.996257401552356425e-01 -5.428218212033754549e-03 4.436932921528208285e-02 1.591896992074066236e-02 5.002506141983693345e-03 9.998607709721198944e-01 1.633236577892045738e-01
9.994782212551144296e-01 -2.772096936072009771e-02 -1.657809079522249915e-02 1.009273425375645417e+01 2.766521200972507644e-02 9.996108223131099368e-01 -3.583288847556152443e-03 5.199596155341063008e-02 1.667097121254747585e-02 3.122782767032409972e-03 9.998561531273487679e-01 1.407598036527485386e-01
9.993990000941095353e-01 -2.871856534695238147e-02 -1.941346479397520336e-02 1.051222852143162001e+01 2.868896963747152515e-02 9.995867637180009257e-01 -1.801338644897647421e-03 6.207990929667414615e-02 1.945717430754850819e-02 1.243303738509110058e-03 9.998099182163474596e-01 1.160978353554602271e-01
9.993097357719161744e-01 -2.984960299674689274e-02 -2.211454707652122167e-02 1.094873459245719438e+01 2.981478731119586653e-02 9.995536299495899613e-01 -1.902448997029713290e-03 6.509283629931020276e-02 2.216146315231077787e-02 1.241795286971401034e-03 9.997536333994561097e-01 1.159687592918773325e-01
9.992478820174822696e-01 -3.055849140547005349e-02 -2.387150784088952482e-02 1.140387248217658112e+01 3.050157614782519899e-02 9.995309499512862184e-01 -2.744802721099090775e-03 8.001263736871323806e-02 2.394418793933630191e-02 2.014619691441790154e-03 9.997112669023114906e-01 1.292319882612990301e-01
9.992048112826663608e-01 -3.137015959478713090e-02 -2.461012386333707308e-02 1.187190575378257762e+01 3.131317451285173248e-02 9.995059820808203099e-01 -2.697570496321723566e-03 1.060287868072507800e-01 2.468258923814315581e-02 1.924804315383265522e-03 9.996934854828496420e-01 1.434067379750625926e-01
9.991813997641960654e-01 -3.237813453144356562e-02 -2.425256212290746380e-02 1.235097513497156108e+01 3.233465653658718769e-02 9.994747146420774886e-01 -2.182837098504249000e-03 1.263605656851423398e-01 2.431049880036778923e-02 1.396851961164235177e-03 9.997034802643611773e-01 1.499518057378750602e-01
9.991406943297322929e-01 -3.321675338404957156e-02 -2.478951852948668710e-02 1.284503740654667325e+01 3.318710920769167572e-02 9.994478652017618758e-01 -1.606401592861484437e-03 1.327715438162714034e-01 2.482919081922081023e-02 7.823287442198405880e-04 9.996914020061384853e-01 1.553363676174087105e-01
9.990503359321820653e-01 -3.409474360047938524e-02 -2.712885424436126125e-02 1.334213386646170107e+01 3.404613986012017257e-02 9.994177257810384907e-01 -2.251611707645401628e-03 1.410549486557846066e-01 2.718982593580481638e-02 1.325840667063634369e-03 9.996294090872407390e-01 1.635437578072899134e-01
9.989622737303421873e-01 -3.516437914418748395e-02 -2.894550229152414306e-02 1.385369287609423594e+01 3.510588631860406955e-02 9.993804044191074709e-01 -2.526659630111181224e-03 1.515786461298138654e-01 2.901641620341913891e-02 1.507880136157390989e-03 9.995777978167607047e-01 1.720871823553150048e-01
9.988978122800377113e-01 -3.621983146693549122e-02 -2.985438712587053234e-02 1.438056138281635832e+01 3.614844813748565450e-02 9.993421433788407526e-01 -2.927484284516787896e-03 1.769926778943138324e-01 2.994078020703642290e-02 1.845067882592060131e-03 9.995499714396987034e-01 1.835272455072530784e-01
9.988106086794216187e-01 -3.733727208125441760e-02 -3.135755256670664376e-02 1.492691450292145028e+01 3.728520588128293040e-02 9.993021461163850150e-01 -2.243699974910661789e-03 1.955228533048394557e-01 3.141944321329925155e-02 1.071858534251712066e-03 9.995057126937538783e-01 1.839645987651187531e-01
9.987443152726022122e-01 -3.878665292792341651e-02 -3.170785810031433172e-02 1.547872581944887216e+01 3.878879734264788909e-02 9.992472813156236811e-01 -5.477079932237521919e-04 1.987643634708200768e-01 3.170523476291968457e-02 -6.828894373609413005e-04 9.994970293856028087e-01 1.888373042747441832e-01
9.987128421288995472e-01 -3.930254498685941539e-02 -3.206195446899214041e-02 1.603949688967781739e+01 3.929543124281374006e-02 9.992272728702826790e-01 -8.521946132850593669e-04 2.099633737035467573e-01 3.207067274406838475e-02 -4.087906230656451062e-04 9.994855200751882052e-01 2.132262693582480939e-01
9.986280136577081468e-01 -4.076719961597917441e-02 -3.286526697793826224e-02 1.662867715700150129e+01 4.072869542907855966e-02 9.991685473700933073e-01 -1.840465968970896905e-03 2.150353987140168899e-01 3.291297170882032108e-02 4.993814258582154669e-04 9.994580966261096266e-01 2.393100429615135361e-01
9.985666088127158613e-01 -4.116147425774521751e-02 -3.421199791303285859e-02 1.720839173644823106e+01 4.109649531756059959e-02 9.991517976526670397e-01 -2.600638394230702071e-03 2.371152180597309034e-01 3.429002532641390460e-02 1.190917450037751527e-03 9.994112146052499535e-01 2.667410488129690060e-01
9.984927195468866756e-01 -4.203181961335980543e-02 -3.529327346467507620e-02 1.779147674166511095e+01 4.194052094804921749e-02 9.991145813686265198e-01 -3.323552196147892216e-03 2.740547571757927514e-01 3.540171908917136290e-02 1.838324395817301799e-03 9.993714719006877578e-01 2.925713146686639843e-01
9.984005003804230505e-01 -4.357489090939493243e-02 -3.602318312358462893e-02 1.837645766996597274e+01 4.350785569077526144e-02 9.990495886850043750e-01 -2.643074254405653259e-03 2.955318804942654309e-01 3.610411795504296639e-02 1.071555205277926462e-03 9.993474593133913064e-01 3.072534538722354602e-01
9.983127369547023511e-01 -4.517138449558083524e-02 -3.648595972101763979e-02 1.895840067975812815e+01 4.515261004028575664e-02 9.989792036759895799e-01 -1.338816430888783039e-03 3.174791826205767276e-01 3.650919117922511031e-02 -3.108788158281749819e-04 9.993332688917149209e-01 3.194289674633167819e-01
9.982313277784568006e-01 -4.678193890409385741e-02 -3.668332637633708176e-02 1.956007435742528600e+01 4.675782840789784872e-02 9.989051051851431939e-01 -1.515360562872955378e-03 3.306810883035056214e-01 3.671405349776592913e-02 -2.025522933959025655e-04 9.993257913455109165e-01 3.479203533708063456e-01
9.981044206569932298e-01 -4.815771331961242463e-02 -3.831970919506091922e-02 2.016267774089154230e+01 4.810123537840942098e-02 9.988395943279894107e-01 -2.394985964144963602e-03 3.438330817069112921e-01 3.839057983462695889e-02 5.472207266007143378e-04 9.992626601296765720e-01 3.655054458801309525e-01
9.980067870503512850e-01 -4.882261508164578712e-02 -3.998506293635580022e-02 2.077075505441502656e+01 4.873134914916657512e-02 9.988066196339357994e-01 -3.254563800636637097e-03 3.638428084922335493e-01 4.009624186300884963e-02 1.299550699220796508e-03 9.991949772474055802e-01 3.943577490252526130e-01
9.979078247260390055e-01 -4.959102305776085656e-02 -4.148136669192110243e-02 2.137974114433366424e+01 4.947337678411354439e-02 9.987679894904122335e-01 -3.858517702050401430e-03 3.960913404889043199e-01 4.162160905253575044e-02 1.798221722850640910e-03 9.991318271672229301e-01 4.187918407067285909e-01
9.977773110239620546e-01 -5.052088082855558243e-02 -4.345202188734728632e-02 2.199374734183457747e+01 5.040193710883870276e-02 9.987216736672731576e-01 -3.829266629187680262e-03 4.159507159641935847e-01 4.358993394659242682e-02 1.630689286046713930e-03 9.990481762712867253e-01 4.365233378708262002e-01
9.976885883175796721e-01 -5.117800474667640043e-02 -4.470226583769893597e-02 2.261363499906903485e+01 5.106689931194674514e-02 9.986886570370020477e-01 -3.624651747804646766e-03 4.435350371042944273e-01 4.482914828031680371e-02 1.333467576860417362e-03 9.989937784234108609e-01 4.606637245992270535e-01
9.975981360604720960e-01 -5.164853663834689801e-02 -4.615612193186448275e-02 2.323177333094180952e+01 5.153679768121362248e-02 9.986645772158219136e-01 -3.608420583776059815e-03 4.737978847548053318e-01 4.628085363773508376e-02 1.221014930745311202e-03 9.989277209633845578e-01 4.805462053619873886e-01
9.975257457724369115e-01 -5.182782974997407477e-02 -4.750013246877562989e-02 2.386509405790288341e+01 5.174301333708147821e-02 9.986558839898582729e-01 -3.014289838980958348e-03 5.012619438787440096e-01 4.759251088083227277e-02 5.490317317587650823e-04 9.988666835330004545e-01 4.987515148029846301e-01
9.974759469245538801e-01 -5.182163030151389765e-02 -4.854126017995099435e-02 2.448903388223992295e+01 5.176224929143728032e-02 9.986563558869816504e-01 -2.480402149937688174e-03 5.276388550197214089e-01 4.860457648468486519e-02 -3.846332709234612929e-05 9.988180983869470175e-01 5.206882908543309929e-01
9.974136067269954165e-01 -5.181523769122937245e-02 -4.981243076630554462e-02 2.515194450472873200e+01 5.173882126759069694e-02 9.986566598227335501e-01 -2.823148161407294798e-03 5.544995632202049940e-01 4.989179781975074807e-02 2.386099376718183156e-04 9.987546002775710141e-01 5.533999988842506212e-01
9.973987271387250164e-01 -5.146772646426653330e-02 -5.046634754616884794e-02 2.581191376018460915e+01 5.140296015201734070e-02 9.986746581092924568e-01 -2.581266723534648456e-03 5.901915755896643967e-01 5.053231431135309787e-02 -1.956750747456915962e-05 9.987224263164672378e-01 5.895089010641008098e-01
9.974244264536413773e-01 -5.090504037407315996e-02 -5.052910426811984407e-02 2.647413007174865029e+01 5.084865859065548777e-02 9.987034828165559652e-01 -2.401526517050319842e-03 6.315505076235307103e-01 5.058584222048204820e-02 -1.739959629391326507e-04 9.987197015640821851e-01 6.310208023343455430e-01
9.974315596341463142e-01 -5.049960646334427511e-02 -5.079442482046387514e-02 2.715472327208500403e+01 5.043496867674431700e-02 9.987240807893719152e-01 -2.554287767657883144e-03 6.595568768450730257e-01 5.085860576510350256e-02 -1.408799292391504747e-05 9.987058636160890401e-01 6.656346999814809484e-01
9.974175006080064909e-01 -4.992353087823966917e-02 -5.163303734554911678e-02 2.783518510623390085e+01 4.984891208061976997e-02 9.987530315381933921e-01 -2.732756419269902030e-03 6.892479519477840988e-01 5.170508142587206674e-02 1.518483383850361378e-04 9.986623861429978488e-01 7.034928709190247931e-01
9.973642903760464584e-01 -4.945222250488690713e-02 -5.309378468344901070e-02 2.850735964473572892e+01 4.932128862244230388e-02 9.987758332223355406e-01 -3.774315785834061326e-03 7.154714673684456905e-01 5.321543734018382987e-02 1.145713906963303748e-03 9.985823974857239715e-01 7.390161665603970365e-01
9.973111552107667421e-01 -4.851906286783248118e-02 -5.492140047916898443e-02 2.923780573572683039e+01 4.840734199569527579e-02 9.988220143632632331e-01 -3.363460156606649498e-03 7.443808819878079408e-01 5.501989579304689820e-02 6.958173184130884807e-04 9.984850158641248585e-01 7.674223590115640814e-01
9.972332402480779123e-01 -4.728077208695610073e-02 -5.736194849532700452e-02 2.995825806370241651e+01 4.717347837842546937e-02 9.988815092431682086e-01 -3.223884267567392499e-03 7.757773859764488522e-01 5.745021742343069809e-02 5.090019172423686754e-04 9.983482425662143500e-01 7.933691434292270417e-01
9.972411982577554790e-01 -4.575063847585452564e-02 -5.845401249262331678e-02 3.067650123092841596e+01 4.571557571889737354e-02 9.989526172821281413e-01 -1.937669186375140951e-03 7.993693117793401193e-01 5.848143837257992195e-02 -7.399352929320177769e-04 9.982882218385812356e-01 8.139935675443186192e-01
9.972031585508277507e-01 -4.350938715856052935e-02 -6.076836187803016931e-02 3.140282268042659553e+01 4.346492490210778631e-02 9.990528421975019002e-01 -2.053971846822148350e-03 8.209870224814803663e-01 6.080017170622853406e-02 -5.930650722271676480e-04 9.981497820439141355e-01 8.440280862153893837e-01
9.972046847597049180e-01 -4.099841891447481013e-02 -6.246556123025601148e-02 3.214475824772743806e+01 4.096354524539866371e-02 9.991589486370423545e-01 -1.839380180488081129e-03 8.552608917087953788e-01 6.248843616402802170e-02 -7.245723106979464704e-04 9.980454249886328011e-01 8.785527685780477603e-01
9.974223609881495145e-01 -3.829901865103483433e-02 -6.067799412631514483e-02 3.289306082306271861e+01 3.827432645504914160e-02 9.992660368111251357e-01 -1.569589181711821945e-03 8.918519601711756284e-01 6.069357243759650883e-02 -7.568660084236762805e-04 9.981561588341814062e-01 9.335652065037324254e-01
9.976402311097796183e-01 -3.550402709807887192e-02 -5.876591980939711857e-02 3.362905059943921060e+01 3.553381193303041530e-02 9.993683296606783450e-01 -5.384057334125400560e-04 9.047709168697999349e-01 5.874791469263940247e-02 -1.551041922266146664e-03 9.982716447882418187e-01 9.693920492502881014e-01
9.977354330586124531e-01 -3.267372996584881617e-02 -5.879143636161599656e-02 3.436859205943144957e+01 3.262706231650409905e-02 9.994660569628760483e-01 -1.753791229303058516e-03 9.125010688739488840e-01 5.881734798457092378e-02 -1.683722061841466536e-04 9.982687469949472758e-01 1.014982797798395397e+00
9.976854709387146247e-01 -2.955754681593113567e-02 -6.123767226160053284e-02 3.510266462602130844e+01 2.940826818874659951e-02 9.995619106307053192e-01 -3.337750504849600064e-03 9.221625470324743556e-01 6.130950040518936411e-02 1.529131295183089323e-03 9.981176318037610073e-01 1.061964110349940427e+00
9.977083079808787280e-01 -2.612620697387976754e-02 -6.241436929978543685e-02 3.583624536236059299e+01 2.595578634506110621e-02 9.996568244286175853e-01 -3.539848655173385549e-03 9.490492657782154673e-01 6.248543303155978251e-02 1.911722377854455871e-03 9.980440451084353626e-01 1.105989419015445785e+00
9.976992264458094395e-01 -2.258831073785501700e-02 -6.392199752388534606e-02 3.655632184246722005e+01 2.244842973342076400e-02 9.997437794477711526e-01 -2.905762892929579337e-03 9.664755932792130633e-01 6.397125566953622278e-02 1.464128920675942689e-03 9.979506675054465870e-01 1.139098246149796489e+00
9.976013312243766640e-01 -2.014940014571697802e-02 -6.622375414546731454e-02 3.729111067846258010e+01 1.999272934307048250e-02 9.997955409395685722e-01 -3.027720391669743751e-03 9.820156199058435176e-01 6.627122084861759854e-02 1.696464300592557097e-03 9.978002040970479491e-01 1.187115371631098926e+00
9.976294598819901438e-01 -1.669371075423880038e-02 -6.675912519515457555e-02 3.800934946937053382e+01 1.662386824225118090e-02 9.998605312058767014e-01 -1.601605871129725299e-03 9.978480210988653898e-01 6.677655112562179418e-02 4.880142989467717903e-04 9.977678357522912211e-01 1.217881625582471594e+00
9.976560648342335247e-01 -1.296667385574687761e-02 -6.718810660072531415e-02 3.872545196583429572e+01 1.288916102903936781e-02 9.999156718481921891e-01 -1.587047682308120877e-03 9.964017053874922869e-01 6.720301948156222338e-02 7.173294202227993230e-04 9.977390638894838570e-01 1.256300748654304966e+00
9.975351563737895333e-01 -8.702765733907279894e-03 -6.962667353033676065e-02 3.944807349006274677e+01 8.572829346483571561e-03 9.999609093844187280e-01 -2.164786382642673330e-03 9.939395445450555089e-01 6.964279140955965952e-02 1.562552932586407659e-03 9.975707694359420286e-01 1.294751626745040740e+00
9.972844980881685473e-01 -3.971815013711459987e-03 -7.353811636509784144e-02 4.016454532167978186e+01 3.787672823022007924e-03 9.999893331227338589e-01 -2.643326566231484973e-03 1.003537456016502905e+00 7.354783074717809177e-02 2.357610283074977088e-03 9.972889041126135057e-01 1.344190575418817035e+00
9.972236681796970981e-01 7.689120872089080230e-04 -7.446048882750913589e-02 4.086996688899738928e+01 -8.471507180684284674e-04 9.999991218213898359e-01 -1.019162455168658513e-03 1.015242078783566315e+00 7.445963979156994261e-02 1.079412178592266056e-03 9.972234438236289300e-01 1.387866158131294991e+00
9.971686032262881971e-01 5.765886162074609390e-03 -7.497687174388803499e-02 4.159432605995006327e+01 -5.779847968819314986e-03 9.999832960658687764e-01 3.076846380006663124e-05 1.008494032364550375e+00 7.497579674262072613e-02 4.026735737864065565e-04 9.971852725330444533e-01 1.428392031432969889e+00
9.970718532445160820e-01 1.124576827253887315e-02 -7.563895929682375174e-02 4.230169621656732204e+01 -1.127442482906186594e-02 9.999364404933831496e-01 4.814765447726991696e-05 9.863697920931417951e-01 7.563469317925496094e-02 8.047790896614814057e-04 9.971352694184960619e-01 1.486722938941733796e+00
9.969561677227443131e-01 1.708812596200257050e-02 -7.606836129880907571e-02 4.301355322125384362e+01 -1.710443917135463093e-02 9.998536128439946546e-01 4.370851685685893514e-04 9.759978935047989301e-01 7.606469483415319310e-02 8.653519040755160456e-04 9.971025089557589149e-01 1.539420353439086009e+00
9.967976128635435140e-01 2.301120484493232587e-02 -7.658331046073783843e-02 4.372940686182130321e+01 -2.297656346934577598e-02 9.997351145366166758e-01 1.333526751559770823e-03 9.645473865014619896e-01 7.659371071230534900e-02 4.303650108492993137e-04 9.970622940745864637e-01 1.590267412706298344e+00
9.966500190139584436e-01 2.903144442927725610e-02 -7.645858247329698210e-02 4.443136229821633520e+01 -2.897867222306205887e-02 9.995784097529790690e-01 1.799808849228007757e-03 9.356683617713649204e-01 7.647859933121486931e-02 4.218886763290462987e-04 9.970711337985270761e-01 1.649349702682294305e+00
9.965061442678443404e-01 3.558561199323963253e-02 -7.555904085879369680e-02 4.513126653404058430e+01 -3.559801736891587964e-02 9.993654894837556979e-01 1.183041967034363521e-03 9.057512670304723734e-01 7.555319712518207553e-02 1.510843459793502529e-03 9.971406278736231199e-01 1.705545677424908257e+00
9.962972218307160066e-01 4.199924788391538877e-02 -7.501939049060979414e-02 4.582896639025996421e+01 -4.205496132734902470e-02 9.991149476796254980e-01 8.375863503394036192e-04 8.653369355490823089e-01 7.498817240173508147e-02 2.320452611997412141e-03 9.971817234082879233e-01 1.766263672899622383e+00
9.960137459019375861e-01 4.780982297715798135e-02 -7.530497195592950055e-02 4.651889200231643429e+01 -4.794944487683519552e-02 9.988497627799270973e-01 -4.615719679939168235e-05 8.298060081855234138e-01 7.521614660692113596e-02 3.656804804236957022e-03 9.971605482911113372e-01 1.821791363400737884e+00
9.956511539265026078e-01 5.360477596732599742e-02 -7.619256970542927221e-02 4.723865205179987470e+01 -5.376791145975378522e-02 9.985534555632809006e-01 -8.988819092815803977e-05 7.947799253015249699e-01 7.607753533126575263e-02 4.186212622834625807e-03 9.970931171369084023e-01 1.861329927413609919e+00
9.952924629377253307e-01 5.839490370038365880e-02 -7.734952127311148229e-02 4.789945693453628905e+01 -5.859609532914118041e-02 9.982817174154748896e-01 -3.320936435236561228e-04 7.565422634097651589e-01 7.719722036145346133e-02 4.862910222571296265e-03 9.970039825761141117e-01 1.905610560806663134e+00
9.948219492923939811e-01 6.377685953156272958e-02 -7.913154487543340443e-02 4.859037171989717052e+01 -6.398544814522200141e-02 9.979508265994669891e-01 -1.005738324526407428e-04 7.050483490204112469e-01 7.896297633534669902e-02 5.163320417326694792e-03 9.968641775540595384e-01 1.943715804833679117e+00
9.943646376136676679e-01 6.879935278585394554e-02 -8.065740213822342186e-02 4.928609403292642099e+01 -6.897975207490564253e-02 9.976179079337655908e-01 5.509750822419597592e-04 6.588713232304780343e-01 8.050317550956626045e-02 5.015857464512928424e-03 9.967417317975462154e-01 1.996215011267441497e+00
9.940652005995935792e-01 7.384855333741931205e-02 -7.987971035788789254e-02 4.999325620632029654e+01 -7.399804874998523740e-02 9.972577892385382503e-01 1.091138972787555764e-03 5.960525330477480788e-01 7.974124239115247537e-02 4.826279419331593046e-03 9.968039131588930513e-01 2.045481815114996493e+00
9.936823453837776432e-01 7.928683657859532385e-02 -7.942917611277387768e-02 5.068404943377372973e+01 -7.948427808473730594e-02 9.968358892357862544e-01 6.778413144046071571e-04 5.210282328843471866e-01 7.923159729516422722e-02 5.639811775093699076e-03 9.968402813456117562e-01 2.097422969325401620e+00
9.932664047051602552e-01 8.412208223985265243e-02 -7.965754555417937921e-02 5.137630083927491143e+01 -8.433182106696279767e-02 9.964374571089585908e-01 7.335023940536664587e-04 4.487974586330930604e-01 7.943546588026324795e-02 5.989102592524178648e-03 9.968220189233992778e-01 2.138986180780737101e+00
9.927331694024335018e-01 8.826158059080538298e-02 -8.179699114155775108e-02 5.206130982703727028e+01 -8.862441929746314728e-02 9.960647862100807659e-01 -8.086881064112605606e-04 3.755907731206424294e-01 8.140372640356674516e-02 8.052022347135994254e-03 9.966486834706271836e-01 2.192049492463964189e+00
