1.000000000000000000e+00 0.000000000000000000e+00 0.000000000000000000e+00 0.000000000000000000e+00 0.000000000000000000e+00 1.000000000000000000e+00 0.000000000000000000e+00 0.000000000000000000e+00 0.000000000000000000e+00 0.000000000000000000e+00 1.000000000000000000e+00 0.000000000000000000e+00
9.999999995969379718e-01 2.445824693239747474e-05 -1.441936943031323175e-05 -5.761853747959140744e-03 -2.445783138483995618e-05 9.999999992856635211e-01 2.881817725320424847e-05 2.467926568531922989e-03 1.442007426210835016e-05 -2.881782457508253608e-05 9.999999994807972081e-01 1.373867411082755913e-03
9.999999879963147320e-01 1.249787102051146701e-04 -9.158434537637289634e-05 2.796529006579761764e-03 -1.249760077099542341e-04 9.999999917549784456e-01 2.951339412703471964e-05 3.228408344901255445e-03 9.158803316718978384e-05 -2.950194792691135745e-05 9.999999953706336653e-01 -4.070154608979082746e-03
9.999999983636920220e-01 -1.068107059389526687e-05 -5.620080686382818971e-05 -8.519003696827330899e-03 1.068461820822334663e-05 9.999999979506009051e-01 6.312398224329547386e-05 -3.790949079635072896e-04 5.620013251693980149e-05 -6.312458262416953197e-05 9.999999964284160825e-01 -4.478580889624161898e-04
9.999999991031375268e-01 -1.867901454033422313e-05 -3.801077989812672129e-05 -2.061955182936760222e-03 1.868003502951513388e-05 9.999999994651425084e-01 2.684718442600039667e-05 -2.788004628528426530e-03 3.801027839884810688e-05 -2.684789444462216075e-05 9.999999989172047021e-01 -1.540552754133502761e-04
9.999999974505446865e-01 -4.460851669351919159e-05 -5.575832486498271052e-05 -4.608216335320093789e-03 4.461035594607257876e-05 9.999999984609416748e-01 3.298534310076117770e-05 1.980756780853541732e-04 5.575685335193903813e-05 -3.298783041538570771e-05 9.999999979014881912e-01 -2.112074663336275474e-03
9.999999782130877257e-01 2.087065989931365215e-04 -3.921682486180344611e-06 -7.558892039185615037e-03 -2.087066986864925767e-04 9.999999778972139541e-01 -2.543787753394883416e-05 2.967531414368902720e-03 3.916373346594521392e-06 2.543869546114101702e-05 9.999999996687674031e-01 6.284167529159619126e-05
9.999999851095120462e-01 1.400269071761857246e-04 -1.008634771815643765e-04 -9.605598944689101165e-04 -1.400240700337352805e-04 9.999999898008392618e-01 2.813505343571641025e-05 2.684905122635663794e-03 1.008674158173574023e-04 -2.812092970217902035e-05 9.999999945174888882e-01 -2.642870803503826697e-03
9.999999987149645886e-01 4.305767172884486814e-05 -2.676018925524469651e-05 -6.080853966497355018e-03 -4.305744068573341335e-05 9.999999990357523183e-01 8.634353117899474397e-06 -9.607455377612164615e-04 2.676056100458338595e-05 -8.633200881542427095e-06 9.999999996046701201e-01 -1.137654903533060965e-03
9.999999990225666435e-01 -4.035738057105706290e-05 -1.805958099565934617e-05 -1.948581450515921021e-03 4.035783444567786563e-05 9.999999988698036191e-01 2.513240952761008868e-05 -3.071521020558899868e-03 1.805856669703249980e-05 -2.513313834862481783e-05 9.999999995211067416e-01 -5.865629279844721423e-04
9.999999836720150359e-01 1.696079374857985495e-04 -6.236278657040442825e-05 -2.616784838013581742e-03 -1.696075225248556094e-04 9.999999855944714522e-01 6.659211732797699539e-06 4.035394762779930672e-03 6.236391512720281579e-05 -6.648634426338238374e-06 9.999999980332688887e-01 -1.333778459806801231e-03
9.999999919455994091e-01 1.242324229274631507e-04 -2.598280804931590130e-05 -2.733023761198692843e-03 -1.242324759341590257e-04 9.999999922810682840e-01 -2.038464019367611529e-06 3.446103247401998033e-03 2.598255460543220325e-05 2.041691911524693987e-06 9.999999996603691210e-01 -2.191903489778409056e-03
9.999999917116930703e-01 1.266228262038676992e-04 -2.330823285250161126e-05 2.199175306730792503e-03 -1.266234750991292787e-04 9.999999915957045182e-01 -2.784037499088712513e-05 8.765994439920389222e-04 2.330470742964841599e-05 2.784332612957975689e-05 9.999999993408199561e-01 -6.502883299331729643e-04
9.999999438408961883e-01 -1.180163188281021331e-04 3.136723656897227267e-04 -2.426955885570928131e-02 1.180887920185435484e-04 9.999999663380217951e-01 -2.310389414894486917e-04 1.788379113646743806e-03 -3.136450887655098992e-04 2.310759697052626948e-04 9.999999241153243457e-01 2.095754858118416622e-03
9.999993678003328279e-01 1.423752736434685936e-04 -1.115404956126727666e-03 -9.569431342090367609e-02 -1.434419857617658459e-04 9.999995324347428216e-01 -9.563235291307198424e-04 2.792906459834341992e-02 1.115268277777970753e-03 9.564829204451384377e-04 9.999989206579632528e-01 -9.608370063589888321e-03
9.999984394036056656e-01 8.487804752547450514e-05 -1.764648993479592167e-03 -1.241315476435923687e-01 -8.575820132009483263e-05 9.999998719718063978e-01 -4.987002121755584058e-04 4.040872409822857808e-02 1.764606438854459444e-03 4.988507670294475621e-04 9.999983186546006486e-01 1.887044175444604205e-03
9.999972817107685152e-01 -9.028883298134987156e-05 -2.329896778935434086e-03 -1.334730682919079980e-01 9.025811986701223289e-05 9.999999958384594434e-01 -1.328732094578989961e-05 3.509519879403618509e-02 2.329897968936176129e-03 1.307699272425753590e-05 9.999972856985396286e-01 -1.110393564159274302e-03
9.999963687244474153e-01 9.422692462648182713e-05 -2.693261815275007839e-03 -8.372270399186679257e-02 -9.403110876144396460e-05 9.999999929267979759e-01 7.283237385451529441e-05 3.231732707327773790e-02 2.693268658995624093e-03 -7.257885898542151110e-05 9.999963705115332280e-01 -9.744507672010674013e-03
9.999961995503762191e-01 4.843402392948323635e-04 -2.714092728101736868e-03 -3.726473838134320565e-02 -4.841068497292294061e-04 9.999998790663302550e-01 8.664804036369166539e-05 4.515530452665504624e-02 2.714134367009147456e-03 -8.533380018170491773e-05 9.999963130895935803e-01 -1.808694418843449087e-02
9.999967315961574288e-01 6.068910187960003741e-04 -2.483642545538858760e-03 -4.831875709403908245e-03 -6.063111794096639941e-04 9.999997887662924745e-01 2.342095730844479863e-04 4.659004036439583218e-02 2.483784160596256511e-03 -2.327029473519616845e-04 9.999968883279496401e-01 -1.797065905753952170e-02
9.999970771928624602e-01 1.462189108144893292e-04 -2.413343274859835932e-03 -1.679846000934779801e-02 -1.456238341963981273e-04 9.999999589536794353e-01 2.467515719492778385e-04 3.662130517804774998e-02 2.413379255547066799e-03 -2.463994104411049960e-04 9.999970574396204182e-01 -1.457226613043886669e-02
9.999968727376968847e-01 1.041346750770645238e-04 -2.498733838547819233e-03 -1.263473380161462753e-02 -1.038680982262663971e-04 9.999999889010611209e-01 1.068143047828321214e-04 4.444204956704182752e-02 2.498744933887447200e-03 -1.065544320146997673e-04 9.999968724550634125e-01 -1.162582271027617735e-02
9.999970413125907065e-01 -2.121806749738471508e-05 -2.432471142372083592e-03 -1.096026370192770827e-02 2.130396629834522269e-05 9.999999991504672225e-01 3.528748428455865874e-05 4.384544083045120028e-02 2.432470391573396482e-03 -3.533920116316198961e-05 9.999970409150894524e-01 -8.368840021243056579e-03
9.999972830573872207e-01 -2.328409372618403506e-04 -2.319410041733601865e-03 -9.588811577493871335e-03 2.329764514504404803e-04 9.999999711699182336e-01 5.815613252836347692e-05 5.661831618238151453e-02 2.319396433736415318e-03 -5.869634244247042552e-05 9.999973084738391638e-01 -7.923228652574948114e-04
9.999965341040958355e-01 -5.456287720906278019e-04 -2.575668658621915828e-03 -1.556059521857441723e-02 5.458612692118625705e-04 9.999998470068179879e-01 8.956458727998324154e-05 6.131503731724548267e-02 2.575619395546391559e-03 -9.097023462151160908e-05 9.999966789490581931e-01 3.830953858002101448e-03
9.999920158073531962e-01 4.161538689700040243e-04 -3.974309688943345603e-03 5.008987994490719797e-02 -4.188541028160731720e-04 9.999996820221290772e-01 -6.786139412954613924e-04 8.780461177919048066e-02 3.974026017383605267e-03 6.802731790300969644e-04 9.999918721397764720e-01 -7.370405033034616721e-03
9.999753511286396668e-01 5.391710148454015653e-04 -7.000459254259825542e-03 1.652808329489300621e-01 -5.475045091514281394e-04 9.999991437824968799e-01 -1.188559247796262298e-03 9.674710742352206350e-02 6.999812423648244311e-03 1.192362734160097495e-03 9.999747901308032594e-01 -3.985525682995011421e-02
9.999730847622007035e-01 1.377887676168695257e-04 -7.335582146228865168e-03 2.215832697643337901e-01 -1.444642125890343665e-04 9.999995759818389729e-01 -9.094867967498896288e-04 9.312921968585947952e-02 7.335453718743925079e-03 9.105220467951169157e-04 9.999726806609980923e-01 -3.594956113189586716e-02
9.999728479477797416e-01 -8.720472146739701499e-04 -7.317301474044782608e-03 2.926239263059179918e-01 8.661098494535193499e-04 9.999992931854844169e-01 -8.145442040107033497e-04 7.217115639524758486e-02 7.318006623074222589e-03 8.081845005858493422e-04 9.999728964411374044e-01 -3.084291471695822448e-02
9.999724661274870252e-01 -1.651012459051076978e-03 -7.234718016058626008e-03 3.723575692024625461e-01 1.646910411591775546e-03 9.999984797257124303e-01 -5.729156657694850193e-04 6.391784939935181431e-02 7.235652908205018538e-03 5.609849587570055847e-04 9.999736649646669973e-01 -3.103558785478716456e-02
9.999720583542155428e-01 -1.896057442533963288e-03 -7.231008021565001227e-03 4.648664891548868749e-01 1.892048935365468797e-03 9.999980526287276517e-01 -5.611502282610937890e-04 6.866117253037647139e-02 7.232057913174384269e-03 5.474531277713626546e-04 9.999736984708215148e-01 -3.007254276848994601e-02
9.999703917500559758e-01 -2.171779918529050980e-03 -7.382343477856305285e-03 5.870965891199311226e-01 2.166276376719677987e-03 9.999973698026937141e-01 -7.534151274286918481e-04 5.962542764897939968e-02 7.383960312680441611e-03 7.374006238443765824e-04 9.999724663061582142e-01 -3.331533251520702593e-02
9.999694834580488134e-01 -1.972890120524917017e-03 -7.559091031030644621e-03 7.396852546215755275e-01 1.966783184417987551e-03 9.999977335700973580e-01 -8.152414206978507655e-04 7.510708120276557431e-02 7.560682280625432607e-03 8.003494492195198763e-04 9.999710973444235762e-01 -3.831465916800987775e-02
9.999685409012188941e-01 -2.212953194183059965e-03 -7.617089079666061573e-03 8.805950784885249183e-01 2.209342094135350546e-03 9.999974430163645067e-01 -4.824606139367539591e-04 9.995589310453989462e-02 7.618137265650614005e-03 4.656166806221572353e-04 9.999708731686680618e-01 -4.874210491672413548e-02
9.999695119496641027e-01 -2.353276785532748723e-03 -7.445620156933711702e-03 1.012532488738231651e+00 2.349441520875608994e-03 9.999971028705645359e-01 -5.238081877454746132e-04 1.125036044776736022e-01 7.446831251656683449e-03 5.062991687097118760e-04 9.999721437947465263e-01 -6.064065542268552711e-02
9.999683035180915169e-01 -2.991434886924703666e-03 -7.378568727557452932e-03 1.150487377867219330e+00 2.986681771261879160e-03 9.999953252683271288e-01 -6.551133411670618601e-04 1.136282215488354924e-01 7.380493963632178515e-03 6.330551396622967992e-04 9.999725633986379369e-01 -6.301868547660023634e-02
9.999649372169993056e-01 -3.653459902360374316e-03 -7.535022716919041220e-03 1.327935167760763147e+00 3.648499341780546065e-03 9.999931184275158147e-01 -6.719748249759161267e-04 1.117460299369402305e-01 7.537425897192489947e-03 6.444597382454655228e-04 9.999713855318511646e-01 -7.433515202743257166e-02
9.999711934052242235e-01 -3.961947501242403871e-03 -6.474205104025003259e-03 1.499216762402797221e+00 3.963262429979731022e-03 9.999921281401519257e-01 1.902856826710257730e-04 1.139572840295433737e-01 6.473400238104816927e-03 -2.159391750412387265e-04 9.999790240098188621e-01 -6.846260970086574804e-02
9.999715436867704366e-01 -3.974111662608125276e-03 -6.412351611583870514e-03 1.669914821794528104e+00 3.977017737105060374e-03 9.999919946075240818e-01 4.405119571092544657e-04 1.506341196644833125e-01 6.410549634486260168e-03 -4.660014578588448720e-04 9.999793436346697817e-01 -8.158538012699900754e-02
9.999697407707057728e-01 -3.966962890034633760e-03 -6.691841928539288449e-03 1.866196192338257953e+00 3.975781448941836244e-03 9.999912450043972889e-01 1.305019703189657472e-03 2.065874775782905182e-01 6.686606376759313304e-03 -1.331585515297962650e-03 9.999767578174892924e-01 -8.587169121543915262e-02
9.999669703008186028e-01 -5.063786943415229426e-03 -6.357386978430536704e-03 2.074449126237968954e+00 5.085875784490048561e-03 9.999810699803463043e-01 3.463170291291403548e-03 1.966608494114786276e-01 6.339729876466223928e-03 -3.495388784304700059e-03 9.999737946978111136e-01 -9.737579805372723052e-02
9.999656920416208905e-01 -5.791167213138822406e-03 -5.922594197792161765e-03 2.269150349096331620e+00 5.816600617196947959e-03 9.999738977813238394e-01 4.286130339420016373e-03 2.145469792328548453e-01 5.897617907450392570e-03 -4.320432656105008783e-03 9.999732756252447397e-01 -9.875459515270079702e-02
9.999675718469956953e-01 -5.922228448653809284e-03 -5.457331273191213736e-03 2.506030683750556154e+00 5.951888646118856131e-03 9.999675184098205660e-01 5.434808814426304348e-03 2.311384097913634084e-01 5.424967831019535461e-03 -5.467114001657538171e-03 9.999703397543975303e-01 -9.746529886353517969e-02
9.999667298448630115e-01 -6.569547613307184786e-03 -4.835312557354630794e-03 2.726516798599885494e+00 6.599513463109770578e-03 9.999589549059880733e-01 6.207650551894195595e-03 2.275737182397201130e-01 4.794332635628695619e-03 -6.239354732717902752e-03 9.999690419343482128e-01 -1.028501344270452839e-01
9.999597157193645947e-01 -7.684512412569131749e-03 -4.638448817070126712e-03 2.976260535190261347e+00 7.715233978443983114e-03 9.999481775613463519e-01 6.642089761516463062e-03 2.221576600089438802e-01 4.587167220123084324e-03 -6.677608907629237200e-03 9.999671831796138610e-01 -1.097695053381530922e-01
9.999576304372218560e-01 -8.280232259457398492e-03 -4.021825966628657031e-03 3.241208984062949217e+00 8.305410586552854080e-03 9.999457605418301531e-01 6.284594609813706594e-03 2.232078307926868288e-01 3.969569921941581286e-03 -6.317731250248361137e-03 9.999721640058208960e-01 -1.233634458308646153e-01
9.999471115007616540e-01 -8.781737300640331603e-03 -5.353063727048249648e-03 3.497275825580148378e+00 8.807502707368823278e-03 9.999496504604258318e-01 4.808787802757015506e-03 2.731874786905721386e-01 5.310564691535945084e-03 -4.855680596455667214e-03 9.999741097991499128e-01 -1.310737121796377302e-01
9.999208719312657756e-01 -9.898843081781186909e-03 -7.762910656410106428e-03 3.748328460030146747e+00 9.937883523169127598e-03 9.999380835302313919e-01 5.006753136308651070e-03 2.479309277976631809e-01 7.712868940741596929e-03 -5.083503863506517659e-03 9.999573339103887681e-01 -1.256130345607724408e-01
9.998778833686789991e-01 -1.061729384973100071e-02 -1.146697089378264332e-02 4.035964083963745175e+00 1.063786557385532766e-02 9.999419119848086401e-01 1.734494796112058057e-03 2.748291078679792054e-01 1.144788915927201674e-02 -1.856267080357884612e-03 9.999327477917319129e-01 -1.193457176978870160e-01
9.998260766283064704e-01 -1.083719169120357477e-02 -1.517800284279901060e-02 4.325544371832382495e+00 1.080247723003478245e-02 9.999388493688506907e-01 -2.367278731702691496e-03 2.891346260533543822e-01 1.520272935174755979e-02 2.202906976497196172e-03 9.998820051491628114e-01 -1.280343962694418525e-01
9.997961968667350430e-01 -1.096205784322178828e-02 -1.695281742527175381e-02 4.638401411283807896e+00 1.088104692968788062e-02 9.999289721088108207e-01 -4.863492071634952819e-03 2.882330636577299932e-01 1.700492718380963372e-02 4.678036474717332284e-03 9.998444621170907709e-01 -1.231107519706628739e-01
9.997641837135295972e-01 -1.126467992627035522e-02 -1.856566588567417145e-02 4.952763361366709916e+00 1.111742019415599969e-02 9.999060685493188494e-01 -8.016049305701216862e-03 3.092562347602255679e-01 1.865422021544659373e-02 7.807756681886436102e-03 9.997955085935074093e-01 -1.367011561886481430e-01
9.997530193640968843e-01 -1.136707296421734896e-02 -1.909685640616741800e-02 5.262544548796544319e+00 1.116860279657719800e-02 9.998828397498085163e-01 -1.046752527730209631e-02 3.360981589141436299e-01 1.921360413727488461e-02 1.025165479738902180e-02 9.997628423731156344e-01 -1.441832501350118201e-01
9.997434509855843698e-01 -1.183029050265735176e-02 -1.931518672074130499e-02 5.565819107463171989e+00 1.160250675605103456e-02 9.998623188259053718e-01 -1.186276650108675050e-02 3.407914799900927938e-01 1.945286735702878717e-02 1.163561853561086677e-02 9.997430661589424838e-01 -1.562854472737746914e-01
9.997160253993908618e-01 -1.257328245347695030e-02 -2.024305135076032158e-02 5.913902022385840063e+00 1.235152897786147806e-02 9.998627413285088306e-01 -1.104256469070453127e-02 3.594849685337351830e-01 2.037911410129200629e-02 1.078939624744753266e-02 9.997341049684471681e-01 -1.706477670350045883e-01
9.997601576567454185e-01 -1.309889569653891611e-02 -1.755124194154924003e-02 6.248231906387376355e+00 1.296801551682407252e-02 9.998874060950504461e-01 -7.550212319337694031e-03 3.729330937087595998e-01 1.764816522234005300e-02 7.320796680885409760e-03 9.998174574392277858e-01 -1.865610948457117335e-01
9.998659544629392437e-01 -1.391040954684241368e-02 -8.635601435600137252e-03 6.606217946998718560e+00 1.388233489791545691e-02 9.998981819106574909e-01 -3.302512610691356928e-03 4.065296171840124262e-01 8.680661478109969256e-03 3.182187612440886149e-03 9.999572589857537164e-01 -1.899737081228999869e-01
9.998703688652342825e-01 -1.575818972086406519e-02 3.305286980224567909e-03 6.977053078385971219e+00 1.576071398907768692e-02 9.998755190997814513e-01 -7.390531083627635729e-04 4.404362233783891134e-01 -3.293229396030414573e-03 7.910509868168161523e-04 9.999942644227922672e-01 -2.035661751611629877e-01
9.997282784810711531e-01 -1.683541459790235603e-02 1.612259348214880109e-02 7.326962235321934358e+00 1.684737271703999964e-02 9.998578892054981182e-01 -6.061567940732472083e-04 4.535141976442422229e-01 -1.611009738664006055e-02 8.776154297875331375e-04 9.998698388057069009e-01 -2.187741512328963689e-01
9.995785526351581574e-01 -1.816550668795816059e-02 2.264357477458252277e-02 7.680714876409179936e+00 1.827889454308252032e-02 9.998213540550358047e-01 -4.810612210279467151e-03 4.649345695424157432e-01 -2.255214238349054212e-02 5.222484305823165730e-03 9.997320273611275399e-01 -2.409940306418053013e-01
9.995556064991273360e-01 -1.988308864698035139e-02 2.220928414015146957e-02 8.037506568366772797e+00 2.006738742484628912e-02 9.997657653485779727e-01 -8.106441815824962094e-03 4.681343525780612413e-01 -2.204290085498693263e-02 8.548521675035721662e-03 9.997204775831435297e-01 -2.428351700698798965e-01
9.996051157949882304e-01 -2.068019407021983586e-02 1.902477462957603491e-02 8.435935944426839583e+00 2.083915795687490968e-02 9.997492489624557610e-01 -8.195650959748470438e-03 5.153030723324897311e-01 -1.885051649521924180e-02 8.588874910234356452e-03 9.997854216058762455e-01 -2.709722882579186920e-01
9.995717067008919043e-01 -2.253175729965072038e-02 1.867412852199128864e-02 8.807878865951698444e+00 2.263667972796618022e-02 9.997290309166712019e-01 -5.426368334985608687e-03 5.209716502489626366e-01 -1.854680279616131855e-02 5.846764524340437343e-03 9.998108978455061413e-01 -2.868133141615847870e-01
9.995825700124770785e-01 -2.348292418366634826e-02 1.682967614173322760e-02 9.214678588362644973e+00 2.351938249727953539e-02 9.997214368387452588e-01 -1.971641960751855781e-03 5.804587009175864454e-01 -1.677868809526262064e-02 2.366642528755542787e-03 9.998564270078694749e-01 -3.194937322281655168e-01
9.996279161182630713e-01 -2.477832379840152685e-02 1.140455991260857713e-02 9.628334082781025316e+00 2.477663597373496937e-02 9.996929701793881851e-01 2.892814164197777399e-04 6.374298435766087012e-01 -1.140822628122936319e-02 -6.607150072088544771e-06 9.999349240472911182e-01 -3.419270801904391033e-01
9.996488022582644684e-01 -2.601787909394505383e-02 5.034094861060527809e-03 1.003686330778062441e+01 2.600315095076393551e-02 9.996574508806977954e-01 2.969349985618299249e-03 6.592720603826380810e-01 -5.109626625212812870e-03 -2.837404828036305289e-03 9.999829202789379812e-01 -3.415636133192395674e-01
9.996222725960288713e-01 -2.748012200934769195e-02 3.937312558929310057e-04 1.045993120462423853e+01 2.747878513620322788e-02 9.996176648971677459e-01 3.072522249248084251e-03 6.628659398721320484e-01 -4.780140048984936330e-04 -3.060542416813143325e-03 9.999952022798539453e-01 -3.733212643134696251e-01
9.995875445924217173e-01 -2.871827896166816857e-02 -3.389945583915917276e-05 1.090218704025066643e+01 2.871826893217753474e-02 9.995840954416247426e-01 2.626246311361329563e-03 6.763819144512162040e-01 -4.153591729077745566e-05 -2.626136635558019676e-03 9.999965508346211340e-01 -3.903574702308381661e-01
9.995916027742063337e-01 -2.857476644349595668e-02 3.322438758106374701e-04 1.136710655693843819e+01 2.857320223468474280e-02 9.995836207893351588e-01 4.019597459745389949e-03 7.591552077813606969e-01 -4.469645949769733410e-04 -4.008462595839249430e-03 9.999918661920549345e-01 -4.029677033649728957e-01
9.995489653682808617e-01 -3.001293702085978954e-02 1.043763661534448601e-03 1.181704209757984536e+01 3.000652746588645947e-02 9.995334899205239321e-01 5.693051619015584638e-03 7.942789462502295450e-01 -1.214141934963770429e-03 -5.659164132597515814e-03 9.999832497200551451e-01 -4.220208275898888473e-01
9.995087690471538000e-01 -3.133574498187537832e-02 5.400780261168927621e-04 1.231430719868283319e+01 3.133160465985885407e-02 9.994881349683343297e-01 6.465184216940741101e-03 8.150640760223106795e-01 -7.423929429438533463e-04 -6.445086807137755981e-03 9.999789546329296286e-01 -4.444892161829505639e-01
9.994747346326353643e-01 -3.240347949047765047e-02 -5.189874114769851311e-04 1.280047982182743915e+01 3.240568670868825690e-02 9.994620890709142724e-01 5.040236000633704049e-03 8.374429750944923923e-01 3.553870586025924825e-04 -5.054406682681303851e-03 9.999871632541712518e-01 -4.460156311239058535e-01
9.994550447448498076e-01 -3.290540869124888856e-02 -2.616794400040384910e-03 1.331315758910986347e+01 3.291523682794299244e-02 9.994509005611433849e-01 3.805857601099735255e-03 9.076892248735218827e-01 2.490124219918836423e-03 -3.889915986407027106e-03 9.999893338606107296e-01 -4.668883364469833541e-01
9.994336220412456395e-01 -3.341040972783895086e-02 -4.022394229123689956e-03 1.383415286564926383e+01 3.342659232355443127e-02 9.994330686613672743e-01 4.025443051101589183e-03 9.629455715147373640e-01 3.885622106105477737e-03 -4.157618060944760600e-03 9.999838079453625683e-01 -5.060017124653305443e-01
9.993649722933782842e-01 -3.541133307536777769e-02 -3.961015385054403315e-03 1.436773724041066913e+01 3.543304132032281534e-02 9.993566329904690626e-01 5.551547599118164360e-03 9.640644156097500916e-01 3.761879297315282727e-03 -5.688373034387162429e-03 9.999767450677911063e-01 -5.069169453991819729e-01
9.993249405672528507e-01 -3.648883662102127973e-02 -4.269421775945315620e-03 1.488668399855708202e+01 3.651620307116907466e-02 9.993118057738711313e-01 6.517802868301212672e-03 1.011935810383671974e+00 4.028656540540733952e-03 -6.669306036561070856e-03 9.999696446810117934e-01 -5.321539263116947804e-01
9.992645692321610040e-01 -3.831472055807309818e-02 -1.517519627715967689e-03 1.544150495161534842e+01 3.832350563344819050e-02 9.992457811825184999e-01 6.259209606759927845e-03 1.057009544699665460e+00 1.276555218859433795e-03 -6.312763063434403445e-03 9.999792594995549067e-01 -5.421865328358349556e-01
9.992208253116532379e-01 -3.944385054929759604e-02 1.387413904834500179e-03 1.600081706747953447e+01 3.943832629152367597e-02 9.992147577387726631e-01 3.806092007437476485e-03 1.085386465718301219e+00 -1.536451373120849414e-03 -3.748409114603502325e-03 9.999917943394773800e-01 -5.576335140257067113e-01
9.992106073230073715e-01 -3.965173300844270637e-02 2.429461383492322046e-03 1.656509221106336227e+01 3.964626664462638644e-02 9.992112256237974943e-01 2.258346415336146169e-03 1.129820285122177026e+00 -2.517092435706531905e-03 -2.160244619401007447e-03 9.999944987792954709e-01 -5.862763571331919277e-01
9.991817077362867838e-01 -4.036971157414839112e-02 2.490243485623644219e-03 1.714735513140590584e+01 4.036441286661717615e-02 9.991827277911422556e-01 2.142582037035005351e-03 1.183653618652080741e+00 -2.574703697688609377e-03 -2.040311562537611926e-03 9.999946040002399839e-01 -6.170975713161047649e-01
9.991400511540088347e-01 -4.138148737006647204e-02 2.594355990520777391e-03 1.772950975823134101e+01 4.137145145049668515e-02 9.991365724065044418e-01 3.809551766424781275e-03 1.245469424560747163e+00 -2.749760870279132578e-03 -3.698943473872365068e-03 9.999893782597559788e-01 -6.354437787818766337e-01
9.990627721747687984e-01 -4.323349228645090997e-02 2.107699974737035215e-03 1.830039824392339298e+01 4.322122120779226667e-02 9.990500764405907397e-01 5.556149868099945904e-03 1.283260343033091777e+00 -2.345909583339730875e-03 -5.459845122994640143e-03 9.999823432438493809e-01 -6.523769128439657061e-01
9.990274057857871925e-01 -4.394378225759971307e-02 3.631320671143285425e-03 1.887648185920069466e+01 4.392481309417777674e-02 9.990215751429454283e-01 5.148125246123687326e-03 1.359022163829144869e+00 -3.853995791585213861e-03 -4.983613127530272385e-03 9.999801549614040219e-01 -6.665173766871167471e-01
9.989584306925201052e-01 -4.545631719888410666e-02 3.972024049767787328e-03 1.945583144205736659e+01 4.544684352762972529e-02 9.989637694547820468e-01 2.443712353798884514e-03 1.418007996397677717e+00 -4.078990281018191576e-03 -2.260651102537079762e-03 9.999891255883135432e-01 -6.894754653685704060e-01
9.988896491057053240e-01 -4.699237308917181277e-02 3.344515051383414178e-03 2.006415605403935842e+01 4.698956541321355762e-02 9.988949628362222555e-01 9.132155821607896174e-04 1.433614805784863000e+00 -3.383733405304566698e-03 -7.550442836399954595e-04 9.999939901101263517e-01 -7.049862440654062201e-01
9.988715125809830564e-01 -4.743522411053403831e-02 2.366615254421034886e-03 2.068164297965818221e+01 4.743691901322397153e-02 9.988740141745581225e-01 -6.652227728019968018e-04 1.489288645628323415e+00 -2.332395487878988639e-03 7.767370134314771765e-04 9.999969783008847424e-01 -7.302514127353423312e-01
9.988438558408245793e-01 -4.806726628196745371e-02 6.996865102058371418e-04 2.129143716057817315e+01 4.806769710865330808e-02 9.988438923636014932e-01 -6.125215104271653638e-04 1.570231531363350364e+00 -6.694353627431676602e-04 6.454456665041005247e-04 9.999995676279999079e-01 -7.574845480732081970e-01
9.988130734779823161e-01 -4.870470133488283282e-02 -5.443503894665563132e-04 2.189844484533731261e+01 4.870464130170017170e-02 9.988132171654392488e-01 -1.230093403996275806e-04 1.629632522291095453e+00 5.496954969539157368e-04 9.635094688964195562e-05 9.999998442756656836e-01 -7.742948276540135844e-01
9.987849658213022730e-01 -4.925427638834659755e-02 -1.615025324989251840e-03 2.249449021854611530e+01 4.925468358538965391e-02 9.987862287016263663e-01 2.133093660345529961e-04 1.701924168909801471e+00 1.602558655132744298e-03 -2.925977492289213262e-04 9.999986730952766800e-01 -8.011173228953494263e-01
9.987297264200661884e-01 -5.033468083962749223e-02 -2.313756614815816893e-03 2.310767874597810234e+01 5.033774537696709267e-02 9.987314243274052483e-01 1.285865979045507828e-03 1.733953873106712784e+00 2.246097785804165945e-03 -1.400701868805862395e-03 9.999964965333685285e-01 -8.184476120213293182e-01
9.987299935569230458e-01 -5.030484779712526833e-02 -2.796829972743386950e-03 2.374980363210902468e+01 5.030867256516648178e-02 9.987328520961114009e-01 1.314385292703677214e-03 1.800454599076408924e+00 2.727166023409653608e-03 -1.453420818232448349e-03 9.999952250553029165e-01 -8.369346664165239202e-01
9.987009382508788002e-01 -5.090847899839048840e-02 -2.182361767614840898e-03 2.438667926093301830e+01 5.091052873319364125e-02 9.987028179304021647e-01 8.941599300800887398e-04 1.825213730057672734e+00 2.134010525038830975e-03 -1.004103552593703548e-03 9.999972188837000786e-01 -8.550977294855610644e-01
9.987008938770622901e-01 -5.094494043534122940e-02 -1.066589516291872918e-03 2.501603463419600715e+01 5.094593328628212181e-02 9.987009840860695542e-01 9.253470192402596427e-04 1.862508514525741399e+00 1.018062250759362844e-03 -9.784832936025761058e-04 9.999990030593519652e-01 -8.864866294906578181e-01
9.987312454729551092e-01 -5.033017602942278790e-02 1.665141701825655291e-03 2.566978435472668352e+01 5.032601480973408759e-02 9.987298306425178573e-01 2.453083394008599618e-03 1.923640217499772209e+00 -1.786490808895437347e-03 -2.366171087400848524e-03 9.999956048328286773e-01 -9.125206003122465770e-01
9.987601577936539021e-01 -4.959622815720891170e-02 4.285015352793702763e-03 2.633135925933581944e+01 4.958612623261551139e-02 9.987668892588561498e-01 2.432489554123778899e-03 2.012392903957584078e+00 -4.400373761252557477e-03 -2.216996338715756121e-03 9.999878607453169810e-01 -9.333780466967220857e-01
9.987946639157428974e-01 -4.882049009052355504e-02 5.077310386343573262e-03 2.700085149535326323e+01 4.881159733758429209e-02 9.988062699107451703e-01 1.860954684328575311e-03 2.082344177711931810e+00 -5.162102167888085388e-03 -1.610879978360249976e-03 9.999853787765616842e-01 -9.643469515980765960e-01
9.988106081406221692e-01 -4.852814845268475785e-02 4.731582559224758316e-03 2.767097652835451882e+01 4.852192627595737495e-02 9.988211066190012533e-01 1.421141394908730831e-03 2.121095275860710672e+00 -4.794969888448425560e-03 -1.189865600795292225e-03 9.999877961673436788e-01 -9.827188259555443839e-01
9.988703868080784920e-01 -4.746868455754783833e-02 2.162023185724794815e-03 2.838947308564247507e+01 4.746470641902318655e-02 9.988711920761462748e-01 1.855609046782315252e-03 2.186536715960135879e+00 -2.247665997325035310e-03 -1.750893130542472559e-03 9.999959411771679463e-01 -1.020625569603813343e+00
9.989245018312008506e-01 -4.636596203429373120e-02 -1.928883656573331345e-04 2.907175496171862150e+01 4.636631477080602193e-02 9.989208294015763379e-01 2.709509594260416619e-03 2.261735096489152053e+00 6.705118722530465562e-05 -2.715539044331139774e-03 9.999963106691128756e-01 -1.046691332368254290e+00
9.989566252329228346e-01 -4.558174792499586347e-02 -2.822261389705391175e-03 2.978982426098129466e+01 4.558995323797682131e-02 9.989559854983471876e-01 2.914652772632917062e-03 2.309497096649626435e+00 2.686459939916039947e-03 -3.040278462257176538e-03 9.999917697860634114e-01 -1.070323925588345659e+00
9.990167818525638177e-01 -4.413961589417305514e-02 -4.142932012696955678e-03 3.050003568874221216e+01 4.415049778633037963e-02 9.990215781253484195e-01 2.572933181710682863e-03 2.345930280296632642e+00 4.025310195028456751e-03 -2.753315937769778166e-03 9.999881079938803818e-01 -1.078220023258726901e+00
9.991206232087116446e-01 -4.160007347305435393e-02 -5.235853900944622240e-03 3.123372663589756471e+01 4.161375431842078559e-02 9.991305652006370330e-01 2.531626627620843679e-03 2.417097772285644819e+00 5.125985813643392681e-03 -2.747283911801360647e-03 9.999830882072687777e-01 -1.111253597280152716e+00
9.992570675008949355e-01 -3.846848568638872728e-02 -2.342788617880364656e-03 3.194919868704734967e+01 3.847974850139716102e-02 9.992470268270113865e-01 4.968735517947957259e-03 2.487645467938372157e+00 2.149884829749485176e-03 -5.055193999660187454e-03 9.999849113905892040e-01 -1.139504077344331456e+00
9.993668600565877025e-01 -3.555046474723430605e-02 1.429502323308079774e-03 3.266777627841785403e+01 3.554025241548608438e-02 9.993462703008213488e-01 6.627404777232025201e-03 2.551794819121067093e+00 -1.664175135082927642e-03 -6.572403829147505094e-03 9.999770167503982954e-01 -1.167804186207072492e+00
9.994277471416700420e-01 -3.340790587418080576e-02 5.300006455467611878e-03 3.340474218938935280e+01 3.337907406781057823e-02 9.994279678952296964e-01 5.438235300833053378e-03 2.595269975622765735e+00 -5.478654734671473299e-03 -5.258213947100953516e-03 9.999711673485315311e-01 -1.172036381730365617e+00
9.995099294295334280e-01 -3.090270026266035003e-02 4.992403053164885113e-03 3.414406169680253811e+01 3.089299937907679511e-02 9.995206789508427336e-01 2.008715761567970472e-03 2.618693314110043247e+00 -5.052084830388242631e-03 -1.853501044667269903e-03 9.999855203815423144e-01 -1.212632641549532320e+00
9.996291912633606946e-01 -2.698705652465472823e-02 3.630255403484869848e-03 3.488624101715016934e+01 2.698401501663308735e-02 9.996354741068611549e-01 8.842175824582543383e-04 2.696986930323595821e+00 -3.652794511269486389e-03 -7.859308405317395928e-04 9.999930196781237068e-01 -1.257195423756209518e+00
9.997135999822875929e-01 -2.378725269895056935e-02 2.623855844171899508e-03 3.559011976919020270e+01 2.378039700487486266e-02 9.997137894232092092e-01 2.613800944555687896e-03 2.731244597543281749e+00 -2.685280012450224837e-03 -2.550656018260901142e-03 9.999931416890474045e-01 -1.265746736375866766e+00
9.997895660047992905e-01 -2.050924714153738379e-02 4.410097759536367587e-04 3.632694591546201224e+01 2.050732460460528636e-02 9.997817255457672747e-01 3.993858070761758736e-03 2.788116532240828782e+00 -5.228245370069557968e-04 -3.983973696622377866e-03 9.999919272714595797e-01 -1.297703186481420579e+00
9.998404533571586539e-01 -1.779914981111287847e-02 -1.502696427454248192e-03 3.707150478911856339e+01 1.780808537785587287e-02 9.998224562397372006e-01 6.158578887521383265e-03 2.816398035944448264e+00 1.392812164837434283e-03 -6.184356453212309056e-03 9.999799067028962707e-01 -1.319437702427771031e+00
9.998896702152719751e-01 -1.479115926712330081e-02 -1.367115331374720976e-03 3.778277237808379141e+01 1.480074546358949375e-02 9.998638863680178179e-01 7.290176319238226774e-03 2.818269044912616650e+00 1.259099089318365707e-03 -7.309606321693343581e-03 9.999724917841016358e-01 -1.322784216779504085e+00
9.999380392977558207e-01 -1.081885503470936954e-02 -2.621057248082217950e-03 3.851633440319082524e+01 1.083472996503541397e-02 9.999225731770304826e-01 6.120153397651895491e-03 2.868009670690053081e+00 2.554641255547298023e-03 -6.148172636155404755e-03 9.999778366450385869e-01 -1.332752237513977978e+00
9.999616745091447489e-01 -6.081140556775364164e-03 -6.298352355650315738e-03 3.922577060820496797e+01 6.112633589419902772e-03 9.999688519450821156e-01 4.993080235280797016e-03 2.906762581970472326e+00 6.267792551503249647e-03 -5.031388393197050793e-03 9.999676994320206846e-01 -1.369084200532967976e+00
9.999608674330371372e-01 -2.069018219336332676e-03 -8.601323513038853716e-03 3.993108107407223173e+01 2.128299739525681307e-03 9.999740076778678155e-01 6.888708796443709058e-03 2.893738538643006564e+00 8.586847080659794698e-03 -6.906745418177821956e-03 9.999392796189885413e-01 -1.389925458912066203e+00
9.999596549883008612e-01 3.074319515298974768e-03 -8.440198765198450928e-03 4.067278884112380410e+01 -2.994144137408269023e-03 9.999504341877647473e-01 9.495486748199458149e-03 2.926466234522395293e+00 8.468972580108478573e-03 -9.469832481024134663e-03 9.999192961315521710e-01 -1.424104269257119748e+00
9.999442316750550841e-01 7.974755879080627774e-03 -6.923641271245851644e-03 4.136580679888118084e+01 -7.899201848873032422e-03 9.999096961308077125e-01 1.087208322938128247e-02 2.954264267793878407e+00 7.009718249301520251e-03 -1.081678567158015844e-02 9.999169270483425631e-01 -1.432750706830461906e+00
9.998994951041899615e-01 1.247822614251816939e-02 -6.730049236242927231e-03 4.206585104070327219e+01 -1.240167032025413230e-02 9.998592504431346173e-01 1.129946355189991730e-02 2.936888105367069457e+00 6.870099246284992571e-03 -1.121486404862596237e-02 9.999135105401452117e-01 -1.464177304470100527e+00
9.998116464508850498e-01 1.868563918070292873e-02 -5.245808763102514580e-03 4.276756824756409969e+01 -1.861632511795378864e-02 9.997426383871798050e-01 1.296493076507789291e-02 2.963281651421522778e+00 5.486716711577736827e-03 -1.286483109291373245e-02 9.999021912470628104e-01 -1.463990212816967063e+00
9.996956775367749071e-01 2.453088661437314785e-02 -2.605362969218756857e-03 4.344224389321043134e+01 -2.449370782430601926e-02 9.996094495077109121e-01 1.345387423415962333e-02 2.962617156860185119e+00 2.934380906790743076e-03 -1.338596491866845400e-02 9.999060982671773568e-01 -1.476830133795699052e+00
9.995078266841745940e-01 3.134182560298788556e-02 1.339539081153400457e-03 4.412560001841995216e+01 -3.135656001234035650e-02 9.994244226010590149e-01 1.294564222942990762e-02 3.006219818218028195e+00 -9.330280116598228726e-04 -1.298127406735542257e-02 9.999153044044868377e-01 -1.507655500101379165e+00
9.992760248138781165e-01 3.767496897253608951e-02 5.293670285556844116e-03 4.483799147677522257e+01 -3.773638687462473745e-02 9.992153693158990491e-01 1.202542425613760922e-02 2.968021853514128061e+00 -4.836459223687715470e-03 -1.221648213725605621e-02 9.999136793875598173e-01 -1.516932266916284355e+00
9.990189606687269741e-01 4.371908421080186041e-02 7.053927994050747732e-03 4.553151278419277759e+01 -4.379364275608272489e-02 9.989823695025085160e-01 1.078620773516682750e-02 2.957976299904912398e+00 -6.575186577507932326e-03 -1.108454324374193688e-02 9.999169464623292036e-01 -1.556148050211775491e+00
9.987570824902025635e-01 4.938195619629726085e-02 6.761107741020275230e-03 4.623294476530169561e+01 -4.944680500859285899e-02 9.987288160868476039e-01 9.785979368763438394e-03 2.938197590996673547e+00 -6.269262325098655733e-03 -1.010813137976780164e-02 9.999292585127752542e-01 -1.582060753902080341e+00
9.984797664853949373e-01 5.481360553900460619e-02 5.798669423726383193e-03 4.691322091333901767e+01 -5.487077558526759491e-02 9.984412830305164910e-01 1.020795410683503907e-02 2.918399059697853737e+00 -5.230096169522878424e-03 -1.051061312152871963e-02 9.999310841782382830e-01 -1.598390331469780712e+00
9.981773013837621500e-01 6.023735213884735124e-02 3.679185987507578061e-03 4.761636659709392205e+01 -6.027168589892065859e-02 9.981312198742836594e-01 1.006934909397407679e-02 2.916671763814489893e+00 -3.065759470672609760e-03 -1.027274644751684229e-02 9.999425342484902224e-01 -1.631137042014085825e+00
9.978427778111264024e-01 6.561803667974888676e-02 2.015944560262738095e-03 4.832426720701796086e+01 -6.563559301322283157e-02 9.977890597178450394e-01 1.043844994149689329e-02 2.881997090272902184e+00 -1.326536836086996633e-03 -1.054824960236027537e-02 9.999434857682452105e-01 -1.646097132076812519e+00
9.975225592022121113e-01 7.032247610415572059e-02 1.869020398391410022e-03 4.898975162524489946e+01 -7.033890483717648856e-02 9.974619700155894497e-01 1.104793369485555267e-02 2.860398819361408496e+00 -1.087358715322041692e-03 -1.115202794112985819e-02 9.999372229914358368e-01 -1.681240619129179992e+00
9.971397173748897114e-01 7.544048906183704883e-02 4.595284935232533605e-03 4.967911609093892622e+01 -7.548602701545899241e-02 9.970893629729740137e-01 1.070803303927331078e-02 2.846343532287839206e+00 -3.774090479377223157e-03 -1.102428484118666598e-02 9.999321083877614758e-01 -1.696576585515086055e+00
9.967326343151194923e-01 8.061175158235368843e-02 5.079487972927476148e-03 5.036504730330980806e+01 -8.065389672465393678e-02 9.967039821899863483e-01 8.724725196371168473e-03 2.807967873033775597e+00 -4.359430509948782929e-03 -9.105898827037148258e-03 9.999490376875116437e-01 -1.717518405087065325e+00
9.962897867422364495e-01 8.595729222009472481e-02 4.243200124712073924e-03 5.105869093204094611e+01 -8.597974338281018369e-02 9.962821037815702274e-01 5.427099814333465576e-03 2.782734128240664351e+00 -3.760925542366082199e-03 -5.771793374495771088e-03 9.999762706386121636e-01 -1.743494033721333825e+00
9.959855045181310595e-01 8.950201515145064790e-02 1.504683884893996118e-03 5.175187776581606869e+01 -8.950607546630459654e-02 9.959820794341671668e-01 2.891349271982113136e-03 2.709513218490815945e+00 -1.239856598218724458e-03 -3.014420312747490092e-03 9.999946879987883230e-01 -1.769201161099349218e+00
