1.000000000000000000e+00 0.000000000000000000e+00 0.000000000000000000e+00 0.000000000000000000e+00 0.000000000000000000e+00 1.000000000000000000e+00 0.000000000000000000e+00 0.000000000000000000e+00 0.000000000000000000e+00 0.000000000000000000e+00 1.000000000000000000e+00 0.000000000000000000e+00
9.999999995969379718e-01 2.445824693239746458e-05 -1.441936943031318940e-05 -5.761853747959144213e-03 -2.445783138483994602e-05 9.999999992856635211e-01 2.881817725320418749e-05 2.467926568531931663e-03 1.442007426210830781e-05 -2.881782457508247510e-05 9.999999994807972081e-01 1.373867411082757214e-03
9.999999879963147320e-01 1.249787102051146972e-04 -9.158434537637274726e-05 2.796529006579742682e-03 -1.249760077099542612e-04 9.999999917549784456e-01 2.951339412703467559e-05 3.228408344901271057e-03 9.158803316718963476e-05 -2.950194792691131340e-05 9.999999953706336653e-01 -4.070154608979068001e-03
9.999999983636920220e-01 -1.068107059389323399e-05 -5.620080686382795932e-05 -8.519003696827320490e-03 1.068461820822131376e-05 9.999999979506009051e-01 6.312398224329486399e-05 -3.790949079645203681e-04 5.620013251693957109e-05 -6.312458262416892210e-05 9.999999964284160825e-01 -4.478580889623537398e-04
9.999999991031375268e-01 -1.867901454033311183e-05 -3.801077989812666708e-05 -2.061955182936756753e-03 1.868003502951402257e-05 9.999999994651425084e-01 2.684718442600008496e-05 -2.788004628528490715e-03 3.801027839884805267e-05 -2.684789444462184905e-05 9.999999989172047021e-01 -1.540552754132526979e-04
9.999999974505446865e-01 -4.460851669351761949e-05 -5.575832486498155178e-05 -4.608216335320041747e-03 4.461035594607100667e-05 9.999999984609416748e-01 3.298534310076020869e-05 1.980756780850792195e-04 5.575685335193787938e-05 -3.298783041538473870e-05 9.999999979014881912e-01 -2.112074663336189605e-03
9.999999782130877257e-01 2.087065989931377683e-04 -3.921682486180507241e-06 -7.558892039185625446e-03 -2.087066986864938235e-04 9.999999778972139541e-01 -2.543787753394898324e-05 2.967531414368350644e-03 3.916373346594684022e-06 2.543869546114116610e-05 9.999999996687674031e-01 6.284167529161787530e-05
9.999999851095120462e-01 1.400269071761884351e-04 -1.008634771815661925e-04 -9.605598944688719526e-04 -1.400240700337379910e-04 9.999999898008392618e-01 2.813505343571425540e-05 2.684905122634816815e-03 1.008674158173592184e-04 -2.812092970217685873e-05 9.999999945174888882e-01 -2.642870803503914734e-03
9.999999987149645886e-01 4.305767172884978093e-05 -2.676018925524927726e-05 -6.080853966497355018e-03 -4.305744068573832614e-05 9.999999990357523183e-01 8.634353117902686346e-06 -9.607455377609562530e-04 2.676056100458796671e-05 -8.633200881545639044e-06 9.999999996046701201e-01 -1.137654903533323776e-03
9.999999990225666435e-01 -4.035738057108349033e-05 -1.805958099566117915e-05 -1.948581450516229802e-03 4.035783444570429306e-05 9.999999988698036191e-01 2.513240952761261961e-05 -3.071521020560565203e-03 1.805856669703433278e-05 -2.513313834862734877e-05 9.999999995211067416e-01 -5.865629279844272563e-04
9.999999836720150359e-01 1.696079374858301811e-04 -6.236278657040459088e-05 -2.616784838011945464e-03 -1.696075225248872410e-04 9.999999855944714522e-01 6.659211732797126098e-06 4.035394762780196085e-03 6.236391512720297842e-05 -6.648634426337663239e-06 9.999999980332688887e-01 -1.333778459806804050e-03
9.999999919455994091e-01 1.242324229274230894e-04 -2.598280804931255722e-05 -2.733023761201172196e-03 -1.242324759341189644e-04 9.999999922810682840e-01 -2.038464019367503109e-06 3.446103247399636207e-03 2.598255460542885916e-05 2.041691911524583873e-06 9.999999996603691210e-01 -2.191903489778218670e-03
9.999999917116930703e-01 1.266228262038572366e-04 -2.330823285250397956e-05 2.199175306733255376e-03 -1.266234750991188161e-04 9.999999915957045182e-01 -2.784037499088838551e-05 8.765994439919682323e-04 2.330470742965078430e-05 2.784332612958101728e-05 9.999999993408199561e-01 -6.502883299332557973e-04
9.999999438408961883e-01 -1.180163188281315150e-04 3.136723656897285272e-04 -2.426955885571314628e-02 1.180887920185729302e-04 9.999999663380217951e-01 -2.310389414894512396e-04 1.788379113643551914e-03 -3.136450887655156997e-04 2.310759697052652427e-04 9.999999241153243457e-01 2.095754858118765301e-03
9.999993678003328279e-01 1.423752736433980392e-04 -1.115404956126723546e-03 -9.569431342090553572e-02 -1.434419857616952914e-04 9.999995324347428216e-01 -9.563235291307185413e-04 2.792906459834004068e-02 1.115268277777966633e-03 9.564829204451369199e-04 9.999989206579632528e-01 -9.608370063589617704e-03
9.999984394036056656e-01 8.487804752538116889e-05 -1.764648993479585445e-03 -1.241315476435874698e-01 -8.575820132000149638e-05 9.999998719718063978e-01 -4.987002121755624174e-04 4.040872409822133388e-02 1.764606438854452721e-03 4.988507670294513568e-04 9.999983186546006486e-01 1.887044175445030947e-03
9.999972817107685152e-01 -9.028883298129118911e-05 -2.329896778935437555e-03 -1.334730682919043621e-01 9.025811986695355044e-05 9.999999958384594434e-01 -1.328732094578792602e-05 3.509519879403558834e-02 2.329897968936179599e-03 1.307699272425570123e-05 9.999972856985396286e-01 -1.110393564159343691e-03
9.999963687244474153e-01 9.422692462639033401e-05 -2.693261815275006538e-03 -8.372270399186659828e-02 -9.403110876135244438e-05 9.999999929267979759e-01 7.283237385452364277e-05 3.231732707327312354e-02 2.693268658995622792e-03 -7.257885898543010340e-05 9.999963705115332280e-01 -9.744507672010668808e-03
9.999961995503762191e-01 4.843402392948381097e-04 -2.714092728101738603e-03 -3.726473838134390648e-02 -4.841068497292351524e-04 9.999998790663302550e-01 8.664804036369738456e-05 4.515530452665345029e-02 2.714134367009149191e-03 -8.533380018171063690e-05 9.999963130895935803e-01 -1.808694418843462270e-02
9.999967315961574288e-01 6.068910187961404530e-04 -2.483642545538867000e-03 -4.831875709405051428e-03 -6.063111794098040731e-04 9.999997887662924745e-01 2.342095730844531633e-04 4.659004036439894081e-02 2.483784160596264751e-03 -2.327029473519664821e-04 9.999968883279496401e-01 -1.797065905753995885e-02
9.999970771928624602e-01 1.462189108145461143e-04 -2.413343274859839835e-03 -1.679846000934372835e-02 -1.456238341964549666e-04 9.999999589536794353e-01 2.467515719492720380e-04 3.662130517804865204e-02 2.413379255547070702e-03 -2.463994104410990871e-04 9.999970574396204182e-01 -1.457226613043884067e-02
9.999968727376968847e-01 1.041346750770841750e-04 -2.498733838547822269e-03 -1.263473380161446447e-02 -1.038680982262860482e-04 9.999999889010611209e-01 1.068143047828336935e-04 4.444204956704175813e-02 2.498744933887450236e-03 -1.065544320147012851e-04 9.999968724550634125e-01 -1.162582271027620164e-02
9.999970413125907065e-01 -2.121806749731759280e-05 -2.432471142372094434e-03 -1.096026370192639335e-02 2.130396629827812074e-05 9.999999991504672225e-01 3.528748428456649888e-05 4.384544083045203294e-02 2.432470391573407324e-03 -3.533920116316966711e-05 9.999970409150894524e-01 -8.368840021243743529e-03
9.999972830573872207e-01 -2.328409372617729674e-04 -2.319410041733612274e-03 -9.588811577492152224e-03 2.329764514503730971e-04 9.999999711699182336e-01 5.815613252836767820e-05 5.661831618238325620e-02 2.319396433736425726e-03 -5.869634244247447772e-05 9.999973084738391638e-01 -7.923228652580655354e-04
9.999965341040958355e-01 -5.456287720906661826e-04 -2.575668658621927537e-03 -1.556059521857040828e-02 5.458612692119009513e-04 9.999998470068179879e-01 8.956458727999240305e-05 6.131503731724536471e-02 2.575619395546403269e-03 -9.097023462152087900e-05 9.999966789490581931e-01 3.830953858001080129e-03
9.999920158073531962e-01 4.161538689699150113e-04 -3.974309688943351675e-03 5.008987994490895351e-02 -4.188541028159841590e-04 9.999996820221290772e-01 -6.786139412954556461e-04 8.780461177918583160e-02 3.974026017383611338e-03 6.802731790300907844e-04 9.999918721397764720e-01 -7.370405033034951522e-03
9.999753511286396668e-01 5.391710148453369468e-04 -7.000459254259829012e-03 1.652808329489307282e-01 -5.475045091513635210e-04 9.999991437824968799e-01 -1.188559247796264467e-03 9.674710742351480541e-02 6.999812423648247781e-03 1.192362734160099230e-03 9.999747901308032594e-01 -3.985525682995019747e-02
9.999730847622007035e-01 1.377887676168149632e-04 -7.335582146228863433e-03 2.215832697643328186e-01 -1.444642125889798040e-04 9.999995759818389729e-01 -9.094867967498874604e-04 9.312921968585347043e-02 7.335453718743923344e-03 9.105220467951143136e-04 9.999726806609980923e-01 -3.594956113189582553e-02
9.999728479477797416e-01 -8.720472146739931350e-04 -7.317301474044781741e-03 2.926239263059118301e-01 8.661098494535423350e-04 9.999992931854844169e-01 -8.145442040107059517e-04 7.217115639524285253e-02 7.318006623074221721e-03 8.081845005858517275e-04 9.999728964411374044e-01 -3.084291471695797468e-02
9.999724661274870252e-01 -1.651012459051047487e-03 -7.234718016058624274e-03 3.723575692024655992e-01 1.646910411591746056e-03 9.999984797257124303e-01 -5.729156657694870793e-04 6.391784939935175880e-02 7.235652908205016803e-03 5.609849587570078615e-04 9.999736649646669973e-01 -3.103558785478686272e-02
9.999720583542155428e-01 -1.896057442533991260e-03 -7.231008021565001227e-03 4.648664891548880962e-01 1.892048935365496769e-03 9.999980526287276517e-01 -5.611502282610949816e-04 6.866117253037296031e-02 7.232057913174384269e-03 5.474531277713636304e-04 9.999736984708215148e-01 -3.007254276848994254e-02
9.999703917500559758e-01 -2.171779918529135114e-03 -7.382343477856304417e-03 5.870965891199318998e-01 2.166276376719762121e-03 9.999973698026937141e-01 -7.534151274286885955e-04 5.962542764897475062e-02 7.383960312680440743e-03 7.374006238443726793e-04 9.999724663061582142e-01 -3.331533251520712308e-02
9.999694834580488134e-01 -1.972890120524931762e-03 -7.559091031030642019e-03 7.396852546215697544e-01 1.966783184418002296e-03 9.999977335700973580e-01 -8.152414206978551023e-04 7.510708120276636535e-02 7.560682280625430005e-03 8.003494492195239963e-04 9.999710973444235762e-01 -3.831465916800950305e-02
9.999685409012188941e-01 -2.212953194183224764e-03 -7.617089079666057236e-03 8.805950784885250293e-01 2.209342094135515345e-03 9.999974430163645067e-01 -4.824606139367523328e-04 9.995589310452955567e-02 7.618137265650609669e-03 4.656166806221543079e-04 9.999708731686680618e-01 -4.874210491672375384e-02
9.999695119496641027e-01 -2.353276785532756096e-03 -7.445620156933711702e-03 1.012532488738227432e+00 2.349441520875616366e-03 9.999971028705645359e-01 -5.238081877454751553e-04 1.125036044776700495e-01 7.446831251656683449e-03 5.062991687097124181e-04 9.999721437947465263e-01 -6.064065542268538833e-02
9.999683035180915169e-01 -2.991434886924702365e-03 -7.378568727557447728e-03 1.150487377867218886e+00 2.986681771261876991e-03 9.999953252683271288e-01 -6.551133411670678232e-04 1.136282215488322173e-01 7.380493963632173311e-03 6.330551396623027623e-04 9.999725633986379369e-01 -6.301868547659959796e-02
9.999649372169993056e-01 -3.653459902360405975e-03 -7.535022716919040353e-03 1.327935167760764701e+00 3.648499341780577724e-03 9.999931184275158147e-01 -6.719748249759205719e-04 1.117460299369366500e-01 7.537425897192489080e-03 6.444597382454697512e-04 9.999713855318511646e-01 -7.433515202743246064e-02
9.999711934052242235e-01 -3.961947501242395198e-03 -6.474205104025003259e-03 1.499216762402799663e+00 3.963262429979722348e-03 9.999921281401519257e-01 1.902856826710259356e-04 1.139572840295377948e-01 6.473400238104816927e-03 -2.159391750412388350e-04 9.999790240098188621e-01 -6.846260970086553987e-02
9.999715436867704366e-01 -3.974111662608245839e-03 -6.412351611583866177e-03 1.669914821794536541e+00 3.977017737105180938e-03 9.999919946075240818e-01 4.405119571092548994e-04 1.506341196644753744e-01 6.410549634486255831e-03 -4.660014578588460646e-04 9.999793436346697817e-01 -8.158538012699874387e-02
9.999697407707057728e-01 -3.966962890034686669e-03 -6.691841928539282378e-03 1.866196192338262838e+00 3.975781448941889153e-03 9.999912450043972889e-01 1.305019703189661592e-03 2.065874775782914341e-01 6.686606376759307233e-03 -1.331585515297967204e-03 9.999767578174892924e-01 -8.587169121543838934e-02
9.999669703008186028e-01 -5.063786943415170445e-03 -6.357386978430537572e-03 2.074449126237972507e+00 5.085875784489987846e-03 9.999810699803463043e-01 3.463170291291399645e-03 1.966608494114779615e-01 6.339729876466224795e-03 -3.495388784304696156e-03 9.999737946978111136e-01 -9.737579805372716113e-02
9.999656920416208905e-01 -5.791167213138836284e-03 -5.922594197792164367e-03 2.269150349096332508e+00 5.816600617196961837e-03 9.999738977813238394e-01 4.286130339420016373e-03 2.145469792328526804e-01 5.897617907450395172e-03 -4.320432656105008783e-03 9.999732756252447397e-01 -9.875459515270085253e-02
9.999675718469956953e-01 -5.922228448653810151e-03 -5.457331273191217205e-03 2.506030683750556154e+00 5.951888646118856999e-03 9.999675184098205660e-01 5.434808814426305215e-03 2.311384097913646296e-01 5.424967831019537196e-03 -5.467114001657539038e-03 9.999703397543975303e-01 -9.746529886353517969e-02
9.999667298448630115e-01 -6.569547613307217745e-03 -4.835312557354640335e-03 2.726516798599889491e+00 6.599513463109803538e-03 9.999589549059880733e-01 6.207650551894201667e-03 2.275737182397176150e-01 4.794332635628705160e-03 -6.239354732717908823e-03 9.999690419343482128e-01 -1.028501344270459916e-01
9.999597157193645947e-01 -7.684512412569103994e-03 -4.638448817070134518e-03 2.976260535190265344e+00 7.715233978443955358e-03 9.999481775613463519e-01 6.642089761516474337e-03 2.221576600089455455e-01 4.587167220123092130e-03 -6.677608907629248476e-03 9.999671831796138610e-01 -1.097695053381537861e-01
9.999576304372218560e-01 -8.280232259457566760e-03 -4.021825966628652695e-03 3.241208984062942555e+00 8.305410586553022348e-03 9.999457605418301531e-01 6.284594609813700522e-03 2.232078307926779193e-01 3.969569921941576950e-03 -6.317731250248356800e-03 9.999721640058208960e-01 -1.233634458308641713e-01
9.999471115007616540e-01 -8.781737300640303848e-03 -5.353063727048253985e-03 3.497275825580153263e+00 8.807502707368795522e-03 9.999496504604258318e-01 4.808787802757018108e-03 2.731874786905736929e-01 5.310564691535951155e-03 -4.855680596455669816e-03 9.999741097991499128e-01 -1.310737121796378135e-01
9.999208719312657756e-01 -9.898843081781150480e-03 -7.762910656410113366e-03 3.748328460030139642e+00 9.937883523169091168e-03 9.999380835302313919e-01 5.006753136308653672e-03 2.479309277976709525e-01 7.712868940741603868e-03 -5.083503863506520261e-03 9.999573339103887681e-01 -1.256130345607728294e-01
9.998778833686789991e-01 -1.061729384973090703e-02 -1.146697089378265373e-02 4.035964083963743398e+00 1.063786557385523399e-02 9.999419119848086401e-01 1.734494796112062828e-03 2.748291078679823696e-01 1.144788915927202715e-02 -1.856267080357888082e-03 9.999327477917319129e-01 -1.193457176978878487e-01
9.998260766283064704e-01 -1.083719169120354008e-02 -1.517800284279901234e-02 4.325544371832377166e+00 1.080247723003474776e-02 9.999388493688506907e-01 -2.367278731702688894e-03 2.891346260533551593e-01 1.520272935174756153e-02 2.202906976497193570e-03 9.998820051491628114e-01 -1.280343962694416582e-01
9.997961968667350430e-01 -1.096205784322180563e-02 -1.695281742527175034e-02 4.638401411283801679e+00 1.088104692968789797e-02 9.999289721088108207e-01 -4.863492071634955421e-03 2.882330636577314920e-01 1.700492718380963025e-02 4.678036474717334886e-03 9.998444621170907709e-01 -1.231107519706626519e-01
9.997641837135295972e-01 -1.126467992627045930e-02 -1.856566588567417145e-02 4.952763361366709916e+00 1.111742019415610377e-02 9.999060685493188494e-01 -8.016049305701220332e-03 3.092562347602189621e-01 1.865422021544659373e-02 7.807756681886436970e-03 9.997955085935074093e-01 -1.367011561886485038e-01
9.997530193640968843e-01 -1.136707296421738539e-02 -1.909685640616741453e-02 5.262544548796542543e+00 1.116860279657723443e-02 9.998828397498085163e-01 -1.046752527730209631e-02 3.360981589141421866e-01 1.921360413727488115e-02 1.025165479738902180e-02 9.997628423731156344e-01 -1.441832501350115148e-01
9.997434509855843698e-01 -1.183029050265726329e-02 -1.931518672074131193e-02 5.565819107463167548e+00 1.160250675605094609e-02 9.998623188259053718e-01 -1.186276650108674703e-02 3.407914799900957359e-01 1.945286735702879410e-02 1.163561853561086330e-02 9.997430661589424838e-01 -1.562854472737750799e-01
9.997160253993908618e-01 -1.257328245347693815e-02 -2.024305135076032852e-02 5.913902022385817858e+00 1.235152897786146592e-02 9.998627413285088306e-01 -1.104256469070451913e-02 3.594849685337365708e-01 2.037911410129201323e-02 1.078939624744752052e-02 9.997341049684471681e-01 -1.706477670350048381e-01
9.997601576567454185e-01 -1.309889569653898377e-02 -1.755124194154924003e-02 6.248231906387372803e+00 1.296801551682414018e-02 9.998874060950504461e-01 -7.550212319337695765e-03 3.729330937087557141e-01 1.764816522234005300e-02 7.320796680885411495e-03 9.998174574392277858e-01 -1.865610948457113449e-01
9.998659544629392437e-01 -1.391040954684244664e-02 -8.635601435600133782e-03 6.606217946998722113e+00 1.388233489791548987e-02 9.998981819106574909e-01 -3.302512610691356494e-03 4.065296171840129813e-01 8.680661478109965787e-03 3.182187612440885716e-03 9.999572589857537164e-01 -1.899737081228994318e-01
9.998703688652342825e-01 -1.575818972086416581e-02 3.305286980224561837e-03 6.977053078385964113e+00 1.576071398907778753e-02 9.998755190997814513e-01 -7.390531083627495867e-04 4.404362233783845060e-01 -3.293229396030408502e-03 7.910509868168023829e-04 9.999942644227922672e-01 -2.035661751611633485e-01
9.997282784810711531e-01 -1.683541459790238032e-02 1.612259348214879762e-02 7.326962235321935246e+00 1.684737271704002393e-02 9.998578892054981182e-01 -6.061567940732472083e-04 4.535141976442413347e-01 -1.611009738664005708e-02 8.776154297875335712e-04 9.998698388057069009e-01 -2.187741512328961191e-01
9.995785526351581574e-01 -1.816550668795810508e-02 2.264357477458251236e-02 7.680714876409190595e+00 1.827889454308246481e-02 9.998213540550358047e-01 -4.810612210279457610e-03 4.649345695424218494e-01 -2.255214238349053171e-02 5.222484305823156189e-03 9.997320273611275399e-01 -2.409940306418058564e-01
9.995556064991273360e-01 -1.988308864698045894e-02 2.220928414015146610e-02 8.037506568366769244e+00 2.006738742484639668e-02 9.997657653485779727e-01 -8.106441815824953420e-03 4.681343525780576886e-01 -2.204290085498692917e-02 8.548521675035712988e-03 9.997204775831435297e-01 -2.428351700698804239e-01
9.996051157949882304e-01 -2.068019407021985320e-02 1.902477462957603144e-02 8.435935944426834254e+00 2.083915795687492703e-02 9.997492489624557610e-01 -8.195650959748461764e-03 5.153030723324911744e-01 -1.885051649521923833e-02 8.588874910234347779e-03 9.997854216058762455e-01 -2.709722882579187475e-01
9.995717067008919043e-01 -2.253175729965072732e-02 1.867412852199129905e-02 8.807878865951710878e+00 2.263667972796618716e-02 9.997290309166712019e-01 -5.426368334985617360e-03 5.209716502489535328e-01 -1.854680279616132202e-02 5.846764524340446016e-03 9.998108978455061413e-01 -2.868133141615848425e-01
9.995825700124770785e-01 -2.348292418366655643e-02 1.682967614173323107e-02 9.214678588362641420e+00 2.351938249727974356e-02 9.997214368387452588e-01 -1.971641960751844506e-03 5.804587009175772305e-01 -1.677868809526262411e-02 2.366642528755534981e-03 9.998564270078694749e-01 -3.194937322281653502e-01
9.996279161182630713e-01 -2.477832379840166910e-02 1.140455991260858233e-02 9.628334082781019987e+00 2.477663597373511162e-02 9.996929701793881851e-01 2.892814164197760052e-04 6.374298435766030391e-01 -1.140822628122936840e-02 -6.607150072085048219e-06 9.999349240472911182e-01 -3.419270801904384371e-01
9.996488022582644684e-01 -2.601787909394520995e-02 5.034094861060530411e-03 1.003686330778062263e+01 2.600315095076409164e-02 9.996574508806977954e-01 2.969349985618301851e-03 6.592720603826318637e-01 -5.109626625212815472e-03 -2.837404828036307024e-03 9.999829202789379812e-01 -3.415636133192394008e-01
9.996222725960288713e-01 -2.748012200934773358e-02 3.937312558929249341e-04 1.045993120462423143e+01 2.747878513620326951e-02 9.996176648971677459e-01 3.072522249248095094e-03 6.628659398721312712e-01 -4.780140048984879951e-04 -3.060542416813154167e-03 9.999952022798539453e-01 -3.733212643134701803e-01
9.995875445924217173e-01 -2.871827896166819633e-02 -3.389945583915790559e-05 1.090218704025067176e+01 2.871826893217756249e-02 9.995840954416247426e-01 2.626246311361333467e-03 6.763819144512136505e-01 -4.153591729077891256e-05 -2.626136635558023579e-03 9.999965508346211340e-01 -3.903574702308382771e-01
9.995916027742063337e-01 -2.857476644349613015e-02 3.322438758106354643e-04 1.136710655693843819e+01 2.857320223468491627e-02 9.995836207893351588e-01 4.019597459745396888e-03 7.591552077813568111e-01 -4.469645949769722026e-04 -4.008462595839256369e-03 9.999918661920549345e-01 -4.029677033649728402e-01
9.995489653682808617e-01 -3.001293702085987974e-02 1.043763661534450552e-03 1.181704209757984714e+01 3.000652746588654968e-02 9.995334899205239321e-01 5.693051619015585506e-03 7.942789462502249931e-01 -1.214141934963773248e-03 -5.659164132597516682e-03 9.999832497200551451e-01 -4.220208275898886252e-01
9.995087690471538000e-01 -3.133574498187557955e-02 5.400780261168944968e-04 1.231430719868282431e+01 3.133160465985905530e-02 9.994881349683343297e-01 6.465184216940743703e-03 8.150640760223019088e-01 -7.423929429438563821e-04 -6.445086807137758583e-03 9.999789546329296286e-01 -4.444892161829502308e-01
9.994747346326353643e-01 -3.240347949047769904e-02 -5.189874114769931542e-04 1.280047982182742317e+01 3.240568670868830548e-02 9.994620890709142724e-01 5.040236000633711855e-03 8.374429750944945017e-01 3.553870586026000177e-04 -5.054406682681311658e-03 9.999871632541712518e-01 -4.460156311239063531e-01
9.994550447448498076e-01 -3.290540869124902040e-02 -2.616794400040390548e-03 1.331315758910984570e+01 3.291523682794312428e-02 9.994509005611433849e-01 3.805857601099734821e-03 9.076892248735175528e-01 2.490124219918842061e-03 -3.889915986407027539e-03 9.999893338606107296e-01 -4.668883364469831876e-01
9.994336220412456395e-01 -3.341040972783900637e-02 -4.022394229123683884e-03 1.383415286564926916e+01 3.342659232355448679e-02 9.994330686613672743e-01 4.025443051101583979e-03 9.629455715147345884e-01 3.885622106105471665e-03 -4.157618060944755396e-03 9.999838079453625683e-01 -5.060017124653297671e-01
9.993649722933782842e-01 -3.541133307536785402e-02 -3.961015385054392907e-03 1.436773724041067446e+01 3.543304132032289167e-02 9.993566329904690626e-01 5.551547599118158288e-03 9.640644156097456507e-01 3.761879297315272753e-03 -5.688373034387156357e-03 9.999767450677911063e-01 -5.069169453991815288e-01
9.993249405672528507e-01 -3.648883662102131442e-02 -4.269421775945325161e-03 1.488668399855708380e+01 3.651620307116910935e-02 9.993118057738711313e-01 6.517802868301217877e-03 1.011935810383667977e+00 4.028656540540743493e-03 -6.669306036561076061e-03 9.999696446810117934e-01 -5.321539263116957796e-01
9.992645692321610040e-01 -3.831472055807324389e-02 -1.517519627715969207e-03 1.544150495161534131e+01 3.832350563344833622e-02 9.992457811825184999e-01 6.259209606759932182e-03 1.057009544699659020e+00 1.276555218859434012e-03 -6.312763063434409516e-03 9.999792594995549067e-01 -5.421865328358348446e-01
9.992208253116532379e-01 -3.944385054929751278e-02 1.387413904834488253e-03 1.600081706747952737e+01 3.943832629152359270e-02 9.992147577387726631e-01 3.806092007437483857e-03 1.085386465718303661e+00 -1.536451373120837488e-03 -3.748409114603509697e-03 9.999917943394773800e-01 -5.576335140257077105e-01
9.992106073230073715e-01 -3.965173300844271331e-02 2.429461383492322046e-03 1.656509221106335872e+01 3.964626664462639338e-02 9.992112256237974943e-01 2.258346415336153976e-03 1.129820285122179024e+00 -2.517092435706532773e-03 -2.160244619401015254e-03 9.999944987792954709e-01 -5.862763571331922607e-01
9.991817077362867838e-01 -4.036971157414838418e-02 2.490243485623641617e-03 1.714735513140590584e+01 4.036441286661716921e-02 9.991827277911422556e-01 2.142582037035009254e-03 1.183653618652080297e+00 -2.574703697688606775e-03 -2.040311562537615829e-03 9.999946040002399839e-01 -6.170975713161049869e-01
9.991400511540088347e-01 -4.138148737006666633e-02 2.594355990520778258e-03 1.772950975823133746e+01 4.137145145049687944e-02 9.991365724065044418e-01 3.809551766424783877e-03 1.245469424560737393e+00 -2.749760870279134312e-03 -3.698943473872367670e-03 9.999893782597559788e-01 -6.354437787818767447e-01
9.990627721747686873e-01 -4.323349228645107650e-02 2.107699974737027842e-03 1.830039824392336101e+01 4.322122120779243321e-02 9.990500764405907397e-01 5.556149868099954578e-03 1.283260343033086448e+00 -2.345909583339724370e-03 -5.459845122994648817e-03 9.999823432438493809e-01 -6.523769128439659282e-01
9.990274057857871925e-01 -4.394378225759962286e-02 3.631320671143295833e-03 1.887648185920069466e+01 4.392481309417768653e-02 9.990215751429454283e-01 5.148125246123689928e-03 1.359022163829149532e+00 -3.853995791585224269e-03 -4.983613127530274987e-03 9.999801549614040219e-01 -6.665173766871163030e-01
9.989584306925201052e-01 -4.545631719888428707e-02 3.972024049767787328e-03 1.945583144205737014e+01 4.544684352762990570e-02 9.989637694547820468e-01 2.443712353798888851e-03 1.418007996397666393e+00 -4.078990281018191576e-03 -2.260651102537083231e-03 9.999891255883135432e-01 -6.894754653685704060e-01
9.988896491057053240e-01 -4.699237308917186134e-02 3.344515051383410709e-03 2.006415605403934066e+01 4.698956541321360619e-02 9.988949628362222555e-01 9.132155821608004594e-04 1.433614805784856117e+00 -3.383733405304563228e-03 -7.550442836400060847e-04 9.999939901101263517e-01 -7.049862440654066642e-01
9.988715125809830564e-01 -4.743522411053406607e-02 2.366615254421047029e-03 2.068164297965819287e+01 4.743691901322399929e-02 9.988740141745581225e-01 -6.652227728020016807e-04 1.489288645628318974e+00 -2.332395487879000782e-03 7.767370134314827059e-04 9.999969783008847424e-01 -7.302514127353411100e-01
9.988438558408245793e-01 -4.806726628196773127e-02 6.996865102058326966e-04 2.129143716057814828e+01 4.806769710865358564e-02 9.988438923636014932e-01 -6.125215104271487755e-04 1.570231531363341926e+00 -6.694353627431638655e-04 6.454456665040839364e-04 9.999995676279999079e-01 -7.574845480732081970e-01
9.988130734779823161e-01 -4.870470133488273567e-02 -5.443503894665490490e-04 2.189844484533730551e+01 4.870464130170007455e-02 9.988132171654392488e-01 -1.230093403996299929e-04 1.629632522291100116e+00 5.496954969539086895e-04 9.635094688964477455e-05 9.999998442756656836e-01 -7.742948276540128072e-01
9.987849658213022730e-01 -4.925427638834663918e-02 -1.615025324989245552e-03 2.249449021854610820e+01 4.925468358538969554e-02 9.987862287016263663e-01 2.133093660345559235e-04 1.701924168909799251e+00 1.602558655132738010e-03 -2.925977492289240367e-04 9.999986730952766800e-01 -8.011173228953489822e-01
9.987297264200661884e-01 -5.033468083962746448e-02 -2.313756614815817327e-03 2.310767874597810945e+01 5.033774537696706491e-02 9.987314243274052483e-01 1.285865979045511948e-03 1.733953873106713006e+00 2.246097785804165511e-03 -1.400701868805866515e-03 9.999964965333685285e-01 -8.184476120213292072e-01
9.987299935569230458e-01 -5.030484779712578874e-02 -2.796829972743398226e-03 2.374980363210899625e+01 5.030867256516700220e-02 9.987328520961114009e-01 1.314385292703680683e-03 1.800454599076388051e+00 2.727166023409664016e-03 -1.453420818232453986e-03 9.999952250553029165e-01 -8.369346664165245864e-01
9.987009382508788002e-01 -5.090847899839059942e-02 -2.182361767614844801e-03 2.438667926093301830e+01 5.091052873319375227e-02 9.987028179304021647e-01 8.941599300800886314e-04 1.825213730057670070e+00 2.134010525038834878e-03 -1.004103552593703765e-03 9.999972188837000786e-01 -8.550977294855610644e-01
9.987008938770622901e-01 -5.094494043534117389e-02 -1.066589516291870749e-03 2.501603463419601425e+01 5.094593328628206630e-02 9.987009840860695542e-01 9.253470192402677742e-04 1.862508514525746062e+00 1.018062250759360242e-03 -9.784832936025841289e-04 9.999990030593519652e-01 -8.864866294906575961e-01
9.987312454729551092e-01 -5.033017602942304464e-02 1.665141701825650737e-03 2.566978435472666220e+01 5.032601480973434432e-02 9.987298306425178573e-01 2.453083394008600485e-03 1.923640217499758220e+00 -1.786490808895433661e-03 -2.366171087400849391e-03 9.999956048328286773e-01 -9.125206003122462439e-01
9.987601577936539021e-01 -4.959622815720896721e-02 4.285015352793707100e-03 2.633135925933581589e+01 4.958612623261556690e-02 9.987668892588561498e-01 2.432489554123776297e-03 2.012392903957582302e+00 -4.400373761252561813e-03 -2.216996338715753519e-03 9.999878607453169810e-01 -9.333780466967214196e-01
9.987946639157428974e-01 -4.882049009052368688e-02 5.077310386343581936e-03 2.700085149535325257e+01 4.881159733758442393e-02 9.988062699107451703e-01 1.860954684328569890e-03 2.082344177711927369e+00 -5.162102167888094062e-03 -1.610879978360243254e-03 9.999853787765616842e-01 -9.643469515980755968e-01
9.988106081406221692e-01 -4.852814845268467459e-02 4.731582559224763521e-03 2.767097652835452948e+01 4.852192627595729169e-02 9.988211066190012533e-01 1.421141394908734300e-03 2.121095275860712892e+00 -4.794969888448430764e-03 -1.189865600795295695e-03 9.999877961673436788e-01 -9.827188259555437178e-01
9.988703868080784920e-01 -4.746868455754790772e-02 2.162023185724796983e-03 2.838947308564247507e+01 4.746470641902325593e-02 9.988711920761462748e-01 1.855609046782318939e-03 2.186536715960129662e+00 -2.247665997325037478e-03 -1.750893130542475811e-03 9.999959411771679463e-01 -1.020625569603813121e+00
9.989245018312008506e-01 -4.636596203429359242e-02 -1.928883656573271985e-04 2.907175496171862150e+01 4.636631477080588315e-02 9.989208294015763379e-01 2.709509594260423124e-03 2.261735096489157826e+00 6.705118722529881448e-05 -2.715539044331146280e-03 9.999963106691128756e-01 -1.046691332368254290e+00
9.989566252329228346e-01 -4.558174792499596062e-02 -2.822261389705382935e-03 2.978982426098130176e+01 4.558995323797691845e-02 9.989559854983471876e-01 2.914652772632914460e-03 2.309497096649625547e+00 2.686459939916031707e-03 -3.040278462257173936e-03 9.999917697860634114e-01 -1.070323925588345215e+00
9.990167818525638177e-01 -4.413961589417316617e-02 -4.142932012696946137e-03 3.050003568874221571e+01 4.415049778633049066e-02 9.990215781253484195e-01 2.572933181710675057e-03 2.345930280296627757e+00 4.025310195028447210e-03 -2.753315937769770360e-03 9.999881079938803818e-01 -1.078220023258726235e+00
9.991206232087116446e-01 -4.160007347305440945e-02 -5.235853900944622240e-03 3.123372663589755049e+01 4.161375431842084111e-02 9.991305652006370330e-01 2.531626627620840644e-03 2.417097772285639934e+00 5.125985813643392681e-03 -2.747283911801358478e-03 9.999830882072687777e-01 -1.111253597280152938e+00
9.992570675008949355e-01 -3.846848568638883137e-02 -2.342788617880363355e-03 3.194919868704735677e+01 3.847974850139726510e-02 9.992470268270112754e-01 4.968735517947966800e-03 2.487645467938372601e+00 2.149884829749483008e-03 -5.055193999660198730e-03 9.999849113905892040e-01 -1.139504077344331234e+00
9.993668600565877025e-01 -3.555046474723447258e-02 1.429502323308069582e-03 3.266777627841783982e+01 3.554025241548625091e-02 9.993462703008213488e-01 6.627404777232028671e-03 2.551794819121059099e+00 -1.664175135082918752e-03 -6.572403829147508564e-03 9.999770167503982954e-01 -1.167804186207072936e+00
9.994277471416700420e-01 -3.340790587418077107e-02 5.300006455467605807e-03 3.340474218938935280e+01 3.337907406781054354e-02 9.994279678952296964e-01 5.438235300833057714e-03 2.595269975622763958e+00 -5.478654734671467227e-03 -5.258213947100957852e-03 9.999711673485315311e-01 -1.172036381730366061e+00
9.995099294295334280e-01 -3.090270026266045758e-02 4.992403053164882511e-03 3.414406169680253811e+01 3.089299937907690266e-02 9.995206789508427336e-01 2.008715761567972206e-03 2.618693314110039694e+00 -5.052084830388240029e-03 -1.853501044667271204e-03 9.999855203815423144e-01 -1.212632641549532764e+00
9.996291912633606946e-01 -2.698705652465483232e-02 3.630255403484881124e-03 3.488624101715014802e+01 2.698401501663319144e-02 9.996354741068611549e-01 8.842175824582644214e-04 2.696986930323593157e+00 -3.652794511269498532e-03 -7.859308405317490254e-04 9.999930196781237068e-01 -1.257195423756208852e+00
9.997135999822875929e-01 -2.378725269895051384e-02 2.623855844171917289e-03 3.559011976919020981e+01 2.378039700487480715e-02 9.997137894232092092e-01 2.613800944555694401e-03 2.731244597543283525e+00 -2.685280012450242618e-03 -2.550656018260907647e-03 9.999931416890474045e-01 -1.265746736375865433e+00
9.997895660047992905e-01 -2.050924714153753992e-02 4.410097759536293319e-04 3.632694591546199092e+01 2.050732460460544249e-02 9.997817255457672747e-01 3.993858070761761338e-03 2.788116532240820789e+00 -5.228245370069489664e-04 -3.983973696622380468e-03 9.999919272714595797e-01 -1.297703186481420579e+00
9.998404533571586539e-01 -1.779914981111285419e-02 -1.502696427454242988e-03 3.707150478911857761e+01 1.780808537785584858e-02 9.998224562397372006e-01 6.158578887521383265e-03 2.816398035944448708e+00 1.392812164837429513e-03 -6.184356453212309056e-03 9.999799067028962707e-01 -1.319437702427770809e+00
9.998896702152719751e-01 -1.479115926712332510e-02 -1.367115331374702761e-03 3.778277237808378430e+01 1.480074546358951804e-02 9.998638863680178179e-01 7.290176319238235447e-03 2.818269044912616650e+00 1.259099089318347058e-03 -7.309606321693352254e-03 9.999724917841016358e-01 -1.322784216779502531e+00
9.999380392977558207e-01 -1.081885503470941118e-02 -2.621057248082217517e-03 3.851633440319081814e+01 1.083472996503545560e-02 9.999225731770304826e-01 6.120153397651892022e-03 2.868009670690048640e+00 2.554641255547297589e-03 -6.148172636155401286e-03 9.999778366450385869e-01 -1.332752237513977311e+00
9.999616745091447489e-01 -6.081140556775370236e-03 -6.298352355650305330e-03 3.922577060820496797e+01 6.112633589419908843e-03 9.999688519450821156e-01 4.993080235280801353e-03 2.906762581970473214e+00 6.267792551503239239e-03 -5.031388393197055130e-03 9.999676994320206846e-01 -1.369084200532967310e+00
9.999608674330371372e-01 -2.069018219336392957e-03 -8.601323513038867594e-03 3.993108107407223883e+01 2.128299739525741589e-03 9.999740076778678155e-01 6.888708796443709925e-03 2.893738538643004787e+00 8.586847080659808576e-03 -6.906745418177822823e-03 9.999392796189885413e-01 -1.389925458912066425e+00
9.999596549883008612e-01 3.074319515298865046e-03 -8.440198765198463071e-03 4.067278884112379700e+01 -2.994144137408159302e-03 9.999504341877647473e-01 9.495486748199465088e-03 2.926466234522394405e+00 8.468972580108490716e-03 -9.469832481024141602e-03 9.999192961315521710e-01 -1.424104269257120858e+00
9.999442316750550841e-01 7.974755879080542773e-03 -6.923641271245852512e-03 4.136580679888116663e+01 -7.899201848872947421e-03 9.999096961308077125e-01 1.087208322938128767e-02 2.954264267793879295e+00 7.009718249301521119e-03 -1.081678567158016364e-02 9.999169270483425631e-01 -1.432750706830461906e+00
9.998994951041899615e-01 1.247822614251809653e-02 -6.730049236242940242e-03 4.206585104070321535e+01 -1.240167032025405944e-02 9.998592504431346173e-01 1.129946355189991904e-02 2.936888105367069457e+00 6.870099246285005581e-03 -1.121486404862596410e-02 9.999135105401452117e-01 -1.464177304470100971e+00
9.998116464508850498e-01 1.868563918070291485e-02 -5.245808763102511110e-03 4.276756824756407838e+01 -1.861632511795377476e-02 9.997426383871798050e-01 1.296493076507790158e-02 2.963281651421524110e+00 5.486716711577733357e-03 -1.286483109291374112e-02 9.999021912470628104e-01 -1.463990212816967063e+00
9.996956775367749071e-01 2.453088661437315479e-02 -2.605362969218733438e-03 4.344224389321041713e+01 -2.449370782430602619e-02 9.996094495077109121e-01 1.345387423415963027e-02 2.962617156860187340e+00 2.934380906790719657e-03 -1.338596491866846094e-02 9.999060982671773568e-01 -1.476830133795697941e+00
9.995078266841745940e-01 3.134182560298784392e-02 1.339539081153395469e-03 4.412560001841993795e+01 -3.135656001234031487e-02 9.994244226010590149e-01 1.294564222942990762e-02 3.006219818218028195e+00 -9.330280116598184273e-04 -1.298127406735542257e-02 9.999153044044868377e-01 -1.507655500101379165e+00
9.992760248138781165e-01 3.767496897253601318e-02 5.293670285556863198e-03 4.483799147677520835e+01 -3.773638687462466113e-02 9.992153693158990491e-01 1.202542425613761790e-02 2.968021853514125397e+00 -4.836459223687734552e-03 -1.221648213725606488e-02 9.999136793875598173e-01 -1.516932266916282579e+00
9.990189606687269741e-01 4.371908421080188817e-02 7.053927994050770284e-03 4.553151278419277048e+01 -4.379364275608275264e-02 9.989823695025085160e-01 1.078620773516683271e-02 2.957976299904916395e+00 -6.575186577507953142e-03 -1.108454324374194555e-02 9.999169464623292036e-01 -1.556148050211774381e+00
9.987570824902025635e-01 4.938195619629729555e-02 6.761107741020321200e-03 4.623294476530171693e+01 -4.944680500859289368e-02 9.987288160868476039e-01 9.785979368763434924e-03 2.938197590996673103e+00 -6.269262325098701703e-03 -1.010813137976780164e-02 9.999292585127752542e-01 -1.582060753902078121e+00
9.984797664853949373e-01 5.481360553900457150e-02 5.798669423726399673e-03 4.691322091333901767e+01 -5.487077558526756021e-02 9.984412830305164910e-01 1.020795410683504253e-02 2.918399059697855957e+00 -5.230096169522894904e-03 -1.051061312152872657e-02 9.999310841782382830e-01 -1.598390331469779824e+00
9.981773013837621500e-01 6.023735213884730960e-02 3.679185987507571556e-03 4.761636659709393626e+01 -6.027168589892061695e-02 9.981312198742836594e-01 1.006934909397409067e-02 2.916671763814490337e+00 -3.065759470672603255e-03 -1.027274644751685270e-02 9.999425342484902224e-01 -1.631137042014086269e+00
9.978427778111264024e-01 6.561803667974887289e-02 2.015944560262755442e-03 4.832426720701794665e+01 -6.563559301322281769e-02 9.977890597178450394e-01 1.043844994149689676e-02 2.881997090272903961e+00 -1.326536836087013980e-03 -1.054824960236027884e-02 9.999434857682452105e-01 -1.646097132076811409e+00
9.975225592022121113e-01 7.032247610415572059e-02 1.869020398391412624e-03 4.898975162524489235e+01 -7.033890483717648856e-02 9.974619700155894497e-01 1.104793369485555787e-02 2.860398819361410272e+00 -1.087358715322043860e-03 -1.115202794112986340e-02 9.999372229914358368e-01 -1.681240619129179770e+00
9.971397173748897114e-01 7.544048906183702108e-02 4.595284935232536207e-03 4.967911609093890490e+01 -7.548602701545896465e-02 9.970893629729740137e-01 1.070803303927331945e-02 2.846343532287841427e+00 -3.774090479377225325e-03 -1.102428484118667465e-02 9.999321083877614758e-01 -1.696576585515085611e+00
9.967326343151194923e-01 8.061175158235367455e-02 5.079487972927484822e-03 5.036504730330982937e+01 -8.065389672465392290e-02 9.967039821899863483e-01 8.724725196371173677e-03 2.807967873033778261e+00 -4.359430509948791603e-03 -9.105898827037153462e-03 9.999490376875116437e-01 -1.717518405087064659e+00
9.962897867422364495e-01 8.595729222009469706e-02 4.243200124712081731e-03 5.105869093204093900e+01 -8.597974338281015594e-02 9.962821037815702274e-01 5.427099814333460372e-03 2.782734128240668792e+00 -3.760925542366090873e-03 -5.771793374495767619e-03 9.999762706386121636e-01 -1.743494033721332714e+00
9.959855045181310595e-01 8.950201515145063402e-02 1.504683884894007177e-03 5.175187776581608290e+01 -8.950607546630458267e-02 9.959820794341671668e-01 2.891349271982121376e-03 2.709513218490819941e+00 -1.239856598218734649e-03 -3.014420312747499199e-03 9.999946879987883230e-01 -1.769201161099349662e+00
