9.999999999999998890e-01 4.398956837314658088e-19 2.441745095945777155e-19 -8.673617379884035472e-19 1.176356710168812141e-18 1.000000000000000000e+00 2.573458147325975460e-19 0.000000000000000000e+00 5.500537250520463348e-20 -2.210423569125054137e-19 1.000000000000000000e+00 0.000000000000000000e+00
9.999985826300007430e-01 1.563635327305509803e-03 6.243240418046784200e-04 -2.399236186963889239e-02 -1.564101141302640411e-03 9.999984983123347826e-01 7.462998362313139761e-04 -1.587686526705378576e-02 -6.231561737386594538e-04 -7.472752917840904232e-04 9.999995266275450989e-01 8.000809545266496237e-01
9.999879102745838910e-01 4.868059948308113560e-03 6.937497926183100851e-04 -1.731377137674128264e-02 -4.868698195061328497e-03 9.999877234773454360e-01 9.212390977672139415e-04 -3.316302234118723158e-02 -6.892566402117727715e-04 -9.246056298820108090e-04 9.999993350142560855e-01 1.567629686939839839e+00
9.999818711310437536e-01 5.914129552300380517e-03 1.131579088164368779e-03 -3.455344489261490820e-02 -5.915080960159593837e-03 9.999821535884362289e-01 8.392454395545426854e-04 -5.562495747354226361e-02 -1.126595506617071628e-03 -8.459236177899069576e-04 9.999990075967175596e-01 2.316062029318430415e+00
9.999727787490682029e-01 7.254292675245885107e-03 1.347956474528528214e-03 -3.834865439854805852e-02 -7.255120068609162073e-03 9.999734952849632652e-01 6.098967768170403432e-04 -6.614676682223956383e-02 -1.343496401039742877e-03 -6.196597702821178728e-04 9.999989055181343067e-01 3.050117149187236976e+00
9.999706697744930040e-01 7.491376131522071991e-03 1.593380770708520151e-03 -4.804309107469426077e-02 -7.492372589121843070e-03 9.999717394056973907e-01 6.202879245595945392e-04 -8.775623223728978850e-02 -1.588688958360063175e-03 -6.322079433887786357e-04 9.999985381881604241e-01 3.774604485687474753e+00
9.999694424207076215e-01 7.465121832572765848e-03 2.320812301609299824e-03 -4.979023304126536237e-02 -7.467953281250592525e-03 9.999713778564977007e-01 1.213736197394885575e-03 -1.068331785804655654e-01 -2.311685226054709628e-03 -1.231030840817237378e-03 9.999965703299179554e-01 4.472600717756991529e+00
9.999604300255829914e-01 8.505942840587922896e-03 2.605245986935492055e-03 -5.123968049649392509e-02 -8.514847896886298603e-03 9.999578780511541032e-01 3.426295988537828626e-03 -1.253532900577787323e-01 -2.575992413350997566e-03 -3.448343718691210258e-03 9.999907365500944056e-01 5.159583082423331746e+00
9.999569084952456555e-01 8.382672132931113032e-03 3.988978538347194742e-03 -5.228947027957740051e-02 -8.413574139328220888e-03 9.999342292900448292e-01 7.794156668872099201e-03 -1.308021679234796786e-01 -3.923380382061553151e-03 -7.827382447803565846e-03 9.999616688490134964e-01 5.813800351050104176e+00
9.999564755045252662e-01 7.760243304973132687e-03 5.179354435304867402e-03 -5.152451348047818597e-02 -7.817908825927040450e-03 9.999066270609681117e-01 1.120792007795302220e-02 -1.485160458049736842e-01 -5.091894715615562922e-03 -1.124792408375472827e-02 9.999237754992794658e-01 6.451394498670798505e+00
9.999569749476664438e-01 6.879582956706112307e-03 6.222506472277396922e-03 -5.009938807668393168e-02 -6.961691987779052015e-03 9.998876946042617453e-01 1.327151206063681248e-02 -1.615762354873120366e-01 -6.130505277651463955e-03 -1.331426034811439285e-02 9.998925679155463708e-01 7.064464819027171494e+00
9.999473350720414766e-01 6.856707434179371355e-03 7.636271480045905835e-03 -4.784640676183765651e-02 -6.959140789206305286e-03 9.998850682180793203e-01 1.346925100514927143e-02 -1.702651105913590701e-01 -7.543039235133320447e-03 -1.352168365845859803e-02 9.998801261275614971e-01 7.637659794024548532e+00
9.999309532041549264e-01 8.098005300703424100e-03 8.515346707553259065e-03 -5.331299493303626874e-02 -8.195982446646935676e-03 9.998998833389624030e-01 1.153469472468591009e-02 -1.803097614930516679e-01 -8.421086296411035843e-03 -1.160369002765691653e-02 9.998972145556920266e-01 8.195935239510838244e+00
9.999193009302014268e-01 8.304802692958577690e-03 9.613629670592526225e-03 -4.781129636635857855e-02 -8.387417238914255876e-03 9.999279694025657861e-01 8.585292774736874924e-03 -1.893664602367337024e-01 -9.541638190627728736e-03 -8.665233549465235080e-03 9.999169319792073907e-01 8.717076247656921240e+00
9.999201129984017777e-01 6.338286654532088518e-03 1.093589249967370086e-02 -4.743899027650441691e-02 -6.413820732777432247e-03 9.999557234078593204e-01 6.885792454627720841e-03 -1.928506526396492615e-01 -1.089176435203267727e-02 -6.955383281654584082e-03 9.999164925638706070e-01 9.210349616319993160e+00
9.999116349794534564e-01 3.291811885498797507e-03 1.287968230398132442e-02 -3.176588223290532920e-02 -3.355043456587433921e-03 9.999824113378826818e-01 4.890879604508081499e-03 -2.148199385173023002e-01 -1.286335613050910293e-02 -4.933659351413713194e-03 9.999050920264438425e-01 9.685176366707382911e+00
9.998890931962558515e-01 1.601395142797908296e-03 1.480664900546971481e-02 -2.401440752919011684e-02 -1.657163924933170978e-03 9.999915769837336432e-01 3.754966241090819390e-03 -2.465631655949246381e-01 -1.480051135707584516e-02 -3.779086856519476515e-03 9.998833248684236841e-01 1.012664841920582681e+01
9.998448978474472337e-01 4.771625334599426116e-03 1.695322535361848057e-02 -2.313644337882543589e-02 -4.805980244457802586e-03 9.999864785217359442e-01 1.986287038891195161e-03 -2.383497892533242846e-01 -1.694351859535548135e-02 -2.067455834286338959e-03 9.998543107801114438e-01 1.052328321335103212e+01
9.997585499608169224e-01 9.181450732998506364e-03 1.996353541084466485e-02 -2.559466066410881827e-02 -9.199308994542642476e-03 9.999573631423723796e-01 8.028878509347193472e-04 -2.407449169768423325e-01 -1.995531289873051645e-02 -9.863447215315464256e-04 9.998003863723305962e-01 1.091864136142342900e+01
9.996841908124337595e-01 9.726071598342402730e-03 2.317158120149875183e-02 -1.630350125571686237e-02 -9.761752835017085267e-03 9.999513343951721422e-01 1.427249593179723232e-03 -2.419615573871422010e-01 -2.315657241117194745e-02 -1.652994103703603074e-03 9.997304840514447122e-01 1.126432357092291703e+01
9.996306274205219999e-01 6.075751329896342777e-03 2.648950701869539834e-02 1.064244884082302806e-03 -6.135986691018303733e-03 9.999787694638725410e-01 2.193239608979363504e-03 -2.543000833571886776e-01 -2.647561951066703528e-02 -2.354968750304721817e-03 9.996466854189598461e-01 1.158619134267243567e+01
9.995732153260130648e-01 1.149588837089997144e-03 2.919016396661625393e-02 1.510584076937194001e-02 -1.220378380696631382e-03 9.999963575055650367e-01 2.407416440178673789e-03 -2.743349891617342662e-01 -2.918729060578649157e-02 -2.442012032973091620e-03 9.995709772790231096e-01 1.187550688068311899e+01
9.995084365745326993e-01 -2.319834527347670091e-03 3.126505421904025861e-02 3.046642617666341091e-02 2.208510768913019527e-03 9.999911002338855992e-01 3.594708374159764214e-03 -2.836497860022396678e-01 -3.127311563397337790e-02 -3.523892139836465581e-03 9.995046645195915236e-01 1.213178926663165491e+01
9.994286977000639283e-01 -3.541495217685223119e-03 3.361154651696658668e-02 3.649929663171389005e-02 3.388184051065601648e-03 9.999836010334230973e-01 4.617127434021783307e-03 -2.827048345957978714e-01 -3.362734743480272348e-02 -4.500607560364308125e-03 9.994243072936154215e-01 1.236574995156779799e+01
9.993535225098424402e-01 -2.519640912171077895e-03 3.586347012672397999e-02 4.200336034651913630e-02 2.384849956824162519e-03 9.999899334184153554e-01 3.800729828608176084e-03 -2.855630901717009507e-01 -3.587268619599748298e-02 -3.712743746240082000e-03 9.993494713520179040e-01 1.256549052901418229e+01
9.992733710258731028e-01 -1.311598657078656650e-03 3.809212121032101023e-02 4.952333908518605221e-02 1.215874273503901202e-03 9.999960450961472569e-01 2.536028191648882595e-03 -2.968728634037241521e-01 -3.809529746800312255e-02 -2.487870196503761712e-03 9.992710136818663269e-01 1.275320009587937164e+01
9.991768293104206222e-01 4.577894484070004996e-04 4.056419881582080250e-02 5.510397214977427738e-02 -5.212018055858245015e-04 9.999986587391447301e-01 1.552697396787452739e-03 -3.021146995826052284e-01 -4.056343430111689075e-02 -1.572561372622638138e-03 9.991757276977044633e-01 1.293139255021618261e+01
9.990992544047591073e-01 3.275269535262446702e-03 4.230783000249706965e-02 5.505017354258466555e-02 -3.321434444370890190e-03 9.999939628831830962e-01 1.020919401996361019e-03 -3.048675772318357180e-01 -4.230423153073611942e-02 -1.160522470909511458e-03 9.991041012597171589e-01 1.309709321988383479e+01
9.990410158416584974e-01 4.353819406632321656e-03 4.356710849546339970e-02 5.574180907772759153e-02 -4.347658396502696032e-03 9.999905210049976345e-01 -2.361670384416228680e-04 -3.065793084046457562e-01 -4.356772450656003215e-02 4.652569071134202323e-05 9.990504747951511888e-01 1.324512706529436201e+01
9.989589287381933636e-01 3.962103081732515526e-03 4.544623696097608440e-02 6.818294682969595899e-02 -3.872304227818646350e-03 9.999903729455825729e-01 -2.063803240539935531e-03 -3.158226309999699333e-01 -4.545397723793893896e-02 1.885673075486094842e-03 9.989646541104991728e-01 1.340163152112063472e+01
9.988928713438226525e-01 2.789652541425250223e-03 4.696008347131697819e-02 7.676891408664715533e-02 -2.634226679315954545e-03 9.999908475356666937e-01 -3.371305422143618027e-03 -3.249595026742737036e-01 -4.696905925811160898e-02 3.243869519986982211e-03 9.988910775229475902e-01 1.355337289270475054e+01
9.988309032584560265e-01 1.983459778446157278e-03 4.830002698591542160e-02 8.811566821120146720e-02 -1.778348115250000640e-03 9.999892199858906316e-01 -4.289218349714045073e-03 -3.325981435830301924e-01 -4.830801464354630981e-02 4.198309658572528871e-03 9.988236630604587774e-01 1.368454684669171328e+01
9.987630747061375658e-01 2.405230566493911631e-03 4.966422748715223351e-02 8.984792879162850632e-02 -2.131851095959975354e-03 9.999822884766079722e-01 -5.556793038659210357e-03 -3.304272076921467849e-01 -4.967671409191169729e-02 5.444043057436664772e-03 9.987505126130867827e-01 1.381330768560301792e+01
9.986883544510845034e-01 3.153656937374413674e-03 5.110406199329029647e-02 9.299081223410300689e-02 -2.756830574293704216e-03 9.999655159639676549e-01 -7.833694810141926188e-03 -3.311906914883237518e-01 -5.112700539763428281e-02 7.682534654474375280e-03 9.986626096703367095e-01 1.394166008409632873e+01
9.986501482493331805e-01 3.409085703726351130e-03 5.182913809808582795e-02 1.019374944091152452e-01 -2.890734014140797312e-03 9.999450892769309318e-01 -1.007283944351653436e-02 -3.349633135436111964e-01 -5.186063220304620858e-02 9.909418487941228787e-03 9.986051663326928063e-01 1.406409422053453895e+01
9.986143440201130650e-01 2.740978359007949488e-03 5.255358194866267124e-02 1.102548676325985910e-01 -2.098795649853660555e-03 9.999225073181696732e-01 -1.227087692540941230e-02 -3.399655608427875064e-01 -5.258314456073559517e-02 1.214357464072195365e-02 9.985427113935468890e-01 1.419303150184877360e+01
9.986366346092457880e-01 1.812851087867550131e-03 5.216881836779699994e-02 1.186326938782255591e-01 -1.077029580516356954e-03 9.998995966746124786e-01 -1.412928095805274578e-02 -3.484873687719442503e-01 -5.218919564414372519e-02 1.405383040115824184e-02 9.985383205882841784e-01 1.431945995588220910e+01
9.987382852575784620e-01 1.433338359670128896e-03 5.019744142872690357e-02 1.225953972536607539e-01 -6.665447037094274609e-04 9.998828948140136008e-01 -1.528896264715196365e-02 -3.537354420291611845e-01 -5.021347818834472759e-02 1.523621368447712794e-02 9.986222831353090967e-01 1.444661093563412457e+01
9.988818431233936757e-01 1.348094230217993742e-03 4.725723378974377997e-02 1.282340495397567559e-01 -5.840352434009948900e-04 9.998689543357232035e-01 -1.617816616668524277e-02 -3.542725508260786138e-01 -4.727285146021916601e-02 1.613247674007501839e-02 9.987517312534960334e-01 1.456966720619490374e+01
9.990622093642140822e-01 1.886096992685849620e-03 4.325672760607116030e-02 1.286960219028283892e-01 -1.138243027929653536e-03 9.998495773575261092e-01 -1.730685019922517318e-02 -3.572013735037345428e-01 -4.328286397852861012e-02 1.724138352584661874e-02 9.989140745590392445e-01 1.469978349294306241e+01
9.992856914397411083e-01 2.223303284186791112e-03 3.772484367671492117e-02 1.255030033255334632e-01 -1.528491678343238446e-03 9.998288606143014290e-01 -1.843673505636254928e-02 -3.590105278997407501e-01 -3.775937859481465209e-02 1.836590363130802608e-02 9.991180725440660382e-01 1.482514816603548269e+01
9.995138469082535115e-01 2.092642929040215878e-03 3.110772745192601565e-02 1.191498229144543480e-01 -1.496446496502224985e-03 9.998149944618782703e-01 -1.917648300807647463e-02 -3.643678420466698875e-01 -3.114210243883867857e-02 1.912060945494132441e-02 9.993320627915881493e-01 1.494187154020692709e+01
9.997132274011590880e-01 2.259404347430014458e-03 2.384026154529972699e-02 1.213343233649335912e-01 -1.784428776230176069e-03 9.997998700789589854e-01 -1.992575238126617632e-02 -3.693399586133464529e-01 -2.388051115940085026e-02 1.987749717596479226e-02 9.995171865803357258e-01 1.507372572210895179e+01
9.998737393557276532e-01 1.989513532460267763e-03 1.576537969131532047e-02 1.096759849541703302e-01 -1.657150396628807951e-03 9.997766942587889005e-01 -2.106692841923439238e-02 -3.658373200634672529e-01 -1.580377242413032179e-02 2.103814309666498378e-02 9.996537587057867658e-01 1.520641131088554765e+01
9.999825153809808187e-01 1.143358464844704747e-03 5.801867732395462468e-03 1.039703546859050837e-01 -1.013461297949063214e-03 9.997498588951061471e-01 -2.234261706784530788e-02 -3.733243164359247857e-01 -5.825962188965617093e-03 2.233634665717200429e-02 9.997335373863974750e-01 1.535337166251274610e+01
9.999749268989551743e-01 -4.532559851112892644e-04 -7.066832564083963021e-03 9.274948874597831183e-02 2.833565814076082173e-04 9.997113348702909574e-01 -2.402429270811232490e-02 -3.785250562808737951e-01 7.075681870519520515e-03 2.402168812562801084e-02 9.996863974449177181e-01 1.549935640264228631e+01
9.997346310138850445e-01 -1.069659178915062167e-03 -2.301137417151391876e-02 7.339825544561699722e-02 4.744950071922217154e-04 9.996656209851390029e-01 -2.585384059064336007e-02 -3.892002869656620012e-01 2.303133482348245983e-02 2.583606121794733770e-02 9.994008483076745053e-01 1.564757024505202665e+01
9.991000346822911382e-01 -6.476394290338853338e-04 -4.241109726892267062e-02 4.787288785360820087e-02 -4.953534128818844152e-04 9.996370839893747862e-01 -2.693427070019403097e-02 -3.910142456326731741e-01 4.241315000754874304e-02 2.693103948130540909e-02 9.987371245269792697e-01 1.583298252386252969e+01
9.979594407994741845e-01 8.039795926591017752e-05 -6.385098194348300116e-02 3.806160406081764841e-03 -1.786117707865270349e-03 9.996430316222255641e-01 -2.665744014591153732e-02 -3.943678563130326165e-01 6.382604703823716030e-02 2.671708961732665449e-02 9.976033445210582551e-01 1.601892777592236428e+01
9.961576849350941565e-01 5.204585814130302523e-04 -8.757622743278133115e-02 -3.243053268419054946e-02 -2.765150284712462880e-03 9.996706935006273165e-01 -2.551192867148479454e-02 -4.004329262428339420e-01 8.753411160107897604e-02 2.565606538868204362e-02 9.958310829988090696e-01 1.621613684608139749e+01
9.934645407696517383e-01 1.652194185525624869e-03 -1.141292079177813057e-01 -8.000839130217268780e-02 -4.407678320040954618e-03 9.997047469849068557e-01 -2.389542290710060593e-02 -4.130925428218462647e-01 1.140560329980212922e-01 2.424230029712411139e-02 9.931784998642477769e-01 1.645826050713924005e+01
9.895590745038296276e-01 2.728081641517670838e-03 -1.441020300790670505e-01 -1.459127107928009370e-01 -5.949634317957417859e-03 9.997418082287569119e-01 -2.192985961307221399e-02 -4.140868973071377690e-01 1.440050001450379202e-01 2.255824603942542181e-02 9.893198097794030366e-01 1.667208122137019899e+01
9.841788758008669369e-01 3.267570748506201054e-03 -1.771475729854468939e-01 -2.184172105545228726e-01 -6.652052742673396184e-03 9.998064554249296298e-01 -1.851491016805638379e-02 -4.261652429407805087e-01 1.770527913017175548e-01 1.940037848734308540e-02 9.840101296162275801e-01 1.694265764779185446e+01
9.768922442649075055e-01 4.243520184071215492e-03 -2.136902771304381443e-01 -3.146905276316642186e-01 -7.556577444207811245e-03 9.998635478676063393e-01 -1.468958129564105694e-02 -4.278758540652671249e-01 2.135987867845350607e-01 1.596490511596860423e-02 9.767910120207599078e-01 1.720782776681959092e+01
9.673751607247272899e-01 5.607285623664763109e-03 -2.532861135077216774e-01 -4.164147675195752352e-01 -8.177176451406902719e-03 9.999252084013748876e-01 -9.094581116317248387e-03 -4.457049167005290857e-01 2.532161782939166272e-01 1.086903697706497092e-02 9.673486613074827600e-01 1.743901445604453926e+01
9.555864145494136208e-01 9.936982844573024817e-03 -2.945434752041883875e-01 -5.418196374748127653e-01 -1.181484215692941292e-02 9.999196368603197049e-01 -4.596667246809015527e-03 -4.346453910225681061e-01 2.944741328524701496e-01 7.872497238724511515e-03 9.556270249209938283e-01 1.773867539411292782e+01
9.415758233337077066e-01 1.374008304939447651e-02 -3.365206926786726283e-01 -6.932758518793955549e-01 -1.463203784248983189e-02 9.998929394525910563e-01 -1.145873988924233299e-04 -4.433217550086003267e-01 3.364830959687733491e-01 5.031875965908702737e-03 9.416760635977780014e-01 1.802436917007753081e+01
9.251371886693885438e-01 1.658891762123143251e-02 -3.792703349068183849e-01 -8.416066947408036292e-01 -1.574041967147698021e-02 9.998618624760136075e-01 5.338088065600506311e-03 -4.421126573579527430e-01 3.793065031101499063e-01 1.031410109226867317e-03 9.252705095671367452e-01 1.828077841505791312e+01
9.060314545255668817e-01 1.971629968052519138e-02 -4.227508335537160655e-01 -1.029166294441054008e+00 -1.575967040250567802e-02 9.997931998198362757e-01 1.285264212080484796e-02 -4.509064109612569982e-01 4.229168224747190674e-01 -4.982484677100939251e-03 9.061548100377180281e-01 1.859879322050224815e+01
8.844005643411391171e-01 2.407618584431300141e-02 -4.661072566329141909e-01 -1.234755452903012696e+00 -1.702029578188807291e-02 9.996680437089543458e-01 1.934197364485973347e-02 -4.487486158584562679e-01 4.664182184316105761e-01 -9.172769553650149052e-03 8.845167664721409473e-01 1.889100714641045897e+01
8.599137678788005834e-01 2.905662177476010105e-02 -5.096116358379184641e-01 -1.455588571267193432e+00 -1.954689681255495498e-02 9.995206858531462402e-01 2.400661169153876784e-02 -4.459090591103883061e-01 5.100649316471403960e-01 -1.068229042931211244e-02 8.600695665519463295e-01 1.914130948565749790e+01
8.323098912968168728e-01 3.266024904791159367e-02 -5.533475824271510968e-01 -1.712827249813967834e+00 -2.102051472915669739e-02 9.994043287610868687e-01 2.737015972073295056e-02 -4.475491899739834079e-01 5.539118950193107072e-01 -1.114880427552378608e-02 8.325006442603889445e-01 1.944458111995972871e+01
8.019068561762240366e-01 3.650514209272751748e-02 -5.963327609053499234e-01 -1.959598441099565491e+00 -2.392007546199542006e-02 9.992929700833558249e-01 2.900672277165588370e-02 -4.315469045418474092e-01 5.969700406820442895e-01 -8.996365864396286410e-03 8.022130906340256828e-01 1.969497105957679040e+01
7.685929088691217936e-01 3.935803789563746546e-02 -6.385263326418797458e-01 -2.274449149275164395e+00 -2.466755478883298977e-02 9.991867335221836788e-01 3.189644694005651371e-02 -4.334480685524828014e-01 6.392624332222714978e-01 -8.764500317122845066e-03 7.689387054788954234e-01 1.999541009129079328e+01
7.321173421641681278e-01 4.333161585299215995e-02 -6.797989111507137805e-01 -2.579951603852852493e+00 -2.602684590874865950e-02 9.990253734952233566e-01 3.564977472456649227e-02 -4.121610200526306111e-01 6.806811352488635336e-01 -8.406797520088672357e-03 7.325315874465624377e-01 2.026133267502423507e+01
6.935991142511053198e-01 4.463711967668992919e-02 -7.189769026467202062e-01 -2.895597096727627662e+00 -2.416703145365645122e-02 9.989583752338472289e-01 3.870554439702991734e-02 -3.963943363705298983e-01 7.199557149884732166e-01 -9.470594642093845689e-03 6.939553919265568638e-01 2.049205846775923590e+01
6.534300447176224491e-01 4.497965367359360589e-02 -7.556493874620354712e-01 -3.283123572782876920e+00 -2.208828655696723833e-02 9.989409823429455937e-01 4.036113740684882378e-02 -3.907863844899835959e-01 7.566645845090301803e-01 -9.682180398095258447e-03 6.537315753093229098e-01 2.077194165374150714e+01
6.112409915268420812e-01 4.414212046727680056e-02 -7.902125738870369176e-01 -3.669077131057258079e+00 -1.752944394643755899e-02 9.989535621838874224e-01 4.224333324479501856e-02 -3.725361964117833158e-01 7.912503895817395438e-01 -1.196887071053708528e-02 6.113751537810799830e-01 2.102226411975041742e+01
5.667976872690319023e-01 4.447536960302023862e-02 -8.226556453202398256e-01 -4.051388362039744173e+00 -1.244011137672407924e-02 9.988899678813963900e-01 4.543209977291151613e-02 -3.759750855124743829e-01 8.237630948370053829e-01 -1.551688211713364053e-02 5.667218033452348092e-01 2.123569652995511703e+01
5.207231792056392639e-01 4.577551088329163964e-02 -8.524974838563406099e-01 -4.521720003550000477e+00 -1.084389552490643005e-02 9.988355771806697314e-01 4.700957006923899700e-02 -3.451739484697779470e-01 8.536567182129085607e-01 -1.523458004103825543e-02 5.206132233153542010e-01 2.147024643007248557e+01
4.715161721134611406e-01 4.579197239389056623e-02 -8.806676902436511023e-01 -4.948367957559667296e+00 -9.740454618777066864e-03 9.988604159269767191e-01 4.672251091560362252e-02 -3.232192339670146297e-01 8.818036265799535922e-01 -1.345231674358691489e-02 4.714248756663984019e-01 2.166015435261956412e+01
4.199318428413078008e-01 4.534955366662636600e-02 -9.064218943441157972e-01 -5.469108328990051504e+00 -5.400831432397419987e-03 9.988579616735711042e-01 4.747213288158769195e-02 -3.093617727875921375e-01 9.075395815657937293e-01 -1.503962933540686081e-02 4.196971911574262082e-01 2.184852171826667089e+01
3.664045953066842332e-01 4.426350163331069926e-02 -9.294021731679973364e-01 -5.971837771934286110e+00 -1.830115027145789086e-04 9.988712274288333859e-01 4.749986832836085998e-02 -2.892411520664542324e-01 9.304556161130758118e-01 -1.723407972741507893e-02 3.659991098922049657e-01 2.200209448367958842e+01
3.125304799124036248e-01 4.373971422574839812e-02 -9.489001636031387799e-01 -6.472035765217069248e+00 2.166867074349588390e-03 9.989038811638462079e-01 4.675832384869522268e-02 -2.941573636223880350e-01 9.499052684458713092e-01 -1.666954290423202853e-02 3.120931325598146344e-01 2.214728520521721222e+01
2.595261299315237413e-01 4.844105680006589171e-02 -9.645204173094452660e-01 -7.061762475719023158e+00 2.580516467381099681e-03 9.987028588349169400e-01 5.085214499646421860e-02 -2.311169432581870464e-01 9.657326465518057956e-01 -1.568642220353589495e-02 2.590644863225254335e-01 2.225089350495015239e+01
2.080453993876116847e-01 5.391316530892177605e-02 -9.766322058821621521e-01 -7.643868968590044055e+00 5.541374355128044979e-03 9.983987904423865523e-01 5.629518951857101494e-02 -1.947120624974880143e-01 9.781034818702010192e-01 -1.712384086405123115e-02 2.074135234542829886e-01 2.233674708719339108e+01
1.598487523310410108e-01 5.593254605030157506e-02 -9.855556349596039656e-01 -8.216833013523423546e+00 1.097777273784251127e-02 9.982310067188853164e-01 5.843240255769668184e-02 -1.974062021704601211e-01 9.870804838204731979e-01 -2.015955347517388654e-02 1.589519675763315099e-01 2.241147568119646749e+01
1.153831108966130586e-01 5.691888968067199822e-02 -9.916889434201435760e-01 -8.867008515791624745e+00 1.355135510926416993e-02 9.981738042581572712e-01 5.886779425855864084e-02 -1.657763124942628619e-01 9.932286319987057022e-01 -2.023107931528310074e-02 1.144010720663497516e-01 2.245421699012960204e+01
7.487698796127438550e-02 5.590024937799847188e-02 -9.956247192107507971e-01 -9.493056596041624218e+00 1.383033434635564350e-02 9.982732886667687877e-01 5.708907882835471265e-02 -1.452739217007699701e-01 9.970968737498711043e-01 -1.804448204872711320e-02 7.397457928570795593e-02 2.248218069959700927e+01
3.921612198986520331e-02 5.166266358901910882e-02 -9.978943068558688845e-01 -1.016347830044649392e+01 1.072945944100684237e-02 9.985831893647204582e-01 5.211998238931484645e-02 -1.165218790617996575e-01 9.991731540185686544e-01 -1.275081105624485157e-02 3.860624912662129898e-02 2.246795261730372317e+01
1.022739648189078913e-02 5.110049710832991615e-02 -9.986411378782722448e-01 -1.082527866656011462e+01 8.675450822384847202e-03 9.986512577405787239e-01 5.118986146251273267e-02 -7.040022010208227266e-02 9.999100730637072720e-01 -9.187202031331616336e-03 9.770283920016675089e-03 2.245585492274778971e+01
-1.106453144173925700e-02 5.520599954348957839e-02 -9.984136700295318523e-01 -1.154706707912215435e+01 7.259843755447478210e-03 9.984529181639413276e-01 5.512771378009268669e-02 -3.706547316411233639e-02 9.999124402375663134e-01 -6.638365843961908409e-03 -1.144819922755454557e-02 2.242355052270535865e+01
-2.424133396449401276e-02 6.121532449630515821e-02 -9.978301581700688150e-01 -1.227859670989595209e+01 8.468095604294741119e-03 9.981002445253185362e-01 6.102616794424393920e-02 5.432668633374257428e-03 9.996702788539671980e-01 -6.970366382886726206e-03 -2.471365716817264246e-02 2.239537882100971800e+01
-3.206692273603437005e-02 6.390944858756364422e-02 -9.974403629541107597e-01 -1.302989857058745038e+01 9.122668136957156129e-03 9.979307402592617615e-01 6.364758051735262823e-02 3.292225477613995588e-02 9.994440988544733839e-01 -7.058336296895456261e-03 -3.258359122454362877e-02 2.236029120981451612e+01
-3.628596919355558947e-02 6.157876283059897371e-02 -9.974424129836063635e-01 -1.379691437020239242e+01 9.520420656133675094e-03 9.980757299830853579e-01 6.127151659508379977e-02 6.676699011035490405e-02 9.992961059534750667e-01 -7.272775914044114255e-03 -3.680239950741905769e-02 2.232643858799210790e+01
-3.578961892247176091e-02 5.724740887181573035e-02 -9.977183070176617319e-01 -1.457454569912822073e+01 1.617288385109664356e-02 9.982603534571047321e-01 5.669836395979319099e-02 1.342783455192280151e-01 9.992284815537449960e-01 -1.410677044134548384e-02 -3.665321192050370602e-02 2.230623922240225099e+01
-3.151387367405209666e-02 5.591442269482375937e-02 -9.979380922136122933e-01 -1.537934381884073609e+01 2.818002522511795296e-02 9.980868052213087704e-01 5.503285690042186706e-02 1.146107095079525046e-01 9.991059900147142292e-01 -2.638762320910852457e-02 -3.302924992668709869e-02 2.229334699922251417e+01
-2.589486388401720379e-02 5.579713988674275815e-02 -9.981062658759773942e-01 -1.621569437896757293e+01 2.955308409733959848e-02 9.980474091282607318e-01 5.502712302233042641e-02 1.700880436203758839e-01 9.992277461025450558e-01 -2.807219966672633293e-02 -2.749327796547279892e-02 2.226613948549609745e+01
-2.055919179398155161e-02 5.432689529248226762e-02 -9.983115199387874172e-01 -1.706304610607640981e+01 2.734238269127998652e-02 9.981796525657136154e-01 5.375662965940144339e-02 2.446769375008617797e-01 9.994146942465016448e-01 -2.619102386013290318e-02 -2.200719227235715947e-02 2.224628355648023614e+01
-1.721899177319117721e-02 4.901353206002845297e-02 -9.986496696768220049e-01 -1.792422557922251869e+01 3.149606707285322604e-02 9.983286726005827783e-01 4.845471228642583145e-02 2.338610179243960085e-01 9.993555530499159678e-01 -3.061919681965181647e-02 -1.873394528247895874e-02 2.222690469962301307e+01
-1.552266373981811207e-02 3.813933172822439599e-02 -9.991518508311276747e-01 -1.880114007505529727e+01 2.909407160689086308e-02 9.988663681352821788e-01 3.767643214581441885e-02 2.494343045858503916e-01 9.994561517334232814e-01 -2.848455801358834583e-02 -1.661469379164134258e-02 2.222211129984907174e+01
-1.469553106562259195e-02 2.955386120374404665e-02 -9.994551482578638568e-01 -1.970100853409294928e+01 2.173312070949726463e-02 9.993363958473125974e-01 2.923079454393031837e-02 3.007471685440918918e-01 9.996558058463760332e-01 -2.129171836612394481e-02 -1.532807527417036526e-02 2.219066080836129728e+01
-1.604391462599535564e-02 2.652711148615338743e-02 -9.995193284197027017e-01 -2.063322816119621095e+01 1.584251632600824217e-02 9.995292592707663015e-01 2.627307556310495840e-02 3.035853226625263024e-01 9.997457800928541971e-01 -1.541337927574640450e-02 -1.645661689056335253e-02 2.216056846472238817e+01
-1.968369140995707145e-02 3.180714835075029029e-02 -9.993001752941078619e-01 -2.157302677662004697e+01 6.689868132283988307e-03 9.994756437760478063e-01 3.168095855917744258e-02 3.374221400390610692e-01 9.997838842937216697e-01 -6.061589081266278468e-03 -1.988615436436596759e-02 2.212238209139319167e+01
-2.384907229746678972e-02 4.034058284283810469e-02 -9.989013173882881347e-01 -2.255030998399935527e+01 1.454011997777357327e-03 9.991858668287513234e-01 4.031735795884851953e-02 3.924259006502199831e-01 9.997145217202901835e-01 -4.908837654437762975e-04 -2.388831026044271541e-02 2.207747658975993232e+01
-2.840218530236482061e-02 4.934901239236684500e-02 -9.983776708341226547e-01 -2.353358393215379962e+01 1.016312483305803184e-05 9.987806252128901274e-01 4.936863947148226878e-02 3.955762591929718464e-01 9.995965851820304282e-01 1.392029770844359403e-03 -2.836805252596381888e-02 2.203701518316940522e+01
-3.055859109921092026e-02 5.955180014537110600e-02 -9.977573544715246934e-01 -2.454988319057045132e+01 -1.232161230306629083e-03 9.982205534214286802e-01 5.961718261303632777e-02 4.640288487954764007e-01 9.995322264090169551e-01 3.051214205043720294e-03 -3.043083489115865417e-02 2.200372008857367589e+01
-3.133552447315075817e-02 6.699730248826217538e-02 -9.972609634245495069e-01 -2.556771923799579938e+01 6.674758818446808843e-04 9.977521259488878469e-01 6.700932460425569615e-02 5.023216566783272885e-01 9.995087076778924606e-01 1.434123839701573287e-03 -3.130980383544566120e-02 2.196919109700975881e+01
-3.300882716456050858e-02 6.883995906984209656e-02 -9.970814711832020061e-01 -2.659617106171988254e+01 2.241190691807182830e-03 9.976277155300390387e-01 6.880347526663621593e-02 5.290163105683143296e-01 9.994525560206281023e-01 3.647144692135096447e-05 -3.308480290290410214e-02 2.193216538665230431e+01
-3.444594107348776524e-02 6.586253268881242517e-02 -9.972339679047912409e-01 -2.760167626220875903e+01 9.448648857115452427e-04 9.978278242348241900e-01 6.586911535604557388e-02 5.996486989335095830e-01 9.994061245143290861e-01 1.326671456872531964e-03 -3.443334822077691315e-02 2.188668792730172541e+01
-3.740511115816098214e-02 6.103990873721571592e-02 -9.974341933248452863e-01 -2.864391417238241644e+01 -1.770318297523830334e-03 9.981270973265138347e-01 6.114869999932719818e-02 6.413153360097375577e-01 9.992986245238556497e-01 4.053049102406660817e-03 -3.722699355014867650e-02 2.183854194463547316e+01
-4.180310151679699632e-02 5.538369797417540957e-02 -9.975896598904236967e-01 -2.966320624461473088e+01 -2.034057940547455163e-03 9.984556695817361494e-01 5.551701047447780979e-02 6.668847411077185594e-01 9.991238064698835242e-01 4.349937579976969129e-03 -4.162588865753730910e-02 2.177788032757571557e+01
-4.740072677199004547e-02 5.126499526976371207e-02 -9.975595491955774330e-01 -3.069585669604402867e+01 -1.339388031932153920e-03 9.986779628210026294e-01 5.138611274185025252e-02 7.065137075791437793e-01 9.988750645018148466e-01 3.771857595804693764e-03 -4.726939612096585364e-02 2.172375092018895870e+01
-5.438223482733857417e-02 4.876920817254860180e-02 -9.973284913802821228e-01 -3.173385195551180971e+01 -2.980095024050961623e-03 9.987941670427236129e-01 4.900337629271449280e-02 7.465455557082862903e-01 9.985157529595535264e-01 5.637045995876535133e-03 -5.417132065575420985e-02 2.165720374183110764e+01
-6.042077119496931659e-02 5.128248815470530519e-02 -9.968547635891652492e-01 -3.278643447585689330e+01 -2.260717008060830410e-03 9.986697712201416666e-01 5.151288361722393405e-02 7.802076215350157717e-01 9.981704448153834175e-01 5.366053874416879151e-03 -6.022446114738282813e-02 2.158085665955915644e+01
-6.706976135488249002e-02 5.601370926881334145e-02 -9.961747308530164435e-01 -3.385200778753328876e+01 -3.587270930213213357e-03 9.984029090433709230e-01 5.638051672693016048e-02 8.139923657945662416e-01 9.977418483403625027e-01 7.354975672531116442e-03 -6.676170708942695542e-02 2.150257458779277187e+01
-7.319456653241990240e-02 5.937774190246569717e-02 -9.955485031527903095e-01 -3.491558890586897945e+01 -6.020511843330953773e-03 9.981815776458888845e-01 5.997742450920180018e-02 8.726900530635431918e-01 9.972995167907944269e-01 1.038373238619831086e-02 -7.270398209359546504e-02 2.141508385454317320e+01
-7.757261141409999006e-02 6.100053687044007522e-02 -9.951187906040804831e-01 -3.596912845058295716e+01 -9.124446954766406159e-03 9.980412084597072297e-01 6.189095776111959435e-02 9.140030625146330356e-01 9.969449592350214662e-01 1.388095111043613494e-02 -7.686406527244571407e-02 2.131791448476724327e+01
-8.078784748396475313e-02 6.291570233842955218e-02 -9.947436459048508706e-01 -3.704364538826747832e+01 -1.350877918202007290e-02 9.978450385861087346e-01 6.420896999589369158e-02 9.604266864096205891e-01 9.966397814137265554e-01 1.862507604862908075e-02 -7.976383705691568460e-02 2.122828835337708497e+01
-8.206074417171946300e-02 6.370513764685348246e-02 -9.945891979505830927e-01 -3.811925671059788812e+01 -1.748361178653205783e-02 9.977093894791303486e-01 6.534751291572067633e-02 1.025993908241182417e+00 9.964739710068727385e-01 2.275147631954769351e-02 -8.075897766984509174e-02 2.111853993571769195e+01
-8.390715163612171013e-02 6.343427367713359855e-02 -9.944524452238235890e-01 -3.920365009775221665e+01 -1.859332711963382692e-02 9.976983142803363958e-01 6.521013610979625730e-02 1.067484973539911675e+00 9.963001030799653046e-01 2.396177576526966127e-02 -8.253456814020884713e-02 2.102414541932673231e+01
-8.538108028859990595e-02 6.305405446040039663e-02 -9.943511655019509066e-01 -4.028257641347902052e+01 -1.889543381762005814e-02 9.977135277772034572e-01 6.488974537593233949e-02 1.110901837687565008e+00 9.961691879462380994e-01 2.432905257051014986e-02 -8.399442370527478163e-02 2.092185224128137477e+01
-8.598356032441700769e-02 6.251790540960075471e-02 -9.943331040698816237e-01 -4.135733222521296426e+01 -1.988463480083015392e-02 9.977227728476129043e-01 6.445052231382443486e-02 1.160737906929533825e+00 9.960981106072395175e-01 2.531363539911183833e-02 -8.454460910691326270e-02 2.081901506192887297e+01
-8.742971043522636265e-02 6.166710285525671409e-02 -9.942601254983506331e-01 -4.244658626812859836e+01 -2.160899420449182914e-02 9.977298465758774881e-01 6.378247888032843871e-02 1.214401975347679574e+00 9.959363003737713438e-01 2.706144434694867165e-02 -8.589866610923245493e-02 2.071026770582342280e+01
-8.818053803153209913e-02 5.947425254004244655e-02 -9.943274053322603834e-01 -4.352927435406007817e+01 -2.613371508356492762e-02 9.977342168793973398e-01 6.199565635728277596e-02 1.254655615394694834e+00 9.957616376143909598e-01 3.145227888399854815e-02 -8.642645548565813796e-02 2.060100991152753735e+01
-8.819807737265707159e-02 5.430732451978653036e-02 -9.946214338337848737e-01 -4.461644676518789510e+01 -3.203237611157357806e-02 9.978416354371842933e-01 5.732362071048611313e-02 1.301135550304433064e+00 9.955877878524983515e-01 3.691592048596069320e-02 -8.626811972375156290e-02 2.048183956260020011e+01
-8.766783462067684329e-02 5.304985743112355240e-02 -9.947361692356734286e-01 -4.571520023090738505e+01 -3.404475476282913665e-02 9.978380376308032540e-01 5.621570384678829108e-02 1.351845246465517292e+00 9.955678393450646535e-01 3.879385747542771212e-02 -8.567222927547483990e-02 2.037990227517603969e+01
-8.568937429537551442e-02 5.719682838124370144e-02 -9.946787606755361777e-01 -4.682645792457373801e+01 -3.431521964832558863e-02 9.975890537997964547e-01 6.032035695531848263e-02 1.401553310199568303e+00 9.957307940042714467e-01 3.930143331038796206e-02 -8.352005869516035408e-02 2.027748027017896959e+01
-8.414818997356705854e-02 6.086043014048266031e-02 -9.945929183081728686e-01 -4.793315192184761742e+01 -3.420997949725577969e-02 9.973681976370302182e-01 6.392460921790195372e-02 1.460062614530673653e+00 9.958658427340298935e-01 3.940414301544727799e-02 -8.184469310088191008e-02 2.017639125678834588e+01
-8.230029291387286339e-02 6.089684581287327370e-02 -9.947453035474823624e-01 -4.904896929413313700e+01 -3.222926642290111637e-02 9.974467033334394328e-01 6.372870945997965997e-02 1.493328627290837929e+00 9.960863182844613695e-01 3.730480235839928743e-02 -8.012749378166643399e-02 2.007906573115512927e+01
-8.014454839017920440e-02 5.994239295023115477e-02 -9.949792680520951338e-01 -5.015402919081573430e+01 -3.196443197140622083e-02 9.975222849661918856e-01 6.267029679051505653e-02 1.540447860645266065e+00 9.962706177322260270e-01 3.682662924811564570e-02 -7.802994709522653727e-02 1.998627524615078599e+01
-7.597565632783610801e-02 6.046690578265422750e-02 -9.952745530237457894e-01 -5.126301711803855454e+01 -3.543727417139824754e-02 9.973652423887443552e-01 6.329907500499479256e-02 1.594916944070392306e+00 9.964797622391271537e-01 4.007900549636907173e-02 -7.363269516959426719e-02 1.988785920818826014e+01
-7.023514885560282195e-02 6.098596377752293907e-02 -9.956644610565095199e-01 -5.239721052555454150e+01 -4.137555045108581853e-02 9.970923106847182638e-01 6.399209196258777432e-02 1.652380120374730144e+00 9.966720147565436561e-01 4.569065881233158599e-02 -6.750759764179613265e-02 1.979209999757653904e+01
-6.479544456423849685e-02 6.107546803471134572e-02 -9.960277709335640939e-01 -5.351975312893951298e+01 -4.464321607277611098e-02 9.969485223361304049e-01 6.403613912393554819e-02 1.702670144872760360e+00 9.968994688196991527e-01 4.861513268794313836e-02 -6.187111599526184946e-02 1.971419732955628845e+01
-5.859205424715159538e-02 6.017635268602351817e-02 -9.964666379941927721e-01 -5.464931876448944337e+01 -4.613663919938756908e-02 9.969516923174340794e-01 6.291846912900635191e-02 1.754128170620355753e+00 9.972153222929150962e-01 4.966014370996486849e-02 -5.563711156459134888e-02 1.962765508995146746e+01
-5.306953728146990984e-02 5.970949418653802993e-02 -9.968040847508669033e-01 -5.577867247041671561e+01 -4.577774440009499402e-02 9.970158528542443221e-01 6.215937036278944283e-02 1.799079077041422448e+00 9.975409964740722391e-01 4.893021122655235450e-02 -5.017780260842091139e-02 1.957214348230602496e+01
-4.779949568994915771e-02 5.945767648041871273e-02 -9.970857414290604792e-01 -5.690969636315428914e+01 -4.404471451823281647e-02 9.971303706369745168e-01 6.157180460110733139e-02 1.844834819442704443e+00 9.978854085785330286e-01 4.685945761539052346e-02 -4.504353106477244906e-02 1.950873792888071279e+01
-4.191761693065418348e-02 6.009942655161105290e-02 -9.973118645357182954e-01 -5.804736886044258881e+01 -4.351873496931964180e-02 9.971320460548016573e-01 6.191770732923986692e-02 1.893771821576742953e+00 9.981728559811670065e-01 4.599719301757548146e-02 -3.918194671709986088e-02 1.945512688998336515e+01
-3.666741344360487792e-02 6.177380079787580386e-02 -9.974164030826317973e-01 -5.919524759611471154e+01 -4.109194978525371189e-02 9.971502483355740853e-01 6.326795352289223129e-02 1.940445342138211959e+00 9.984823332317320776e-01 4.330565649931077121e-02 -3.402451309717023642e-02 1.941677016586438143e+01
-3.141457391519129200e-02 6.236420459448990122e-02 -9.975589272467411117e-01 -6.034260748305685951e+01 -4.301593980205573042e-02 9.970424526929346776e-01 6.368654874393862853e-02 2.003301655740558296e+00 9.985803777298078998e-01 4.491162010934194454e-02 -2.863900755250926508e-02 1.937251474292041564e+01
-2.533329690723588531e-02 6.242820632348945048e-02 -9.977278816924929350e-01 -6.149974097218208158e+01 -4.249049050327433769e-02 9.970790159856204316e-01 6.346648041982799748e-02 2.051491602868008357e+00 9.987756502840874351e-01 4.400176181779390933e-02 -2.260669224012843911e-02 1.933873532036774989e+01
