1.000000000000000000e+00 0.000000000000000000e+00 0.000000000000000000e+00 0.000000000000000000e+00 0.000000000000000000e+00 1.000000000000000000e+00 0.000000000000000000e+00 0.000000000000000000e+00 0.000000000000000000e+00 0.000000000000000000e+00 1.000000000000000000e+00 0.000000000000000000e+00
9.999999383849531576e-01 2.452305367488838731e-04 2.511813562861931002e-04 -1.882447254466175501e-02 -2.452709845761981465e-04 9.999999569586022208e-01 1.610122287502932395e-04 1.058719617684154325e-02 -2.511418603597168194e-04 -1.610738263280807163e-04 9.999999554914932309e-01 2.959496322724063880e-03
9.999998377728346322e-01 2.088618347712412992e-04 5.299349379602564733e-04 -1.447614236500623444e-02 -2.085438364317479727e-04 9.999997982218050696e-01 -6.000548452772690080e-04 1.529704469333676743e-02 -5.300601595868892259e-04 5.999442332670508991e-04 9.999996795515208037e-01 8.446388933798176790e-03
9.999999351027953898e-01 3.484063485467903316e-04 9.169199175044530359e-05 -8.703864736805132923e-03 -3.483498635557323695e-04 9.999997500128812167e-01 -6.153263748995648668e-04 1.713790302202875329e-02 -9.190635244407175438e-05 6.152943940737877699e-04 9.999998064829968003e-01 -3.530725859118540380e-03
9.999999821238745312e-01 1.791347600226874000e-04 6.052262625855259231e-05 -6.604208832960551528e-03 -1.791382159601000547e-04 9.999999823244885011e-01 5.710098235314773268e-05 1.029912431785816318e-04 -6.051239641801332353e-05 -5.711182324769658491e-05 9.999999965382447842e-01 -5.930946036546081573e-03
9.999999929506835361e-01 -6.680812562827082197e-05 -9.815960070688700375e-05 -7.895549378967001847e-03 6.680358651187050093e-05 9.999999966993516898e-01 -4.624475626563149172e-05 -2.006474078196478217e-03 9.816268990838293150e-05 4.623819852625978298e-05 9.999999941130576220e-01 -6.157254430296858934e-03
9.999999698136836646e-01 -3.573915525737733937e-05 2.430953404449818871e-04 -2.175480575301648803e-03 3.565720288801625714e-05 9.999999425405936559e-01 3.371162607231825616e-04 6.455202122491031369e-03 -2.431073747272496932e-04 -3.371075824470091443e-04 9.999999136286373824e-01 -7.857421082140426255e-05
9.999999373362469246e-01 2.350883184107872620e-04 2.646903563898615665e-04 -3.310762972336665257e-03 -2.350950058088076429e-04 9.999999720467874775e-01 2.523415529693865162e-05 1.504149589017963855e-02 -2.646844167357804891e-04 -2.529638109654478342e-05 9.999999646511257279e-01 2.372759364282904949e-03
9.999999268759864890e-01 3.622901698651615713e-04 -1.224493960499052256e-04 -1.336400730091703848e-02 -3.622971038386025699e-04 9.999999327680660910e-01 -5.660982017925632499e-05 1.817982006482908586e-02 1.224288786360267292e-04 5.665417910127473506e-05 9.999999909007367682e-01 -7.055664716385952849e-03
9.999999799164702718e-01 1.736499401117413608e-04 1.000637659786456313e-04 -2.500701386572608265e-03 -1.736301183159830988e-04 9.999999653111623088e-01 -1.980662925829949656e-04 -1.693495789555531789e-03 -1.000981567073950829e-04 1.980489145215987067e-04 9.999999753784929446e-01 -2.255043359945778023e-03
9.999999208686751739e-01 1.826840928813237407e-04 3.533966122637997344e-04 -1.729131745519155855e-02 -1.826600691941237002e-04 9.999999810049370330e-01 -6.801047436047783987e-05 1.280294370147563171e-02 -3.534090299828237906e-04 6.794591752906983936e-05 9.999999352427028088e-01 1.380730883867604475e-03
9.999998687224304073e-01 7.336130967161577448e-05 5.071225100554681720e-04 -1.720391699486326087e-02 -7.327962825990171807e-05 9.999999843408423628e-01 -1.610851052545654192e-04 6.739032889683943539e-04 -5.071343195286468278e-04 1.610479223586851888e-04 9.999998584391642797e-01 5.252140798973073225e-03
9.999999984105822914e-01 4.444722339279174922e-05 3.468832277948383637e-05 -5.536151095854589463e-03 -4.446661996262387176e-05 9.999998425657299350e-01 5.593668161937600906e-04 -1.209898694995650489e-03 -3.466345501651517868e-05 -5.593683577771587853e-04 9.999998429527302557e-01 -5.951313484921134239e-03
9.999999996088001497e-01 2.576066981126517931e-05 1.089897160840942660e-05 1.568880914204372722e-03 -2.575997485642129059e-05 9.999999976356274134e-01 -6.375867727069408492e-05 3.204051033591861792e-03 -1.090061404887297122e-05 6.375839648851711625e-05 9.999999979080217427e-01 -7.364690356631137941e-03
9.999998509682691550e-01 3.829637908839310444e-04 -3.891043232930144636e-04 -9.192628994452878982e-03 -3.831559710594825935e-04 9.999998046026555842e-01 -4.939495445210227102e-04 9.331704744722760583e-03 3.889150824729878430e-04 4.940985585517019586e-04 9.999998023058169760e-01 7.700184534851583704e-03
9.999972255931607323e-01 1.540273577040652826e-04 -2.350549202688426327e-03 -5.914628688046185898e-03 -1.555763030853554946e-04 9.999997708872359059e-01 -6.588030734236232071e-04 1.323700979197067404e-02 2.350447190450954786e-03 6.591669353910450946e-04 9.999970204440392640e-01 -6.547123646196594676e-03
9.999952351148062579e-01 2.538755851887382646e-04 -3.076571934896930871e-03 5.822231850252713482e-03 -2.552161389545985369e-04 9.999998726697458817e-01 -4.353449373665222366e-04 2.460522992897628408e-03 3.076461019705511481e-03 4.361280538083164545e-04 9.999951725783055023e-01 -4.236734095267938316e-03
9.999934024089948137e-01 2.338589072036925491e-04 -3.624975654208246502e-03 3.943924796361018489e-03 -2.357389391690042425e-04 9.999998379404849702e-01 -5.182143921676729244e-04 1.519243344150321244e-02 3.624853877695000809e-03 5.190655211162969020e-04 9.999932954801997731e-01 -1.143085928069053833e-02
9.999949980889379919e-01 1.651677852855918492e-05 -3.162834851980397041e-03 2.158792011191658020e-02 -1.560806621128211030e-05 9.999999585978054384e-01 2.873339096526646846e-04 3.402470978727464845e-03 3.162839466862642484e-03 -2.872831066982184508e-04 9.999949569447454945e-01 -9.587975796260053002e-03
9.999964083142858229e-01 2.146141733597488267e-04 -2.671572436723463478e-03 4.544690332009644618e-02 -2.129057894402105176e-04 9.999997727047574836e-01 6.397355377480260126e-04 1.176156738732497126e-02 2.671709125801361058e-03 -6.391644467803468850e-04 9.999962267124596904e-01 -4.002180470974928475e-03
9.999962767941320552e-01 1.717741998123217980e-04 -2.723397051076155255e-03 7.133317155421943501e-02 -1.705441290406794943e-04 9.999998833534290421e-01 4.518936029495095258e-04 1.537857013686312786e-02 2.723474357063274814e-03 -4.514274610784875779e-04 9.999961894430767773e-01 -3.694579304695350466e-03
9.999939997615140408e-01 -1.514683005609280685e-04 -3.460852253865341448e-03 9.752144112916687202e-02 1.498253786292459808e-04 9.999998759777635193e-01 -4.749703291759369570e-04 7.653243655231846757e-03 3.460923767591281633e-03 4.744489557413729061e-04 9.999938984338171410e-01 -1.151291931746827729e-02
9.999944407291486703e-01 2.955983915192251328e-04 -3.321314858320960003e-03 1.277781640969670174e-01 -2.972469096753737987e-04 9.999998328823750393e-01 -4.958623768063262841e-04 2.423651411931177294e-02 3.321167727149710105e-03 4.968468707507633832e-04 9.999943614781611201e-01 -2.243370544707200959e-03
9.999934196401020214e-01 -3.538623211284480869e-04 -3.610465060419067521e-03 1.534287292805743552e-01 3.527014709841621220e-04 9.999998859087914083e-01 -3.221553608350649742e-04 6.090068442953094907e-04 3.610578647140494542e-03 3.208798245991009040e-04 9.999934303574053995e-01 -1.929277943292452904e-03
9.999877853011277518e-01 2.760719179138719327e-05 -4.942518223388438735e-03 1.947234595018843273e-01 -2.964046706199033828e-05 9.999999149720607550e-01 -4.113116991630378283e-04 2.358042297011918656e-02 4.942506447975335802e-03 4.114531736630935551e-04 9.999877010925172227e-01 -1.478374227639413403e-02
9.999839276344244521e-01 -1.763079862360668305e-04 -5.666867593666471796e-03 2.469457455907349830e-01 1.727793178522312096e-04 9.999997909046794975e-01 -6.231676376148246460e-04 1.987940623947058796e-02 5.666976278182251324e-03 6.221785043195454667e-04 9.999837490048382183e-01 -9.437905068001666703e-03
9.999798746341136413e-01 -4.251389806029278861e-04 -6.330053995786017428e-03 3.012642046433114396e-01 4.191254124966455746e-04 9.999994596819929971e-01 -9.512989071377777077e-04 1.655480177111339282e-02 6.330455009791486655e-03 9.486266754070944501e-04 9.999795125135313434e-01 -8.531133457723247965e-04
9.999733777637127563e-01 -3.785553130839521929e-04 -7.287006223817555153e-03 3.667186720630646879e-01 3.744274245018889744e-04 9.999997686874770864e-01 -5.678284038405146707e-04 2.419835074589195972e-02 7.287219492700953982e-03 5.650848320058637127e-04 9.999732881988387945e-01 -6.822003041298872403e-03
9.999712225253305498e-01 -6.604035300783653696e-04 -7.557644366691115487e-03 4.477262202553241588e-01 6.568324480654713247e-04 9.999996714801807629e-01 -4.749849109338028538e-04 2.406895881752977098e-02 7.557955565567068754e-03 4.700071360165780881e-04 9.999713277894326513e-01 -9.262564252556905117e-03
9.999683261971352710e-01 -1.032976750761075172e-03 -7.891740082647917542e-03 5.271369474916881570e-01 1.029640196029650264e-03 9.999993788233171310e-01 -4.268419455869677912e-04 2.401737291704200694e-02 7.892176098289033909e-03 4.187027730736162076e-04 9.999687686345115623e-01 -1.553595944383045352e-02
9.999692013315718553e-01 -1.461079200286992614e-03 -7.711137132022810939e-03 6.296990717498036627e-01 1.460736584786019110e-03 9.999989318705861940e-01 -5.006312485826916198e-05 3.141507036620334176e-02 7.711202041720858005e-03 3.879764286163851685e-05 9.999702674868962138e-01 -5.730228918048186487e-03
9.999657909352355212e-01 -1.887035666582062999e-03 -8.053325751626870185e-03 7.334621365176252628e-01 1.885821169574995737e-03 9.999982092927042210e-01 -1.583979211070553838e-04 2.261816736308343637e-02 8.053610233004332083e-03 1.432053702744122414e-04 9.999675589010059706e-01 -1.396410559324571393e-02
9.999648343038310960e-01 -2.084709401324051376e-03 -8.123062379646937489e-03 8.535298895984484435e-01 2.081268868462041264e-03 9.999977408533994305e-01 -4.319814747846059547e-04 3.556960489527497687e-02 8.123944584299857760e-03 4.150600070079786975e-04 9.999669140774517517e-01 -1.563523202073985666e-02
9.999649786510600435e-01 -2.682517781735813383e-03 -7.927519772013506133e-03 9.764968200561241485e-01 2.680664256944797607e-03 9.999963771411295443e-01 -2.444253614918838360e-04 3.494680470849095832e-02 7.928146727106687858e-03 2.231657824869494983e-04 9.999685468486031459e-01 -1.989017967452515884e-02
9.999710137323524206e-01 -2.721649956191755579e-03 -7.110859062554037227e-03 1.116596300785683837e+00 2.722274207779998290e-03 9.999962915540305808e-01 7.811097173634171142e-05 5.507062230977197159e-02 7.110620101594604045e-03 -9.746641581195824818e-05 9.999747144713553304e-01 -1.333290981261788487e-02
9.999699369933818804e-01 -3.136876364569157229e-03 -7.091199907301098254e-03 1.250741379489324512e+00 3.134355215922905551e-03 9.999950206921323081e-01 -3.666174058938086525e-04 6.800201721407647670e-02 7.092314631508996742e-03 3.443800448557077232e-04 9.999747899200021051e-01 -1.304896634555453155e-02
9.999656625488264616e-01 -3.666294204462395429e-03 -7.431824143021298866e-03 1.404109295718501960e+00 3.667677317251258513e-03 9.999932591730645859e-01 1.724863140083668497e-04 6.710993123029283802e-02 7.431141660807538511e-03 -1.997379241031409756e-04 9.999723687374459935e-01 -2.232247481888584642e-02
9.999706183761203349e-01 -3.885341915711785100e-03 -6.608063458943563666e-03 1.561324144428255511e+00 3.886221301513674304e-03 9.999924413843013227e-01 1.202425068450392105e-04 7.007854434388124942e-02 6.607546327879469834e-03 -1.459193709008293604e-04 9.999781592810225161e-01 -1.941764327611571889e-02
9.999720629923141146e-01 -4.515183407917468771e-03 -5.957042360792609396e-03 1.745118140334680934e+00 4.517506835802750052e-03 9.999897250872112897e-01 3.766324363575481934e-04 8.474775971452171153e-02 5.955280588174348931e-03 -4.035328939603260784e-04 9.999821857384858514e-01 -1.391078375730262461e-02
9.999695997103692502e-01 -5.133920715650787912e-03 -5.868774418001860768e-03 1.927384042317066282e+00 5.145769183390003394e-03 9.999847492260933723e-01 2.005585884107534411e-03 9.225511007188035018e-02 5.858388395732666218e-03 -2.035724272260199669e-03 9.999807673710989775e-01 -7.498894357344756088e-03
9.999659617262499633e-01 -5.444558309333984158e-03 -6.199368815631535641e-03 2.142960645149434296e+00 5.464616808748372356e-03 9.999798741325651719e-01 3.223242614619559535e-03 1.175398300332851226e-01 6.181694915596146374e-03 -3.257010076038610591e-03 9.999755889687182986e-01 -1.946983043294519752e-02
9.999660571716301183e-01 -5.990339913033357160e-03 -5.656883625321294448e-03 2.342747410258076091e+00 6.019094147135007310e-03 9.999689826812789839e-01 5.079781591365011874e-03 1.318901189725274203e-01 5.626278545542673717e-03 -5.113658484330495073e-03 9.999710973256344948e-01 -1.452731788984179193e-02
9.999609990231398404e-01 -6.743606447525196668e-03 -5.702999625203732798e-03 2.576520615650105483e+00 6.773297268047198325e-03 9.999635250242903117e-01 5.202986172788521928e-03 1.323221807816973294e-01 5.667704717329729441e-03 -5.241411363026260602e-03 9.999702019211176296e-01 -1.748863637002175120e-02
9.999604291457749872e-01 -7.244753090729359399e-03 -5.162721690346734962e-03 2.804421176519412029e+00 7.275908726210150376e-03 9.999552783861451744e-01 6.041719945072868136e-03 1.434111434172081478e-01 5.118720035855471584e-03 -6.079044360851441203e-03 9.999684214638246971e-01 -1.646311727484894849e-02
9.999576499343237890e-01 -7.767988294755875066e-03 -4.935250315522139199e-03 3.045668898503443689e+00 7.799796175383190942e-03 9.999487221085046063e-01 6.458818250350506669e-03 1.571814683072856322e-01 4.884825221725278520e-03 -6.497038665508982243e-03 9.999669629398423298e-01 -1.798084629442835841e-02
9.999558411898077370e-01 -8.517592328372451671e-03 -3.970678948442821730e-03 3.299841166271112236e+00 8.543565159233417611e-03 9.999419147402895947e-01 6.570741198168864733e-03 1.661463491842934126e-01 3.914481415703631277e-03 -6.604374796377890378e-03 9.999705291001306229e-01 -1.500294511633449603e-02
9.999438908515285718e-01 -9.186416579374927574e-03 -5.274931197324182232e-03 3.576205747654320977e+00 9.212646172528525870e-03 9.999452120233587316e-01 4.969919723683741998e-03 1.708892946730699303e-01 5.228986441569148137e-03 -5.018236940425454227e-03 9.999737371545333042e-01 -2.578267183759113193e-02
9.999196301779289531e-01 -9.868142127850332637e-03 -7.959457002734754774e-03 3.843467077041720525e+00 9.906555998056678150e-03 9.999394020391834115e-01 4.801291261490473437e-03 1.710516751723125395e-01 7.911594851305587747e-03 -4.879756189077791469e-03 9.999567963899460565e-01 -1.801377141184080932e-02
9.998775751835301540e-01 -1.045745807354516929e-02 -1.163942506072112269e-02 4.123809504570601803e+00 1.048595353313375514e-02 9.999421650159355801e-01 2.389853916985006967e-03 1.932864803702756262e-01 1.161376009761944626e-02 -2.511611809896944179e-03 9.999294036993368051e-01 -1.575247630302217122e-02
9.998195744491589210e-01 -1.074093694066941516e-02 -1.566687020241614575e-02 4.421641064645043251e+00 1.071700412225273270e-02 9.999412739029146513e-01 -1.610766295832979228e-03 2.087326288201321323e-01 1.568325128748531555e-02 1.442573759894684882e-03 9.998759696132319963e-01 -2.013149419547238111e-02
9.997792259294003836e-01 -1.072335359082384962e-02 -1.806956246772764563e-02 4.712252827551761669e+00 1.065433492085657644e-02 9.999355903473640117e-01 -3.911560310529822032e-03 2.144522888650699788e-01 1.811034365778745742e-02 3.718177569033160462e-03 9.998290806973769707e-01 -1.962462584278917149e-02
9.997439562616993181e-01 -1.174993001562132065e-02 -1.933807288313335593e-02 5.025467034605497929e+00 1.161688513313965769e-02 9.999081737884190080e-01 -6.977963235239369004e-03 2.101858437392370715e-01 1.941828772082686283e-02 6.751528400067250725e-03 9.997886511489587624e-01 -1.655353047073933326e-02
9.997261042532586961e-01 -1.195441907940920576e-02 -2.011984938006165444e-02 5.338281030140128891e+00 1.176406332515035624e-02 9.998851668161319317e-01 -9.553009743417554406e-03 2.211970524519732695e-01 2.023173963564088920e-02 9.313702032480723064e-03 9.997519350647768865e-01 -1.879655174024903036e-02
9.997302681552294734e-01 -1.196302523211125596e-02 -1.990670644704429365e-02 5.667264135343844877e+00 1.171969044253790698e-02 9.998557200178485038e-01 -1.229585310260753253e-02 2.469034358626591430e-01 2.005092990871024800e-02 1.205923608217730758e-02 9.997262300424603065e-01 -7.601327905695003107e-03
9.997054079764282619e-01 -1.272465214969538058e-02 -2.066834512853626959e-02 5.993737770222827166e+00 1.247411630585976150e-02 9.998476964724420935e-01 -1.220574787300112742e-02 2.619922972717242393e-01 2.082051116257523093e-02 1.194433281605300316e-02 9.997118781071416826e-01 -5.858147968850986598e-03
9.997307452661473581e-01 -1.327195625464223060e-02 -1.903397348870044387e-02 6.335674464211702883e+00 1.310499545429615227e-02 9.998747850331501930e-01 -8.869799831707958840e-03 2.715713070756232139e-01 1.914930974569489797e-02 8.617971460068334436e-03 9.997794929404067998e-01 -1.917587603082794231e-02
9.998396885376770182e-01 -1.415883452420980092e-02 -1.096013821979208158e-02 6.697029547827422213e+00 1.410996470221931136e-02 9.998902177109358913e-01 -4.523430344258794374e-03 3.030055188997671789e-01 1.102298149245600420e-02 4.368058023112879849e-03 9.999297045033334053e-01 -1.023542224553407320e-02
9.998697601244148636e-01 -1.613424518463743573e-02 3.859029245260195765e-04 7.065738672611596272e+00 1.613501666074138030e-02 9.998676432627123800e-01 -2.087389189156715289e-03 3.235189498724712065e-01 -3.521733987004035341e-04 2.093343877965077923e-03 9.999977469401147845e-01 -2.132406070440011348e-02
9.997580312227015709e-01 -1.751566175369179482e-02 1.330716344823392773e-02 7.426785215980685528e+00 1.754029822192613650e-02 9.998446484734967443e-01 -1.736910243959638661e-03 3.637109931539121432e-01 -1.327467302774909715e-02 1.969901581281568483e-03 9.999099472171313341e-01 -3.188481347890346346e-02
9.995781868871702613e-01 -1.946254888376036662e-02 2.155591543647926780e-02 7.796282618793279440e+00 1.956766892006368830e-02 9.997975980401176965e-01 -4.676460867586663440e-03 3.694990915567066825e-01 -2.146053662870947218e-02 5.096287291600995646e-03 9.997567070159866232e-01 -3.731096912482943784e-02
9.995495392656525979e-01 -2.064934050971796789e-02 2.177896439997391298e-02 8.176819113257595362e+00 2.083984818480809006e-02 9.997462077467611508e-01 -8.556916711300883993e-03 3.777646257327658130e-01 -2.159674238064068774e-02 9.006932468033159583e-03 9.997261904571973501e-01 -3.953296159097109685e-02
9.995850747775503198e-01 -2.159859002863668068e-02 1.905726084026797620e-02 8.553239479480852836e+00 2.177396698843342762e-02 9.997220150834492669e-01 -9.043612059032930806e-03 4.082096905677379262e-01 -1.885663393996251866e-02 9.454811804713546264e-03 9.997774921902331524e-01 -3.802562283240838725e-02
9.995535759805579401e-01 -2.344736481355640459e-02 1.851674452432044982e-02 8.945753691241158378e+00 2.357125206876999404e-02 9.997010227727005649e-01 -6.500857107095644495e-03 4.134047746522099276e-01 -1.835878047119308271e-02 6.934417821011849663e-03 9.998074159702428076e-01 -3.472838996102815823e-02
9.995412085619496123e-01 -2.479317551597971098e-02 1.739743758003053573e-02 9.341094603155191578e+00 2.485524992494689278e-02 9.996854110367421331e-01 -3.360879567665201080e-03 4.518595841231537458e-01 -1.730863766116970057e-02 3.791755284000560000e-03 9.998430045032973279e-01 -3.838631454565185480e-02
9.995858729111383179e-01 -2.585253647270948502e-02 1.263839524642593193e-02 9.731761700168860330e+00 2.586596842002066021e-02 9.996650143163726687e-01 -9.004607381487616862e-04 4.831103239280627459e-01 -1.261088237087912289e-02 1.226992165288430178e-03 9.999197268461375021e-01 -5.544797804079761028e-02
9.996246299239046618e-01 -2.696397772328967823e-02 4.852128897157768905e-03 1.015640202444192219e+01 2.695235181454934403e-02 9.996337275630233776e-01 2.445700333221947735e-03 5.017996326794826878e-01 -4.916297505384921440e-03 -2.314006005416022194e-03 9.999852375885582845e-01 -7.625220326425469208e-02
9.996073476153599646e-01 -2.801922689057713758e-02 -2.711417328233272197e-04 1.056570303167085889e+01 2.801993559262229080e-02 9.996025222453488457e-01 3.111387170081857199e-03 5.272618751852400365e-01 1.838552969532181126e-04 -3.117762850380167376e-03 9.999951228641260625e-01 -9.304246118441640567e-02
9.995808554034207871e-01 -2.892661919298605139e-02 -1.167995303751960881e-03 1.101174122674544442e+01 2.892841860145717314e-02 9.995802773434001587e-01 1.554266164462715476e-03 5.743688538994899950e-01 1.122545404196218129e-03 -1.587402959269707849e-03 9.999981100200442397e-01 -9.947884409556159713e-02
9.995449606559854150e-01 -3.015918241213757719e-02 -5.434551094782208479e-04 1.148237009861476388e+01 3.016032157298068409e-02 9.995425941987989837e-01 2.226518571557965266e-03 5.751985108162983584e-01 4.760565502148244774e-04 -2.241896198870069884e-03 9.999973736323483076e-01 -9.346784456121386142e-02
9.995298416801009500e-01 -3.066070581192333749e-02 1.292674241778213882e-04 1.194247231752840754e+01 3.065964853467369883e-02 9.995168742274900264e-01 5.099420186477507388e-03 6.358622148910577643e-01 -2.855567939026252416e-04 -5.093059357857900038e-03 9.999869895172111001e-01 -9.648782274652786817e-02
9.994899797405244479e-01 -3.193347957789788999e-02 1.824289836537197249e-04 1.242173937274076323e+01 3.193193173415364433e-02 9.994739441212948661e-01 5.673337496396028967e-03 6.668866621359473834e-01 -3.635024228941074044e-04 -5.664618669481662552e-03 9.999838898508904839e-01 -9.723555926681670680e-02
9.994538508875133731e-01 -3.302316090158574635e-02 -1.212761389658387505e-03 1.291592166877443049e+01 3.302861420181431307e-02 9.994429194719354204e-01 4.791801469402520372e-03 6.742467656940197562e-01 1.053845352970485824e-03 -4.829240259340677674e-03 9.999877838496276095e-01 -1.003682094555682774e-01
9.994264059962705282e-01 -3.369795775715159203e-02 -3.362534813943923034e-03 1.341795582957403177e+01 3.370858060257152233e-02 9.994267271536243502e-01 3.154147231001546391e-03 7.262726125666196797e-01 3.254318843889969157e-03 -3.265684306867745225e-03 9.999893723009610769e-01 -1.064398743241475181e-01
9.993828418488188703e-01 -3.485361264008481758e-02 -4.377339844436264026e-03 1.392223393347443050e+01 3.486955703525956157e-02 9.993853138702680772e-01 3.620554182789916670e-03 7.446645380366739841e-01 4.248459761319367360e-03 -3.770955629632499230e-03 9.999838651114806298e-01 -1.097597901766866613e-01
9.993658464072725511e-01 -3.526592170558921074e-02 -4.921361694798547654e-03 1.446662655191183688e+01 3.528843900427022090e-02 9.993667377467013724e-01 4.566131640435620517e-03 8.326833361900527475e-01 4.757216341273386162e-03 -4.736903183635822467e-03 9.999774650665439468e-01 -1.178410441417147153e-01
9.993118117433239522e-01 -3.672355623543820807e-02 -5.223344493524892385e-03 1.500737695130082727e+01 3.675079775426682432e-02 9.993108349684929337e-01 5.218618495199130354e-03 8.477176972527226129e-01 5.028098517372696710e-03 -5.406989180317058226e-03 9.999727409751245633e-01 -1.207179127742017410e-01
9.992547993659957051e-01 -3.851580664213521271e-02 -2.525585621053114214e-03 1.557202971221889953e+01 3.852998391252587113e-02 9.992404481292654905e-01 5.828135390083095946e-03 8.641513760683569023e-01 2.299191972001317450e-03 -5.921103033244227293e-03 9.999798269240962600e-01 -1.192902263991742207e-01
9.992180093467956103e-01 -3.953946574656933000e-02 2.110694291156264227e-05 1.613829778356754119e+01 3.953906633127939052e-02 9.992100470988481975e-01 3.992995162559217874e-03 9.124819494668553466e-01 -1.789711648770024230e-04 -3.989038128847975130e-03 9.999920277402859492e-01 -1.193845379374017523e-01
9.991738414016756442e-01 -4.061986736721324986e-02 1.288810959389662808e-03 1.670989849993000931e+01 4.061766310132650104e-02 9.991733283663837284e-01 1.692727216602646400e-03 9.458950171885611713e-01 -1.356503890955713075e-03 -1.638980266108245850e-03 9.999977368178796233e-01 -1.376475599231161140e-01
9.991440740627662853e-01 -4.132784332551712320e-02 1.768793746844066900e-03 1.729313180512994208e+01 4.132647148677410370e-02 9.991453719764907815e-01 8.052405930597196417e-04 9.878579879498369243e-01 -1.800560943209524468e-03 -7.314533624054708316e-04 9.999981114763509815e-01 -1.456189811372220200e-01
9.990957707536233245e-01 -4.248802308601642291e-02 1.552016902469673240e-03 1.787789301576398060e+01 4.248366732139855634e-02 9.990934062993136466e-01 2.739251751736642825e-03 1.032008109961733755e+00 -1.666995245388732663e-03 -2.670839470427825105e-03 9.999950438594058522e-01 -1.488374219521940434e-01
9.990440629899521863e-01 -4.368781419672554400e-02 1.528101842441566618e-03 1.846337123065083219e+01 4.368113564212024180e-02 9.990368608818319673e-01 4.160407238464439682e-03 1.095137309088183297e+00 -1.708389166197313118e-03 -4.089680927353656591e-03 9.999901779099479304e-01 -1.419828886754476160e-01
9.989765243949974005e-01 -4.515527060885582422e-02 2.627783083178018581e-03 1.903692732684250899e+01 4.514184622128025737e-02 9.989682663651628935e-01 4.961503312033784148e-03 1.151280333278739132e+00 -2.849109935667667754e-03 -4.837802354586073598e-03 9.999842389962716460e-01 -1.517233795227106163e-01
9.988914317901407269e-01 -4.699245694656476596e-02 2.759798247676435289e-03 1.963336487863488955e+01 4.698615005025159191e-02 9.988928760951318875e-01 2.307333926999411214e-03 1.178087283005091912e+00 -2.865170099289687366e-03 -2.175103795384663793e-03 9.999935298409592388e-01 -1.665469845230012902e-01
9.988350830790658774e-01 -4.820377805600178922e-02 2.207394745664363698e-03 2.022024652043735671e+01 4.820303965472483299e-02 9.988374830576332020e-01 3.865321944302653229e-04 1.215132860347122312e+00 -2.223460923985853561e-03 -2.796787800775971914e-04 9.999974889974971859e-01 -1.680288415911586619e-01
9.988098811070251770e-01 -4.875172131941939158e-02 1.446053720935244757e-03 2.082340176528787268e+01 4.875392179622495270e-02 9.988096522871261485e-01 -1.527614990031896146e-03 1.279192761786986265e+00 -1.369858553918433964e-03 1.596297736594684763e-03 9.999977876580919967e-01 -1.745227719857989912e-01
9.987656613645782278e-01 -4.967038728449110069e-02 7.941023432719770134e-05 2.142910294468102350e+01 4.967044615820336712e-02 9.987636039690384049e-01 -2.027354242049409470e-03 1.323480359381806748e+00 2.138741853679225691e-05 2.028796142149321205e-03 9.999979417622777422e-01 -1.755158648814465483e-01
9.987363998835716572e-01 -5.023133158423152139e-02 -1.554630141673747374e-03 2.203826067040623116e+01 5.022913207335146651e-02 9.987367068084908039e-01 -1.422942194373399928e-03 1.377415512024413369e+00 1.624142469191220024e-03 1.343056441739575281e-03 9.999977791778510428e-01 -1.808156341173288995e-01
9.987016795602632335e-01 -5.088588869612316323e-02 -2.362535738378967153e-03 2.266100717997213820e+01 5.088394925204699215e-02 9.987041904153478589e-01 -8.739309696434687923e-04 1.428522330876456081e+00 2.403945095974464700e-03 7.525811785848389706e-04 9.999968273297397126e-01 -1.807098664166520985e-01
9.986615128538610664e-01 -5.161196012669966304e-02 -3.374657955624962066e-03 2.327167437376374437e+01 5.161210911434992166e-02 9.986672060027793618e-01 -4.298105013120680359e-05 1.473387276930445022e+00 3.372378568004607852e-03 -1.312496940812459315e-04 9.999943049019388575e-01 -1.849974197830727696e-01
9.986457409562493615e-01 -5.187783814475004779e-02 -3.920966637307109551e-03 2.389426447129622844e+01 5.187919814519712652e-02 9.986533374224271231e-01 2.458756986492001786e-04 1.515334661320778320e+00 3.902930918570485935e-03 -4.489593243582287751e-04 9.999922827531070313e-01 -1.857870959155241974e-01
9.986380783350928825e-01 -5.204743917016060178e-02 -3.612834762538951350e-03 2.453930376075605224e+01 5.204761749618477124e-02 9.986446032068854173e-01 -4.470719538302242116e-05 1.573286492796777569e+00 3.610264832919919415e-03 -1.433931341124938298e-04 9.999934726918197070e-01 -1.951461835581198567e-01
9.986687764155489644e-01 -5.152624012388547919e-02 -2.391984817253507267e-03 2.517818200626162195e+01 5.152608732541503339e-02 9.986716410183830162e-01 -1.255013296220028459e-04 1.633299622768459525e+00 2.395274014383586957e-03 2.084640717258981718e-06 9.999971313249105265e-01 -1.985718904889982872e-01
9.986755428122300327e-01 -5.145009223639248480e-02 2.195394369926951627e-04 2.584658302036501709e+01 5.144983508744229578e-02 9.986750289179342488e-01 1.049326087619543730e-03 1.680690823620900831e+00 -2.732364775813852435e-04 -1.036641032312017249e-03 9.999994253584336690e-01 -2.038629617875246658e-01
9.987062562531442422e-01 -5.076953952127707254e-02 2.875339567153031763e-03 2.650222773099668672e+01 5.076388238181358398e-02 9.987086654005208342e-01 2.007460942548875294e-03 1.730104712916415099e+00 -2.973544409344870774e-03 -1.858900402912664306e-03 9.999938512425652348e-01 -2.115257310718689776e-01
9.987089549372156760e-01 -5.059856618702881365e-02 4.495378519266459219e-03 2.717068189577155124e+01 5.059270546459240098e-02 9.987183764470507485e-01 1.408084067112325231e-03 1.780614984161683179e+00 -4.560864171143428833e-03 -1.178832805752390907e-03 9.999889043740577410e-01 -2.147876916630184208e-01
9.987479464025570408e-01 -4.986066838718460764e-02 4.056267330724043323e-03 2.786528560894458195e+01 4.985954529420883602e-02 9.987561680239082085e-01 3.775940326639952915e-04 1.846651809839397584e+00 -4.070049106562151527e-03 -1.748776199953703777e-04 9.999917020246158472e-01 -2.247540026104354882e-01
9.988125111996656313e-01 -4.867953109389713817e-02 1.967415435587235688e-03 2.853893825906455106e+01 4.867891585992950576e-02 9.988144141751208460e-01 3.594255306917168847e-04 1.915085662126570165e+00 -1.982579562032403195e-03 -2.632270664489886106e-04 9.999980000428959626e-01 -2.329027119566147996e-01
9.988548474727282356e-01 -4.784218975361954201e-02 -3.443251537367147995e-04 2.923743490527119349e+01 4.784267445874203911e-02 9.988536447017223319e-01 1.573202695227754163e-03 1.961319770263652673e+00 2.686649729064065351e-04 -1.587874574423585273e-03 9.999987032358933492e-01 -2.388365811163813135e-01
9.989002470904572162e-01 -4.676348077927026947e-02 -3.387215379976467235e-03 2.995732044057582399e+01 4.676942961088195738e-02 9.989042668966592320e-01 1.698831810567900382e-03 2.010746300282364452e+00 3.304060607235777009e-03 -1.855381646632110618e-03 9.999928203454507836e-01 -2.479889543260432594e-01
9.989514629357540976e-01 -4.547558712051953667e-02 -5.286366858312642122e-03 3.067998195128084404e+01 4.548874341840054847e-02 9.989619787961289132e-01 2.395650629224452093e-03 2.058109786158264676e+00 5.171935878522647759e-03 -2.633608886380046574e-03 9.999831574499152831e-01 -2.555298294445544349e-01
9.990607721201910651e-01 -4.298024716794315164e-02 -5.501996364054812655e-03 3.138977738169073817e+01 4.298521607017869589e-02 9.990753976754964683e-01 7.880094851327485318e-04 2.112876575734301099e+00 5.463040362985508575e-03 -1.023773867180991686e-03 9.999845534192322027e-01 -2.399047320791257432e-01
9.991854788641476581e-01 -4.015749128468759643e-02 -3.969221679886202232e-03 3.215099922431531354e+01 4.017128713288213582e-02 9.991868198063693640e-01 3.459308503378839394e-03 2.156768777962918548e+00 3.827076836356508357e-03 -3.615939567284173501e-03 9.999861391359053941e-01 -2.642800839014459724e-01
9.993058910952204998e-01 -3.724354527012183058e-02 8.089240382105689683e-04 3.287436080978878294e+01 3.723937745236154118e-02 9.992954673384266684e-01 4.668803255232730799e-03 2.207650100922012193e+00 -9.822369101984702432e-04 -4.635438769729397814e-03 9.999887738960194783e-01 -2.553552922811981318e-01
9.993830636796626754e-01 -3.478785765008366587e-02 4.826695595207627747e-03 3.360167571908166195e+01 3.476321459619020199e-02 9.993825696386570145e-01 5.098863929752037866e-03 2.265770460003182052e+00 -5.001093999367546040e-03 -4.927926800634627180e-03 9.999753519943664903e-01 -2.561740457842049401e-01
9.994682380567887492e-01 -3.214544725983544543e-02 5.469125718366387237e-03 3.434476551156840429e+01 3.213909779744451162e-02 9.994826304225655766e-01 1.244940301999310044e-03 2.301311012638115105e+00 -5.506315321924103168e-03 -1.068505523796040805e-03 9.999842692700326996e-01 -2.621619105736059940e-01
9.995749460471975434e-01 -2.881635804695459671e-02 4.420943751251070995e-03 3.507813839641745801e+01 2.881587794493717727e-02 9.995847215227204874e-01 1.722689981497516521e-04 2.326785731778370447e+00 -4.424071993592986439e-03 -4.480239899365920668e-05 9.999902127419750819e-01 -2.720595255620046893e-01
9.996750531027963627e-01 -2.528183633680328168e-02 3.258366977555525630e-03 3.581185548598299562e+01 2.527915939865692935e-02 9.996800609428285744e-01 8.601473360774810738e-04 2.379097848053658204e+00 -3.279070602873056413e-03 -7.774990556645385888e-04 9.999943215794776519e-01 -2.742999622991442732e-01
9.997653437177298485e-01 -2.160167356303870079e-02 1.620246970477572752e-03 3.653899605462239464e+01 2.159781378863944584e-02 9.997639473845025826e-01 2.363038236852985606e-03 2.427811157986353940e+00 -1.670910087551916298e-03 -2.327489942725482173e-03 9.999958954165990566e-01 -2.781248001830854966e-01
9.998225891480836403e-01 -1.883011568104916988e-02 -4.658032423438968343e-04 3.723931009400436665e+01 1.883189146734047525e-02 9.998140175740560798e-01 4.158139750831769954e-03 2.448857054684420831e+00 3.874183586007419792e-04 -4.166174007821142958e-03 9.999912464122633349e-01 -2.786687291481358408e-01
9.998779582810443101e-01 -1.556536389346570119e-02 -1.337157654955208833e-03 3.797224523274155672e+01 1.557334755368778960e-02 9.998596077094461521e-01 6.183503625327216140e-03 2.474946479350978112e+00 1.240721444264415371e-03 -6.203573000810304501e-03 9.999799879459195795e-01 -2.919794179024431946e-01
9.999262086541516048e-01 -1.191255364095321866e-02 -2.380821766862753399e-03 3.870834320647253435e+01 1.192392403542929906e-02 9.999172899124187941e-01 4.820100600722921833e-03 2.494930845508899875e+00 2.323205141924998291e-03 -4.848133656902437957e-03 9.999855490545417336e-01 -2.964343054682690437e-01
9.999563365329507958e-01 -7.692817494306359097e-03 -5.305241427061845559e-03 3.940835340433736178e+01 7.713279508589375444e-03 9.999628510015250438e-01 3.847328439870862943e-03 2.516422517527784120e+00 5.275447547127581037e-03 -3.888081262159776789e-03 9.999785260080720217e-01 -2.917560177393643261e-01
9.999641623675979973e-01 -2.465949144783488849e-03 -8.098955197031021402e-03 4.012847107900945076e+01 2.511898439819763764e-03 9.999807806333508298e-01 5.668221073866152974e-03 2.539452923163864284e+00 8.084821995332069217e-03 -5.688361691166527075e-03 9.999511379035348480e-01 -2.955702329690153563e-01
9.999690983731724936e-01 2.775253148049126872e-03 -7.355288485760539188e-03 4.082972404814133682e+01 -2.712394021325649496e-03 9.999598347498518391e-01 8.542353640656837402e-03 2.556511105635260961e+00 7.378700252591578052e-03 -8.522139227518503793e-03 9.999364619442423496e-01 -2.957640341854562704e-01
9.999560177749140522e-01 7.221017084997383845e-03 -5.984933415990699793e-03 4.153826455999980283e+01 -7.163454328675404256e-03 9.999284113270706653e-01 9.584213217657991737e-03 2.556954521629952293e+00 6.053712729940844903e-03 -9.540918885449367268e-03 9.999361596767089022e-01 -2.951278956749360249e-01
9.999063208408535131e-01 1.266708005133184919e-02 -5.186002842382710781e-03 4.224372486872099586e+01 -1.261393873376491503e-02 9.998688772309418660e-01 1.015464891350327872e-02 2.581707148447978550e+00 5.313952590010190269e-03 -1.008828171240468835e-02 9.999349921269693464e-01 -2.921986063596007654e-01
9.998226814662082296e-01 1.841124467095801159e-02 -3.953693891450199560e-03 4.295142408195196282e+01 -1.836620565186364296e-02 9.997692556728463575e-01 1.114082139324644796e-02 2.595306611765065163e+00 4.157897987519948435e-03 -1.106623156403686858e-02 9.999301227602339637e-01 -2.882886713482427088e-01
9.997010814968487757e-01 2.436163715128965290e-02 -2.063562293686388265e-03 4.365243294432485754e+01 -2.433536005820366444e-02 9.996327452437245853e-01 1.192329179935220848e-02 2.587418626341553285e+00 2.353275349083926854e-03 -1.186951017539552081e-02 9.999267857314991792e-01 -3.025140244067101580e-01
9.995347939306629126e-01 3.042279960793355109e-02 2.156150737470871603e-03 4.435286135692954446e+01 -3.044528156062219215e-02 9.994725559959426464e-01 1.130020538006683804e-02 2.576201193367658959e+00 -1.811229604886282693e-03 -1.136059307222871996e-02 9.999338259966834563e-01 -3.030211167065346434e-01
9.993073004733914466e-01 3.668484434147061685e-02 6.256310112591184809e-03 4.505274568055097717e+01 -3.675001858041671704e-02 9.992678282456209926e-01 1.064159610298293784e-02 2.568238904452060378e+00 -5.861344122457381144e-03 -1.086414418728261916e-02 9.999238046052089102e-01 -3.158271598194439811e-01
9.990391212520974840e-01 4.288174479256298688e-02 9.054842427257568313e-03 4.574387023505257588e+01 -4.296084964649830862e-02 9.990386122890092535e-01 8.730209235846041541e-03 2.544565779358481716e+00 -8.671770608585817677e-03 -9.110824287416720638e-03 9.999208935087394723e-01 -3.180643727307809199e-01
9.987526269849588134e-01 4.904669615698158819e-02 9.360111469873019785e-03 4.643819587028129803e+01 -4.912436109883363405e-02 9.987585466329655937e-01 8.256068933682818647e-03 2.536784637142040388e+00 -8.943558423531491886e-03 -8.705580031855999698e-03 9.999221097860742091e-01 -3.248804399616197491e-01
9.984793635521614918e-01 5.446140700967344594e-02 8.539069445628048177e-03 4.712398611042062413e+01 -5.452986888884005234e-02 9.984800861353544388e-01 8.000686851828817461e-03 2.511057934561141902e+00 -8.090362132592076455e-03 -8.454155053096981329e-03 9.999315343076753404e-01 -3.289756805304664411e-01
9.981848433347962901e-01 5.984858266796583975e-02 6.720542338516555421e-03 4.780116907834102591e+01 -5.989680899942041031e-02 9.981784648523485126e-01 7.219735223389395218e-03 2.487742701610294205e+00 -6.276209714077821654e-03 -7.609169313700299073e-03 9.999513536837580929e-01 -3.389251788025864909e-01
9.978703618163706768e-01 6.503559438398261172e-02 5.011234537275568481e-03 4.849924460924972180e+01 -6.507518028515603403e-02 9.978467634760345151e-01 8.188866298660389328e-03 2.443693761248812990e+00 -4.467876376975407453e-03 -8.497533967274534597e-03 9.999539139366149243e-01 -3.446501815077370190e-01
9.975052431458556468e-01 7.040776959444561278e-02 5.102536355862350402e-03 4.918033602987816977e+01 -7.044834658107362868e-02 9.974811934689272741e-01 8.264329361620661313e-03 2.428165007260515651e+00 -4.507811056418569058e-03 -8.603177118941169460e-03 9.999528313790304601e-01 -3.479738035353584502e-01
9.971145691437158787e-01 7.554078731318115969e-02 7.491692295235840432e-03 4.987701763893725371e+01 -7.560574327680090467e-02 9.970989306841289146e-01 8.803068336046517700e-03 2.397127510954473628e+00 -6.804967663717494467e-03 -9.344082655422098621e-03 9.999331880352928525e-01 -3.594671212079399991e-01
9.967166798680179296e-01 8.053048368267305690e-02 8.408404766058766300e-03 5.057694446036797586e+01 -8.058520510757706534e-02 9.967272720368952621e-01 6.385130825496874996e-03 2.345534915615388183e+00 -7.866688670901372804e-03 -7.041759419612556373e-03 9.999442628635014652e-01 -3.670372780591021344e-01
9.963028298818408235e-01 8.552222550098029230e-02 8.162114603160059920e-03 5.125871826125798236e+01 -8.555058086676464724e-02 9.963287222524956910e-01 3.189879005288547443e-03 2.312562368519777145e+00 -7.859343661833767883e-03 -3.876359125351096484e-03 9.999616015413473891e-01 -3.733350364688305945e-01
9.959572631520536845e-01 8.965371270579258756e-02 5.598372329350221471e-03 5.195751497138872566e+01 -8.965607918371124030e-02 9.959727695315216955e-01 1.726763288263171662e-04 2.248227530775795735e+00 -5.560345319755891427e-03 -6.739063567291242625e-04 9.999843140820496856e-01 -3.816914916973105365e-01
